2020212120
0202121202
2021212020
0212120201
2121202010
1212020102
2120201021
1202010212
2020102121
0201021212
2010212120
0102121202
1021212021
0212120211
2121202113
1212021131
2120211311
1202113112
2021131120
0211311202
2113112020
1131120200
1311202000
3112020002
1120200021
1202000212
2020002121
0200021212
2000212120
0002121202
0021212020
0212120201
2121202012
1212020121
2120201212
1202012121
2020121211
0201212112
2012121122
0121211221
1212112212
2121122121
1211221212
2112212123
1122121232
1221212321
2212123210
2121232102
1212321021
2123210213
1232102132
2321021321
3210213211
2102132112
1021321121
0213211211
2132112111
1321121111
3211211112
2112111121
1121111211
1211112112
2111121121
1111211211
1112112113
1121121131
1211211310
2112113102
1121131020
1211310202
2113102021
1131020211
1310202111
3102021111
1020211111
0202111112
2021111122
0211111221
2111112212
1111122121
1111221213
1112212132
1122121321
1221213211
2212132111
2121321113
1213211132
2132111321
1321113212
3211132121
2111321211
1113212112
1132121121
1321211211
3212112110
2121121102
1211211021
2112110212
1121102122
1211021220
2110212202
1102122022
1021220220
0212202202
2122022021
1220220210
2202202102
2022021023
0220210231
2202102311
2021023111
0210231110
2102311102
1023111023
0231110233
2311102330
3111023303
1110233033
1102330333
1023303330
0233033303
2330333032
3303330321
3033303211
0333032112
3330321121
3303211213
3032112132
0321121323
3211213230
2112132302
1121323023
1213230233
2132302331
1323023312
3230233122
2302331223
3023312232
0233122321
2331223212
3312232120
3122321201
1223212011
2232120111
2321201111
3212011111
2120111111
1201111111
2011111111
0111111111
1111111113
1111111131
1111111311
1111113111
1111131111
1111311112
1113111121
1131111211
1311112112
3111121122
1111211223
1112112232
1121122321
1211223211
2112232113
1122321132
1223211321
2232113211
2321132112
3211321121
2113211212
1132112122
1321121221
3211212212
2112122123
1121221231
1212212311
2122123111
1221231113
2212311133
2123111331
1231113313
2311133131
3111331311
1113313113
1133131131
1331311312
3313113122
3131131221
1311312212
3113122121
1131221212
1312212121
3122121212
1221212121
2212121212
2121212121
1212121212
2121212121
1212121212
2121212121
1212121213
2121212131
1212121310
2121213101
1212131010
2121310101
1213101011
2131010111
1310101110
3101011101
1010111011
0101110110
1011101101
0111011010
1110110101
1101101010
1011010101
0110101010
1101010101
1010101012
0101010121
1010101210
0101012101
1010121012
0101210121
1012101210
0121012101
1210121012
2101210121
1012101212
0121012121
1210121212
2101212121
1012121210
0121212101
1212121010
2121210103
1212101030
2121010301
1210103010
2101030101
1010301011
0103010111
1030101111
0301011111
3010111111
0101111111
1011111110
0111111101
1111111011
1111110111
1111101111
1111011110
1110111101
1101111011
1011110111
0111101111
1111011111
1110111111
1101111111
1011111110
0111111103
1111111033
1111110331
1111103311
1111033111
1110331112
1103311122
1033111221
0331112212
3311122122
3111221221
1112212210
1122122102
1221221021
2212210211
2122102112
1221021121
2210211210
2102112101
1021121010
0211210102
2112101020
1121010201
1210102013
2101020133
1010201333
0102013332
1020133323
0201333232
2013332321
0133323212
1333232121
3332321212
3323212122
3232121223
2321212233
3212122332
2121223321
1212233212
2122332123
1223321232
2233212322
2332123222
3321232223
3212322233
2123222332
1232223322
2322233222
3222332222
2223322221
2233222213
2332222133
3322221333
3222213331
2222133312
2221333122
2213331221
2133312212
1333122122
3331221221
3312212212
3122122121
1221221211
2212212113
2122121131
1221211313
2212113131
2121131311
1211313113
2113131131
1131311311
1313113113
3131131131
1311311312
3113113122
1131131222
1311312222
3113122222
1131222221
1312222210
3122222101
1222221011
2222210111
2222101113
2221011131
2210111311
2101113113
1011131131
0111311311
1113113112
1131131122
1311311220
3113112201
1131122012
1311220121
3112201211
1122012111
1220121111
2201211112
2012111123
0121111233
1211112331
2111123311
1111233112
1112331121
1123311212
1233112121
2331121211
3311212113
3112121131
1121211312
1212113121
2121131213
1211312131
2113121313
1131213133
1312131331
3121313311
1213133111
2131331112
1313311120
3133111203
1331112033
3311120330
3111203300
1112033000
1120330003
1203300030
2033000303
0330003030
3300030302
3000303020
0003030200
0030302000
0303020003
3030200031
0302000311
3020003110
0200031103
2000311031
0003110312
0031103120
0311031201
3110312011
1103120111
1031201113
0312011133
3120111331
1201113310
2011133103
0111331031
1113310311
1133103113
1331031132
3310311320
3103113203
1031132031
0311320311
3113203110
1132031103
1320311030
3203110301
2031103012
0311030120
3110301202
1103012020
1030120200
0301202000
3012020003
0120200030
1202000302
2020003022
0200030220
2000302202
0003022020
0030220200
0302202000
3022020000
0220200002
2202000021
2020000211
0200002113
2000021132
0000211322
0002113220
0021132200
0211322000
2113220000
1132200000
1322000000
3220000002
2200000020
2000000202
0000002023
0000020230
0000202303
0002023030
0020230300
0202303003
2023030030
0230300300
2303003002
3030030022
0300300222
3003002222
0030022222
0300222220
3002222200
0022222000
0222220000
2222200000
2222000000
2220000000
2200000002
2000000020
0000000200
0000002001
0000020010
0000200100
0002001002
0020010022
0200100221
2001002210
0010022101
0100221013
1002210133
0022101332
0221013323
2210133230
2101332301
1013323011
0133230113
1332301131
3323011313
3230113132
2301131320
3011313200
0113132002
1131320020
1313200200
3132002000
1320020002
3200200020
2002000200
0020002003
0200020033
2000200332
0002003320
0020033200
0200332002
2003320020
0033200201
0332002012
3320020120
3200201202
2002012020
0020120200
0201202001
2012020013
0120200131
1202001311
2020013113
0200131133
2001311332
0013113321
0131133210
1311332103
3113321031
1133210313
1332103130
3321031301
3210313013
2103130130
1031301300
0313013003
3130130032
1301300321
3013003213
0130032131
1300321310
3003213103
0032131033
0321310332
3213103323
2131033230
1310332300
3103323003
1033230032
0332300323
3323003232
3230032320
2300323203
3003232032
0032320321
0323203213
3232032132
2320321322
3203213222
2032132221
0321322211
3213222113
2132221132
1322211320
3222113200
2221132001
2211320010
2113200103
1132001030
1320010301
3200103013
2001030133
0010301330
0103013300
1030133003
0301330030
3013300300
0133003001
1330030013
3300300131
3003001311
0030013111
0300131112
3001311123
0013111233
0131112331
1311123310
3111233100
1112331002
1123310022
1233100223
2331002233
3310022332
3100223320
1002233200
0022332003
0223320033
2233200330
2332003302
3320033022
3200330220
2003302200
0033022002
0330220023
3302200233
3022002333
0220023333
2200233332
2002333323
0023333232
0233332321
2333323210
3333232102
3332321020
3323210201
3232102012
2321020123
3210201232
2102012322
1020123220
0201232200
2012322002
0123220020
1232200200
2322002002
3220020021
2200200210
2002002102
0020021022
0200210223
2002102230
0021022303
0210223033
2102230330
1022303300
0223033002
2230330023
2303300231
3033002310
0330023103
3300231032
3002310320
0023103203
0231032032
2310320321
3103203210
1032032102
0320321022
3203210220
2032102200
0321022003
3210220031
2102200313
1022003132
0220031321
2200313212
2003132120
0031321201
0313212010
3132120102
1321201020
3212010202
2120102020
1201020201
2010202010
0102020100
1020201003
0202010030
2020100300
0201003002
2010030021
0100300210
1003002100
0030021001
0300210010
3002100102
0021001023
0210010233
2100102331
1001023310
0010233100
0102331003
1023310032
0233100320
2331003200
3310032003
3100320031
1003200310
0032003100
0320031000
3200310000
2003100003
0031000032
0310000322
3100003220
1000032200
0000322003
0003220032
0032200320
0322003202
3220032021
2200320210
2003202101
0032021013
0320210131
3202101313
2021013130
0210131300
2101313002
1013130021
0131300210
1313002102
3130021021
1300210211
3002102110
0021021100
0210211003
2102110033
1021100330
0211003302
2110033020
1100330203
1003302032
0033020321
0330203213
3302032132
3020321322
0203213221
2032132210
0321322102
3213221021
2132210210
1322102102
3221021020
2210210202
2102102020
1021020203
0210202032
2102020322
1020203220
0202032200
2020322002
0203220020
2032200203
0322002031
3220020310
2200203100
2002031002
0020310023
0203100232
2031002322
0310023223
3100232232
1002322320
0023223201
0232232010
2322320101
3223201011
2232010110
2320101102
3201011021
2010110210
0101102101
1011021010
0110210102
1102101020
1021010200
0210102002
2101020023
1010200230
0102002300
1020023002
0200230021
2002300210
0023002101
0230021010
2300210102
3002101023
0021010230
0210102302
2101023020
1010230200
0102302001
1023020013
0230200132
2302001321
3020013213
0200132132
2001321321
0013213210
0132132103
1321321031
3213210313
2132103132
1321031321
3210313210
2103132100
1031321001
0313210010
3132100100
1321001001
3210010010
2100100102
1001001021
0010010210
0100102102
1001021022
0010210221
0102102210
1021022101
0210221013
2102210130
1022101301
0221013010
2210130102
2101301022
1013010221
0130102210
1301022102
3010221021
0102210210
1022102100
0221021002
2210210020
2102100201
1021002010
0210020100
2100201001
1002010013
0020100133
0201001331
2010013313
0100133131
1001331313
0013313133
0133131330
1331313301
3313133010
3131330102
1313301021
3133010210
1330102102
3301021021
3010210210
0102102100
1021021000
0210210001
2102100010
1021000100
0210001002
2100010023
1000100232
0001002322
0010023220
0100232203
1002322033
0023220332
0232203320
2322033200
3220332000
2203320003
2033200031
0332000313
3320003131
3200031311
2000313110
0003131100
0031311000
0313110002
3131100022
1311000222
3110002221
1100022210
1000222102
0002221023
0022210232
0222102320
2221023203
2210232030
2102320300
1023203000
0232030001
2320300010
3203000102
2030001020
0300010202
3000102020
0001020201
0010202011
0102020110
1020201101
0202011013
2020110132
0201101321
2011013210
0110132102
1101321022
1013210223
0132102232
1321022321
3210223211
2102232113
1022321132
0223211323
2232113232
2321132323
3211323231
2113232310
1132323102
1323231023
3232310232
2323102322
3231023221
2310232211
3102322110
1023221103
0232211032
2322110320
3221103203
2211032032
2110320320
1103203201
1032032013
0320320131
3203201311
2032013111
0320131111
3201311110
2013111102
0131111022
1311110223
3111102232
1111022320
1110223203
1102232031
1022320310
0223203101
2232031011
2320310111
3203101111
2031011113
0310111131
3101111310
1011113102
0111131021
1111310210
1113102100
1131021000
1310210003
3102100032
1021000321
0210003210
2100032102
1000321021
0003210210
0032102102
0321021020
3210210203
2102102033
1021020331
0210203313
2102033131
1020331311
0203313110
2033131102
0331311021
3313110210
3131102102
1311021021
3110210210
1102102100
1021021002
0210210023
2102100230
1021002301
0210023013
2100230132
1002301323
0023013231
0230132313
2301323131
3013231311
0132313111
1323131111
3231311110
2313111102
3131111021
1311110210
3111102102
1111021021
1110210213
1102102131
1021021311
0210213110
2102131100
1021311002
0213110021
2131100210
1311002101
3110021013
1100210133
1002101331
0021013313
0210133133
2101331331
1013313310
0133133102
1331331021
3313310210
3133102102
1331021021
3310210210
3102102102
1021021021
0210210210
2102102100
1021021002
0210210021
2102100210
1021002102
0210021023
2100210231
1002102310
0021023103
0210231032
2102310323
1023103233
0231032330
2310323301
3103233010
1032330102
0323301021
3233010210
2330102102
3301021021
3010210210
0102102100
1021021001
0210210010
2102100100
1021001001
0210010013
2100100130
1001001301
0010013010
0100130100
1001301002
0013010020
0130100202
1301002023
3010020233
0100202333
1002023333
0020233330
0202333301
2023333010
0233330100
2333301002
3333010020
3330100200
3301002000
3010020001
0100200010
1002000102
0020001021
0200010210
2000102100
0001021002
0010210020
0102100200
1021002001
0210020010
2100200102
1002001023
0020010233
0200102330
2001023301
0010233010
0102330103
1023301031
0233010313
2330103133
3301031331
3010313310
0103133102
1031331021
0313310213
3133102133
1331021333
3310213333
3102133332
1021333321
0213333210
2133332102
1333321021
3333210210
3332102102
3321021021
3210210210
2102102102
1021021021
0210210210
2102102102
1021021021
0210210210
2102102102
1021021021
0210210210
2102102102
1021021021
0210210210
2102102100
1021021001
0210210010
2102100100
1021001001
0210010010
2100100102
1001001021
0010010210
0100102102
1001021021
0010210210
0102102100
1021021001
0210210010
2102100102
1021001021
0210010210
2100102100
1001021001
0010210010
0102100102
1021001021
0210010210
2100102102
1001021021
0010210210
0102102102
1021021021
0210210210
2102102100
1021021001
0210210010
2102100102
1021001021
0210010210
2100102102
1001021021
0010210210
0102102100
1021021001
0210210010
2102100102
1021001021
0210010210
2100102102
1001021021
0010210210
0102102102
1021021021
0210210210
2102102102
1021021021
0210210210
2102102100
1021021001
0210210010
2102100102
1021001021
0210010210
2100102102
1001021021
0010210210
0102102102
1021021021
0210210210
2102102102
1021021021
0210210210
2102102102
1021021021
0210210210
2102102102
1021021021
0210210210
2102102102
1021021021
0210210210
2102102102
1021021021
0210210210
2102102102
1021021021
0210210210
2102102102
1021021021
0210210210
2102102100
1021021001
0210210010
2102100102
1021001021
0210010210
2100102102
1001021021
0010210210
0102102102
1021021021
0210210210
2102102103
1021021031
0210210311
2102103111
1021031112
0210311122
2103111220
1031112200
0311122000
3111220002
1112200021
1122000210
1220002100
2200021002
2000210021
0002100210
0021002100
0210021000
2100210000
1002100002
0021000020
0210000200
2100002000
1000020002
0000200023
0002000231
0020002310
0200023100
2000231001
0002310010
0023100102
0231001021
2310010210
3100102102
1001021021
0010210210
0102102102
1021021021
0210210210
2102102102
1021021021
0210210210
2102102100
1021021001
0210210010
2102100102
1021001021
0210010210
2100102102
1001021021
0010210210
0102102102
1021021023
0210210233
2102102332
1021023322
0210233221
2102332210
1023322102
0233221021
2332210210
3322102101
3221021010
2210210102
2102101021
1021010210
0210102102
2101021021
1010210213
0102102133
1021021332
0210213323
2102133231
1021332313
0213323133
2133231331
1332313311
3323133110
3231331102
2313311021
3133110210
1331102100
3311021001
3110210010
1102100102
1021001021
0210010213
2100102131
1001021311
0010213113
0102131131
1021311311
0213113110
2131131102
1311311020
3113110203
1131102032
1311020321
3110203210
1102032100
1020321001
0203210010
2032100102
0321001021
3210010213
2100102131
1001021311
0010213110
0102131102
1021311021
0213110210
2131102102
1311021021
3110210210
1102102102
1021021021
0210210210
2102102100
1021021001
0210210010
2102100103
1021001031
0210010313
2100103132
1001031321
0010313213
0103132132
1031321320
0313213200
3132132003
1321320031
3213200313
2132003131
1320031311
3200313110
2003131102
0031311021
0313110212
3131102123
1311021231
3110212310
1102123102
1021231022
0212310222
2123102220
1231022201
2310222013
3102220131
1022201310
0222013103
2220131033
2201310333
2013103331
0131033313
1310333130
3103331303
1033313031
0333130311
3331303111
3313031110
3130311101
1303111011
3031110113
0311101132
3111011322
1110113221
1101132211
1011322110
0113221100
1132211003
1322110031
3221100313
2211003132
2110031321
1100313213
1003132131
0031321313
0313213133
3132131331
1321313311
3213133113
2131331132
1313311323
3133113231
1331132311
3311323110
3113231102
1132311023
1323110231
3231102313
2311023131
3110231313
1102313132
1023131321
0231313211
2313132110
3131321101
1313211010
3132110100
1321101002
3211010021
2110100213
1101002132
1010021322
0100213221
1002132213
0021322133
0213221330
2132213300
1322133002
3221330023
2213300231
2133002311
1330023113
3300231132
3002311321
0023113213
0231132132
2311321320
3113213202
1132132020
1321320203
3213202033
2132020331
1320203310
3202033102
2020331021
0203310210
2033102102
0331021023
3310210233
3102102330
1021023303
0210233032
2102330322
1023303220
0233032200
2330322000
3303220002
3032200020
0322000200
3220002002
2200020023
2000200232
0002002320
0020023201
0200232013
2002320132
0023201322
0232013220
2320132202
3201322023
2013220233
0132202331
1322023310
3220233101
2202331010
2023310102
0233101023
2331010230
3310102303
3101023032
1010230322
0102303220
1023032200
0230322002
2303220020
3032200201
0322002010
3220020100
2200201003
2002010032
0020100322
0201003221
2010032210
0100322103
1003221033
0032210330
0322103300
3221033000
2210330001
2103300010
1033000103
0330001032
3300010322
3000103220
0001032202
0010322022
0103220222
1032202221
0322022213
3220222130
2202221302
2022213020
0222130201
2221302011
2213020113
2130201131
1302011310
3020113101
0201131013
2011310130
0113101301
1131013013
1310130130
3101301300
1013013001
0130130010
1301300100
3013001003
0130010033
1300100331
3001003311
0010033113
0100331131
1003311311
0033113113
0331131131
3311311313
3113113130
1131131301
1311313013
3113130130
1131301301
1313013011
3130130113
1301301131
3013011311
0130113113
1301131131
3011311311
0113113110
1131131101
1311311011
3113110110
1131101101
1311011013
3110110133
1101101331
1011013311
0110133110
1101331100
1013311000
0133110002
1331100021
3311000210
3110002103
1100021031
1000210310
0002103101
0021031011
0210310110
2103101101
1031011011
0310110110
3101101100
1011011003
0110110030
1101100300
1011003001
0110030013
1100300131
1003001310
0030013103
0300131031
3001310310
0013103103
0131031033
1310310331
3103103313
1031033130
0310331303
3103313030
1033130302
0331303023
3313030232
3130302320
1303023200
3030232003
0302320032
3023200322
0232003220
2320032201
3200322010
2003220102
0032201023
0322010231
3220102313
2201023133
2010231331
0102313310
1023133102
0231331023
2313310233
3133102331
1331023313
3310233130
3102331300
1023313000
0233130003
2331300032
3313000321
3130003210
1300032100
3000321002
0003210022
0032100221
0321002212
3210022120
2100221202
1002212020
0022120201
0221202010
2212020102
2120201021
1202010213
2020102131
0201021310
2010213103
0102131031
1021310310
0213103101
2131031010
1310310103
3103101032
1031010320
0310103202
3101032022
1010320220
0103202202
1032022020
0320220201
3202202013
2022020132
0220201322
2202013220
2020132202
0201322021
2013220211
0132202113
1322021131
3220211313
2202113131
2021131310
0211313103
2113131030
1131310301
1313103012
3131030121
1310301213
3103012131
1030121313
0301213130
3012131303
0121313032
1213130322
2131303221
1313032211
3130322110
1303221103
3032211032
0322110322
3221103220
2211032202
2110322023
1103220233
1032202333
0322023332
3220233321
2202333210
2023332100
0233321000
2333210003
3332100032
3321000322
3210003221
2100032211
1000322112
0003221122
0032211222
0322112221
3221122213
2211222132
2112221323
1122213232
1222132320
2221323200
2213232000
2132320002
1323200021
3232000210
2320002103
3200021033
2000210333
0002103332
0021033323
0210333232
2103332320
1033323200
0333232002
3332320020
3323200203
3232002033
2320020333
3200203333
2002033332
0020333322
0203333220
2033332201
0333322010
3333220102
3332201023
3322010233
3220102333
2201023333
2010233333
0102333330
1023333300
0233333000
2333330002
3333300021
3333000210
3330002101
3300021011
3000210113
0002101133
0021011330
0210113300
2101133001
1011330010
0113300100
1133001003
1330010032
3300100320
3001003200
0010032001
0100320010
1003200103
0032001032
0320010321
3200103213
2001032133
0010321333
0103213332
1032133322
0321333220
3213332203
2133322032
1333220320
3332203201
3322032010
3220320102
2203201020
2032010200
0320102002
3201020023
2010200230
0102002301
1020023011
0200230112
2002301121
0023011213
0230112131
2301121310
3011213102
0112131023
1121310232
1213102323
2131023231
1310232312
3102323122
1023231222
0232312223
2323122232
3231222321
2312223210
3122232100
1222321000
2223210003
2232100032
2321000321
3210003210
2100032102
1000321022
0003210223
0032102233
0321022332
3210223323
2102233232
1022332321
0223323210
2233232100
2332321001
3323210010
3232100100
2321001003
3210010033
2100100330
1001003302
0010033020
0100330200
1003302000
0033020003
0330200030
3302000301
3020003010
0200030102
2000301021
0003010213
0030102133
0301021333
3010213331
0102133313
1021333130
0213331300
2133313000
1333130002
3331300020
3313000200
3130002001
1300020012
3000200123
0002001232
0020012320
0200123200
2001232001
0012320012
0123200123
1232001231
2320012313
3200123133
2001231331
0012313310
0123133100
1231331002
2313310021
3133100210
1331002100
3310021003
3100210032
1002100320
0021003203
0210032032
2100320320
1003203201
0032032011
0320320111
3203201110
2032011101
0320111013
3201110133
2011101332
0111013321
1110133210
1101332101
1013321010
0133210103
1332101032
3321010321
3210103212
2101032120
1010321201
0103212011
1032120111
0321201113
3212011131
2120111311
1201113112
2011131120
0111311202
1113112021
1131120211
1311202111
3112021110
1120211100
1202111000
2021110001
0211100011
2111000110
1110001103
1100011031
1000110313
0001103131
0011031311
0110313110
1103131100
1031311000
0313110000
3131100001
1311000011
3110000113
1100001131
1000011313
0000113130
0001131300
0011313000
0113130003
1131300031
1313000313
3130003132
1300031322
3000313223
0003132232
0031322323
0313223231
3132232313
1322323130
3223231302
2232313023
2323130232
3231302323
2313023231
3130232310
1302323101
3023231011
0232310110
2323101103
3231011032
2310110323
3101103231
1011032312
0110323120
1103231200
1032312002
0323120020
3231200200
2312002001
3120020010
1200200103
2002001032
0020010323
0200103233
2001032332
0010323322
0103233220
1032332202
0323322020
3233220201
2332202010
3322020103
3220201031
2202010311
2020103111
0201031111
2010311110
0103111101
1031111010
0311110102
3111101020
1111010202
1110102021
1101020213
1010202133
0102021330
1020213301
0202133011
2021330113
0213301131
2133011310
1330113100
3301131000
3011310001
0113100011
1131000111
1310001111
3100011113
1000111130
0001111301
0011113011
0111130110
1111301101
1113011010
1130110101
1301101011
3011010110
0110101100
1101011001
1010110012
0101100122
1011001221
0110012211
1100122111
1001221111
0012211110
0122111102
1221111023
2211110231
2111102310
1111023101
1110231011
1102310111
1023101111
0231011112
2310111120
3101111203
1011112033
0111120330
1111203301
1112033011
1120330111
1203301110
2033011102
0330111022
3301110222
3011102220
0111022201
1110222011
1102220111
1022201113
0222011131
2220111310
2201113102
2011131023
0111310230
1113102300
1131023003
1310230031
3102300310
1023003101
0230031011
2300310111
3003101111
0031011110
0310111102
3101111021
1011110211
0111102110
1111021102
1110211023
1102110232
1021102323
0211023232
2110232321
1102323211
1023232111
0232321110
2323211100
3232111003
2321110032
3211100323
2111003232
1110032322
1100323222
1003232220
0032322202
0323222021
3232220211
2322202110
3222021103
2220211030
2202110301
2021103012
0211030120
2110301200
1103012002
1030120022
0301200221
3012002212
0120022120
1200221201
2002212010
0022120103
0221201033
2212010331
2120103310
1201033102
2010331020
0103310201
1033102010
0331020100
3310201000
3102010003
1020100030
0201000301
2010003010
0100030100
1000301001
0003010010
0030100103
0301001033
3010010331
0100103311
1001033111
0010331110
0103311103
1033111032
0331110323
3311103231
3111032310
1110323103
1103231031
1032310310
0323103102
3231031020
2310310200
3103102000
1031020003
0310200033
3102000332
1020003321
0200033211
2000332111
0003321111
0033211111
0332111110
3321111100
3211111001
2111110013
1111100130
1111001303
1110013032
1100130320
1001303202
0013032023
0130320233
1303202333
3032023333
0320233330
3202333303
2023333030
0233330300
2333303000
3333030000
3330300000
3303000003
3030000032
0300000321
3000003210
0000032102
0000321020
0003210203
0032102032
0321020323
3210203231
2102032310
1020323102
0203231020
2032310201
0323102011
3231020113
2310201131
3102011311
1020113110
0201131103
2011311033
0113110333
1131103330
1311033301
3110333013
1103330133
1033301330
0333013303
3330133032
3301330321
3013303210
0133032100
1330321001
3303210013
3032100131
0321001313
3210013131
2100131310
1001313103
0013131030
0131310300
1313103002
3131030022
1310300221
3103002210
1030022102
0300221022
3002210221
0022102213
0221022130
2210221303
2102213031
1022130310
0221303103
2213031032
2130310322
1303103220
3031032200
0310322003
3103220031
1032200310
0322003103
3220031031
2200310313
2003103132
0031031320
0310313201
3103132010
1031320102
0313201022
3132010221
1320102210
3201022102
2010221023
0102210233
1022102330
0221023300
2210233001
2102330010
1023300101
0233001013
2330010133
3300101330
3001013300
0010133003
0101330032
1013300320
0133003200
1330032000
3300320003
3003200033
0032000333
0320003330
3200033301
2000333010
0003330102
0033301021
0333010213
3330102132
3301021322
3010213223
0102132233
1021322333
0213223330
2132233301
1322333010
3223330101
2233301012
2333010122
3330101220
3301012201
3010122010
0101220103
1012201033
0122010333
1220103332
2201033321
2010333213
0103332133
1033321330
0333213301
3332133013
3321330133
3213301331
2133013310
1330133102
3301331022
3013310221
0133102212
1331022123
3310221230
3102212300
1022123003
0221230032
2212300321
2123003210
1230032102
2300321021
3003210210
0032102100
0321021001
3210210013
2102100133
1021001332
0210013322
2100133220
1001332200
0013322002
0133220020
1332200200
3322002003
3220020032
2200200321
2002003210
0020032102
0200321023
2003210230
0032102301
0321023012
3210230123
2102301231
1023012310
0230123103
2301231030
3012310300
0123103003
1231030031
2310300313
3103003133
1030031330
0300313302
3003133021
0031330211
0313302113
3133021130
1330211301
3302113010
3021130101
0211301010
2113010100
1130101002
1301010023
3010100232
0101002323
1010023233
0100232333
1002323333
0023233332
0232333323
2323333233
3233332331
2333323312
3333233120
3332331202
3323312023
3233120230
2331202302
3312023020
3120230200
1202302000
2023020000
0230200001
2302000012
3020000123
0200001232
2000012320
0000123200
0001232000
0012320002
0123200022
1232000220
2320002202
3200022021
2000220210
0002202102
0022021023
0220210230
2202102303
2021023032
0210230322
2102303220
1023032201
0230322010
2303220102
3032201023
0322010232
3220102322
2201023220
2010232203
0102322032
1023220320
0232203200
2322032002
3220320023
2203200230
2032002302
0320023020
3200230202
2002302023
0023020230
0230202301
2302023011
3020230110
0202301102
2023011020
0230110200
2301102002
3011020020
0110200202
1102002020
1020020200
0200202002
2002020022
0020200223
0202002231
2020022310
0200223101
2002231010
0022310100
0223101000
2231010000
2310100002
3101000020
1010000203
0100002030
1000020300
0000203001
0002030010
0020300102
0203001022
2030010220
0300102200
3001022002
0010220023
0102200231
1022002311
0220023110
2200231100
2002311001
0023110010
0231100103
2311001033
3110010330
1100103302
1001033023
0010330232
0103302320
1033023200
0330232000
3302320000
3023200000
0232000001
2320000010
3200000103
2000001030
0000010301
0000103011
0001030113
0010301130
0103011301
1030113011
0301130110
3011301102
0113011023
1130110233
1301102333
3011023330
0110233302
1102333022
1023330221
0233302213
2333022130
3330221303
3302213032
3022130322
0221303220
2213032202
2130322021
1303220210
3032202102
0322021021
3220210213
2202102131
2021021313
0210213133
2102131330
1021313300
0213133003
2131330032
1313300321
3133003210
1330032100
3300321002
3003210023
0032100233
0321002333
3210023332
2100233321
1002333210
0023332102
0233321022
2333210221
3332102213
3321022132
3210221321
2102213211
1022132111
0221321113
2213211132
2132111322
1321113221
3211132210
2111322102
1113221020
1132210202
1322102020
3221020202
2210202023
2102020230
1020202302
0202023023
2020230233
0202302333
2023023330
0230233301
2302333011
3023330113
0233301133
2333011333
3330113332
3301133321
3011333213
0113332133
1133321330
1333213302
3332133023
3321330230
3213302300
2133023001
1330230011
3302300111
3023001110
0230011102
2300111022
3001110220
0011102201
0111022013
1110220132
1102201320
1022013203
0220132030
2201320300
2013203000
0132030003
1320300030
3203000300
2030003001
0300030012
3000300121
0003001210
0030012103
0300121031
3001210311
0012103110
0121031102
1210311021
2103110212
1031102122
0311021223
3110212233
1102122333
1021223330
0212233301
2122333013
1223330132
2233301321
2333013210
3330132102
3301321022
3013210221
0132102210
1321022102
3210221023
2102210231
1022102311
0221023110
2210231103
2102311032
1023110320
0231103200
2311032002
3110320020
1103200201
1032002011
0320020113
3200201131
2002011310
0020113100
0201131003
2011310032
0113100322
1131003223
1310032233
3100322331
1003223313
0032233133
0322331333
3223313332
2233133322
2331333220
3313332203
3133322031
1333220310
3332203101
3322031010
3220310103
2203101033
2031010332
0310103320
3101033201
1010332010
0103320102
1033201023
0332010230
3320102300
3201023003
2010230032
0102300322
1023003220
0230032200
2300322000
3003220003
0032200030
0322000302
3220003021
2200030210
2000302101
0003021013
0030210131
0302101311
3021013112
0210131122
2101311222
1013112223
0131122233
1311222332
3112223321
1122233213
1222332131
2223321313
2233213131
2332131311
3321313111
3213131111
2131311110
1313111102
3131111021
1311110211
3111102113
1111021131
1110211310
1102113101
1021131010
0211310103
2113101030
1131010301
1310103010
3101030101
1010301013
0103010131
1030101310
0301013100
3010131003
0101310031
1013100311
0131003110
1310031103
3100311032
1003110323
0031103231
0311032310
3110323100
1103231002
1032310022
0323100220
3231002200
2310022002
3100220020
1002200202
0022002021
0220020211
2200202110
2002021102
0020211023
0202110232
2021102320
0211023203
2110232033
1102320332
1023203321
0232033210
2320332102
3203321020
2033210202
0332102022
3321020220
3210202203
2102022032
1020220320
0202203200
2022032002
0220320020
2203200201
2032002013
0320020132
3200201321
2002013211
0020132111
0201321110
2013211100
0132111003
1321110032
3211100323
2111003231
1110032311
1100323113
1003231133
0032311330
0323113302
3231133023
2311330232
3113302320
1133023201
1330232010
3302320100
3023201001
0232010010
2320100102
3201001021
2010010210
0100102100
1001021000
0010210003
0102100031
1021000310
0210003101
2100031010
1000310102
0003101023
0031010231
0310102311
3101023110
1010231102
0102311020
1023110200
0231102003
2311020033
3110200330
1102003302
1020033020
0200330200
2003302002
0033020020
0330200203
3302002032
3020020320
0200203203
2002032030
0020320302
0203203020
2032030202
0320302020
3203020202
2030202020
0302020203
3020202033
0202020332
2020203320
0202033200
2020332002
0203320020
2033200200
0332002002
3320020020
3200200202
2002002021
0020020211
0200202113
2002021133
0020211333
0202113330
2021133303
0211333031
2113330313
1133303132
1333031320
3330313200
3303132002
3031320020
0313200203
3132002031
1320020313
3200203132
2002031322
0020313220
0203132200
2031322003
0313220032
3132200320
1322003200
3220032003
2200320030
2003200300
0032003000
0320030002
3200300020
2003000201
0030002013
0300020133
3000201332
0002013320
0020133202
0201332020
2013320200
0133202000
1332020001
3320200011
3202000113
2020001131
0200011310
2000113102
0001131020
0011310200
0113102003
1131020032
1310200320
3102003200
1020032002
0200320022
2003200222
0032002220
0320022201
3200222010
2002220103
0022201032
0222010323
2220103231
2201032310
2010323101
0103231013
1032310132
0323101320
3231013201
2310132011
3101320113
1013201133
0132011331
1320113310
3201133103
2011331030
0113310300
1133103001
1331030011
3310300110
3103001101
1030011013
0300110131
3001101311
0011013110
0110131101
1101311010
1013110100
0131101001
1311010011
3110100110
1101001103
1010011032
0100110320
1001103200
0011032003
0110320030
1103200303
1032003033
0320030333
3200303332
2003033320
0030333201
0303332010
3033320100
0333201000
3332010003
3320100033
3201000333
2010003333
0100033333
1000333330
0003333301
0033333013
0333330132
3333301323
3333013232
3330132320
3301323201
3013232013
0132320130
1323201303
3232013033
2320130333
3201303330
2013033303
0130333033
1303330330
3033303300
0333033002
3330330021
3303300210
3033002103
0330021032
3300210322
3002103220
0021032203
0210322030
2103220300
1032203000
0322030002
3220300022
2203000220
2030002202
0300022020
3000220201
0002202010
0022020102
0220201021
2202010211
2020102111
0201021113
2010211130
0102111300
1021113000
0211130002
2111300022
1113000220
1130002200
1300022001
3000220013
0002200133
0022001330
0220013303
2200133033
2001330330
0013303300
0133033002
1330330021
3303300211
3033002110
0330021102
3300211021
3002110211
0021102111
0211021113
2110211133
1102111333
1021113332
0211133322
2111333222
1113332220
1133322203
1333222031
3332220311
3322203110
3222031102
2220311023
2203110230
2031102300
0311023001
3110230010
1102300100
1023001000
0230010001
2300100010
3001000102
0010001022
0100010221
1000102210
0001022100
0010221000
0102210003
1022100033
0221000332
2210003321
2100033213
1000332133
0003321332
0033213323
0332133233
3321332333
3213323333
2133233331
1332333313
3323333133
3233331331
2333313313
3333133133
3331331331
3313313313
3133133133
1331331331
3313313313
3133133133
1331331331
3313313313
3133133133
1331331331
3313313311
3133133113
1331331133
3313311331
3133113311
1331133113
3311331133
3113311333
1133113333
1331133333
3311333333
3113333333
1133333333
1333333333
3333333333
3333333333
3333333333
3333333333
