3111111111
1111111111
1111111112
1111111122
1111111221
1111112211
1111122110
1111221101
1112211011
1122110112
1221101120
2211011202
2110112021
1101120211
1011202110
0112021102
1120211021
1202110212
2021102121
0211021211
2110212112
1102121129
1021211291
0212112912
2121129123
1211291231
2112912311
1129123111
1291231112
2912311121
9123111213
1231112131
2311121313
3111213132
1112131323
1121313231
1213132311
2131323111
1313231111
3132311112
1323111121
3231111210
2311112102
3111121023
1111210232
1112102323
1121023232
1210232321
2102323210
1023232101
0232321011
2323210112
3232101122
2321011221
3210112210
2101122101
1011221011
0112210112
1122101120
1221011201
2210112010
2101120103
1011201032
0112010320
1120103200
1201032002
2010320021
0103200213
1032002132
0320021321
3200213213
2002132132
0021321321
0213213212
2132132123
1321321231
3213212311
2132123111
1321231113
3212311131
2123111311
1231113110
2311131102
3111311021
1113110211
1131102111
1311021111
3110211112
1102111120
1021111202
0211112020
2111120202
1111202021
1112020211
1120202110
1202021101
2020211013
0202110130
2021101301
0211013012
2110130120
1101301202
1013012020
0130120201
1301202012
3012020121
0120201213
1202012132
2020121321
0201213212
2012132122
0121321221
1213212210
2132122101
1321221011
3212210113
2122101131
1221011313
2210113130
2101131301
1011313011
0113130112
1131301121
1313011212
3130112122
1301121221
3011212213
0112122132
1121221321
1212213211
2122132112
1221321121
2213211212
2132112123
1321121232
3211212322
2112123223
1121232232
1212322321
2123223210
1232232102
2322321022
3223210222
2232102221
2321022210
3210222100
2102221001
1022210011
0222100113
2221001132
2210011322
2100113220
1001132202
0011322021
0113220213
1132202131
1322021310
3220213101
2202131011
2021310111
0213101110
2131011101
1310111011
3101110113
1011101132
0111011321
1110113211
1101132111
1011321112
0113211121
1132111211
1321112112
3211121122
2111211221
1112112212
1121122121
1211221211
2112212112
1122121120
1221211201
2212112010
2121120101
1211201011
2112010112
1120101121
1201011211
2010112113
0101121133
1011211331
0112113311
1121133113
1211331132
2113311321
1133113212
1331132122
3311321222
3113212220
1132122201
1321222010
3212220103
2122201031
1222010312
2220103120
2201031202
2010312022
0103120220
1031202202
0312022022
3120220223
1202202232
2022022321
0220223210
2202232102
2022321022
0223210222
2232102221
2321022213
3210222130
2102221301
1022213012
0222130123
2221301232
2213012321
2130123213
1301232131
3012321310
0123213103
1232131031
2321310312
3213103121
2131031211
1310312112
3103121120
1031211202
0312112020
3121120200
1211202001
2112020011
1120200112
1202001122
2020011222
0200112223
2001122232
0011222320
0112223202
1122232021
1222320212
2223202122
2232021221
2320212211
3202122113
2021221132
0212211322
2122113220
1221132202
2211322021
2113220213
1132202132
1322021321
3220213212
2202132122
2021321220
0213212202
2132122021
1321220211
3212202113
2122021132
1220211321
2202113212
2021132121
0211321210
2113212103
1132121031
1321210310
3212103103
2121031031
1210310311
2103103112
1031031121
0310311212
3103112122
1031121221
0311212210
3112122101
1121221012
1212210121
2122101210
1221012102
2210121021
2101210213
1012102131
0121021313
1210213133
2102131331
1021313312
0213133120
2131331202
1313312022
3133120220
1331202202
3312022021
3120220212
1202202121
2022021213
0220212130
2202121301
2021213012
0212130121
2121301211
1213012111
2130121113
1301211132
3012111322
0121113221
1211132211
2111322112
1113221123
1132211232
1322112321
3221123213
2211232132
2112321322
1123213222
1232132221
2321322210
3213222100
2132221001
1322210012
3222100122
2221001221
2210012212
2100122122
1001221221
0012212211
0122122111
1221221111
2212211112
2122111122
1221111221
2211112212
2111122122
1111221221
1112212211
1122122111
1221221111
2212211111
2122111111
1221111111
2211111112
2111111122
1111111222
1111112221
1111122213
1111222132
1112221321
1122213212
1222132121
2221321211
2213212110
2132121102
1321211021
3212110213
2121102131
1211021312
2110213122
1102131221
1021312210
0213122103
2131221032
1312210320
3122103202
1221032022
2210320221
2103202210
1032022101
0320221011
3202210113
2022101131
0221011310
2210113101
2101131010
1011310102
0113101022
1131010221
1310102210
3101022101
1010221011
0102210111
1022101113
0221011131
2210111312
2101113123
1011131232
0111312323
1113123232
1131232321
1312323211
3123232111
1232321111
2323211111
3232111110
2321111101
3211111010
2111110100
1111101001
1111010010
1110100102
1101001021
1010010211
0100102110
1001021102
0010211022
0102110220
1021102202
0211022022
2110220223
1102202232
1022022320
0220223202
2202232021
2022320212
0223202123
2232021231
2320212310
3202123100
2021231001
0212310010
2123100102
1231001021
2310010212
3100102123
1001021232
0010212321
0102123210
1021232102
0212321020
2123210200
1232102002
2321020023
3210200232
2102002321
1020023212
0200232120
2002321202
0023212020
0232120200
2321202002
3212020023
2120200232
1202002321
2020023210
0200232102
2002321021
0023210210
0232102100
2321021002
3210210021
2102100211
1021002111
0210021113
2100211132
1002111321
0021113211
0211132111
2111321112
1113211122
1132111220
1321112200
3211122002
2111220023
1112200232
1122002323
1220023232
2200232321
2002323213
0023232130
0232321301
2323213012
3232130122
2321301222
3213012221
2130122213
1301222132
3012221322
0122213222
1222132221
2221322212
2213222123
2132221232
1322212322
3222123220
2221232203
2212322033
2123220333
1232203331
2322033311
3220333113
2203331131
2033311310
0333113100
3331131002
3311310022
3113100222
1131002221
1310022212
3100222123
1002221231
0022212311
0222123112
2221231121
2212311212
2123112121
1231121211
2311212112
3112121123
1121211232
1212112320
2121123200
1211232001
2112320012
1123200121
1232001211
2320012113
3200121131
2001211311
0012113110
0121131100
1211311001
2113110010
1131100103
1311001031
3110010311
1100103110
1001031102
0010311021
0103110210
1031102101
0311021013
3110210133
1102101331
1021013312
0210133121
2101331211
1013312112
0133121122
1331211221
3312112213
3121122132
1211221321
2112213210
1122132101
1221321011
2213210110
2132101100
1321011002
3210110020
2101100203
1011002031
0110020313
1100203133
1002031331
0020313312
0203133122
2031331221
0313312210
3133122102
1331221021
3312210211
3122102113
1221021132
2210211322
2102113221
1021132211
0211322113
2113221133
1132211331
1322113311
3221133113
2211331132
2113311321
1133113211
1331132111
3311321112
3113211120
1132111202
1321112020
3211120201
2111202011
1112020113
1120201133
1202011331
2020113312
0201133121
2011331211
0113312112
1133121122
1331211222
3312112222
3121122220
1211222201
2112222011
1122220111
1222201111
2222011110
2220111102
2201111021
2011110210
0111102101
1111021011
1110210110
1102101100
1021011001
0210110010
2101100101
1011001012
0110010122
1100101221
1001012210
0010122101
0101221011
1012210111
0122101113
1221011133
2210111332
2101113322
1011133220
0111332201
1113322011
1133220111
1332201111
3322011110
3220111100
2201111002
2011110021
0111100213
1111002132
1110021321
1100213213
1002132131
0021321313
0213213132
2132131322
1321313220
3213132201
2131322011
1313220113
3132201133
1322011331
3220113312
2201133120
2011331202
0113312020
1133120202
1331202021
3312020211
3120202113
1202021132
2020211322
0202113220
2021132202
0211322022
2113220220
1132202202
1322022021
3220220213
2202202132
2022021320
0220213201
2202132012
2021320122
0213201222
2132012222
1320122223
3201222233
2012222331
0122223311
1222233113
2222331132
2223311323
2233113230
2331132301
3311323010
3113230103
1132301031
1323010312
3230103121
2301031212
3010312122
0103121221
1031212211
0312122113
3121221132
1212211322
2122113221
1221132211
2211322111
2113221111
1132211111
1322111112
3221111120
2211111202
2111112021
1111120211
1111202113
1112021132
1120211321
1202113211
2021132112
0211321122
2113211220
1132112201
1321122011
3211220113
2112201132
1122011321
1220113212
2201132121
2011321212
0113212123
1132121231
1321212313
3212123133
2121231331
1212313311
2123133110
1231331102
2313311020
3133110200
1331102001
3311020011
3110200113
1102001132
1020011321
0200113212
2001132121
0011321212
0113212123
1132121231
1321212310
3212123103
2121231031
1212310311
2123103112
1231031122
2310311222
3103112222
1031122221
0311222211
3112222112
1122221121
1222211212
2222112123
2221121232
2211212321
2112123213
1121232132
1212321321
2123213210
1232132101
2321321010
3213210100
2132101001
1321010012
3210100122
2101001221
1010012212
0100122121
1001221211
0012212113
0122121130
1221211301
2212113013
2121130131
1211301312
2113013121
1130131213
1301312132
3013121320
0131213201
1312132012
3121320121
1213201213
2132012132
1320121321
3201213212
2012132122
0121321222
1213212220
2132122201
1321222011
3212220113
2122201132
1222011322
2220113221
2201132211
2011322112
0113221123
1132211232
1322112320
3221123201
2211232012
2112320122
1123201221
1232012212
2320122121
3201221213
2012212132
0122121322
1221213222
2212132222
2121322221
1213222213
2132222132
1322221321
3222213212
2222132121
2221321213
2213212131
2132121312
1321213121
3212131213
2121312132
1213121321
2131213212
1312132122
3121321222
1213212220
2132122202
1321222020
3212220203
2122202031
1222020310
2220203102
2202031021
2020310210
0203102102
2031021021
0310210212
3102102122
1021021221
0210212210
2102122103
1021221032
0212210322
2122103223
1221032232
2210322321
2103223213
1032232131
0322321312
3223213123
2232131231
2321312311
3213123110
2131231101
1312311011
3123110110
1231101101
2311011010
3110110100
1101101001
1011010011
0110100111
1101001111
1010011111
0100111110
1001111102
0011111021
0111110213
1111102131
1111021313
1110213132
1102131321
1021313213
0213132133
2131321331
1313213311
3132133113
1321331131
3213311311
2133113110
1331131102
3311311020
3113110200
1131102002
1311020022
3110200223
1102002232
1020022321
0200223211
2002232111
0022321113
0223211132
2232111322
2321113222
3211132220
2111322201
1113222010
1132220102
1322201021
3222010210
2220102103
2201021031
2010210313
0102103133
1021031331
0210313311
2103133112
1031331121
0313311210
3133112100
1331121001
3311210011
3112100111
1121001111
1210011111
2100111112
1001111121
0011111211
0111112110
1111121102
1111211021
1112110212
1121102121
1211021211
2110212113
1102121131
1021211313
0212113133
2121131331
1211313311
2113133110
1131331102
1313311020
3133110201
1331102011
3311020111
3110201110
1102011101
1020111010
0201110100
2011101001
0111010010
1110100100
1101001002
1010010021
0100100211
1001002111
0010021111
0100211111
1002111112
0021111122
0211111220
2111112202
1111122021
1111220210
1112202102
1122021023
1220210232
2202102321
2021023212
0210232122
2102321223
1023212230
0232122300
2321223002
3212230022
2122300222
1223002222
2230022221
2300222213
3002222132
0022221321
0222213211
2222132111
2221321113
2213211131
2132111311
1321113111
3211131112
2111311121
1113111211
1131112111
1311121111
3111211112
1112111121
1121111212
1211112121
2111121213
1111212132
1112121322
1121213223
1212132232
2121322322
1213223220
2132232202
1322322021
3223220211
2232202112
2322021121
3220211213
2202112132
2021121320
0211213201
2112132012
1121320121
1213201211
2132012111
1320121110
3201211102
2012111021
0121110212
1211102122
2111021222
1110212222
1102122221
1021222211
0212222111
2122221113
1222211132
2222111321
2221113211
2211132111
2111321110
1113211100
1132111001
1321110011
3211100110
2111001102
1110011022
1100110221
1001102211
0011022111
0110221110
1102211102
1022111020
0221110203
2211102032
2111020321
1110203212
1102032121
1020321210
0203212103
2032121031
0321210311
3212103113
2121031131
1210311310
2103113100
1031131002
0311310022
3113100220
1131002202
1310022020
3100220201
1002202012
0022020122
0220201220
2202012202
2020122021
0201220213
2012202131
0122021310
1220213100
2202131002
2021310020
0213100200
2131002000
1310020002
3100200023
1002000232
0020002320
0200023200
2000232002
0002320022
0023200223
0232002233
2320022333
3200223333
2002233332
0022333322
0223333222
2233332221
2333322213
3333222131
3332221311
3322213112
3222131122
2221311221
2213112212
2131122121
1311221211
3112212113
1122121133
1221211331
2212113312
2121133122
1211331221
2113312210
1133122101
1331221011
3312210112
3122101123
1221011231
2210112313
2101123130
1011231301
0112313010
1123130100
1231301002
2313010022
3130100222
1301002221
3010022210
0100222103
1002221031
0022210313
0222103132
2221031322
2210313220
2103132203
1031322031
0313220311
3132203111
1322031111
3220311112
2203111120
2031111201
0311112012
3111120122
1111201222
1112012222
1120122220
1201222202
2012222020
0122220202
1222202021
2222020212
2220202123
2202021232
2020212320
0202123200
2021232002
0212320020
2123200203
1232002031
2320020311
3200203111
2002031111
0020311112
0203111123
2031111232
0311112322
3111123221
1111232211
1112322110
1123221103
1232211031
2322110310
3221103100
2211031002
2110310022
1103100223
1031002232
0310022323
3100223233
1002232332
0022323321
0223233212
2232332122
2323321222
3233212220
2332122202
3321222020
3212220200
2122202001
1222020010
2220200101
2202001012
2020010123
0200101231
2001012312
0010123121
0101231211
1012312111
0123121110
1231211100
2312111002
3121110022
1211100221
2111002211
1110022110
1100221100
1002211001
0022110010
0221100100
2211001002
2110010022
1100100220
1001002202
0010022020
0100220203
1002202031
0022020311
0220203113
2202031132
2020311322
0203113220
2031132203
0311322032
3113220320
1132203202
1322032022
3220320221
2203202211
2032022113
0320221130
3202211301
2022113012
0221130123
2211301232
2113012320
1130123203
1301232032
3012320322
0123203221
1232032212
2320322122
3203221222
2032212222
0322122222
3221222223
2212222232
2122222322
1222223222
2222232221
2222322210
2223222102
2232221021
2322210211
3222102111
2221021111
2210211113
2102111130
1021111301
0211113012
2111130123
1111301232
1113012323
1130123231
1301232311
3012323111
0123231112
1232311122
2323111221
3231112213
2311122132
3111221321
1112213213
1122132132
1221321322
2213213222
2132132221
1321322210
3213222103
2132221031
1322210313
3222103132
2221031321
2210313211
2103132113
1031321131
0313211310
3132113101
1321131011
3211310113
2113101131
1131011311
1310113110
3101131101
1011311012
0113110122
1131101223
1311012232
3110122321
1101223210
1012232102
0122321021
1223210213
2232102132
2321021322
3210213223
2102132232
1021322320
0213223201
2132232012
1322320121
3223201210
2232012102
2320121021
3201210213
2012102132
0121021320
1210213203
2102132032
1021320321
0213203211
2132032111
1320321113
3203211130
2032111301
0321113012
3211130122
2111301221
1113012213
1130122132
1301221321
3012213211
0122132113
1221321131
2213211311
2132113113
1321131132
3211311322
2113113220
1131132201
1311322013
3113220130
1132201301
1322013012
3220130123
2201301232
2013012321
0130123212
1301232122
3012321222
0123212220
1232122202
2321222020
3212220200
2122202001
1222020010
2220200100
2202001002
2020010022
0200100220
2001002201
0010022011
0100220112
1002201121
0022011210
0220112103
2201121031
2011210312
0112103122
1121031221
1210312213
2103122131
1031221311
0312213111
3122131110
1221311102
2213111022
2131110220
1311102201
3111022011
1110220113
1102201132
1022011321
0220113213
2201132131
2011321310
0113213100
1132131001
1321310013
3213100132
2131001322
1310013223
3100132232
1001322323
0013223232
0132232323
1322323232
3223232321
2232323210
2323232102
3232321020
2323210203
3232102031
2321020312
3210203121
2102031211
1020312110
0203121100
2031211002
0312110022
3121100222
1211002221
2110022210
1100222103
1002221032
0022210320
0222103202
2221032021
2210320213
2103202130
1032021301
0320213011
3202130113
2021301132
0213011322
2130113220
1301132202
3011322022
0113220220
1132202202
1322022022
3220220223
2202202232
2022022321
0220223212
2202232122
2022321221
0223212213
2232122132
2321221322
3212213223
2122132232
1221322321
2213223210
2132232101
1322321011
3223210112
2232101122
2321011222
3210112220
2101122201
1011222011
0112220113
1122201132
1222011322
2220113221
2201132211
2011322112
0113221121
1132211213
1322112131
3221121312
2211213121
2112131210
1121312100
1213121001
2131210012
1312100123
3121001231
1210012311
2100123113
1001231131
0012311312
0123113123
1231131231
2311312310
3113123100
1131231002
1312310020
3123100202
1231002021
2310020211
3100202111
1002021111
0020211110
0202111100
2021111001
0211110011
2111100110
1111001101
1110011012
1100110123
1001101231
0011012310
0110123100
1101231000
1012310000
0123100003
1231000031
2310000310
3100003101
1000031011
0000310112
0003101120
0031011201
0310112013
3101120133
1011201331
0112013312
1120133122
1201331222
2013312221
0133122213
1331222132
3312221322
3122213221
1222132211
2221322111
2213221112
2132211122
1322111221
3221112213
2211122132
2111221321
1112213213
1122132131
1221321312
2213213120
2132131201
1321312010
3213120103
2131201031
1312010312
3120103120
1201031201
2010312012
0103120120
1031201202
0312012020
3120120201
1201202011
2012020112
0120201120
1202011202
2020112023
0201120230
2011202301
0112023011
1120230110
1202301101
2023011012
0230110121
2301101211
3011012112
0110121120
1101211201
1012112012
0121120122
1211201221
2112012212
1120122122
1201221221
2012212210
0122122100
1221221002
2212210022
2122100223
1221002231
2210022311
2100223111
1002231111
0022311110
0223111103
2231111031
2311110310
3111103100
1111031002
1110310023
1103100232
1031002322
0310023220
3100232203
1002322032
0023220322
0232203221
2322032212
3220322121
2203221213
2032212132
0322121322
3221213220
2212132202
2121322023
1213220231
2132202311
1322023110
3220231103
2202311031
2023110311
0231103113
2311031131
3110311311
1103113112
1031131121
0311311211
3113112112
1131121122
1311211221
3112112212
1121122122
1211221223
2112212233
1122122331
1221223310
2212233101
2122331012
1223310121
2233101210
2331012101
3310121011
3101210110
1012101102
0121011020
1210110202
2101102021
1011020212
0110202120
1102021201
1020212012
0202120123
2021201231
0212012313
2120123132
1201231322
2012313220
0123132202
1231322021
2313220213
3132202130
1322021301
3220213012
2202130122
2021301223
0213012232
2130122323
1301223231
3012232310
0122323101
1223231011
2232310112
2323101123
3231011232
2310112323
3101123232
1011232322
0112323222
1123232220
1232322202
2323222021
3232220213
2322202132
3222021320
2220213203
2202132032
2021320320
0213203201
2132032012
1320320123
3203201233
2032012331
0320123312
3201233122
2012331222
0123312222
1233122221
2331222212
3312222120
3122221200
1222212002
2222120021
2221200211
2212002112
2120021123
1200211230
2002112301
0021123012
0211230120
2112301201
1123012012
1230120122
2301201221
3012012210
0120122103
1201221031
2012210311
0122103111
1221031112
2210311122
2103111221
1031112211
0311122111
3111221112
1112211122
1122111222
1221112220
2211122202
2111222020
1112220203
1122202031
1222020311
2220203111
2202031111
2020311112
0203111120
2031111201
0311112011
3111120113
1111201132
1112011321
1120113213
1201132132
2011321322
0113213220
1132132202
1321322020
3213220200
2132202002
1322020022
3220200222
2202002221
2020022212
0200222120
2002221202
0022212020
0222120202
2221202022
2212020221
2120202213
1202022132
2020221321
0202213211
2022132112
0221321121
2213211210
2132112102
1321121021
3211210211
2112102110
1121021101
1210211011
2102110111
1021101110
0211011103
2110111031
1101110313
1011103132
0111031321
1110313210
1103132101
1031321011
0313210110
3132101103
1321011031
3210110312
2101103120
1011031201
0110312012
1103120123
1031201231
0312012313
3120123130
1201231301
2012313010
0123130103
1231301032
2313010320
3130103203
1301032031
3010320310
0103203103
1032031032
0320310322
3203103223
2031032232
0310322320
3103223200
1032232000
0322320003
3223200032
2232000321
2320003213
3200032132
2000321322
0003213220
0032132203
0321322032
3213220320
2132203203
1322032031
3220320312
2203203120
2032031201
0320312013
3203120131
2031201311
0312013112
3120131120
1201311202
2013112023
0131120232
1311202321
3112023211
1120232112
1202321122
2023211221
0232112211
2321122111
3211221110
2112211100
1122111002
1221110023
2211100233
2111002333
1110023331
1100233312
1002333122
0023331222
0233312220
2333122202
3331222021
3312220213
3122202132
1222021322
2220213223
2202132231
2021322310
0213223101
2132231011
1322310112
3223101120
2231011202
2310112023
3101120233
1011202331
0112023313
1120233131
1202331311
2023313111
0233131112
2331311121
3313111210
3131112103
1311121032
3111210322
1112103221
1121032211
1210322111
2103221112
1032211122
0322111222
3221112220
2211122201
2111222011
1112220111
1122201111
1222011111
2220111110
2201111102
2011111021
0111110212
1111102121
1111021213
1110212133
1102121331
1021213312
0212133123
2121331232
1213312322
2133123223
1331232231
3312322310
3123223103
1232231031
2322310311
3223103110
2231031102
2310311020
3103110200
1031102001
0311020012
3110200120
1102001201
1020012010
0200120103
2001201032
0012010320
0120103203
1201032031
2010320312
0103203122
1032031222
0320312221
3203122213
2031222132
0312221321
3122213211
1222132111
2221321112
2213211122
2132111221
1321112213
3211122131
2111221311
1112213110
1122131103
1221311031
2213110312
2131103120
1311031201
3110312010
1103120102
1031201021
0312010210
3120102101
1201021011
2010210113
0102101133
1021011331
0210113313
2101133130
1011331301
0113313011
1133130112
1331301129
3313011292
3130112921
1301129211
3011292111
0112921113
1129211132
1292111321
2921113213
9211132131
2111321312
1113213120
1132131202
1321312022
3213120220
2131202202
1312022022
3120220220
1202202202
2022022022
0220220220
2202202201
2022022010
0220220103
2202201032
2022010320
0220103200
2201032001
2010320012
0103200120
1032001201
0320012011
3200120113
2001201132
0012011322
0120113223
1201132232
2011322322
0113223220
1132232201
1322322012
3223220121
2232201211
2322012112
3220121120
2201211202
2012112022
0121120220
1211202202
2112022023
1120220230
1202202301
2022023011
0220230113
2202301132
2023011322
0230113223
2301132231
3011322311
0113223111
1132231113
1322311131
3223111310
2231113101
2311131011
3111310110
1113101100
1131011002
1310110022
3101100221
1011002213
0110022133
1100221331
1002213313
0022133133
0221331331
2213313310
2133133102
1331331021
3313310212
3133102121
1331021211
3310212112
3102121120
1021211202
0212112020
2121120201
1211202011
2112020113
1120201131
1202011311
2020113110
0201131101
2011311011
0113110110
1131101101
1311011011
3110110113
1101101130
1011011301
0110113011
1101130112
1011301121
0113011210
1130112102
1301121021
3011210211
0112102112
1121021121
1210211210
2102112103
1021121031
0211210313
2112103131
1121031311
1210313113
2103131131
1031311311
0313113110
3131131101
1311311012
3113110121
1131101212
1311012122
3110121220
1101212202
1012122021
0121220210
1212202101
2122021011
1220210112
2202101121
2021011212
0210112122
2101121220
1011212202
0112122020
1121220202
1212202021
2122020211
1220202111
2202021112
2020211122
0202111221
2021112212
0211122122
2111221220
1112212201
1122122012
1221220121
2212201210
2122012102
1220121022
2201210222
2012102220
0121022202
1210222021
2102220212
1022202120
0222021202
2220212022
2202120220
2021202201
0212022012
2120220121
1202201212
2022012122
0220121221
2201212211
2012122112
0121221121
1212211211
2122112113
1221121133
2211211331
2112113311
1121133111
1211331111
2113311113
1133111133
1331111331
3311113311
3111133111
1111331112
1113311121
1133111211
1331112111
3311121111
3111211110
1112111102
1121111022
1211110222
2111102221
1111022211
1110222113
1102221132
1022211322
0222113221
2221132212
2211322122
2113221220
1132212202
1322122022
3221220222
2212202222
2122022221
1220222211
2202222112
2022221122
0222211220
2222112202
2221122022
2211220222
2112202221
1122022211
1220222111
2202221111
2022211112
0222111121
2221111213
2211112131
2111121311
1111213112
1112131122
1121311220
1213112202
2131122022
1311220221
3112202212
1122022121
1220221213
2202212132
2022121322
0221213220
2212132202
2121322022
1213220222
2132202222
1322022222
3220222220
2202222203
2022222032
0222220321
2222203211
2222032112
2220321121
2203211212
2032112122
0321121221
3211212211
2112122110
1121221100
1212211002
2122110022
1221100222
2211002222
2110022222
1100222221
1002222211
0022222113
0222221131
2222211312
2222113121
2221131210
2211312102
2113121020
1131210202
1312102021
3121020211
1210202111
2102021112
1020211121
0202111211
2021112112
0211121122
2111211221
1112112212
1121122121
1211221212
2112212122
1122121222
1221212220
2212122202
2121222021
1212220211
2122202111
1222021112
2220211122
2202111221
2021112210
0211122101
2111221011
1112210111
1122101111
1221011112
2210111121
2101111210
1011112102
0111121021
1111210212
1112102122
1121021223
1210212230
2102122301
1021223010
0212230102
2122301021
1223010212
2230102120
2301021202
3010212022
0102120220
1021202201
0212022011
2120220111
1202201111
2022011110
0220111101
2201111012
2011110122
0111101222
1111012222
1110122221
1101222213
1012222132
0122221323
1222213231
2222132312
2221323120
2213231202
2132312021
1323120212
3231202120
2312021201
3120212012
1202120120
2021201202
0212012020
2120120200
1201202001
2012020012
0120200120
1202001202
2020012022
0200120222
2001202221
0012022211
0120222113
1202221132
2022211322
0222113220
2221132202
2211322020
2113220201
1132202011
1322020112
3220201120
2202011201
2020112012
0201120122
2011201221
0112012213
1120122133
1201221331
2012213312
0122133121
1221331211
2213312112
2133121121
1331211211
3312112111
3121121111
1211211112
2112111122
1121111221
1211112211
2111122111
1111221111
1112211111
1122111111
1221111113
2211111131
2111111312
1111113121
1111131211
1111312112
1113121121
1131211211
1312112112
3121121123
1211211232
2112112321
1121123211
1211232110
2112321102
1123211020
1232110202
2321102023
3211020230
2110202301
1102023012
1020230123
0202301232
2023012320
0230123200
2301232001
3012320011
0123200110
1232001102
2320011022
3200110221
2001102213
0011022132
0110221322
1102213222
1022132222
0221322220
2213222202
2132222021
1322220211
3222202111
2222021111
2220211112
2202111121
2021111213
0211112131
2111121311
1111213111
1112131111
1121311113
1213111133
2131111331
1311113311
3111133111
1111331112
1113311122
1133111221
1331112210
3311122101
3111221011
1112210111
1122101111
1221011111
2210111112
2101111120
1011111202
0111112021
1111120210
1111202101
1112021011
1120210112
1202101121
2021011211
0210112112
2101121123
1011211231
0112112311
1121123111
1211231111
2112311112
1123111121
1231111211
2311112112
3111121122
1111211220
1112112201
1121122010
1211220100
2112201002
1122010021
1220100211
2201002111
2010021110
0100211100
1002111002
0021110022
0211100222
2111002221
1110022211
1100222110
1002221101
0022211011
0222110110
2221101102
2211011022
2110110222
1101102221
1011022210
0110222100
1102221002
1022210020
0222100200
2221002001
2210020012
2100200122
1002001222
0020012221
0200122213
2001222131
0012221310
0122213103
1222131031
2221310310
2213103100
2131031002
1310310022
3103100220
1031002200
0310022001
3100220011
1002200110
0022001100
0220011000
2200110002
2001100021
0011000210
0110002101
1100021011
1000210111
0002101111
0021011113
0210111133
2101111331
1011113312
0111133121
1111331212
1113312122
1133121222
1331212222
3312122223
3121222231
1212222311
2122223113
1222231133
2222311332
2223113322
2231133222
2311332221
3113322211
1133222110
1332221101
3322211012
3222110121
2221101211
2211012112
2110121123
1101211232
1012112322
0121123220
1211232202
2112322020
1123220200
1232202001
2322020011
3220200111
2202001111
2020011112
0200111120
2001111202
0011112023
0111120230
1111202301
1112023011
1120230113
1202301132
2023011322
0230113221
2301132210
3011322101
0113221011
1132210111
1322101111
3221011111
2210111111
2101111112
1011111122
0111111221
1111112211
1111122111
1111221111
1112211111
1122111111
1221111111
2211111112
2111111122
1111111221
1111112211
1111122111
1111221111
1112211113
1122111133
1221111331
2211113310
2111133102
1111331021
1113310211
1133102110
1331021102
3310211022
3102110221
1021102211
0211022113
2110221133
1102211331
1022113312
0221133120
2211331201
2113312010
1133120100
1331201001
3312010011
3120100111
1201001111
2010011113
0100111130
1001111301
0011113013
0111130130
1111301301
1113013013
1130130132
1301301322
3013013220
0130132200
1301322001
3013220011
0132200110
1322001102
3220011022
2200110220
2001102201
0011022011
0110220111
1102201111
1022011113
0220111131
2201111311
2011113110
0111131100
1111311002
1113110022
1131100221
1311002211
3110022112
1100221122
1002211221
0022112212
0221122122
2211221221
2112212211
1122122111
1221221111
2212211112
2122111120
1221111202
2211112022
2111120221
1111202211
1112022112
1120221122
1202211221
2022112212
0221122121
2211221212
2112212120
1122121201
1221212012
2212120121
2121201211
1212012111
2120121110
1201211101
2012111012
0121110122
1211101221
2111012211
1110122112
1101221120
1012211202
0122112020
1221120200
2211202001
2112020011
1120200111
1202001111
2020011112
0200111120
2001111202
0011112023
0111120230
1111202301
1112023018
1120230183
1202301832
2023018322
0230183222
2301832221
3018322211
0183222113
1832221131
8322211312
3222113121
2221131211
2211312112
2113121120
1131211202
1312112021
3121120211
1211202111
2112021112
1120211123
1202111232
2021112322
0211123221
2111232212
1112322121
1123221212
1232212122
2322121221
3221212211
2212122111
2121221110
1212211101
2122111012
1221110122
2211101220
2111012201
1110122012
1101220121
1012201212
0122012122
1220121221
2201212211
2012122112
0121221123
1212211232
2122112323
1221123230
2211232302
2112323022
1123230222
1232302221
2323022211
3230222112
2302221122
3022211222
0222112221
2221122211
2211222112
2112221121
1122211212
1222112122
2221121220
2211212202
2112122020
1121220201
1212202010
2122020101
1220201011
2202010111
2020101111
0201011113
2010111133
0101111331
1011113310
0111133101
1111331013
1113310132
1133101320
1331013202
3310132022
3101320221
1013202210
0132022102
1320221021
3202210213
2022102131
0221021312
2210213122
2102131222
1021312222
0213122220
2131222202
1312222022
3122220222
1222202221
2222022211
2220222112
2202221122
2022211223
0222112232
2221122321
2211223212
2112232123
1122321232
1223212322
2232123221
2321232212
3212322122
2123221221
1232212211
2322122112
3221221122
2212211221
2122112212
1221122122
2211221220
2112212201
1122122012
1221220123
2212201232
2122012322
1220123222
2201232222
2012322221
0123222213
1232222132
2322221322
3222213222
2222132221
2221322213
2213222132
2132221322
1322213222
3222132222
2221322221
2213222213
2132222132
1322221322
3222213221
2222132212
2221322122
2213221221
2132212211
1322122112
3221221123
2212211231
2122112311
1221123111
2211231111
2112311113
1123111132
1231111322
2311113221
3111132211
1111322111
1113221111
1132211112
1322111122
3221111222
2211112222
2111122222
1111222221
1112222210
1122222103
1222221031
2222210313
2222103132
2221031321
2210313210
2103132102
1031321020
0313210202
3132102022
1321020222
3210202222
2102022221
1020222213
0202222132
2022221322
0222213221
2222132210
2221322102
2213221020
2132210202
1322102021
3221020211
2210202111
2102021110
1020211102
0202111022
2021110220
0211102201
2111022011
1110220112
1102201123
1022011232
0220112322
2201123222
2011232220
0112322201
1123222010
1232220102
2322201020
3222010202
2220102021
2201020212
2010202121
0102021212
1020212122
0202121221
2021212210
0212122102
2121221021
1212210212
2122102121
1221021210
2210212102
2102121022
1021210221
0212102210
2121022102
1210221022
2102210222
1022102221
0221022211
2210222110
2102221102
1022211021
0222110213
2221102132
2211021321
2110213213
1102132132
1021321321
0213213213
2132132131
1321321311
3213213113
2132131132
1321311320
3213113202
2131132021
1311320211
3113202111
1132021111
1320211113
3202111132
2021111321
0211113212
2111132122
1111321220
1113212202
1132122021
1321220211
3212202112
2122021122
1220211221
2202112210
2021122102
0211221022
2112210222
1122102222
1221022223
2210222232
2102222320
1022223201
0222232011
2222320111
2223201112
2232011120
2320111200
3201112003
2011120032
0111200321
1112003211
1120032111
1200321111
2003211111
0032111111
0321111112
3211111121
2111111212
1111112120
1111121202
1111212021
1112120211
1121202113
1212021131
2120211313
1202113131
2021131311
0211313113
2113131133
1131311332
1313113321
3131133211
1311332112
3113321121
1133211211
1332112113
3321121132
3211211321
2112113212
1121132120
1211321202
2113212021
1132120212
1321202121
3212021211
2120212112
1202121122
2021211222
0212112221
2121122213
1211222131
2112221310
1122213100
1222131000
2221310000
2213100002
2131000021
1310000211
3100002112
1000021121
0000211210
0002112102
0021121020
0211210201
2112102011
1121020111
1210201113
2102011131
1020111311
0201113111
2011131112
0111311122
1113111220
1131112202
1311122020
3111220200
1112202002
1122020022
1220200220
2202002203
2020022032
0200220320
2002203202
0022032022
0220320222
2203202220
2032022200
0320222002
3202220021
2022200211
0222002110
2220021102
2200211020
2002110202
0021102022
0211020221
2110202210
1102022102
1020221021
0202210212
2022102120
0221021201
2210212012
2102120121
1021201211
0212012111
2120121111
1201211111
2012111112
0121111122
1211111220
2111112202
1111122021
1111220213
1112202132
1122021321
1220213213
2202132131
2021321310
0213213101
2132131011
1321310112
3213101121
2131011211
1310112111
3101121112
1011211122
0112111221
1121112213
1211122132
2111221320
1112213202
1122132021
1221320211
2213202112
2132021121
1320211211
3202112111
2021121113
0211211131
2112111311
1121113112
1211131121
2111311211
1113112111
1131121112
1311211122
3112111222
1121112221
1211122213
2111222131
1112221311
1122213112
1222131122
2221311220
2213112202
2131122020
1311220201
3112202012
1122020121
1220201211
2202012113
2020121131
0201211313
2012113132
0121131321
1211313211
2113132110
1131321102
1313211021
3132110210
1321102101
3211021011
2110210112
1102101120
1021011201
0210112010
2101120102
1011201021
0112010211
1120102112
1201021122
2010211222
0102112222
1021122220
0211222202
2112222021
1122220212
1222202122
2222021220
2220212202
2202122020
2021220201
0212202012
2122020121
1220201212
2202012122
2020121221
0201212210
2012122102
0121221022
1212210220
2122102202
1221022021
2210220211
2102202112
1022021122
0220211221
2202112211
2021122112
0211221122
2112211220
1122112203
1221122033
2211220331
2112203312
1122033121
1220331210
2203312101
2033121010
0331210101
3312101011
3121010113
1210101131
2101011311
1010113113
0101131131
1011311312
0113113121
1131131211
1311312112
3113121121
1131211211
1312112112
3121121123
1211211232
2112112321
1121123213
1211232130
2112321303
1123213033
1232130333
2321303330
3213033303
2130333033
1303330332
3033303321
0333033213
3330332132
3303321323
3033213233
0332132333
3321323333
3213233331
2132333313
1323333130
3233331301
2333313010
3333130101
3331301011
3313010111
3130101112
1301011121
3010111213
0101112132
1011121321
0111213211
1112132112
1121321121
1213211213
2132112132
1321121321
3211213213
2112132133
1121321331
1213213311
2132133111
1321331113
3213311131
2133111311
1331113111
3311131111
3111311110
1113111102
1131111021
1311110211
3111102111
1111021113
1110211132
1102111321
1021113213
0211132132
2111321322
1113213222
1132132221
1321322213
3213222131
2132221311
1322213110
3222131100
2221311000
2213110003
2131100031
1311000310
3110003100
1100031002
1000310021
0003100213
0031002130
0310021300
3100213001
1002130012
0021300122
0213001221
2130012212
1300122121
3001221210
0012212101
0122121010
1221210102
2212101021
2121010211
1210102111
2101021113
1010211131
0102111312
1021113123
0211131231
2111312311
1113123111
1131231111
1312311113
3123111132
1231111321
2311113211
3111132111
1111321111
1113211110
1132111102
1321111021
3211110213
2111102132
1111021323
1110213232
1102132322
1021323221
0213232211
2132322111
1323221112
3232211120
2322111202
3221112022
2211120220
2111202201
1112022013
1120220133
1202201331
2022013313
0220133131
2201331311
2013313112
0133131123
1331311233
3313112330
3131123301
1311233011
3112330111
1123301111
1233011111
2330111113
3301111132
3011111321
0111113210
1111132103
1111321031
1113210313
1132103131
1321031311
3210313112
2103131122
1031311220
0313112201
3131122011
1311220113
3112201132
1122011323
1220113231
2201132311
2011323113
0113231132
1132311322
1323113221
3231132211
2311322111
3113221110
1132211102
1322111023
3221110231
2211102311
2111023112
1110231122
1102311223
1023112231
0231122311
2311223111
3112231113
1122311132
1223111321
2231113211
2311132112
3111321122
1113211222
1132112220
1321122201
3211222011
2112220111
1122201113
1222011131
2220111312
2201113121
2011131213
0111312131
1113121310
1131213101
1312131012
3121310123
1213101231
2131012310
1310123101
3101231011
1012310111
0123101113
1231011131
2310111311
3101113111
1011131111
0111311110
1113111101
1131111011
1311110111
3111101111
1111011112
1110111122
1101111220
1011112201
0111122011
1111220111
1112201111
1122011112
1220111120
2201111202
2011112021
0111120211
1111202112
1112021122
1120211222
1202112220
2021122201
0211222010
2112220101
1122201010
1222010101
2220101010
2201010102
2010101020
0101010201
1010102013
0101020133
1010201332
0102013321
1020133210
0201332101
2013321013
0133210132
1332101320
3321013202
3210132020
2101320209
1013202091
0132020910
1320209102
3202091022
2020910222
0209102223
2091022232
0910222320
9102223201
1022232012
0222320121
2223201210
2232012102
2320121021
3201210211
2012102112
0121021121
1210211211
2102112110
1021121102
0211211022
2112110221
1121102211
1211022113
2110221131
1102211313
1022113132
0221131321
2211313212
2113132123
1131321233
1313212332
3132123322
1321233221
3212332211
2123322111
1233221110
2332211102
3322111022
3221110221
2211102210
2111022101
1110221011
1102210113
1022101132
0221011321
2210113213
2101132132
1011321322
0113213220
1132132203
1321322033
3213220332
2132203323
1322033233
3220332333
2203323333
2033233332
0332333320
3323333200
3233332002
2333320021
3333200211
3332002112
3320021120
3200211201
2002112013
0021120132
0211201323
2112013230
1120132303
1201323031
2013230310
0132303101
1323031010
3230310101
2303101011
3031010113
0310101130
3101011302
1010113020
0101130203
1011302032
0113020323
1130203230
1302032303
3020323030
0203230303
2032303033
0323030333
3230303332
2303033320
3030333203
0303332030
3033320300
0333203008
3332030083
3320300832
3203008323
2030083230
0300832301
3008323010
0083230103
0832301033
8323010332
3230103323
2301033233
3010332333
0103323333
1033233333
0332333331
3323333313
3233333130
2333331301
3333313013
3333130131
3331301311
3313013110
