1222211032
2222110322
2221103222
2211032221
2110322211
1103222112
1032221121
0322211212
3222112122
2221121221
2211212211
2112122111
1121221112
1212211121
2122111212
1221112121
2211121213
2111212132
1112121320
1121213202
1212132021
2121320210
1213202101
2132021011
1320210110
3202101103
2021011032
0210110320
2101103203
1011032031
0110320312
1103203121
1032031212
0320312122
3203121221
2031212211
0312122112
3121221122
1212211222
2122112222
1221122222
2211222221
2112222213
1122222132
1222221321
2222213211
2222132113
2221321131
2213211312
2132113122
1321131221
3211312212
2113122121
1131221211
1312212112
3122121122
1221211222
2212112221
2121122213
1211222132
2112221321
1122213213
1222132132
2221321321
2213213213
2132132132
1321321321
3213213213
2132132132
1321321321
3213213213
2132132132
1321321322
3213213221
2132132211
1321322112
3213221121
2132211211
1322112111
3221121113
2211211131
2112111313
1121113132
1211131321
2111313211
1113132111
1131321111
1313211111
3132111111
1321111111
3211111112
2111111121
1111111211
1111112112
1111121121
1111211211
1112112112
1121121121
1211211211
2112112112
1121121120
1211211200
2112112002
1121120023
1211200231
2112002313
1120023132
1200231321
2002313210
0023132101
0231321011
2313210112
3132101122
1321011221
3210112210
2101122101
1011221011
0112210112
1122101120
1221011201
2210112010
2101120103
1011201032
0112010320
1120103200
1201032002
2010320021
0103200213
1032002132
0320021321
3200213213
2002132132
0021321321
0213213212
2132132123
1321321231
3213212311
2132123113
1321231133
3212311331
2123113311
1231133110
2311331102
3113311021
1133110211
1331102111
3311021111
3110211112
1102111120
1021111202
0211112020
2111120202
1111202021
1112020211
1120202110
1202021101
2020211013
0202110130
2021101301
0211013012
2110130120
1101301202
1013012020
0130120201
1301202011
3012020111
0120201113
1202011132
2020111321
0201113212
2011132122
0111321221
1113212210
1132122101
1321221011
3212210113
2122101131
1221011313
2210113130
2101131301
1011313011
0113130110
1131301102
1313011022
3130110222
1301102221
3011022213
0110222132
1102221321
1022213211
0222132110
2221321102
2213211022
2132110223
1321102230
3211022302
2110223023
1102230231
1022302311
0223023110
2230231102
2302311022
3023110222
0231102221
2311022210
3110222100
1102221001
1022210011
0222100113
2221001132
2210011322
2100113220
1001132202
0011322021
0113220213
1132202131
1322021310
3220213101
2202131011
2021310113
0213101130
2131011301
1310113011
3101130113
1011301132
0113011321
1130113211
1301132111
3011321112
0113211121
1132111211
1321112112
3211121120
2111211201
1112112012
1121120123
1211201231
2112012312
1120123120
1201231201
2012312010
0123120101
1231201011
2312010113
3120101131
1201011311
2010113113
0101131133
1011311331
0113113311
1131133113
1311331131
3113311310
1133113100
1331131002
3311310022
3113100220
1131002201
1310022010
3100220103
1002201031
0022010310
0220103100
2201031002
2010310022
0103100220
1031002202
0310022022
3100220223
1002202232
0022022321
0220223210
2202232102
2022321022
0223210222
2232102222
2321022223
3210222230
2102222301
1022223012
0222230123
2222301232
2223012321
2230123213
2301232132
3012321320
0123213203
1232132031
2321320312
3213203121
2132031212
1320312122
3203121220
2031212202
0312122020
3121220200
1212202001
2122020011
1220200112
2202001120
2020011202
0200112023
2001120232
0011202320
0112023202
1120232021
1202320212
2023202122
0232021222
2320212221
3202122213
2021222132
0212221322
2122213220
1222132202
2221322021
2213220213
2132202132
1322021320
3220213200
2202132002
2021320020
0213200202
2132002021
1320020211
3200202113
2002021132
0020211321
0202113212
2021132121
0211321210
2113212103
1132121031
1321210310
3212103103
2121031031
1210310311
2103103112
1031031121
0310311212
3103112122
1031121221
0311212210
3112122101
1121221012
1212210121
2122101210
1221012102
2210121021
2101210213
1012102131
0121021313
1210213133
2102131331
1021313311
0213133110
2131331102
1313311022
3133110220
1331102202
3311022021
3110220212
1102202121
1022021213
0220212130
2202121301
2021213012
0212130121
2121301211
1213012111
2130121113
1301211132
3012111322
0121113221
1211132211
2111322112
1113221123
1132211232
1322112321
3221123213
2211232132
2112321322
1123213222
1232132221
2321322210
3213222100
2132221001
1322210012
3222100121
2221001211
2210012112
2100121122
1001211221
0012112211
0121122111
1211221111
2112211112
1122111121
1221111211
2211112112
2111121122
1111211222
1112112222
1121122221
1211222210
2112222101
1122221011
1222210112
2222101122
2221011222
2210112222
2101122221
1011222213
0112222132
1122221321
1222213212
2222132121
2221321211
2213212110
2132121102
1321211021
3212110213
2121102131
1211021312
2110213122
1102131221
1021312210
0213122103
2131221032
1312210320
3122103202
1221032022
2210320221
2103202210
1032022101
0320221011
3202210113
2022101131
0221011310
2210113101
2101131010
1011310102
0113101020
1131010202
1310102020
3101020203
1010202031
0102020311
1020203113
0202031132
2020311320
0203113200
2031132002
0311320022
3113200222
1132002220
1320022202
3200222022
2002220222
0022202222
0222022223
2220222232
2202222321
2022223213
0222232131
2222321310
2223213103
2232131033
2321310332
3213103320
2131033202
1310332020
3103320202
1033202022
0332020220
3320202200
3202022001
2020220011
0202200111
2022001111
0220011112
2200111120
2001111202
0011112021
0111120213
1111202132
1112021323
1120213232
1202132321
2021323213
0213232133
2132321331
1323213311
3232133110
2321331102
3213311022
2133110220
1331102202
3311022020
3110220201
1102202011
1022020110
0220201103
2202011031
2020110311
0201103113
2011031131
0110311313
1103113132
1031131322
0311313220
3113132202
1131322021
1313220212
3132202120
1322021201
3220212010
2202120103
2021201031
0212010311
2120103113
1201031132
2010311321
0103113210
1031132101
0311321011
3113210112
1132101122
1321011221
3210112210
2101122101
1011221010
0112210100
1122101001
1221010012
2210100120
2101001202
1010012023
0100120233
1001202331
0012023311
0120233112
1202331123
2023311232
0233112321
2331123211
3311232112
3112321120
1123211201
1232112010
2321120103
3211201031
2112010311
1120103110
1201031102
2010311022
0103110223
1031102232
0311022322
3110223220
1102232202
1022322022
0223220221
2232202211
2322022110
3220221101
2202211011
2022110111
0221101112
2211011121
2110111210
1101112101
1011121011
0111210111
1112101112
1121011121
1210111210
2101112101
1011121011
0111210113
1112101132
1121011323
1210113231
2101132311
1011323111
0113231112
1132311120
1323111201
3231112013
2311120132
3111201321
1112013211
1120132112
1201321122
2013211222
0132112221
1321122212
3211222121
2112221213
1122212131
1222121313
2221213132
2212131323
2121313232
1213132321
2131323211
1313232112
3132321120
1323211202
3232112022
2321120222
3211202222
2112022221
1120222210
1202222101
2022221013
0222210132
2222101321
2221013213
2210132132
2101321322
1013213222
0132132222
1321322223
3213222232
2132222320
1322223202
3222232022
2222320222
2223202221
2232022210
2320222100
3202221000
2022210001
0222100010
2221000102
2210001022
2100010220
1000102201
0001022013
0010220132
0102201321
1022013211
0220132110
2201321102
2013211020
0132110201
1321102010
3211020103
2110201033
1102010332
1020103320
0201033201
2010332011
0103320110
1033201100
0332011001
3320110010
3201100102
2011001021
0110010210
1100102103
1001021031
0010210313
0102103132
1021031321
0210313211
2103132110
1031321101
0313211012
3132110122
1321101221
3211012213
2110122132
1101221321
1012213211
0122132111
1221321110
2213211101
2132111012
1321110121
3211101213
2111012132
1110121321
1101213210
1012132100
0121321002
1213210022
2132100222
1321002221
3210022210
2100222101
1002221012
0022210120
0222101200
2221012000
2210120001
2101200011
1012000111
0120001110
1200011101
2000111012
0001110122
0011101220
0111012201
1110122013
1101220132
1012201321
0122013213
1220132132
2201321321
2013213211
0132132110
1321321101
3213211012
2132110120
1321101202
3211012021
2110120210
1101202102
1012021023
0120210232
1202102321
2021023212
0210232121
2102321211
1023212112
0232121121
2321211211
3212112112
2121121122
1211211221
2112112213
1121122132
1211221321
2112213210
1122132101
1221321011
2213210112
2132101122
1321011221
3210112211
2101122111
1011221111
0112211110
1122111100
1221111002
2211110021
2111100210
1111002101
1110021013
1100210131
1002101311
0021013112
0210131120
2101311201
1013112013
0131120132
1311201321
3112013211
1120132113
1201321132
2013211322
0132113221
1321132210
3211322103
2113221032
1132210321
1322103211
3221032113
2210321132
2103211320
1032113200
0321132001
3211320013
2113200133
1132001331
1320013310
3200133100
2001331001
0013310010
0133100102
1331001022
3310010220
3100102202
1001022021
0010220212
0102202122
1022021222
0220212220
2202122203
2021222031
0212220313
2122203132
1222031321
2220313212
2203132120
2031321202
0313212021
3132120213
1321202132
3212021321
2120213210
1202132101
2021321013
0213210132
2132101321
1321013211
3210132111
2101321111
1013211111
0132111111
1321111110
3211111101
2111111013
1111110131
1111101312
1111013123
1110131231
1101312312
1013123123
0131231231
1312312313
3123123130
1231231301
2312313010
3123130100
1231301003
2313010033
3130100331
1301003312
3010033122
0100331220
1003312201
0033122010
0331220101
3312201013
3122010133
1220101333
2201013331
2010133312
0101333120
1013331202
0133312023
1333120231
3331202312
3312023120
3120231203
1202312032
2023120321
0231203211
2312032111
3120321110
1203211100
2032111001
0321110011
3211100111
2111001112
1110011122
1100111220
1001112203
0011122032
0111220322
1112203222
1122032221
1220322212
2203222121
2032221213
0322212130
3222121301
2221213010
2212130101
2121301011
1213010113
2130101133
1301011333
3010113332
0101133322
1011333223
0113332232
1133322321
1333223211
3332232110
3322321102
3223211021
2232110213
2321102132
3211021323
2110213232
1102132323
1021323231
0213232310
2132323102
1323231021
3232310211
2323102110
3231021102
2310211023
3102110232
1021102323
0211023231
2110232311
1102323111
1023231113
0232311130
2323111301
3231113010
2311130100
3111301001
1113010013
1130100130
1301001301
3010013011
0100130113
1001301131
0013011312
0130113121
1301131211
3011312110
0113121101
1131211012
1312110122
3121101220
1211012202
2110122022
1101220223
1012202232
0122022322
1220223222
2202232222
2022322223
0223222231
2232222311
2322223113
3222231132
2222311321
2223113210
2231132101
2311321011
3113210111
1132101113
1321011131
3210111312
2101113123
1011131232
0111312323
1113123232
1131232321
1312323211
3123232111
1232321111
2323211111
3232111110
2321111102
3211111020
2111110200
1111102001
1111020010
1110200102
1102001021
1020010211
0200102110
2001021102
0010211022
0102110220
1021102202
0211022022
2110220223
1102202231
1022022310
0220223101
2202231012
2022310122
0223101223
2231012231
2310122310
3101223100
1012231001
0122310010
1223100100
2231001001
2310010012
3100100123
1001001231
0010012311
0100123110
1001231102
0012311020
0123110200
1231102002
2311020023
3110200232
1102002323
1020023232
0200232320
2002323202
0023232020
0232320200
2323202002
3232020023
2320200232
3202002321
2020023210
0200232102
2002321021
0023210210
0232102100
2321021000
3210210001
2102100011
1021000111
0210001113
2100011132
1000111321
0001113211
0011132111
0111321112
1113211122
1132111220
1321112202
3211122022
2111220223
1112202232
1122022323
1220223232
2202232321
2022323213
0223232130
2232321301
2323213012
3232130122
2321301222
3213012221
2130122213
1301222132
3012221322
0122213222
1222132220
2221322202
2213222023
2132220232
1322202322
3222023220
2220232203
2202322033
2023220333
0232203331
2322033311
3220333113
2203331132
2033311320
0333113200
3331132002
3311320022
3113200222
1132002223
1320022232
3200222323
2002223231
0022232311
0222323112
2223231123
2232311232
2323112321
3231123211
2311232112
3112321123
1123211232
1232112320
2321123200
3211232003
2112320032
1123200321
1232003211
2320032113
3200321131
2003211311
0032113110
0321131100
3211311001
2113110010
1131100103
1311001031
3110010311
1100103110
1001031102
0010311021
0103110210
1031102101
0311021013
3110210133
1102101331
1021013313
0210133131
2101331311
1013313112
0133131122
1331311221
3313112213
3131122132
1311221321
3112213210
1122132101
1221321011
2213210110
2132101100
1321011002
3210110020
2101100203
1011002033
0110020333
1100203333
1002033333
0020333332
0203333322
2033333222
0333332220
3333322202
3333222021
3332220211
3322202113
3222021132
2220211322
2202113221
2021132211
0211322113
2113221133
1132211331
1322113311
3221133113
2211331132
2113311321
1133113211
1331132111
3311321112
3113211120
1132111202
1321112020
3211120201
2111202011
1112020113
1120201133
1202011331
2020113312
0201133121
2011331213
0113312132
1133121322
1331213222
3312132222
3121322220
1213222201
2132222011
1322220111
3222201111
2222011110
2220111102
2201111021
2011110210
0111102101
1111021011
1110210110
1102101100
1021011001
0210110010
2101100101
1011001011
0110010111
1100101111
1001011110
0010111101
0101111011
1011110111
0111101111
1111011113
1110111132
1101111322
1011113220
0111132201
1111322011
1113220111
1132201111
1322011110
3220111100
2201111000
2011110001
0111100013
1111000132
1110001321
1100013213
1000132132
0001321321
0013213212
0132132122
1321321220
3213212203
2132122031
1321220313
3212203133
2122031331
1220313312
2203133120
2031331202
0313312020
3133120202
1331202021
3312020211
3120202113
1202021132
2020211322
0202113220
2021132202
0211322022
2113220220
1132202202
1322022021
3220220213
2202202132
2022021320
0220213201
2202132012
2021320122
0213201222
2132012221
1320122213
3201222133
2012221331
0122213311
1222133113
2221331131
2213311313
2133113130
1331131301
3311313010
3113130103
1131301031
1313010312
3130103121
1301031210
3010312102
0103121021
1031210211
0312102113
3121021132
1210211322
2102113221
1021132211
0211322110
2113221101
1132211011
1322110113
3221101132
2211011320
2110113201
1101132010
1011320103
0113201032
1132010320
1320103200
3201032002
2010320022
0103200220
1032002201
0320022011
3200220113
2002201132
0022011322
0220113222
2201132220
2011322202
0113222023
1132220231
1322202313
3222023133
2220231331
2202313311
2023133110
0231331100
2313311000
3133110000
1331100001
3311000011
3110000113
1100001132
1000011321
0000113212
0001132122
0011321222
0113212223
1132122232
1321222320
3212223203
2122232031
1222320311
2223203112
2232031122
2320311222
3203112222
2031122221
0311222211
3112222112
1122221122
1222211222
2222112223
2221122232
2211222321
2112223213
1122232132
1222321321
2223213210
2232132101
2321321010
3213210100
2132101001
1321010012
3210100122
2101001223
1010012232
0100122321
1001223211
0012232113
0122321130
1223211301
2232113013
2321130131
3211301312
2113013121
1130131213
1301312132
3013121320
0131213201
1312132012
3121320121
1213201213
2132012132
1320121321
3201213210
2012132102
0121321022
1213210220
2132102201
1321022011
3210220113
2102201132
1022011322
0220113221
2201132212
2011322122
0113221223
1132212232
1322122321
3221223210
2212232102
2122321022
1223210221
2232102212
2321022121
3210221213
2102212132
1022121322
0221213222
2212132222
2121322221
1213222213
2132222131
1322221311
3222213112
2222131122
2221311222
2213112221
2131122211
1311222111
3112221113
1122211132
1222111321
2221113210
2211132102
2111321022
1113210220
1132102202
1321022020
3210220203
2102202031
1022020310
0220203102
2202031021
2020310210
0203102102
2031021023
0310210232
3102102322
1021023222
0210232220
2102322203
1023222032
0232220322
2322203223
3222032232
2220322321
2203223213
2032232132
0322321322
3223213223
2232132232
2321322321
3213223210
2132232101
1322321011
3223210110
2232101101
2321011010
3210110100
2101101001
1011010011
0110100111
1101001111
1010011111
0100111110
1001111102
0011111021
0111110213
1111102131
1111021313
1110213132
1102131321
1021313213
0213132133
2131321331
1313213311
3132133113
1321331131
3213311311
2133113110
1331131102
3311311020
3113110200
1131102002
1311020022
3110200223
1102002232
1020022321
0200223211
2002232111
0022321113
0223211132
2232111322
2321113221
3211132210
2111322101
1113221010
1132210102
1322101021
3221010210
2210102103
2101021031
1010210313
0102103133
1021031331
0210313311
2103133112
1031331123
0313311230
3133112300
1331123001
3311230011
3112300111
1123001111
1230011111
2300111112
3001111121
0011111211
0111112110
1111121102
1111211021
1112110212
1121102121
1211021211
2110212113
1102121131
1021211313
0212113133
2121131331
1211313311
2113133110
1131331102
1313311020
3133110201
1331102011
3311020111
3110201110
1102011101
1020111010
0201110100
2011101001
0111010010
1110100100
1101001002
1010010021
0100100211
1001002111
0010021111
0100211111
1002111112
0021111122
0211111220
2111112202
1111122021
1111220210
1112202102
1122021023
1220210232
2202102321
2021023212
0210232120
2102321202
1023212020
0232120202
2321202020
3212020202
2120202020
1202020202
2020202022
0202020222
2020202222
0202022221
2020222213
0202222132
2022221322
0222213223
2222132233
2221322333
2213223332
2132233321
1322333213
3223332133
2233321331
2333213311
3332133110
3321331101
3213311011
2133110113
1331101131
3311011313
3110113132
1101131321
1011313212
0113132121
1131321211
1313212111
3132121110
1321211102
3212111022
2121110222
1211102222
2111022221
1110222210
1102222103
1022221033
0222210332
2222103321
2221033213
2210332132
2103321322
1033213222
0332132222
3321322221
3213222211
2132222111
1322221111
3222211112
2222111122
2221111221
2211112211
2111122111
1111221111
1112211110
1122111101
1221111011
2211110111
2111101110
1111011102
1110111023
1101110232
1011102321
0111023212
1110232123
1102321232
1023212322
0232123221
2321232211
3212322113
2123221132
1232211321
2322113212
3221132120
2211321202
2113212021
1132120212
1321202122
3212021223
2120212233
1202122331
2021223311
0212233113
2122331132
1223311321
2233113212
2331132121
3311321212
3113212122
1132121221
1321212211
3212122110
2121221102
1212211022
2122110220
1221102202
2211022023
2110220232
1102202321
1022023212
0220232123
2202321232
2023212322
0232123221
2321232211
3212322113
2123221131
1232211311
2322113113
3221131132
2211311321
2113113210
1131132100
1311321001
3113210011
1132100113
1321001131
3210011311
2100113113
1001131132
0011311322
0113113220
1131132203
1311322032
3113220322
1132203220
1322032202
3220322021
2203220211
2032202110
0322021103
3220211031
2202110311
2021103112
0211031122
2110311222
1103112220
1031122200
0311222001
3112220010
1122200101
1222001012
2220010121
2200101211
2001012110
0010121100
0101211001
1012110012
0121100122
1211001222
2110012220
1100122201
1001222012
0012220121
0122201212
1222012122
2220121223
2201212232
2012122321
0121223211
1212232113
2122321132
1223211321
2232113211
2321132112
3211321123
2113211232
1132112321
1321123211
3211232110
2112321101
1123211011
1232110111
2321101113
3211011132
2110111320
1101113202
1011132023
0111320232
1113202321
1132023211
1320232110
3202321102
2023211021
0232110211
2321102111
3211021111
2110211110
1102111102
1021111020
0211110200
2111102001
1111020012
1110200122
1102001221
1020012210
0200122101
2001221011
0012210112
0122101120
1221011202
2210112020
2101120201
1011202011
0112020113
1120201132
1202011321
2020113213
0201132133
2011321331
0113213312
1132133122
1321331220
3213312203
2133122031
1331220312
3312203122
3122031220
1220312203
2203122031
2031220311
0312203110
3122031102
1220311020
2203110201
2031102011
0311020110
3110201102
1102011023
1020110232
0201102321
2011023212
0110232123
1102321232
1023212322
0232123221
2321232211
3212322113
2123221132
1232211323
2322113232
3221132321
2211323211
2113232111
1132321110
1323211101
3232111013
2321110130
3211101301
2111013010
1110130100
1101301002
1013010022
0130100220
1301002203
3010022032
0100220321
1002203211
0022032111
0220321110
2203211102
2032111021
0321110210
3211102102
2111021023
1110210232
1102102321
1021023212
0210232123
2102321232
1023212321
0232123212
2321232122
3212321221
2123212212
1232122121
2321221213
3212212132
2122121321
1221213211
2212132111
2121321111
1213211110
2132111102
1321111021
3211110212
2111102122
1111021221
1110212212
1102122123
1021221231
0212212310
2122123100
1221231002
2212310022
2123100221
1231002211
2310022112
3100221120
1002211201
0022112012
0221120121
2211201211
2112012113
1120121131
1201211311
2012113113
0121131133
1211311331
2113113312
1131133123
1311331232
3113312321
1133123211
1331232113
3312321132
3123211323
1232113231
2321132313
3211323132
2113231322
1132313220
1323132200
3231322000
2313220003
3132200030
1322000301
3220003011
2200030111
2000301110
0003011102
0030111020
0301110203
3011102032
0111020320
1110203200
1102032003
1020320033
0203200333
2032003332
0320033322
3200333221
2003332212
0033322123
0333221232
3332212323
3322123232
3221232321
2212323211
2123232110
1232321102
2323211021
3232110213
2321102131
3211021313
2110213132
1102131321
1021313211
0213132111
2131321111
1313211110
3132111101
1321111011
3211110110
2111101100
1111011001
1110110013
1101100132
1011001321
0110013210
1100132101
1001321011
0013210111
0132101110
1321011101
3210111013
2101110131
1011101312
0111013123
1110131232
1101312321
1013123210
0131232101
1312321012
3123210120
1232101203
2321012031
3210120311
2101203112
1012031122
0120311222
1203112220
2031122203
0311222032
3112220320
1122203202
1222032022
2220320220
2203202201
2032022012
0320220122
3202201220
2022012203
0220122032
2201220323
2012203231
0122032311
1220323111
2203231112
2032311123
0323111232
3231112322
2311123220
3111232201
1112322011
1123220110
1232201102
2322011020
3220110200
2201102002
2011020021
0110200211
1102002110
1020021100
0200211002
2002110021
0021100211
0211002110
2110021102
1100211022
1002110223
0021102232
0211022320
2110223201
1102232010
1022320103
0223201031
2232010311
2320103110
3201031103
2010311031
0103110310
1031103103
0311031033
3110310332
1103103321
1031033213
0310332132
3103321322
1033213221
0332132212
3321322123
3213221232
2132212322
1322123223
3221232232
2212322322
2123223222
1232232222
2322322222
3223222221
2232222213
2322222131
3222221313
2222213132
2222131321
2221313213
2213132132
2131321322
1313213223
3132132231
1321322310
3213223103
2132231031
1322310312
3223103123
2231031231
2310312311
3103123113
1031231133
0312311331
3123113313
1231133131
2311331311
3113313113
1133131131
1331311310
3313113103
3131131031
1311310310
3113103101
1131031011
1310310112
3103101123
1031011231
0310112310
3101123103
1011231031
0112310313
1123103132
1231031321
2310313212
3103132123
1031321231
0313212310
3132123100
1321231002
3212310021
2123100212
1231002121
2310021211
3100212112
1002121122
0021211221
0212112212
2121122122
1211221221
2112212210
1122122102
1221221021
2212210210
2122102102
1221021022
2210210220
2102102202
1021022021
0210220212
2102202121
1022021210
0220212100
2202121002
2021210021
0212100210
2121002101
1210021010
2100210101
1002101011
0021010110
0210101103
2101011032
1010110321
0101103212
1011032122
0110321220
1103212202
1032122022
0321220221
3212202213
2122022132
1220221321
2202213213
2022132132
0221321321
2213213210
2132132102
1321321022
3213210220
2132102202
1321022020
3210220201
2102202011
1022020112
0220201120
2202011202
2020112021
0201120213
2011202132
0112021322
1120213223
1202132232
2021322322
0213223220
2132232202
1322322021
3223220211
2232202110
2322021101
3220211013
2202110132
2021101320
0211013201
2110132012
1101320121
1013201211
0132012111
1320121110
3201211102
2012111021
0121110212
1211102122
2111021222
1110212222
1102122221
1021222211
0212222111
2122221113
1222211131
2222111311
2221113111
2211131111
2111311110
1113111100
1131111003
1311110031
3111100310
1111003100
1110031002
1100310021
1003100211
0031002111
0310021110
3100211102
1002111020
0021110203
0211102032
2111020320
1110203202
1102032022
1020320220
0203202203
2032022031
0320220311
3202203113
2022031131
0220311310
2203113100
2031131002
0311310022
3113100220
1131002202
1310022020
3100220201
1002202010
0022020102
0220201020
2202010202
2020102021
0201020213
2010202131
0102021310
1020213100
0202131002
2021310020
0213100200
2131002000
1310020002
3100200023
1002000232
0020002320
0200023200
2000232000
0002320002
0023200023
0232000233
2320002333
3200023333
2000233332
0002333322
0023333222
0233332223
2333322233
3333222331
3332223313
3322233132
3222331322
2223313223
2233132232
2331322321
3313223213
3132232133
1322321333
3223213333
2232133332
2321333322
3213333221
2133332210
1333322101
3333221011
3332210112
3322101123
3221011231
2210112313
2101123130
1011231303
0112313030
1123130300
1231303002
2313030022
3130300222
1303002221
3030022210
0300222103
3002221031
0022210313
0222103132
2221031322
2210313220
2103132203
1031322031
0313220311
3132203111
1322031113
3220311132
2203111320
2031113203
0311132032
3111320322
1113203222
1132032222
1320322220
3203222202
2032222020
0322220202
3222202021
2222020212
2220202123
2202021232
2020212320
0202123200
2021232002
0212320020
2123200203
1232002031
2320020311
3200203111
2002031113
0020311132
0203111323
2031113232
0311132322
3111323221
1113232211
1132322110
1323221103
3232211031
2322110310
3221103100
2211031000
2110310002
1103100023
1031000231
0310002313
3100023133
1000231332
0002313321
0023133212
0231332122
2313321222
3133212220
1332122202
3321222020
3212220200
2122202001
1222020010
2220200101
2202001013
2020010133
0200101331
2001013310
0010133101
0101331011
1013310111
0133101110
1331011100
3310111000
3101110002
1011100021
0111000211
1110002110
1100021100
1000211001
0002110010
0021100100
0211001002
2110010022
1100100220
1001002202
0010022020
0100220203
1002202031
0022020311
0220203113
2202031132
2020311322
0203113220
2031132203
0311322032
3113220320
1132203202
1322032022
3220320221
2203202211
2032022113
0320221130
3202211303
2022113032
0221130323
2211303232
2113032320
1130323203
1303232032
3032320322
0323203221
3232032210
2320322102
3203221022
2032210222
0322102222
3221022223
2210222232
2102222322
1022223222
0222232221
2222322210
2223222102
2232221021
2322210211
3222102111
2221021111
2210211113
2102111130
1021111301
0211113012
2111130123
1111301232
1113012323
1130123231
1301232313
3012323131
0123231312
1232313120
2323131201
3231312013
2313120132
3131201321
1312013213
3120132132
1201321322
2013213222
0132132221
1321322210
3213222103
2132221031
1322210313
3222103132
2221031321
2210313211
2103132113
1031321132
0313211320
3132113201
1321132011
3211320113
2113201131
1132011311
1320113110
3201131101
2011311012
0113110122
1131101223
1311012232
3110122321
1101223210
1012232102
0122321021
1223210213
2232102132
2321021322
3210213223
2102132232
1021322320
0213223201
2132232012
1322320121
3223201210
2232012102
2320121021
3201210213
2012102132
0121021320
1210213203
2102132032
1021320321
0213203211
2132032111
1320321113
3203211130
2032111301
0321113012
3211130122
2111301221
1113012213
1130122132
1301221321
3012213211
0122132113
1221321132
2213211321
2132113213
1321132132
3211321322
2113213220
1132132201
1321322013
3213220130
2132201301
1322013012
3220130123
2201301232
2013012321
0130123212
1301232122
3012321222
0123212220
1232122202
2321222020
3212220200
2122202001
1222020010
2220200100
2202001002
2020010022
0200100220
2001002201
0010022011
0100220110
1002201101
0022011010
0220110103
2201101031
2011010312
0110103122
1101031221
1010312213
0103122131
1031221311
0312213111
3122131110
1221311102
2213111022
2131110220
1311102201
3111022011
1110220113
1102201132
1022011321
0220113213
2201132131
2011321310
0113213100
1132131001
1321310013
3213100132
2131001322
1310013223
3100132232
1001322323
0013223232
0132232323
1322323232
3223232321
2232323210
2323232102
3232321020
2323210203
3232102031
2321020312
3210203121
2102031211
1020312110
0203121100
2031211002
0312110022
3121100222
1211002222
2110022220
1100222203
1002222032
0022220320
0222203202
2222032023
2220320233
2203202330
2032023301
0320233011
3202330113
2023301132
0233011322
2330113220
3301132202
3011322022
0113220220
1132202202
1322022022
3220220223
2202202232
2022022320
0220223202
2202232020
2022320201
0223202013
2232020132
2320201322
3202013223
2020132232
0201322321
2013223210
0132232101
1322321011
3223210112
2232101122
2321011222
3210112220
2101122201
1011222013
0112220133
1122201332
1222013322
2220133221
2201332213
2013322132
0133221321
1332213213
3322132131
3221321312
2213213121
2132131210
1321312100
3213121001
2131210012
1312100123
3121001231
1210012311
2100123113
1001231131
0012311312
0123113123
1231131231
2311312310
3113123100
1131231002
1312310020
3123100202
1231002021
2310020211
3100202111
1002021111
0020211110
0202111100
2021111001
0211110011
2111100110
1111001101
1110011012
1100110123
1001101231
0011012310
0110123100
1101231002
1012310020
0123100203
1231002031
2310020310
3100203101
1002031013
0020310132
0203101320
2031013201
0310132013
3101320133
1013201333
0132013332
1320133322
3201333222
2013332221
0133322213
1333222132
3332221322
3322213221
3222132211
2221322111
2213221112
2132211122
1322111221
3221112213
2211122132
2111221321
1112213213
1122132131
1221321312
2213213120
2132131201
1321312010
3213120103
2131201031
1312010312
3120103120
1201031203
2010312032
0103120320
1031203202
0312032020
3120320201
1203202010
2032020102
0320201020
3202010202
2020102023
0201020230
2010202301
0102023011
1020230110
0202301101
2023011012
0230110121
2301101213
3011012132
0110121320
1101213203
1012132032
0121320322
1213203223
2132032232
1320322322
3203223221
2032232210
0322322100
3223221002
2232210022
2322100223
3221002231
2210022311
2100223111
1002231111
0022311110
0223111103
2231111031
2311110310
3111103100
1111031002
1110310023
1103100232
1031002322
0310023220
3100232203
1002322032
0023220322
0232203221
2322032212
3220322121
2203221213
2032212132
0322121322
3221213220
2212132202
2121322023
1213220231
2132202311
1322023110
3220231103
2202311031
2023110311
0231103113
2311031131
3110311311
1103113112
1031131121
0311311211
3113112112
1131121122
1311211221
3112112212
1121122121
1211221213
2112212133
1122121331
1221213310
2212133101
2121331012
1213310121
2133101210
1331012101
3310121011
3101210110
1012101102
0121011020
1210110202
2101102021
1011020212
0110202120
1102021203
1020212032
0202120323
2021203231
0212032313
2120323132
1203231322
2032313220
0323132202
3231322023
2313220233
3132202330
1322023301
3220233012
2202330122
2023301223
0233012232
2330122323
3301223231
3012232310
0122323101
1223231011
2232310112
2323101123
3231011232
2310112323
3101123232
1011232322
0112323222
1123232220
1232322202
2323222021
3232220213
2322202132
3222021320
2220213203
2202132032
2021320320
0213203201
2132032012
1320320123
3203201233
2032012333
0320123332
3201233322
2012333222
0123332222
1233322221
2333222210
3332222100
3322221000
3222210002
2222100021
2221000211
2210002111
2100021113
1000211130
0002111301
0021113012
0211130120
2111301201
1113012012
1130120122
1301201222
3012012220
0120122203
1201222031
2012220311
0122203111
1222031113
2220311132
2203111321
2031113211
0311132111
3111321112
1113211122
1132111222
1321112220
3211122202
2111222020
1112220203
1122202031
1222020311
2220203111
2202031112
2020311122
0203111220
2031112201
0311122011
3111220113
1112201132
1122011321
1220113213
2201132132
2011321322
0113213220
1132132202
1321322020
3213220200
2132202002
1322020022
3220200222
2202002221
2020022212
0200222120
2002221202
0022212021
0222120212
2221202122
2212021221
2120212213
1202122132
2021221321
0212213211
2122132112
1221321121
2213211210
2132112102
1321121021
3211210211
2112102110
1121021101
1210211011
2102110111
1021101110
0211011103
2110111031
1101110313
1011103132
0111031321
1110313210
1103132101
1031321011
0313210110
3132101103
1321011031
3210110312
2101103120
1011031201
0110312012
1103120123
1031201231
0312012313
3120123130
1201231301
2012313010
0123130103
1231301032
2313010320
3130103203
1301032031
3010320310
0103203103
1032031032
0320310322
3203103223
2031032232
0310322320
3103223200
1032232000
0322320003
3223200032
2232000321
2320003213
3200032132
2000321322
0003213220
0032132203
0321322032
3213220320
2132203203
1322032033
3220320332
2203203320
2032033201
0320332013
3203320131
2033201311
0332013112
3320131120
3201311202
2013112023
0131120232
1311202321
3112023211
1120232112
1202321122
2023211221
0232112211
2321122111
3211221110
2112211100
1122111002
1221110023
2211100233
2111002331
1110023311
1100233112
1002331122
0023311222
0233112220
2331122202
3311222021
3112220213
1122202132
1222021322
2220213223
2202132231
2021322310
0213223101
2132231011
1322310112
3223101120
2231011202
2310112023
3101120233
1011202331
0112023313
1120233131
1202331311
2023313111
0233131112
2331311121
3313111210
3131112103
1311121032
3111210322
1112103221
1121032211
1210322111
2103221112
1032211121
0322111212
3221112120
2211121201
2111212011
1112120111
1121201111
1212011111
2120111110
1201111102
2011111021
0111110212
1111102121
1111021213
1110212133
1102121333
1021213332
0212133323
2121333232
1213332322
2133323223
1333232231
3332322310
3323223103
3232231031
2322310311
3223103110
2231031102
2310311020
3103110200
1031102001
0311020012
3110200120
1102001201
1020012011
0200120113
2001201132
0012011322
0120113223
1201132232
2011322322
0113223222
1132232220
1322322201
3223222013
2232220132
2322201321
3222013211
2220132113
2201321132
2013211322
0132113221
1321132213
3211322131
2113221311
1132213110
1322131103
3221311032
2213110322
2131103220
1311032201
3110322010
1103220102
1032201021
0322010210
3220102101
2201021011
2010210113
0102101133
1021011331
0210113313
2101133130
1011331301
0113313011
1133130112
1331301122
3313011222
3130112221
1301122210
3011222101
0112221013
1122210132
1222101321
2221013213
2210132132
2101321322
1013213220
0132132203
1321322032
3213220320
2132203202
1322032022
3220320220
2203202202
2032022022
0320220220
3202202201
2022022010
0220220103
2202201032
2022010322
0220103222
2201032223
2010322232
0103222320
1032223201
0322232011
3222320113
2223201132
2232011322
2320113223
3201132232
2011322322
0113223220
1132232201
1322322012
3223220121
2232201213
2322012132
3220121320
2201213202
2012132022
0121320220
1213202202
2132022023
1320220230
3202202301
2022023011
0220230113
2202301132
2023011322
0230113223
2301132232
3011322321
0113223211
1132232113
1322321131
3223211310
2232113101
2321131011
3211310110
2113101103
1131011032
1310110322
3101103221
1011032213
0110322133
1103221331
1032213313
0322133133
3221331331
2213313310
2133133102
1331331021
3313310210
3133102101
1331021011
3310210112
3102101120
1021011201
0210112010
2101120101
1011201011
0112010113
1120101131
1201011311
2010113110
0101131101
1011311011
0113110110
1131101101
1311011011
3110110113
1101101130
1011011301
0110113011
1101130112
1011301121
0113011210
1130112102
1301121021
3011210211
0112102112
1121021121
1210211210
2102112103
1021121031
0211210313
2112103131
1121031311
1210313113
2103131131
1031311311
0313113110
3131131103
1311311032
3113110321
1131103212
1311032122
3110321220
1103212202
1032122021
0321220210
3212202101
2122021012
1220210122
2202101221
2021012212
0210122122
2101221220
1012212202
0122122023
1221220231
2212202313
2122023131
1220231311
2202313110
2023131102
0231311021
2313110211
3131102110
1311021100
3110211002
1102110022
1021100223
0211002232
2110022322
1100223220
1002232200
0022322002
0223220020
2232200202
2322002022
3220020222
2200202223
2002022232
0020222320
0202223202
2022232022
0222320222
2223202221
2232022213
2320222133
3202221332
2022213322
0222133221
2221332211
2213322113
2133221131
1332211312
3322113123
3221131233
2211312331
2113123313
1131233131
1312331311
3123313113
1233131133
2331311331
3313113311
3131133111
1311331113
3113311132
1133111321
1331113211
3311132111
3111321110
1113211100
1132111002
1321110022
3211100221
2111002211
1110022113
1100221132
1002211322
0022113221
0221132210
2211322102
2113221020
1132210202
1322102022
3221020222
2210202222
2102022221
1020222211
0202222110
2022221102
0222211020
2222110202
2221102022
2211020222
2110202221
1102022211
1020222111
0202221113
2022211132
0222111323
2221113231
2211132311
2111323111
1113231110
1132311102
1323111020
3231110202
2311102022
3111020223
1110202232
1102022321
1020223211
0202232110
2022321102
0223211020
2232110203
2321102032
3211020322
2110203222
1102032222
1020322220
0203222201
2032222010
0322220100
3222201000
2222010002
2220100023
2201000232
2010002322
0100023221
1000232211
0002322111
0023221113
0232211132
2322111321
3221113210
2211132102
2111321020
1113210202
1132102021
1321020211
3210202111
2102021111
1020211111
0202111111
2021111110
0211111102
2111111022
1111110222
1111102221
1111022212
1110222122
1102221222
1022212220
0222122202
2221222021
2212220211
2122202113
1222021132
2220211322
2202113222
2021132220
0211322201
2113222011
1132220113
1322201133
3222011332
2220113321
2201133211
2011332111
0113321111
1133211112
1332111122
3321111223
3211112230
2111122301
1111223010
1112230102
1122301021
1223010212
2230102120
2301021202
3010212022
0102120220
1021202203
0212022031
2120220311
1202203111
2022031110
0220311101
2203111011
2031110112
0311101122
3111011222
1110112221
1101122213
1011222132
0112221320
1122213201
1222132012
2221320122
2213201221
2132012211
1320122110
3201221100
2012211002
0122110022
1221100220
2211002201
2110022012
1100220122
1002201220
0022012202
0220122020
2201220202
2012202022
0122020220
1220202201
2202022011
2020220111
0202201111
2022011112
0220111120
2201111202
2011112023
0111120232
1111202321
1112023213
1120232133
1202321331
2023213310
0232133101
2321331013
3213310132
2133101323
1331013231
3310132311
3101323111
1013231110
0132311102
1323111021
3231110211
2311102111
3111021111
1110211111
1102111111
1021111110
0211111101
2111111010
1111110100
1111101001
1111010010
1110100101
1101001011
1010010110
0100101103
1001011032
0010110321
0101103211
1011032110
0110321102
1103211020
1032110202
0321102023
3211020230
2110202301
1102023012
1020230123
0202301232
2023012320
0230123200
2301232001
3012320011
0123200110
1232001102
2320011022
3200110221
2001102213
0011022132
0110221322
1102213222
1022132222
0221322220
2213222200
2132222003
1322220032
3222200321
2222003211
2220032111
2200321112
2003211121
0032111211
0321112111
3211121111
2111211112
1112111121
1121111212
1211112121
2111121211
1111212111
1112121111
1121211111
1212111111
2121111111
1211111110
2111111103
1111111031
1111110311
1111103111
1111031111
1110311112
1103111121
1031111211
0311112112
3111121122
1111211220
1112112201
1121122010
1211220100
2112201002
1122010021
1220100211
2201002111
2010021110
0100211100
1002111002
0021110022
0211100222
2111002222
1110022221
1100222210
1002222101
0022221011
0222210110
2222101102
2221011022
2210110222
2101102222
1011022220
0110222200
1102222002
1022220020
0222200200
2222002001
2220020012
2200200122
2002001222
0020012221
0200122213
2001222131
0012221310
0122213103
1222131031
2221310310
2213103100
2131031002
1310310022
3103100220
1031002201
0310022011
3100220111
1002201111
0022011110
0220111100
2201111002
2011110020
0111100200
1111002001
1110020013
1100200131
1002001311
0020013113
0200131133
2001311331
0013113311
0131133111
1311331110
3113311102
1133111022
1331110222
3311102221
3111022211
1110222111
1102221113
1022211133
0222111331
2221113312
2211133122
2111331221
1113312211
1133122110
1331221101
3312211012
3122110121
1221101211
2211012112
2110121123
1101211232
1012112322
0121123220
1211232202
2112322020
1123220200
1232202001
2322020011
3220200111
2202001111
2020011112
0200111120
2001111202
0011112023
0111120230
1111202301
1112023011
1120230113
1202301132
2023011322
0230113221
2301132210
3011322101
0113221011
1132210111
1322101111
3221011110
2210111101
2101111012
1011110122
0111101221
1111012210
1110122101
1101221011
1012210111
0122101111
1221011111
2210111110
2101111101
1011111011
0111110111
1111101111
1111011113
1110111132
1101111322
1011113221
0111132211
1111322111
1113221111
1132211113
1322111133
3221111331
2211113310
2111133102
1111331021
1113310211
1133102110
1331021102
3310211022
3102110221
1021102211
0211022113
2110221133
1102211331
1022113312
0221133120
2211331201
2113312010
1133120100
1331201001
3312010011
3120100111
1201001111
2010011113
0100111130
1001111301
0011113013
0111130130
1111301301
1113013013
1130130132
1301301322
3013013220
0130132200
1301322001
3013220011
0132200110
1322001102
3220011022
2200110220
2001102201
0011022011
0110220111
1102201111
1022011112
0220111121
2201111211
2011112110
0111121100
1111211002
1112110022
1121100222
1211002223
2110022232
1100222322
1002223223
0022232232
0222322322
2223223221
2232232211
2322322111
3223221111
2232211112
2322111120
3221111200
2211112002
2111120022
1111200223
1112002232
1120022322
1200223221
2002232211
0022322111
0223221113
2232211132
2322111322
3221113221
2211132210
2111322101
1113221012
1132210120
1322101201
3221012012
2210120121
2101201211
1012012111
0120121110
1201211101
2012111012
0121110122
1211101221
2111012211
1110122112
1101221120
1012211202
0122112020
1221120200
2211202001
2112020011
1120200111
1202001111
2020011112
0200111120
2001111202
0011112023
0111120230
1111202301
1112023011
1120230113
1202301131
2023011312
0230113122
2301131221
3011312211
0113122113
1131221132
1312211322
3122113221
1221132211
2211322112
2113221122
1132211221
1322112211
3221122111
2211221113
2112211132
1122111320
1221113201
2211132012
2111320121
1113201211
1132012110
1320121101
3201211012
2012110122
0121101221
1211012211
2110122112
1101221123
1012211232
0122112323
1221123230
2211232302
2112323022
1123230220
1232302202
2323022020
3230220202
2302202020
3022020201
0220202011
2202020111
2020201111
0202011111
2020111111
0201111111
2011111111
0111111111
1111111110
1111111100
1111111001
1111110013
1111100133
1111001331
1110013310
1100133101
1001331011
0013310110
0133101100
1331011002
3310110022
3101100221
1011002210
0110022102
1100221021
1002210213
0022102131
0221021310
2210213102
2102131022
1021310222
0213102220
2131022202
1310222022
3102220222
1022202220
0222022203
2220222032
2202220320
2022203202
0222032021
2220320211
2203202110
2032021101
0320211010
3202110102
2021101021
0211010213
2110102132
1101021323
1010213232
0102132322
1021323222
0213232222
2132322221
1323222213
3232222132
2322221320
3222213202
2222132022
2221320222
2213202223
2132022231
1320222311
3202223110
2022231101
0222311011
2223110111
2231101111
2311011113
3110111131
1101111313
1011113132
0111131321
1111313211
1113132111
1131321110
1313211102
3132111020
1321110202
3211102022
2111020223
1110202232
1102022322
1020223221
0202232210
2022322101
0223221011
2232210112
2322101121
3221011213
2210112131
2101121310
1011213103
0112131032
1121310322
1213103220
2131032202
1310322022
3103220222
1032202221
0322022213
3220222132
2202221322
2022213222
0222132220
2221322202
2213222020
2132220202
1322202021
3222020211
2220202111
2202021110
2020211102
0202111022
2021110220
0211102201
2111022012
1110220121
1102201213
1022012132
0220121323
2201213232
2012132322
0121323222
1213232220
2132322201
1323222010
3232220102
2322201021
3222010212
2220102121
2201021212
2010212122
0102121221
1021212210
0212122102
2121221021
1212210210
2122102102
1221021020
2210210202
2102102023
1021020232
0210202322
2102023222
1020232222
0202322220
2023222201
0232222010
2322220101
3222201010
2222010100
2220101002
2201010022
2010100222
0101002223
1010022231
0100222310
1002223101
0022231011
0222310111
2223101113
2231011131
2310111312
3101113122
1011131223
0111312232
1113122322
1131223221
1312232210
3122322101
1223221011
2232210112
2322101122
3221011222
2210112222
2101122220
1011222201
0112222011
1122220111
1222201110
2222011101
2220111012
2201110120
2011101202
0111012021
1110120213
1101202132
1012021322
0120213222
1202132223
2021322232
0213222322
2132223223
1322232232
3222322321
2223223211
2232232113
2322321132
3223211322
2232113220
2321132202
3211322021
2113220210
1132202102
1322021021
3220210213
2202102133
2021021332
0210213322
2102133220
1021332202
0213322021
2133220211
1332202110
3322021102
3220211021
2202110210
2021102102
0211021022
2110210222
1102102221
1021022211
0210222113
2102221132
1022211322
0222113220
2221132202
2211322020
2113220200
1132202002
1322020022
3220200220
2202002201
2020022010
0200220102
2002201020
0022010201
0220102011
2201020111
2010201113
0102011132
1020111323
0201113232
2011132322
0111323221
1113232210
1132322103
1323221031
3232210311
2322103111
3221031111
2210311111
2103111111
1031111111
0311111110
3111111103
1111111031
1111110311
1111103110
1111031102
1110311022
1103110222
1031102221
0311022213
3110222132
1102221323
1022213231
0222132311
2221323111
2213231110
2132311102
1323111023
3231110232
2311102321
3111023211
1110232113
1102321132
1023211322
0232113222
2321132220
3211322201
2113222010
1132220101
1322201012
3222010123
2220101232
2201012322
2010123220
0101232201
1012322013
0123220133
1232201332
2322013321
3220133210
2201332101
2013321013
0133210132
1332101320
3321013202
3210132022
2101320222
1013202221
0132022210
1320222102
3202221021
2022210213
0222102132
2221021322
2210213220
2102132201
1021322013
0213220132
2132201320
1322013202
3220132020
2201320202
2013202021
0132020210
1320202102
3202021023
2020210231
0202102311
2021023111
0210231112
2102311122
1023111221
0231112213
2311122132
3111221321
1112213213
1122132131
1221321311
2213213112
2132131122
1321311222
3213112220
2131122203
1311222033
3112220331
1122203313
1222033131
2220331313
2203313132
2033131322
0331313220
3313132200
3131322002
1313220021
3132200210
1322002101
3220021011
2200210112
2002101122
0021011222
0210112220
2101122203
1011222032
0112220323
1122203230
1222032303
2220323030
2203230303
2032303033
0323030333
3230303332
2303033320
3030333202
0303332020
3033320200
0333202003
3332020033
3320200332
3202003323
2020033230
0200332301
2003323010
0033230103
0332301033
3323010332
3230103322
2301033223
3010332233
0103322332
1033223323
0332233233
3322332333
3223323333
2233233333
2332333333
3323333331
3233333313
2333333130
