3102002010
1020020102
0200201021
2002010211
0020102111
0201021112
2010211120
0102111202
1021112023
0211120233
2111202332
1112023321
1120233210
1202332102
2023321023
0233210230
2332102300
3321023001
3210230010
2102300102
1023001020
0230010201
2300102013
3001020133
0010201330
0102013301
1020133013
0201330132
2013301322
0133013222
1330132222
3301322223
3013222233
0132222330
1322223301
3222233010
2222330100
2223301001
2233010013
2330100132
3301001321
3010013212
0100132120
1001321202
0013212021
0132120212
1321202122
3212021220
2120212203
1202122033
2021220332
0212203322
2122033222
1220332220
2203322200
2033222001
0332220013
3322200133
3222001333
2220013332
2200133323
2001333231
0013332311
0133323112
1333231121
3332311212
3323112121
3231121210
2311212100
3112121001
1121210010
1212100100
2121001001
1210010010
2100100102
1001001021
0010010210
0100102101
1001021011
0010210110
0102101101
1021011011
0210110110
2101101101
1011011010
0110110100
1101101000
1011010000
0110100000
1101000000
1010000000
0100000000
1000000000
0000000002
0000000020
0000000202
0000002020
0000020202
0000202020
0002020202
0020202020
0202020200
2020202000
0202020002
2020200020
0202000202
2020002020
0200020201
2000202010
0002020100
0020201000
0202010000
2020100002
0201000023
2010000233
0100002331
1000023313
0000233131
0002331313
0023313133
0233131331
2331313313
3313133132
3131331320
1313313201
3133132011
1331320110
3313201103
3132011033
1320110333
3201103333
2011033330
0110333303
1103333033
1033330333
0333303331
3333033310
3330333101
3303331010
3033310102
0333101021
3331010210
3310102102
3101021023
1010210233
0102102332
1021023321
0210233211
2102332111
1023321111
0233211112
2332111120
3321111202
3211112021
2111120212
1111202121
1112021210
1120212102
1202121023
2021210231
0212102312
2121023121
1210231212
2102312121
1023121213
0231212131
2312121311
3121213113
1212131133
2121311333
1213113330
2131133303
1311333033
3113330333
1133303333
1333033333
3330333332
3303333321
3033333213
0333332131
3333321311
3333213113
3332131133
3321311333
3213113330
2131133303
1311333033
3113330333
1133303333
1333033333
3330333333
3303333333
3033333333
0333333333
3333333332
3333333321
3333333210
3333332103
3333321032
3333210320
3332103200
3321032003
3210320031
2103200313
1032003131
0320031311
3200313113
2003131131
0031311310
0313113100
3131131001
1311310011
3113100111
1131001111
1310011113
3100111133
1001111331
0011113312
0111133123
1111331233
1113312330
1133123300
1331233000
3312330000
3123300003
1233000032
2330000320
3300003201
3000032010
0000320102
0003201020
0032010202
0320102022
3201020222
2010202220
0102022201
1020222010
0202220101
2022201012
0222010120
2220101202
2201012020
2010120200
0101202002
1012020020
0120200201
1202002013
2020020131
0200201313
2002013131
0020131313
0201313131
2013131311
0131313112
1313131120
3131311201
1313112012
3131120123
1311201232
3112012321
1120123211
1201232111
2012321110
0123211102
1232111021
2321110211
3211102111
2111021112
1110211120
1102111202
1021112021
0211120210
2111202103
1112021032
1120210323
1202103231
2021032311
0210323112
2103231120
1032311202
0323112022
3231120220
2311202202
3112022022
1120220220
1202202200
2022022003
0220220031
2202200313
2022003133
0220031331
2200313311
2003133112
0031331120
0313311203
3133112033
1331120331
3311203311
3112033111
1120331111
1203311111
2033111113
0331111132
3311111321
3111113212
1111132122
1111321223
1113212233
1132122331
1321223311
3212233112
2122331122
1223311222
2233112222
2331122221
3311222213
3112222132
1122221322
1222213221
2222132213
2221322131
2213221311
2132213112
1322131120
3221311201
2213112012
2131120121
1311201211
3112012112
1120121120
1201211202
2012112020
0121120200
1211202001
2112020010
1120200101
1202001012
2020010120
0200101200
2001012000
0010120001
0101200011
1012000111
0120001112
1200011122
2000111221
0001112212
0011122120
0111221202
1112212020
1122120200
1221202001
2212020012
2120200122
1202001221
2020012211
0200122110
2001221102
0012211022
0122110220
1221102201
2211022012
2110220120
1102201201
1022012011
0220120111
2201201112
2012011123
0120111232
1201112321
2011123212
0111232121
1112321211
1123212111
1232121110
2321211102
3212111020
2121110202
1211102021
2111020211
1110202113
1102021132
1020211322
0202113220
2021132203
0211322033
2113220331
1132203311
1322033110
3220331100
2203311000
2033110000
0331100000
3311000002
3110000022
1100000220
1000002201
0000022012
0000220120
0002201201
0022012012
0220120120
2201201201
2012012010
0120120100
1201201002
2012010023
0120100233
1201002331
2010023311
0100233111
1002331112
0023311122
0233111221
2331112212
3311122123
3111221232
1112212323
1122123230
1221232303
2212323031
2123230311
1232303112
2323031121
3230311212
2303112120
3031121202
0311212022
3112120221
1121202212
1212022122
2120221223
1202212232
2022122320
0221223201
2212232011
2122320111
1223201110
2232011102
2320111022
3201110223
2011102232
0111022321
1110223213
1102232132
1022321320
0223213200
2232132000
2321320002
3213200022
2132000220
1320002203
3200022030
2000220301
0002203012
0022030120
0220301201
2203012013
2030120132
0301201322
3012013220
0120132201
1201322011
2013220111
0132201113
1322011132
3220111322
2201113223
2011132232
0111322321
1113223211
1132232111
1322321110
3223211103
2232111032
2321110321
3211103211
2111032112
1110321122
1103211223
1032112231
0321122311
3211223112
2112231121
1122311212
1223112123
2231121231
2311212310
3112123100
1121231003
1212310032
2123100322
1231003221
2310032213
3100322131
1003221312
0032213123
0322131231
3221312311
2213123110
2131231100
1312311002
3123110020
1231100200
2311002001
3110020010
1100200100
1002001000
0020010001
0200100011
2001000113
0010001131
0100011310
1000113101
0001131012
0011310123
0113101231
1131012310
1310123100
3101231000
1012310000
0123100002
1231000020
2310000201
3100002011
1000020111
0000201110
0002011103
0020111032
0201110320
2011103200
0111032001
1110320012
1103200121
1032001211
0320012113
3200121133
2001211331
0012113310
0121133103
1211331032
2113310322
1133103223
1331032232
3310322323
3103223232
1032232322
0322323222
3223232221
2232322212
2323222121
3232221210
2322212100
3222121002
2221210021
2212100212
2121002122
1210021221
2100212210
1002122101
0021221012
0212210122
2122101220
1221012202
2210122022
2101220220
1012202200
0122022002
1220220021
2202200213
2022002132
0220021322
2200213221
2002132211
0021322112
0213221120
2132211201
1322112011
3221120110
2211201102
2112011023
1120110230
1201102301
2011023011
0110230111
1102301111
1023011111
0230111110
2301111103
3011111031
0111110313
1111103132
1111031321
1110313210
1103132103
1031321030
0313210300
3132103001
1321030012
3210300121
2103001211
1030012112
0300121120
3001211202
0012112021
0121120213
1211202132
2112021320
1120213202
1202132021
2021320210
0213202100
2132021000
1320210000
3202100001
2021000011
0210000111
2100001113
1000011132
0000111322
0001113222
0011132221
0111322210
1113222100
1132221000
1322210001
3222100013
2221000131
2210001313
2100013132
1000131322
0001313220
0013132202
0131322020
1313220201
3132202013
1322020132
3220201321
2202013213
2020132132
0201321320
2013213200
0132132001
1321320012
3213200120
2132001202
1320012022
3200120222
2001202221
0012022212
0120222120
1202221200
2022212000
0222120000
2221200002
2212000021
2120000212
1200002121
2000021211
0000212111
0002121113
0021211133
0212111333
2121113331
1211133312
2111333123
1113331232
1133312322
1333123220
3331232202
3312322022
3123220220
1232202200
2322022002
3220220021
2202200211
2022002112
0220021120
2200211202
2002112021
0021120212
0211202121
2112021211
1120212113
1202121132
2021211320
0212113202
2121132020
1211320202
2113202023
1132020232
1320202321
3202023210
2020232100
0202321001
2023210010
0232100101
2321001010
3210010100
2100101002
1001010020
0010100200
0101002002
1010020022
0100200220
1002002201
0020022011
0200220110
2002201101
0022011011
0220110111
2201101111
2011011112
0110111120
1101111203
1011112033
0111120330
1111203301
1112033010
1120330100
1203301000
2033010003
0330100030
3301000301
3010003011
0100030110
1000301102
0003011021
0030110211
0301102111
3011021110
0110211102
1102111022
1021110221
0211102212
2111022122
1110221220
1102212202
1022122020
0221220200
2212202000
2122020002
1220200023
2202000231
2020002312
0200023122
2000231223
0002312232
0023122320
0231223200
2312232002
3122320020
1223200200
2232002001
2320020012
3200200122
2002001222
0020012221
0200122210
2001222102
0012221022
0122210222
1222102222
2221022222
2210222220
2102222202
1022222020
0222220202
2222202021
2222020212
2220202120
2202021202
2020212022
0202120220
2021202202
0212022022
2120220222
1202202220
2022022202
0220222021
2202220211
2022202112
0222021120
2220211202
2202112021
2021120210
0211202102
2112021020
1120210201
1202102012
2021020121
0210201210
2102012101
1020121010
0201210103
2012101031
0121010310
1210103101
2101031011
1010310111
0103101111
1031011111
0310111110
3101111100
1011111001
0111110012
1111100121
1111001211
1110012111
1100121113
1001211131
0012111313
0121113133
1211131331
2111313310
1113133100
1131331000
1313310002
3133100021
1331000211
3310002111
3100021113
1000211132
0002111321
0021113210
0211132102
2111321022
1113210221
1132102212
1321022122
3210221220
2102212203
1022122033
0221220331
2212203311
2122033111
1220331111
2203311112
2033111121
0331111210
3311112101
3111121013
1111210131
1112101311
1121013112
1210131121
2101311211
1013112113
0131121131
1311211311
3112113110
1121131102
1211311021
2113110210
1131102103
1311021032
3110210320
1102103202
1021032021
0210320212
2103202120
1032021201
0320212012
3202120123
2021201232
0212012321
2120123210
1201232103
2012321033
0123210331
1232103311
2321033111
3210331111
2103311110
1033111102
0331111022
3311110222
3111102222
1111022220
1110222200
1102222001
1022220010
0222200103
2222001033
2220010331
2200103310
2001033102
0010331022
0103310220
1033102201
0331022010
3310220100
3102201003
1022010031
0220100313
2201003131
2010031310
0100313100
1003131002
0031310022
0313100220
3131002201
1310022011
3100220110
1002201101
0022011011
0220110110
2201101100
2011011001
0110110012
1101100121
1011001211
0110012111
1100121111
1001211111
0012111111
0121111110
1211111101
2111111011
1111110110
1111101101
1111011013
1110110131
1101101311
1011013111
0110131110
1101311100
1013111000
0131110000
1311100001
3111000010
1110000102
1100001020
1000010202
0000102022
0001020223
0010202233
0102022331
1020223310
0202233102
2022331021
0223310211
2233102113
2331021132
3310211323
3102113233
1021132330
0211323300
2113233000
1132330001
1323300011
3233000110
2330001102
3300011020
3000110203
0001102031
0011020313
0110203132
1102031320
1020313200
0203132000
2031320001
0313200012
3132000123
1320001232
3200012320
2000123200
0001232002
0012320022
0123200223
1232002231
2320022312
3200223121
2002231211
0022312111
0223121111
2231211111
2312111113
3121111132
1211111321
2111113210
1111132102
1111321022
1113210220
1132102200
1321022002
3210220022
2102200221
1022002212
0220022122
2200221222
2002212220
0022122202
0221222020
2212220201
2122202010
1222020102
2220201021
2202010211
2020102113
0201021131
2010211310
0102113101
1021131010
0211310103
2113101033
1131010332
1310103320
3101033203
1010332033
0103320333
1033203331
0332033310
3320333102
3203331021
2033310210
0333102100
3331021003
3310210032
3102100323
1021003232
0210032322
2100323220
1003232201
0032322010
0323220103
3232201033
2322010332
3220103322
2201033222
2010332222
0103322220
1033222200
0332222001
3322220013
3222200131
2222001310
2220013102
2200131021
2001310210
0013102102
0131021021
1310210212
3102102120
1021021200
0210212002
2102120023
1021200231
0212002310
2120023103
1200231032
2002310323
0023103231
0231032312
2310323120
3103231200
1032312001
0323120010
3231200103
2312001032
3120010322
1200103220
2001032200
0010322000
0103220001
1032200011
0322000113
3220001133
2200011331
2000113312
0001133120
0011331201
0113312012
1133120123
1331201231
3312012310
3120123100
1201231001
2012310012
0123100120
1231001202
2310012023
3100120233
1001202333
0012023332
0120233320
1202333201
2023332011
0233320110
2333201102
3332011023
3320110230
3201102301
2011023011
0110230113
1102301131
1023011311
0230113111
2301131110
3011311101
0113111011
1131110111
1311101110
3111011100
1110111001
1101110012
1011100122
0111001222
1110012221
1100122210
1001222101
0012221011
0122210111
1222101110
2221011102
2210111022
2101110222
1011102222
0111022221
1110222211
1102222111
1022221111
0222211110
2222111102
2221111023
2211110231
2111102310
1111023101
1110231011
1102310111
1023101110
0231011101
2310111010
3101110101
1011101012
0111010122
1110101222
1101012221
1010122211
0101222110
1012221103
0122211032
1222110322
2221103220
2211032201
2110322010
1103220102
1032201020
0322010202
3220102023
2201020232
2010202321
0102023213
1020232131
0202321310
2023213102
0232131022
2321310221
3213102211
2131022110
1310221101
3102211011
1022110113
0221101130
2211011301
2110113010
1101130101
1011301011
0113010112
1130101122
1301011221
3010112210
0101122102
1011221021
0112210213
1122102130
1221021303
2210213032
2102130322
1021303222
0213032220
2130322203
1303222033
3032220333
0322203332
3222033321
2220333210
2203332102
2033321021
0333210210
3332102101
3321021013
3210210133
2102101331
1021013310
0210133102
2101331023
1013310231
0133102310
1331023101
3310231011
3102310111
1023101110
0231011102
2310111022
3101110221
1011102211
0111022112
1110221121
1102211211
1022112111
0221121110
2211211101
2112111011
1121110111
1211101113
2111011133
1110111332
1101113322
1011133223
0111332233
1113322332
1133223323
1332233231
3322332311
3223323110
2233231100
2332311002
3323110021
3231100210
2311002102
3110021021
1100210210
1002102103
0021021033
0210210331
2102103312
1021033120
0210331203
2103312032
1033120320
0331203201
3312032012
3120320122
1203201222
2032012221
0320122211
3201222113
2012221131
0122211310
1222113101
2221131011
2211310110
2113101102
1131011021
1310110212
3101102120
1011021202
0110212021
1102120210
1021202102
0212021022
2120210222
1202102220
2021022201
0210222010
2102220102
1022201021
0222010210
2220102102
2201021021
2010210210
0102102102
1021021020
0210210202
2102102022
1021020220
0210202201
2102022010
1020220101
0202201010
2022010101
0220101010
2201010103
2010101031
0101010310
1010103100
0101031002
1010310020
0103100201
1031002011
0310020112
3100201120
1002011202
0020112021
0201120210
2011202102
0112021023
1120210233
1202102332
2021023320
0210233202
2102332021
1023320211
0233202111
2332021111
3320211110
3202111102
2021111021
0211110211
2111102110
1111021103
1110211033
1102110330
1021103301
0211033010
2110330100
1103301003
1033010032
0330100320
3301003202
3010032021
0100320210
1003202102
0032021021
0320210210
3202102102
2021021021
0210210210
2102102101
1021021013
0210210131
2102101310
1021013101
0210131011
2101310111
1013101111
0131011110
1310111102
3101111021
1011110210
0111102102
1111021020
1110210203
1102102031
1021020310
0210203100
2102031001
1020310013
0203100130
2031001301
0310013012
3100130122
1001301221
0013012213
0130122131
1301221311
3012213113
0122131133
1221311331
2213113310
2131133100
1311331003
3113310030
1133100303
1331003032
3310030321
3100303210
1003032100
0030321001
0303210010
3032100101
0321001013
3210010130
2100101301
1001013010
0010130102
0101301023
1013010233
0130102331
1301023310
3010233103
0102331031
1023310313
0233103133
2331031330
3310313301
3103133011
1031330111
0313301113
3133011133
1330111331
3301113311
3011133110
0111331103
1113311033
1133110331
1331103311
3311033113
3110331131
1103311312
1033113121
0331131210
3311312101
3113121011
1131210111
1312101110
3121011102
1210111023
2101110230
1011102301
0111023012
1110230120
1102301200
1023012003
0230120030
2301200303
3012003033
0120030331
1200303310
2003033102
0030331020
0303310201
3033102011
0331020110
3310201101
3102011011
1020110110
0201101102
2011011020
0110110202
1101102023
1011020230
0110202302
1102023021
1020230210
0202302100
2023021003
0230210033
2302100331
3021003311
0210033113
2100331130
1003311303
0033113033
0331130330
3311303301
3113033010
1130330102
1303301021
3033010211
0330102110
3301021103
3010211032
0102110321
1021103213
0211032132
2110321322
1103213222
1032132222
0321322222
3213222222
2132222221
1322222210
3222222100
2222221000
2222210001
2222100011
2221000110
2210001101
2100011010
1000110102
0001101022
0011010221
0110102211
1101022113
1010221132
0102211323
1022113230
0221132301
2211323013
2113230131
1132301311
1323013110
3230131101
2301311011
3013110113
0131101133
1311011333
3110113332
1101133321
1011333211
0113332113
1133321130
1333211301
3332113010
3321130103
3211301032
2113010320
1130103202
1301032023
3010320231
0103202311
1032023110
0320231102
3202311021
2023110211
0231102111
2311021110
3110211102
1102111021
1021110212
0211102123
2111021231
1110212311
1102123111
1021231110
0212311103
2123111032
1231110323
2311103230
3111032301
1110323010
1103230101
1032301010
0323010101
3230101011
2301010111
3010101110
0101011103
1010111033
0101110332
1011103321
0111033213
1110332132
1103321320
1033213201
0332132010
3321320101
3213201011
2132010110
1320101101
3201011010
2010110102
0101101022
1011010220
0110102202
1101022023
1010220231
0102202311
1022023111
0220231113
2202311133
2023111331
0231113311
2311133110
3111331103
1113311031
1133110311
1331103111
3311031111
3110311111
1103111110
1031111100
0311111000
3111110001
1111100011
1111000111
1110001110
1100011101
1000111010
0001110102
0011101023
0111010231
1110102311
1101023110
1010231101
0102311010
1023110102
0231101021
2311010210
3110102101
1101021013
1010210132
0102101322
1021013222
0210132220
2101322202
1013222021
0132220210
1322202102
3222021021
2220210211
2202102110
2021021102
0210211023
2102110231
1021102313
0211023130
2110231301
1102313010
1023130101
0231301010
2313010101
3130101010
1301010102
3010101021
0101010213
1010102132
0101021320
1010213201
0102132011
1021320110
0213201102
2132011020
1320110201
3201102011
2011020113
0110201133
1102011330
1020113300
0201133003
2011330032
0113300320
1133003201
1330032011
3300320111
3003201110
0032011101
0320111013
3201110132
2011101322
0111013223
1110132231
1101322313
1013223130
0132231302
1322313020
3223130201
2231302013
2313020133
3130201332
1302013320
3020133202
0201332023
2013320230
0133202301
1332023012
3320230121
3202301210
2023012100
0230121000
2301210002
3012100022
0121000220
1210002202
2100022022
1000220223
0002202233
0022022332
0220223320
2202233203
2022332030
0223320300
2233203002
2332030020
3320300200
3203002001
2030020011
0300200110
3002001101
0020011010
0200110102
2001101020
0011010202
0110102020
1101020202
1010202022
0102020223
1020202232
0202022321
2020223213
0202232131
2022321313
0223213131
2232131313
2321313132
3213131321
2131313210
1313132101
3131321010
1313210100
3132101000
1321010000
3210100002
2101000023
1010000232
0100002320
1000023200
0000232001
0002320013
0023200132
0232001321
2320013213
3200132132
2001321323
0013213231
0132132310
1321323101
3213231010
2132310100
1323101002
3231010021
2310100210
3101002102
1010021021
0100210211
1002102112
0021021120
0210211200
2102112002
1021120023
0211200232
2112002323
1120023231
1200232311
2002323113
0023231130
0232311301
2323113011
3231130110
2311301101
3113011010
1130110100
1301101000
3011010002
0110100023
1101000232
1010002321
0100023213
1000232133
0002321333
0023213332
0232133321
2321333213
3213332132
2133321323
1333213233
3332132333
3321323331
3213233311
2132333110
1323331103
3233311033
2333110331
3331103310
3311033102
3110331023
1103310230
1033102301
0331023013
3310230132
3102301322
1023013223
0230132232
2301322320
3013223201
0132232013
1322320132
3223201320
2232013203
2320132033
3201320333
2013203333
0132033333
1320333330
3203333300
2033333000
0333330000
3333300000
3333000000
3330000000
3300000003
3000000030
0000000303
0000003033
0000030331
0000303310
0003033100
0030331000
0303310001
3033100010
0331000103
3310001033
3100010331
1000103311
0001033110
0010331103
0103311032
1033110320
0331103201
3311032013
3110320132
1103201320
1032013200
0320132000
3201320002
2013200021
0132000213
1320002130
3200021300
2000213000
0002130002
0021300021
0213000210
2130002100
1300021002
3000210023
0002100231
0021002310
0210023103
2100231033
1002310332
0023103320
0231033202
2310332023
3103320232
1033202320
0332023200
3320232001
3202320010
2023200100
0232001000
2320010002
3200100023
2001000231
0010002313
0100023132
1000231320
0002313202
0023132021
0231320210
2313202102
3132021023
1320210231
3202102310
2021023100
0210231002
2102310023
1023100231
0231002310
2310023102
3100231021
1002310213
0023102132
0231021322
2310213223
3102132233
1021322333
0213223332
2132233322
1322333223
3223332231
2233322310
2333223103
3332231033
3322310333
3223103331
2231033311
2310333113
3103331132
1033311323
0333113232
3331132323
3311323233
3113232333
1132323332
1323233322
3232333220
2323332201
3233322013
2333220133
3332201330
3322013303
3220133033
2201330330
2013303303
0133033033
1330330333
3303303333
3033033332
0330333323
3303333230
3033332302
0333323023
3333230230
3332302303
3323023032
3230230320
2302303200
3023032000
0230320003
2303200031
3032000311
0320003113
3200031131
2000311313
0003113132
0031131323
0311313232
3113132320
1131323202
1313232022
3132320220
1323202202
3232022020
2320220200
3202202003
2022020033
0220200333
2202003333
2020033331
0200333313
2003333133
0033331333
0333313330
3333133300
3331333003
3313330033
3133300333
1333003333
3330033333
3300333333
3003333333
0033333332
0333333320
3333333200
3333332003
3333320033
3333200333
3332003330
3320033302
3200333023
2003330230
0033302303
0333023032
3330230323
3302303230
3023032301
0230323013
2303230132
3032301323
0323013232
3230132323
2301323230
3013232303
0132323032
1323230320
3232303202
2323032023
3230320231
2303202310
3032023103
0320231033
3202310332
2023103321
0231033211
2310332110
3103321103
1033211033
0332110333
3321103332
3211033321
2110333210
1103332102
1033321023
0333210232
3332102323
3321023232
3210232322
2102323222
1023232222
0232322220
2323222203
3232222033
2322220333
3222203330
2222033303
2220333030
2203330301
2033303010
0333030103
3330301030
3303010303
3030103033
0301030333
3010303333
0103033330
1030333302
0303333020
3033330202
0333302020
3333020200
3330202003
3302020030
3020200300
0202003000
2020030000
0200300002
2003000021
0030000213
0300002131
3000021313
0000213133
0002131330
0021313303
0213133033
2131330333
1313303333
3133033332
1330333320
3303333200
3033332000
0333320002
3333200023
3332000233
3320002331
3200023310
2000233100
0002331000
0023310003
0233100032
2331000321
3310003211
3100032110
1000321100
0003211000
0032110001
0321100011
3211000110
2110001101
1100011013
1000110133
0001101333
0011013333
0110133332
1101333322
1013333223
0133332230
1333322302
3333223020
3332230200
3322302003
3223020030
2230200301
2302003013
3020030133
0200301330
2003013300
0030133001
0301330010
3013300102
0133001023
1330010233
3300102333
3001023332
0010233321
0102333210
1023332103
0233321033
2333210333
3332103332
3321033321
3210333213
2103332130
1033321303
0333213033
3332130332
3321303321
3213033211
2130332110
1303321103
3033211030
0332110300
3321103000
3211030001
2110300011
1103000113
1030001130
0300011303
3000113033
0001130333
0011303333
0113033333
1130333330
1303333303
3033333030
0333330303
3333303032
3333030320
3330303200
3303032000
3030320003
0303200030
3032000302
0320003023
3200030230
2000302303
0003023031
0030230313
0302303133
3023031333
0230313333
2303133333
3031333333
0313333331
3133333310
1333333101
3333331013
3333310131
3333101313
3331013130
3310131303
3101313033
1013130333
0131303330
1313033301
3130333010
1303330102
3033301023
0333010232
3330102323
3301023231
3010232311
0102323113
1023231133
0232311333
2323113333
3231133333
2311333332
3113333320
1133333200
1333332000
3333320000
3333200001
3332000013
3320000130
3200001303
2000013032
0000130320
0001303200
0013032001
0130320011
1303200113
3032001132
0320011321
3200113210
2001132100
0011321003
0113210033
1132100331
1321003313
3210033133
2100331332
1003313323
0033133231
0331332310
3313323100
3133231000
1332310000
3323100000
3231000002
2310000020
3100000200
1000002000
0000020000
0000200000
0002000000
0020000000
0200000000
2000000000
0000000002
0000000021
0000000210
0000002102
0000021020
0000210203
0002102033
0021020330
0210203303
2102033033
1020330330
0203303301
2033033011
0330330110
3303301102
3033011020
0330110200
3301102003
3011020032
0110200323
1102003230
1020032302
0200323023
2003230230
0032302300
0323023000
3230230000
2302300002
3023000022
0230000220
2300002203
3000022032
0000220322
0002203222
0022032220
0220322202
2203222020
2032220202
0322202022
3222020223
2220202232
2202022320
2020223200
0202232003
2022320032
0223200323
2232003233
2320032333
3200323332
2003233323
0032333230
0323332301
3233323011
2333230110
3332301102
3323011023
3230110233
2301102332
3011023323
0110233230
1102332300
1023323000
0233230002
2332300021
3323000210
3230002102
2300021022
3000210220
0002102200
0021022003
0210220032
2102200322
1022003223
0220032232
2200322323
2003223233
0032232333
0322323333
3223233330
2232333301
2323333012
3233330121
2333301213
3333012130
3330121300
3301213001
3012130013
0121300132
1213001323
2130013233
1300132332
3001323320
0013233202
0132332022
1323320223
3233202230
2332022301
3320223013
3202230130
2022301300
0223013003
2230130030
2301300302
3013003023
0130030233
1300302333
3003023331
0030233311
0302333111
3023331111
0233311110
2333111101
3331111010
3311110101
3111101010
1111010100
1110101002
1101010022
1010100223
0101002232
1010022321
0100223211
1002232110
0022321103
0223211030
2232110301
2321103012
3211030123
2110301233
1103012332
1030123323
0301233231
3012332313
0123323133
1233231330
2332313303
3323133032
3231330320
2313303200
3133032000
1330320003
3303200032
3032000322
0320003223
3200032230
2000322303
0003223030
0032230302
0322303020
3223030203
2230302032
2303020323
3030203233
0302032333
3020323332
0203233323
2032333232
0323332322
3233323223
2333232232
3332322322
3323223220
3232232203
2322322033
3223220332
2232203320
2322033202
3220332023
2203320233
2033202333
0332023331
3320233313
3202333132
2023331322
0233313222
2333132221
3331322210
3313222103
3132221033
1322210331
3222103311
2221033113
2210331130
2103311301
1033113012
0331130121
3311301213
3113012132
1130121320
1301213200
3012132000
0121320000
1213200003
2132000032
1320000322
3200003221
2000032210
0000322103
0003221031
0032210310
0322103100
3221031002
2210310022
2103100223
1031002230
0310022302
3100223023
1002230232
0022302320
0223023200
2230232003
2302320031
3023200313
0232003132
2320031321
3200313210
2003132102
0031321021
0313210213
3132102132
1321021321
3210213211
2102132110
1021321103
0213211031
2132110311
1321103110
3211031102
2110311021
1103110213
1031102133
0311021331
3110213310
1102133103
1021331030
0213310301
2133103010
1331030103
3310301032
3103010320
1030103202
0301032020
3010320200
0103202001
1032020013
0320200133
3202001332
2020013323
0200133232
2001332321
0013323210
0133232103
1332321031
3323210310
3232103102
2321031020
3210310202
2103102021
1031020210
0310202100
3102021000
1020210001
0202100010
2021000102
0210001022
2100010220
1000102200
0001022000
0010220003
0102200032
1022000321
0220003211
2200032113
2000321133
0003211333
0032113330
0321133300
3211333001
2113330011
1133300111
1333001113
3330011131
3300111313
3001113132
0011131320
0111313202
1113132023
1131320230
1313202301
3132023010
1320230102
3202301021
2023010213
0230102130
2301021303
3010213033
0102130332
1021303323
0213033232
2130332323
1303323233
3033232332
0332323321
3323233210
3232332101
2323321012
3233210121
2332101210
3321012102
3210121022
2101210220
1012102200
0121022000
1210220000
2102200001
1022000010
0220000100
2200001001
2000010013
0000100133
0001001331
0010013311
0100133110
1001331102
0013311020
0133110202
1331102021
3311020213
3110202133
1102021333
1020213332
0202133320
2021333200
0213332000
2133320002
1333200021
3332000213
3320002133
3200021330
2000213300
0002133002
0021330023
0213300231
2133002311
1330023113
3300231132
3002311323
0023113231
0231132310
2311323100
3113231000
1132310003
1323100031
3231000311
2310003113
3100031131
1000311310
0003113103
0031131033
0311310332
3113103322
1131033223
1310332230
3103322301
1033223013
0332230132
3322301321
3223013210
2230132102
2301321020
3013210200
0132102003
1321020032
3210200323
2102003233
1020032333
0200323331
2003233310
0032333101
0323331011
3233310110
2333101102
3331011020
3310110203
3101102030
1011020302
0110203021
1102030210
1020302103
0203021033
2030210330
0302103301
3021033012
0210330120
2103301203
1033012031
0330120310
3301203100
3012031003
0120310030
1203100302
2031003023
0310030233
3100302330
1003023303
0030233033
0302330333
3023303331
0233033313
2330333133
3303331330
3033313303
0333133032
3331330321
3313303210
3133032100
1330321002
3303210023
3032100232
0321002320
3210023200
2100232003
1002320031
0023200310
0232003102
2320031021
3200310212
2003102122
0031021220
0310212202
3102122021
1021220213
0212202133
2122021332
1220213323
2202133230
2021332301
0213323011
2133230111
1332301113
3323011132
3230111323
2301113231
3011132313
0111323133
1113231333
1132313332
1323133322
3231333222
2313332223
3133322232
1333222323
3332223231
3322232313
3222323133
2223231333
2232313332
2323133321
3231333213
2313332132
3133321320
1333213203
3332132033
3321320333
3213203333
2132033332
1320333323
3203333230
2033332301
0333323013
3333230131
3332301313
3323013133
3230131332
2301313320
3013133202
0131332022
1313320222
3133202222
1332022220
3320222200
3202222003
2022220030
0222200302
2222003021
2220030210
2200302101
2003021011
0030210110
0302101100
3021011003
0210110033
2101100330
1011003303
0110033031
1100330310
1003303100
0033031001
0330310013
3303100131
3031001311
0310013111
3100131110
1001311100
0013111000
0131110000
1311100001
3111000010
1110000103
1100001032
1000010322
0000103223
0001032233
0010322333
0103223330
1032233300
0322333000
3223330000
2233300000
2333000001
3330000013
3300000132
3000001323
0000013230
0000132300
0001323000
0013230001
0132300012
1323000123
3230001233
2300012330
3000123303
0001233033
0012330333
0123303330
1233033303
2330333031
3303330313
3033303133
0333031332
3330313323
3303133230
3031332300
0313323000
3133230002
1332300023
3323000233
3230002333
2300023331
3000233313
0002333133
0023331330
0233313303
2333133033
3331330330
3313303300
3133033000
1330330002
3303300023
3033000230
0330002300
3300023003
3000230033
0002300333
0023003333
0230033333
2300333333
3003333333
0033333330
0333333301
3333333010
3333330101
3333301011
3333010113
3330101133
3301011332
3010113323
0101133230
1011332301
0113323013
1133230133
1332301330
3323013300
3230133003
2301330033
3013300331
0133003313
1330033133
3300331333
3003313333
0033133331
0331333313
3313333132
3133331323
1333313230
3333132301
3331323010
3313230102
3132301023
1323010233
3230102332
2301023323
3010233232
0102332323
1023323232
0233232322
2332323220
3323232203
3232322032
2323220323
3232203233
2322032330
3220323300
2203233000
2032330003
0323300030
3233000300
2330003000
3300030001
3000300013
0003000131
0030001310
0300013100
3000131001
0001310013
0013100133
0131001333
1310013330
3100133303
1001333033
0013330330
0133303300
1333033002
3330330021
3303300213
3033002130
0330021300
