3121312121
1213121212
2131212121
1312121212
3121212121
1212121210
2121212101
1212121012
2121210121
1212101212
2121012121
1210121212
2101212121
1012121213
0121212131
1212121310
2121213101
1212131013
2121310131
1213101312
2131013121
1310131213
3101312131
1013121312
0131213121
1312131213
3121312131
1213121311
2131213113
1312131131
3121311312
1213113122
2131131221
1311312210
3113122102
1131221022
1312210220
3122102200
1221022002
2210220023
2102200233
1022002332
0220023323
2200233231
2002332312
0023323120
0233231202
2332312020
3323120203
3231202033
2312020332
3120203320
1202033200
2020332000
0203320000
2033200002
0332000022
3320000222
3200002223
2000022232
0000222320
0002223200
0022232000
0222320002
2223200020
2232000202
2320002020
3200020201
2000202010
0002020102
0020201022
0202010220
2020102201
0201022010
2010220102
0102201020
1022010200
0220102000
2201020000
2010200001
0102000010
1020000100
0200001000
2000010000
0000100001
0001000010
0010000100
0100001000
1000010002
0000100021
0001000211
0010002112
0100021120
1000211201
0002112012
0021120121
0211201212
2112012120
1120121201
1201212013
2012120133
0121201330
1212013303
2120133033
1201330333
2013303330
0133033303
1330333032
3303330323
3033303233
0333032333
3330323331
3303233312
3032333122
0323331222
3233312220
2333122200
3331222000
3312220000
3122200002
1222000023
2220000233
2200002330
2000023302
0000233022
0002330222
0023302220
0233022202
2330222023
3302220231
3022202312
0222023123
2220231233
2202312333
2023123331
0231233310
2312333102
3123331022
1233310222
2333102223
3331022233
3310222332
3102223320
1022233202
0222332023
2223320230
2233202300
2332023000
3320230003
3202300031
2023000313
0230003131
2300031312
3000313122
0003131220
0031312202
0313122022
3131220222
1312202220
3122022203
1220222031
2202220310
2022203101
0222031013
2220310132
2203101320
2031013200
0310132002
3101320022
1013200222
0132002222
1320022222
3200222223
2002222233
0022222333
0222223330
2222233300
2222333003
2223330030
2233300301
2333003011
3330030112
3300301121
3003011210
0030112102
0301121020
3011210203
0112102030
1121020300
1210203001
2102030012
1020300120
0203001201
2030012011
0300120113
3001201132
0012011322
0120113220
1201132202
2011322022
0113220221
1132202213
1322022132
3220221320
2202213200
2022132003
0221320030
2213200303
2132003032
1320030322
3200303220
2003032201
0030322013
0303220132
3032201320
0322013200
3220132003
2201320032
2013200322
0132003223
1320032232
3200322322
2003223221
0032232211
0322322112
3223221120
2232211200
2322112000
3221120002
2211200021
2112000211
1120002111
1200021113
2000211130
0002111303
0021113032
0211130322
2111303220
1113032202
1130322022
1303220221
3032202212
0322022122
3220221221
2202212212
2022122120
0221221202
2212212020
2122120200
1221202002
2212020023
2120200233
1202002333
2020023333
0200233331
2002333312
0023333122
0233331223
2333312233
3333122331
3331223312
3312233123
3122331231
1223312311
2233123113
2331231132
3312311321
3123113213
1231132132
2311321321
3113213213
1132132131
1321321311
3213213113
2132131132
1321311321
3213113213
2131132132
1311321323
3113213233
1132132332
1321323322
3213233222
2132332220
1323322200
3233222003
2332220032
3322200320
3222003201
2220032012
2200320120
2003201202
0032012020
0320120202
3201202023
2012020231
0120202313
1202023131
2020231312
0202313122
2023131221
0231312212
2313122120
3131221202
1312212020
3122120202
1221202020
2212020200
2120202002
1202020023
2020200230
0202002303
2020023032
0200230323
2002303231
0023032313
0230323132
2303231322
3032313222
0323132221
3231322210
2313222101
3132221012
1322210122
3222101220
2221012203
2210122030
2101220303
1012203032
0122030320
1220303200
2203032002
2030320021
0303200213
3032002132
0320021322
3200213221
2002132210
0021322103
0213221033
2132210332
1322103321
3221033211
2210332111
2103321113
1033211131
0332111311
3321113110
3211131102
2111311023
1113110231
1131102313
1311023132
3110231322
1102313220
1023132202
0231322020
2313220200
3132202001
1322020011
3220200110
2202001103
2020011033
0200110330
2001103301
0011033012
0110330120
1103301202
1033012020
0330120203
3301202032
3012020321
0120203213
1202032132
2020321321
0203213212
2032132120
0321321201
3213212013
2132120131
1321201311
3212013113
2120131133
1201311333
2013113330
0131133301
1311333010
3113330101
1133301011
1333010112
3330101120
3301011201
3010112013
0101120132
1011201321
0112013211
1120132110
1201321102
2013211022
0132110223
1321102231
3211022312
2110223123
1102231231
1022312311
0223123110
2231231101
2312311012
3123110122
1231101221
2311012210
3110122100
1101221001
1012210011
0122100113
1221001133
2210011332
2100113320
1001133202
0011332020
0113320203
1133202031
1332020310
3320203101
3202031010
2020310101
0203101010
2031010101
0310101011
3101010113
1010101132
0101011321
1010113210
0101132100
1011321002
0113210022
1132100222
1321002220
3210022203
2100222032
1002220321
0022203211
0222032110
2220321102
2203211020
2032110203
0321102031
3211020313
2110203133
1102031333
1020313331
0203133311
2031333113
0313331133
3133311331
1333113311
3331133113
3311331131
3113311312
1133113120
1331131202
3311312022
3113120222
1131202220
1312022200
3120222003
1202220030
2022200302
0222003023
2220030232
2200302322
2003023220
0030232202
0302322022
3023220223
0232202233
2322022331
3220223310
2202233102
2022331022
0223310222
2233102221
2331022213
3310222130
3102221303
1022213032
0222130323
2221303232
2213032321
2130323213
1303232132
3032321320
0323213203
3232132030
2321320302
3213203021
2132030211
1320302111
3203021110
2030211101
0302111012
3021110123
0211101231
2111012313
1110123131
1101231311
1012313112
0123131123
1231311232
2313112323
3131123231
1311232311
3112323110
1123231101
1232311012
2323110122
3231101223
2311012233
3110122331
1101223311
1012233113
0122331131
1223311313
2233113132
2331131322
3311313220
3113132202
1131322020
1313220200
3132202001
1322020011
3220200113
2202001132
2020011321
0200113212
2001132121
0011321210
0113212103
1132121031
1321210310
3212103103
2121031031
1210310310
2103103102
1031031022
0310310222
3103102222
1031022221
0310222210
3102222102
1022221023
0222210231
2222102310
2221023102
2210231021
2102310213
1023102132
0231021323
2310213230
3102132301
1021323010
0213230100
2132301001
1323010013
3230100131
2301001312
3010013120
0100131202
1001312023
0013120233
0131202330
1312023301
3120233012
1202330121
2023301212
0233012121
2330121213
3301212131
3012121312
0121213121
1212131213
2121312132
1213121323
2131213233
1312132331
3121323313
1213233132
2132331322
1323313222
3233132221
2331322210
3313222100
3132221001
1322210010
3222100103
2221001031
2210010312
2100103120
1001031201
0010312012
0103120123
1031201231
0312012310
3120123102
1201231022
2012310221
0123102210
1231022102
2310221021
3102210213
1022102132
0221021323
2210213232
2102132322
1021323221
0213232213
2132322131
1323221310
3232213102
2322131020
3221310200
2213102002
2131020023
1310200231
3102002313
1020023131
0200231310
2002313101
0023131010
0231310102
2313101020
3131010202
1310102020
3101020203
1010202033
0102020333
1020203333
0202033330
2020333301
0203333013
2033330132
0333301322
3333013222
3330132223
3301322232
3013222320
0132223203
1322232032
3222320323
2223203233
2232032333
2320323330
3203233301
2032333010
0323330103
3233301031
2333010313
3330103132
3301031322
3010313222
0103132222
1031322221
0313222210
3132222100
1322221001
3222210011
2222100111
2221001111
2210011112
2100111120
1001111202
0011112021
0111120213
1111202132
1112021323
1120213232
1202132323
2021323233
0213232333
2132323331
1323233311
3232333111
2323331111
3233311110
2333111100
3331111001
3311110011
3111100111
1111001113
1110011131
1100111312
1001113122
0011131223
0111312231
1113122313
1131223130
1312231303
3122313031
1223130310
2231303101
2313031011
3130310113
1303101132
3031011322
0310113220
3101132200
1011322002
0113220022
1132200220
1322002201
3220022010
2200220103
2002201031
0022010310
0220103103
2201031032
2010310322
0103103221
1031032213
0310322132
3103221320
1032213203
0322132031
3221320310
2213203102
2132031022
1320310220
3203102203
2031022031
0310220313
3102203130
1022031300
0220313001
2203130013
2031300132
0313001322
3130013220
1300132200
3001322000
0013220000
0132200001
1322000013
3220000132
2200001321
2000013210
0000132102
0001321021
0013210210
0132102103
1321021031
3210210313
2102103130
1021031301
0210313010
2103130102
1031301023
0313010231
3130102310
1301023102
3010231021
0102310210
1023102102
0231021021
2310210212
3102102121
1021021211
0210212113
2102121133
1021211330
0212113301
2121133013
1211330132
2113301323
1133013231
1330132311
3301323110
3013231102
0132311021
1323110213
3231102133
2311021332
3110213323
1102133231
1021332311
0213323113
2133231131
1332311310
3323113100
3231131003
2311310031
3113100310
1131003103
1310031032
3100310321
1003103210
0031032100
0310321001
3103210013
1032100131
0321001311
3210013110
2100131102
1001311022
0013110222
0131102222
1311022221
3110222213
1102222132
1022221321
0222213213
2222132132
2221321322
2213213222
2132132222
1321322221
3213222211
2132222113
1322221131
3222211310
2222113100
2221131003
2211310032
2113100322
1131003222
1310032223
3100322231
1003222313
0032223132
0322231320
3222313201
2223132013
2231320132
2313201321
3132013211
1320132110
3201321100
2013211000
0132110001
1321100010
3211000101
2110001013
1100010132
1000101320
0001013201
0010132010
0101320100
1013201000
0132010003
1320100032
3201000323
2010003232
0100032321
1000323212
0003232121
0032321213
0323212132
3232121323
2321213230
3212132301
2121323013
1213230133
2132301331
1323013310
3230133102
2301331022
3013310221
0133102213
1331022132
3310221323
3102213230
1022132300
0221323002
2213230021
2132300212
1323002123
3230021233
2300212332
3002123323
0021233230
0212332300
2123323000
1233230002
2332300022
3323000223
3230002231
2300022311
3000223113
0002231132
0022311320
0223113203
2231132032
2311320321
3113203212
1132032120
1320321202
3203212021
2032120212
0321202120
3212021201
2120212013
1202120132
2021201323
0212013233
2120132332
1201323323
2013233231
0132332310
1323323103
3233231032
2332310323
3323103232
3231032321
2310323210
3103232102
1032321023
0323210232
3232102323
2321023232
3210232321
2102323213
1023232132
0232321321
2323213211
3232132112
2321321122
3213211221
2132112213
1321122132
3211221321
2112213210
1122132101
1221321013
2213210132
2132101322
1321013222
3210132221
2101322211
1013222111
0132221110
1322211100
3222111000
2221110002
2211100020
2111000201
1110002013
1100020131
1000201311
0002013112
0020131120
0201311201
2013112013
0131120132
1311201323
3112013231
1120132313
1201323132
2013231320
0132313201
1323132013
3231320133
2313201332
3132013323
1320133231
3201332312
2013323122
0133231221
1332312210
3323122101
3231221013
2312210133
3122101331
1221013310
2210133100
2101331001
1013310012
0133100120
1331001201
3310012010
3100120102
1001201021
0012010212
0120102122
1201021221
2010212210
0102122101
1021221012
0212210123
2122101232
1221012321
2210123210
2101232100
1012321000
0123210002
1232100020
2321000201
3210002010
2100020100
1000201001
0002010013
0020100132
0201001321
2010013211
0100132111
1001321113
0013211131
0132111311
1321113113
3211131131
2111311311
1113113111
1131131112
1311311121
3113111211
1131112110
1311121103
3111211031
1112110313
1121103130
1211031303
2110313032
1103130320
1031303201
0313032011
3130320111
1303201112
3032011122
0320111223
3201112232
2011122320
0111223201
1112232012
1122320123
1223201230
2232012301
2320123011
3201230110
2012301102
0123011023
1230110231
2301102311
3011023110
0110231100
1102311000
1023110001
0231100011
2311000110
3110001100
1100011000
1000110001
0001100011
0011000111
0110001111
1100011110
1000111100
0001111001
0011110010
0111100100
1111001002
1110010020
1100100200
1001002002
0010020023
0100200233
1002002331
0020023310
0200233102
2002331021
0023310213
0233102133
2331021331
3310213312
3102133122
1021331221
0213312212
2133122121
1331221211
3312212110
3122121101
1221211011
2212110113
2121101132
1211011323
2110113232
1101132323
1011323232
0113232320
1132323200
1323232000
3232320000
2323200000
3232000001
2320000013
3200000132
2000001323
0000013231
0000132311
0001323111
0013231110
0132311100
1323111003
3231110030
2311100300
3111003001
1110030013
1100300130
1003001303
0030013033
0300130333
3001303330
0013033302
0130333021
1303330211
3033302110
0333021103
3330211032
3302110322
3021103220
0211032203
2110322032
1103220323
1032203230
0322032302
3220323021
2203230210
2032302103
0323021032
3230210321
2302103210
3021032101
0210321010
2103210100
1032101003
0321010032
3210100322
2101003223
1010032233
0100322333
1003223332
0032233321
0322333211
3223332111
2233321111
2333211110
3332111100
3321111000
3211110002
2111100021
1111000211
1110002110
1100021100
1000211003
0002110031
0021100310
0211003102
2110031022
1100310220
1003102202
0031022022
0310220223
3102202231
1022022310
0220223103
2202231031
2022310310
0223103103
2231031033
2310310332
3103103323
1031033231
0310332311
3103323110
1033231100
0332311001
3323110011
3231100110
2311001102
3110011020
1100110203
1001102032
0011020322
0110203221
1102032211
1020322113
0203221132
2032211322
0322113220
3221132202
2211322020
2113220201
1132202010
1322020101
3220201010
2202010102
2020101020
0201010200
2010102000
0101020003
1010200032
0102000323
1020003232
0200032320
2000323202
0003232020
0032320200
0323202002
3232020023
2320200232
3202002323
2020023232
0200232320
2002323200
0023232002
0232320022
2323200220
3232002202
2320022020
3200220202
2002202023
0022020232
0220202323
2202023231
2020232311
0202323110
2023231100
0232311000
2323110000
3231100002
2311000023
3110000230
1100002303
1000023032
0000230323
0002303233
0023032330
0230323301
2303233012
3032330122
0323301223
3233012231
2330122313
3301223131
3012231312
0122313122
1223131222
2231312220
2313122203
3131222032
1312220322
3122203222
1222032222
2220322220
2203222200
2032222001
0322220011
3222200113
2222001131
2220011311
2200113110
2001131102
0011311022
0113110222
1131102222
1311022220
3110222203
1102222030
1022220300
0222203001
2222030013
2220300132
2203001321
2030013211
0300132112
3001321123
0013211232
0132112320
1321123200
3211232001
2112320013
1123200131
1232001311
2320013113
3200131131
2001311311
0013113110
0131131100
1311311001
3113110010
1131100103
1311001031
3110010312
1100103121
1001031213
0010312133
0103121331
1031213311
0312133113
3121331133
1213311331
2133113311
1331133110
3311331102
3113311022
1133110222
1331102221
3311022213
3110222132
1102221323
1022213230
0222132300
2221323002
2213230020
2132300200
1323002002
3230020020
2300200203
3002002031
0020020313
0200203130
2002031301
0020313012
0203130122
2031301221
0313012210
3130122102
1301221021
3012210211
0122102113
1221021132
2210211322
2102113221
1021132211
0211322113
2113221133
1132211331
1322113311
3221133113
2211331133
2113311333
1133113331
1331133312
3311333121
3113331210
1133312100
1333121003
3331210031
3312100312
3121003123
1210031233
2100312333
1003123331
0031233310
0312333100
3123331002
1233310022
2333100222
3331002222
3310022220
3100222201
1002222011
0022220111
0222201112
2222011121
2220111212
2201112121
2011121210
0111212102
1112121023
1121210230
1212102300
2121023003
1210230033
2102300333
1023003330
0230033303
2300333031
3003330310
0033303100
0333031002
3330310021
3303100211
3031002113
0310021132
3100211321
1002113210
0021132102
0211321023
2113210231
1132102312
1321023120
3210231202
2102312023
1023120232
0231202320
2312023201
3120232011
1202320113
2023201131
0232011312
2320113120
3201131200
2011312002
0113120023
1131200232
1312002323
3120023233
1200232331
2002323311
0023233112
0232331120
2323311200
3233112001
2331120013
3311200133
3112001333
1120013330
1200133302
2001333020
0013330202
0133302022
1333020220
3330202202
3302022020
3020220203
0202202031
2022020310
0220203101
2202031010
2020310102
0203101022
2031010223
0310102233
3101022330
1010223301
0102233012
1022330123
0223301232
2233012323
2330123230
3301232301
3012323010
0123230103
1232301031
2323010312
3230103120
2301031201
3010312012
0103120121
1031201212
0312012123
3120121232
1201212322
2012123221
0121232211
1212322110
2123221102
1232211020
2322110202
3221102020
2211020200
2110202001
1102020011
1020200110
0202001102
2020011020
0200110202
2001102021
0011020212
0110202120
1102021201
1020212011
0202120113
2021201132
0212011320
2120113202
1201132021
2011320212
0113202123
1132021232
1320212323
3202123233
2021232333
0212323332
2123233320
1232333200
2323332000
3233320000
2333200001
3332000011
3320000113
3200001132
2000011320
0000113200
0001132002
0011320022
0113200223
1132002233
1320022330
3200223303
2002233031
0022330310
0223303102
2233031020
2330310202
3303102022
3031020223
0310202231
3102022312
1020223120
0202231200
2022312003
0223120032
2231200321
2312003213
3120032133
1200321333
2003213330
0032133301
0321333010
3213330100
2133301002
1333010022
3330100222
3301002223
3010022232
0100222323
1002223232
0022232323
0222323233
2223232333
2232323333
2323233331
3232333313
2323333131
3233331313
2333313132
3333131322
3331313222
3313132220
3131322202
1313222023
3132220232
1322202321
3222023210
2220232100
2202321003
2023210031
0232100313
2321003131
3210031313
2100313131
1003131311
0031313110
0313131101
3131311010
1313110103
3131101033
1311010332
3110103320
1101033202
1010332023
0103320231
1033202313
0332023131
3320231313
3202313133
2023131332
0231313322
2313133221
3131332211
1313322113
3133221132
1332211321
3322113212
3221132123
2211321233
2113212331
1132123313
1321233133
3212331333
2123313332
1233133321
2331333212
3313332121
3133321211
1333212112
3332121121
3321211212
3212112123
2121121231
1211212310
2112123102
1121231021
1212310212
2123102122
1231021221
2310212212
3102122122
1021221221
0212212211
2122122113
1221221131
2212211312
2122113123
1221131232
2211312321
2113123213
1131232133
1312321332
3123213323
1232133231
2321332311
3213323110
2133231101
1332311010
3323110100
3231101001
2311010010
3110100100
1101001001
1010010013
0100100131
1001001311
0010013110
0100131100
1001311002
0013110021
0131100213
1311002132
3110021323
1100213232
1002132323
0021323233
0213232330
2132323301
1323233010
3232330101
2323301012
3233010123
2330101231
3301012312
3010123123
0101231231
1012312313
0123123131
1231231313
2312313132
3123131321
1231313211
2313132112
3131321123
1313211232
3132112322
1321123222
3211232221
2112322211
1123222112
1232221121
2322211213
3222112131
2221121313
2211213132
2112131321
1121313213
1213132132
2131321323
1313213233
3132132331
1321323311
3213233111
2132331110
1323311100
3233111002
2331110023
3311100231
3111002310
1110023102
1100231022
1002310220
0023102202
0231022021
2310220213
3102202131
1022021310
0220213100
2202131001
2021310011
0213100113
2131001131
1310011310
3100113103
1001131031
0011310310
0113103102
1131031021
1310310210
3103102100
1031021001
0310210010
3102100100
1021001001
0210010010
2100100100
1001001001
0010010011
0100100112
1001001121
0010011212
0100112120
1001121201
0011212011
0112120111
1121201113
1212011130
2120111300
1201113001
2011130010
0111300101
1113001011
1130010113
1300101132
3001011321
0010113212
0101132123
1011321232
0113212322
1132123221
1321232211
3212322112
2123221120
1232211202
2322112022
3221120222
2211202223
2112022231
1120222310
1202223103
2022231032
0222310323
2223103232
2231032323
2310323232
3103232323
1032323232
0323232320
3232323201
2323232013
3232320131
2323201312
3232013121
2320131213
3201312132
2013121323
0131213232
1312132323
3121323232
1213232321
2132323212
1323232120
3232321200
2323212001
3232120012
2321200122
3212001220
2120012200
1200122000
2001220001
0012200013
0122000132
1220001321
2200013213
2000132132
0001321322
0013213222
0132132222
1321322223
3213222231
2132222311
1322223111
3222231112
2222311122
2223111222
2231112221
2311122211
3111222110
1112221100
1122211002
1222110023
2221100231
2211002310
2110023102
1100231023
1002310232
0023102323
0231023232
2310232323
3102323232
1023232323
0232323231
2323232310
3232323103
2323231032
3232310323
2323103230
3231032300
2310323002
3103230023
1032300231
0323002310
3230023103
2300231033
3002310333
0023103331
0231033310
2310333102
3103331021
1033310212
0333102123
3331021232
3310212322
3102123223
1021232230
0212322303
2123223032
1232230322
2322303220
3223032202
2230322023
2303220232
3032202323
0322023232
3220232323
2202323232
2023232322
0232323220
2323232202
3232322021
2323220210
3232202102
2322021023
3220210232
2202102321
2021023210
0210232100
2102321001
1023210010
0232100103
2321001031
3210010311
2100103110
1001031102
0010311021
0103110210
1031102101
0311021012
3110210122
1102101223
1021012232
0210122321
2101223211
1012232110
0122321103
1223211031
2232110310
2321103102
3211031020
2110310202
1103102020
1031020202
0310202023
3102020233
1020202331
0202023310
2020233103
0202331031
2023310312
0233103120
2331031201
3310312012
3103120122
1031201220
0312012203
3120122031
1201220311
2012203113
0122031131
1220311313
2203113133
2031131332
0311313321
3113133212
1131332123
1313321233
3133212331
1332123311
3321233111
3212331113
2123311132
1233111323
2331113231
3311132310
3111323101
1113231013
1132310131
1323101310
3231013102
2310131020
3101310202
1013102023
0131020232
1310202323
3102023231
1020232312
0202323120
2023231201
0232312013
2323120130
3231201300
2312013003
3120130031
1201300310
2013003100
0130031003
1300310032
3003100322
0031003221
0310032213
3100322131
1003221311
0032213112
0322131121
3221311211
2213112113
2131121131
1311211311
3112113113
1121131132
1211311321
2113113210
1131132101
1311321011
3113210112
1132101122
1321011223
3210112231
2101122311
1011223113
0112231132
1122311322
1223113220
2231132202
2311322021
3113220212
1132202120
1322021200
3220212001
2202120010
2021200100
0212001002
2120010023
1200100232
2001002323
0010023232
0100232323
1002323232
0023232322
0232323220
2323232202
3232322023
2323220232
3232202321
2322023210
3220232103
2202321032
2023210321
0232103210
2321032101
3210321013
2103210133
1032101333
0321013331
3210133310
2101333102
1013331022
0133310220
1333102201
3331022012
3310220122
3102201221
1022012212
0220122120
2201221201
2012212010
0122120101
1221201012
2212010123
2120101232
1201012321
2010123212
0101232123
1012321233
0123212332
1232123320
2321233202
3212332021
2123320212
1233202121
2332021213
3320212132
3202121321
2021213211
0212132111
2121321112
1213211120
2132111202
1321112021
3211120212
2111202122
1112021221
1120212212
1202122123
2021221232
0212212320
2122123200
1221232000
2212320002
2123200020
1232000202
2320002022
3200020220
2000202202
0002022021
0020220210
0202202100
2022021001
0220210010
2202100101
2021001010
0210010101
2100101011
1001010110
0010101103
0101011032
1010110323
0101103232
1011032322
0110323220
1103232200
1032322000
0323220003
3232200030
2322000301
3220003012
2200030121
2000301211
0003012110
0030121100
0301211001
3012110012
0121100120
1211001202
2110012020
1100120202
1001202023
0012020232
0120202322
1202023220
2020232201
0202322010
2023220101
0232201013
2322010132
3220101321
2201013212
2010132123
0101321232
1013212321
0132123211
1321232111
3212321113
2123211132
1232111321
2321113212
3211132121
2111321211
1113212110
1132121101
1321211011
3212110110
2121101100
1211011001
2110110013
1101100132
1011001321
0110013210
1100132101
1001321011
0013210112
0132101123
1321011231
3210112313
2101123131
1011231311
0112313113
1123131132
1231311323
2313113230
3131132301
1311323012
3113230120
1132301203
1323012032
3230120322
2301203220
3012032203
0120322032
1203220320
2032203201
0322032011
3220320112
2203201120
2032011202
0320112022
3201120220
2011202203
0112022032
1120220323
1202203231
2022032311
0220323111
2203231112
2032311123
0323111233
3231112331
2311123310
3111233102
1112331021
1123310210
1233102102
2331021020
3310210200
3102102000
1021020000
0210200001
2102000013
1020000132
0200001322
2000013220
0000132201
0001322011
0013220113
0132201132
1322011322
3220113222
2201132220
2011322201
0113222012
1132220120
1322201201
3222012012
2220120120
2201201203
2012012030
0120120302
1201203021
2012030212
0120302122
1203021221
2030212212
0302122120
3021221203
0212212031
2122120312
1221203122
2212031223
2120312232
1203122322
2031223223
0312232232
3122322323
1223223231
2232232312
2322323123
3223231233
2232312331
2323123313
3231233131
2312331313
3123313133
1233131331
2331313312
3313133123
3131331231
1313312310
3133123103
1331231031
3312310311
3123103113
1231031132
2310311321
3103113213
1031132132
0311321322
3113213221
1132132213
1321322131
3213221313
2132213132
1322131321
3221313213
2213132131
2131321310
1313213103
3132131031
1321310313
3213103133
2131031331
1310313313
3103133130
1031331303
0313313031
3133130313
1331303132
3313031323
3130313232
1303132321
3031323211
0313232112
3132321122
1323211221
3232112210
2321122102
3211221020
2112210200
1122102002
1221020020
2210200200
2102002002
1020020021
0200200213
2002002132
0020021320
0200213200
2002132002
0021320020
0213200200
2132002002
1320020020
3200200200
2002002002
0020020022
0200200220
2002002202
0020022020
0200220201
2002202011
0022020110
0220201103
2202011030
2020110300
0201103002
2011030022
0110300220
1103002202
1030022022
0300220221
3002202210
0022022100
0220221001
2202210013
2022100132
0221001321
2210013210
2100132102
1001321022
0013210220
0132102202
1321022021
3210220210
2102202103
1022021032
0220210320
2202103202
2021032021
0210320213
2103202130
1032021302
0320213023
3202130232
2021302322
0213023220
2130232202
1302322021
3023220211
0232202110
2322021101
3220211013
2202110132
2021101320
0211013201
2110132012
1101320121
1013201211
0132012112
1320121120
3201211202
2012112021
0121120212
1211202122
2112021220
1120212202
1202122023
2021220230
0212202301
2122023010
1220230100
2202301001
2023010011
0230100111
2301001110
3010011100
0100111003
1001110031
0011100310
0111003102
1110031022
1100310221
1003102213
0031022131
0310221310
3102213102
1022131020
0221310203
2213102032
2131020321
1310203212
3102032121
1020321210
0203212103
2032121031
0321210311
3212103113
2121031132
1210311320
2103113200
1031132002
0311320022
3113200220
1132002200
1320022000
3200220001
2002200012
0022000122
0220001220
2200012202
2000122021
0001220213
0012202131
0122021310
1220213100
2202131002
2021310020
0213100200
2131002002
1310020023
3100200233
1002002332
0020023321
0200233212
2002332120
0023321202
0233212023
2332120233
3321202331
3212023313
2120233133
1202331332
2023313322
0233133220
2331332203
3313322031
3133220311
1332203112
3322031122
3220311220
2203112202
2031122021
0311220212
3112202123
1122021233
1220212333
2202123332
2021233322
0212333221
2123332210
1233322101
2333221013
3332210132
3322101323
3221013231
2210132313
2101323130
1013231301
0132313010
1323130100
3231301002
2313010022
3130100222
1301002223
3010022230
0100222303
1002223031
0022230313
0222303132
2223031322
2230313220
2303132201
3031322013
0313220131
3132201311
1322013113
3220131132
2201311320
2013113203
0131132032
1311320320
3113203200
1132032002
1320320020
3203200200
2032002000
0320020001
3200200011
2002000110
0020001103
0200011032
2000110320
0001103200
0011032002
0110320020
1103200203
1032002033
0320020331
3200203311
2002033112
0020331122
0203311223
2033112232
0331122322
3311223221
3112232211
1122322110
1223221103
2232211033
2322110330
3221103300
2211033000
2110330002
1103300023
1033000232
0330002323
3300023233
3000232332
0002323321
0023233212
0232332123
2323321232
3233212320
2332123202
3321232020
3212320200
2123202001
1232020010
2320200101
3202001012
2020010123
0200101231
2001012311
0010123111
0101231111
1012311113
0123111130
1231111300
2311113000
3111130002
1111300021
1113000211
1130002110
1300021100
3000211001
0002110010
0021100100
0211001002
2110010022
1100100220
1001002200
0010022000
0100220003
1002200033
0022000331
0220003313
2200033132
2000331322
0003313220
0033132201
0331322012
3313220120
3132201202
1322012022
3220120221
2201202212
2012022123
0120221230
1202212301
2022123012
0221230123
2212301232
2123012320
1230123203
2301232032
3012320322
0123203221
1232032212
2320322122
3203221222
2032212223
0322122232
3221222323
2212223232
2122232322
1222323223
2223232231
2232322310
2323223102
3232231023
2322310231
3223102311
2231023112
2310231123
3102311230
1023112301
0231123012
2311230123
3112301232
1123012323
1230123232
2301232321
3012323211
0123232112
1232321121
2323211213
3232112133
2321121332
3211213323
2112133233
1121332332
1213323322
2133233222
1332332220
3323322200
3233222003
2332220031
3322200313
3222003132
2220031323
2200313231
2003132313
0031323132
0313231320
3132313201
1323132011
3231320113
2313201131
3132011311
1320113110
3201131101
2011311012
0113110122
1131101223
1311012232
3110122321
1101223210
1012232102
0122321021
1223210213
2232102132
2321021322
3210213223
2102132231
1021322310
0213223101
2132231013
1322310131
3223101310
2231013102
2310131021
3101310213
1013102131
0131021310
1310213103
3102131032
1021310321
0213103211
2131032112
1310321123
3103211230
1032112303
0321123032
3211230322
2112303221
1123032213
1230322132
2303221321
3032213213
0322132133
3221321332
2213213321
2132133213
1321332133
3213321332
2133213320
1332133203
3321332033
3213320330
2133203301
1332033012
3320330123
3203301231
2033012311
0330123112
3301231120
3012311202
0123112020
1231120202
2311202020
3112020200
1120202001
1202020010
2020200100
0202001002
2020010022
0200100220
2001002201
0010022011
0100220112
1002201121
0022011210
0220112103
2201121031
2011210312
0112103122
1121031222
1210312223
2103122231
1031222313
0312223131
3122231310
1222313100
2223131003
2231310030
2313100301
3131003011
1310030113
3100301131
1003011311
0030113113
0301131131
3011311310
0113113100
1131131001
1311310013
3113100132
1131001322
1310013223
3100132232
1001322321
0013223212
0132232123
1322321232
3223212321
2232123210
2321232102
3212321020
2123210203
1232102031
2321020312
3210203121
2102031213
1020312130
0203121300
2031213002
0312130022
3121300222
1213002220
2130022200
1300222003
3002220032
0022200320
0222003202
2220032023
2200320233
2003202330
0032023301
0320233011
3202330113
2023301132
0233011322
2330113220
3301132202
3011322022
0113220220
1132202201
1322022012
3220220123
2202201231
2022012311
0220123112
2201231120
2012311201
0123112013
1231120132
2311201322
3112013223
1120132231
1201322311
2013223110
0132231101
1322311010
3223110102
2231101020
2311010202
3110102020
1101020203
1010202031
0102020313
1020203132
0202031322
2020313221
0203132210
2031322102
0313221021
3132210211
1322102111
3221021112
2210211122
2102111220
1021112200
0211122001
2111220012
1112200123
1122001233
1220012331
2200123313
2001233132
0012331322
0123313223
1233132230
2331322300
3313223002
3132230022
1322300220
3223002200
2230022001
2300220011
3002200111
0022001110
0220011100
2200111000
2001110001
0011100011
0111000110
1110001103
1100011032
1000110323
0001103232
0011032320
0110323200
1103232002
1032320020
0323200203
3232002031
2320020310
3200203101
2002031011
0020310112
0203101120
2031011203
0310112033
3101120333
1011203331
0112033312
1120333122
1203331221
2033312211
0333122113
3331221132
3312211322
3122113221
1221132213
2211322131
2113221312
1132213121
1322131211
3221312113
2213121131
2131211311
1312113113
3121131132
1211311322
2113113220
1131132201
1311322010
3113220103
1132201030
1322010302
3220103020
2201030201
2010302012
0103020120
1030201202
0302012020
3020120201
0201202011
2012020112
0120201120
1202011202
2020112023
0201120230
2011202301
0112023011
1120230110
1202301103
2023011032
0230110321
2301103210
3011032102
0110321020
1103210201
1032102012
0321020122
3210201221
2102012212
1020122122
0201221220
2012212200
0122122000
1221220002
2212200022
2122000223
1220002232
2200022321
2000223211
0002232111
0022321110
0223211103
2232111031
2321110310
3211103100
2111031002
1110310023
1103100232
1031002322
0310023220
3100232203
1002322032
0023220322
0232203221
2322032213
3220322133
2203221333
2032213332
0322133322
3221333220
2213332202
2133322023
1333220231
3332202312
3322023120
3220231203
2202312030
2023120301
0231203013
2312030133
3120301331
1203013310
2030133101
0301331010
3013310102
0133101022
1331010220
3310102200
3101022002
1010220023
0102200233
1022002331
0220023310
2200233101
2002331013
0023310131
0233101310
2331013101
3310131011
3101310110
1013101102
0131011020
1310110202
3101102021
1011020212
0110202120
1102021201
1020212012
0202120123
2021201232
0212012323
2120123232
1201232322
2012323220
0123232202
1232322023
2323220233
3232202330
2322023301
3220233012
2202330122
2023301220
0233012202
2330122023
3301220232
3012202320
0122023201
1220232011
2202320112
2023201123
0232011232
2320112323
3201123232
2011232322
0112323222
1123232220
1232322202
2323222023
3232220233
2322202332
3222023320
2220233203
2202332032
2023320320
0233203201
2332032011
3320320113
3203201133
2032011331
0320113312
3201133122
2011331221
0113312210
1133122103
1331221032
3312210320
3122103200
1221032002
2210320021
2103200211
1032002112
0320021123
3200211230
2002112301
0021123012
0211230120
2112301203
1123012031
1230120313
2301203131
3012031310
0120313103
1203131031
2031310311
0313103111
3131031112
1310311122
3103111221
1031112210
0311122101
3111221012
1112210122
1122101222
1221012220
2210122203
2101222030
1012220303
0122203033
1222030331
2220303311
2203033113
2030331132
0303311320
3033113202
0331132021
3311320213
3113202132
1132021321
1320213213
3202132132
2021321322
0213213220
2132132202
1321322021
3213220212
2132202120
1322021202
3220212022
2202120220
2021202202
0212022020
2120220202
1202202021
2022020212
0220202123
2202021231
2020212313
0202123133
2021231331
0212313311
2123133111
1231331111
2313311110
3133111102
1331111021
3311110211
3111102113
1111021131
1110211313
1102113131
1021131310
0211313103
2113131031
1131310313
1313103132
3131031321
1310313210
3103132101
1031321013
0313210132
3132101323
1321013231
3210132312
2101323120
1013231203
0132312032
1323120323
3231203231
2312032313
3120323130
1203231301
2032313010
0323130103
3231301032
2313010320
3130103203
1301032031
3010320310
0103203103
1032031032
0320310322
3203103223
2031032231
0310322310
3103223100
1032231000
0322310003
3223100032
2231000321
2310003213
3100032132
1000321322
0003213220
0032132203
0321322032
3213220320
2132203203
1322032031
3220320312
2203203120
2032031203
0320312031
3203120311
2031203111
0312031112
3120311120
1203111202
2031112023
0311120232
3111202323
1112023231
1120232312
1202323120
2023231201
0232312011
2323120111
3231201110
2312011102
3120111020
1201110203
2011102033
0111020331
1110203310
1102033100
1020331002
0203310022
2033100220
0331002202
3310022021
3100220213
1002202132
0022021322
0220213223
2202132232
2021322320
0213223200
2132232003
1322320030
3223200300
2232003001
2320030013
3200300133
2003001331
0030013310
0300133102
3001331021
0013310210
0133102102
1331021021
3310210210
3102102103
1021021032
0210210322
2102103221
1021032210
0210322101
2103221012
1032210120
0322101202
3221012020
2210120203
2101202031
1012020311
0120203113
1202031131
2020311311
0203113110
2031131101
0311311012
3113110121
1131101213
1311012130
3110121301
1101213012
1012130123
0121301231
1213012312
2130123123
1301231231
3012312310
0123123103
1231231033
2312310331
3123103311
1231033112
2310331120
3103311200
1033112003
0331120032
3311200320
3112003201
1120032012
1200320120
2003201202
0032012021
0320120210
3201202102
2012021020
0120210203
1202102032
2021020320
0210203202
2102032023
1020320231
0203202313
2032023132
0320231323
3202313231
2023132312
0231323120
2313231202
3132312023
1323120231
3231202313
2312023132
3120231322
1202313223
2023132232
0231322322
2313223220
3132232201
1322322010
3223220102
2232201023
2322010231
3220102310
2201023102
2010231023
0102310233
1023102333
0231023333
2310233330
3102333301
1023333011
0233330112
2333301121
3333011210
3330112101
3301121012
3011210123
0112101233
1121012332
1210123321
2101233213
1012332132
0123321322
1233213220
2332132200
3321322002
3213220020
2132200200
1322002002
3220020020
2200200200
2002002002
0020020022
0200200221
2002002212
0020022122
0200221222
2002212220
0022122200
0221222001
2212220012
2122200123
1222001232
2220012320
2200123200
2001232002
0012320022
0123200220
1232002200
2320022001
3200220013
2002200131
0022001311
0220013113
2200131132
2001311322
0013113220
0131132201
1311322012
3113220121
1132201210
1322012102
3220121020
2201210202
2012102022
0121020220
1210202202
2102022023
1020220230
0202202303
2022023033
0220230333
2202303332
2023033322
0230333223
2303332232
3033322321
0333223211
3332232111
3322321111
3223211110
2232111100
2321111001
3211110011
2111100111
1111001112
1110011122
1100111220
1001112203
0011122033
0111220331
1112203313
1122033133
1220331333
2203313332
2033133320
0331333202
3313332020
3133320200
1333202001
3332020011
3320200110
3202001102
2020011022
0200110221
2001102212
0011022120
0110221200
1102212001
1022120012
0221200122
2212001220
2120012201
1200122013
2001220132
0012201320
0122013201
1220132010
2201320100
2013201002
0132010022
1320100221
3201002210
2010022103
0100221031
1002210310
0022103101
0221031013
2210310131
2103101310
1031013101
0310131010
3101310101
1013101010
0131010102
1310101022
3101010220
1010102202
0101022021
1010220210
0102202101
1022021012
0220210122
2202101220
2021012203
0210122031
2101220313
1012203132
0122031322
1220313223
2203132231
2031322311
0313223113
3132231132
1322311322
3223113220
2231132202
2311322020
3113220201
1132202012
1322020122
3220201220
2202012201
2020122012
0201220123
2012201233
0122012332
1220123323
2201233232
2012332321
0123323211
1233232112
2332321120
3323211202
3232112021
2321120212
3211202122
2112021222
1120212221
1202122212
2021222122
0212221220
2122212202
1222122021
2221220210
2212202103
2122021032
1220210321
2202103210
2021032101
0210321013
2103210131
1032101312
0321013123
3210131231
2101312312
1013123122
0131231223
1312312231
3123122310
1231223102
2312231021
3122310210
1223102101
2231021012
2310210123
3102101233
1021012332
0210123322
2101233222
1012332222
0123322221
1233222212
2332222122
3322221220
3222212200
2222122003
2221220031
2212200313
2122003130
1220031303
2200313030
2003130301
0031303011
0313030111
3130301112
1303011120
3030111201
0301112010
3011120101
0111201013
1112010133
1120101331
1201013311
2010133113
0101331132
1013311323
0133113231
1331132312
3311323122
3113231220
1132312202
1323122021
3231220213
2312202130
3122021301
1220213012
2202130122
2021301221
0213012211
2130122110
1301221100
3012211001
0122110012
1221100122
2211001220
2110012200
1100122000
1001220001
0012200013
0122000132
1220001322
2200013222
2000132222
0001322220
0013222202
0132222022
1322220221
3222202213
2222022131
2220221313
2202213131
2022131310
0221313102
2213131023
2131310230
1313102301
3131023011
1310230112
3102301121
1023011213
0230112131
2301121312
3011213121
0112131213
1121312132
1213121322
2131213221
1312132211
3121322111
1213221112
2132211120
1322111200
3221112002
2211120021
2111200211
1112002110
1120021102
1200211023
2002110231
0021102311
0211023111
2110231110
1102311103
1023111033
0231110332
2311103321
3111033213
1110332131
1103321311
1033213112
0332131121
3321311213
3213112132
2131121322
1311213221
3112132212
1121322122
1213221221
2132212211
1322122110
3221221100
2212211003
2122110031
1221100311
2211003112
2110031120
1100311201
1003112013
0031120131
0311201311
3112013112
1120131123
1201311232
2013112323
0131123233
1311232333
3112323331
1123233313
1232333132
2323331322
3233313220
2333132201
3331322012
3313220122
3132201222
1322012222
3220122222
2201222221
2012222210
0122222102
1222221022
2222210222
2222102220
2221022201
2210222012
2102220120
1022201202
0222012021
2220120211
2201202113
2012021131
0120211311
1202113112
2021131123
0211311231
2113112311
1131123110
1311231102
3112311023
1123110231
1231102311
2311023111
3110231112
1102311122
1023111221
0231112211
2311122112
3111221121
1112211213
1122112130
1221121301
2211213010
2112130102
1121301023
1213010230
2130102300
1301023000
3010230002
0102300020
1023000201
0230002011
2300020111
3000201111
0002011110
0020111101
0201111013
2011110133
0111101333
1111013331
1110133311
1101333111
1013331111
0133311112
1333111122
3331111222
3311112223
3111122232
1111222321
1112223210
1122232103
1222321032
2223210322
2232103220
2321032203
3210322032
2103220322
1032203220
0322032202
3220322020
2203220201
2032202013
0322020133
3220201332
2202013322
2020133220
0201332200
2013322002
0133220023
1332200232
3322002322
3220023220
2200232201
2002322012
0023220122
0232201222
2322012221
3220122211
2201222112
2012221120
0122211203
1222112030
2221120300
2211203002
2112030023
1120300233
1203002330
2030023301
0300233011
3002330111
0023301112
0233011123
2330111231
3301112312
3011123121
0111231210
1112312101
1123121013
1231210131
2312101312
3121013121
1210131213
2101312132
1013121321
0131213211
1312132110
3121321101
1213211012
2132110121
1321101210
3211012102
2110121020
1101210200
1012102000
0121020000
1210200001
2102000010
1020000100
0200001000
2000010001
0000100012
0001000121
0010001210
0100012100
1000121001
0001210011
0012100110
0121001102
1210011020
2100110202
1001102023
0011020230
0110202303
1102023032
1020230323
0202303230
2023032300
0230323000
2303230001
3032300011
0323000110
3230001102
2300011022
3000110221
0001102212
0011022122
0110221223
1102212231
1022122311
0221223110
2212231100
2122311003
1223110031
2231100310
2311003102
3110031020
1100310203
1003102031
0031020312
0310203122
3102031222
1020312221
0203122212
2031222120
0312221202
3122212021
1222120210
2221202101
2212021012
2120210121
1202101213
2021012132
0210121321
2101213211
1012132110
0121321101
1213211012
2132110122
1321101220
3211012200
2110122000
1101220003
1012200031
0122000311
1220003110
2200031101
2000311011
0003110112
0031101120
0311011203
3110112030
1101120302
1011203022
0112030221
1120302212
1203022122
2030221223
0302212233
3022122330
0221223301
2212233010
2122330101
1223301010
2233010100
2330101001
3301010012
3010100122
0101001221
1010012211
0100122113
1001221133
0012211330
0122113302
1221133023
2211330232
2113302321
1133023213
1330232132
3302321322
3023213220
0232132201
2321322012
3213220121
2132201210
1322012102
3220121023
2201210232
2012102323
0121023232
1210232322
2102323220
1023232202
0232322020
2323220200
3232202001
2322020011
3220200111
2202001111
2020011112
0200111120
2001111202
0011112023
0111120230
1111202301
1112023011
1120230113
1202301130
2023011302
0230113023
2301130232
3011302321
0113023211
1130232111
1302321110
3023211101
0232111012
2321110123
3211101231
2111012313
1110123131
1101231311
1012313111
0123131112
1231311121
2313111213
3131112133
1311121333
3111213333
1112133332
1121333320
1213333201
2133332010
1333320100
3333201003
3332010031
3320100311
3201003112
2010031123
0100311230
1003112303
0031123033
0311230330
3112303301
1123033013
1230330133
2303301332
3033013322
0330133220
3301332203
3013322031
0133220313
1332203133
3322031332
3220313323
2203133232
2031332322
0313323221
3133232213
1332322130
3323221300
3232213001
2322130012
3221300123
2213001232
2130012321
1300123211
3001232113
0012321131
0123211311
1232113112
2321131122
3211311222
2113112223
1131122232
1311222322
3112223222
1122232222
1222322221
2223222213
2232222133
2322221331
3222213310
2222133102
2221331023
2213310232
2133102322
1331023222
3310232221
3102322212
1023222122
0232221220
2322212202
3222122021
2221220211
2212202110
2122021101
1220211010
2202110103
2021101031
0211010313
2110103131
1101031313
1010313130
0103131302
1031313021
0313130210
3131302103
1313021031
3130210310
1302103101
3021031011
0210310113
2103101131
1031011311
0310113111
3101131110
1011311102
0113111022
1131110221
1311102210
3111022102
1110221022
1102210223
1022102232
0221022320
2210223200
2102232001
1022320012
0223200122
2232001221
2320012213
3200122130
2001221303
0012213032
0122130323
1221303232
2213032320
2130323201
1303232013
3032320131
0323201311
3232013113
2320131130
3201311301
2013113010
0131130102
1311301021
3113010212
1130102122
1301021220
3010212200
0102122000
1021220000
0212200001
2122000011
1220000111
2200001112
2000011122
0000111220
0001112202
0011122023
0111220230
1112202301
1122023011
1220230113
2202301132
2023011322
0230113222
2301132220
3011322203
0113222033
1132220332
1322203322
3222033221
2220332211
2203322112
2033221120
0332211200
3322112000
3221120001
2211200011
2112000113
1120001132
1200011322
2000113220
0001132202
0011322021
0113220212
1132202122
1322021222
3220212221
2202122210
2021222100
0212221000
2122210002
1222100020
2221000203
2210002030
2100020302
1000203023
0002030232
0020302321
0203023210
2030232101
0302321011
3023210111
0232101112
2321011120
3210111202
2101112020
1011120200
0111202002
1112020022
1120200222
1202002222
2020022221
0200222210
2002222102
0022221020
0222210203
2222102031
2221020312
2210203122
2102031222
1020312223
0203122231
2031222312
0312223120
3122231202
1222312023
2223120232
2231202320
2312023203
3120232033
1202320332
2023203320
0232033200
2320332003
3203320032
2033200320
0332003202
3320032023
3200320232
2003202320
0032023202
0320232020
3202320202
2023202023
0232020230
2320202300
3202023002
2020230023
0202300232
2023002320
0230023200
2300232001
3002320010
0023200101
0232001010
2320010103
3200101032
2001010320
0010103200
0101032003
1010320032
0103200321
1032003210
0320032103
3200321032
2003210320
0032103202
0321032023
3210320231
2103202310
1032023100
0320231002
3202310021
2023100210
0231002101
2310021013
3100210130
1002101303
0021013033
0210130332
2101303323
1013033230
0130332303
1303323033
3033230332
0332303323
3323033230
3230332303
2303323032
3033230323
0332303233
3323032333
3230323333
2303233330
3032333302
0323333022
3233330222
2333302221
3333022213
3330222132
3302221323
3022213231
0222132312
2221323122
2213231220
2132312203
1323122031
3231220312
2312203121
3122031213
1220312133
2203121333
2031213330
0312133300
3121333000
1213330000
2133300002
1333000023
3330000233
3300002332
3000023321
0000233210
0002332103
0023321031
0233210313
2332103133
3321031332
3210313320
2103133203
1031332033
0313320333
3133203332
1332033320
3320333200
3203332003
2033320032
0333200320
3332003203
3320032033
3200320333
2003203330
0032033301
0320333012
3203330120
2033301200
0333012001
3330120013
3301200133
3012001331
0120013310
1200133100
2001331002
0013310022
0133100220
1331002200
3310022003
3100220032
1002200322
0022003220
0220032202
2200322023
2003220231
0032202310
0322023102
3220231020
2202310202
2023102023
0231020230
2310202300
3102023000
1020230000
0202300001
2023000011
0230000111
2300001111
3000011111
0000111110
0001111101
0011111010
0111110102
1111101022
1111010223
1110102232
1101022323
1010223231
0102232312
1022323121
0223231210
2232312103
2323121033
3231210333
2312103333
3121033333
1210333330
2103333303
1033333033
0333330333
3333303330
3333033303
3330333032
3303330323
3033303230
0333032303
3330323030
3303230300
3032303003
0323030033
3230300333
2303003333
3030033333
0300333333
3003333330
0033333300
0333333000
3333330000
3333300000
3333000003
3330000031
3300000310
3000003102
0000031020
0000310201
0003102010
0031020103
0310201031
3102010310
1020103101
0201031012
2010310123
0103101231
1031012310
0310123103
3101231030
1012310300
0123103002
1231030020
2310300201
3103002010
1030020103
0300201031
3002010310
0020103103
0201031030
2010310300
0103103002
1031030021
0310300213
3103002130
1030021301
0300213010
3002130102
0021301020
0213010200
2130102001
1301020012
3010200122
0102001223
1020012232
0200122323
2001223233
0012232332
0122323321
1223233210
2232332102
2323321020
3233210201
2332102010
3321020101
3210201012
2102010120
1020101201
0201012012
2010120123
0101201230
1012012302
0120123023
1201230230
2012302301
0123023011
1230230111
2302301113
3023011130
0230111300
2301113001
3011130012
0111300120
1113001202
1130012020
1300120201
3001202011
0012020111
0120201110
1202011102
2020111021
0201110211
2011102110
0111021101
1110211010
1102110102
1021101020
0211010200
2110102000
1101020001
1010200010
0102000103
1020001033
0200010331
2000103313
0001033132
0010331322
0103313220
1033132200
0331322000
3313220001
3132200010
1322000103
3220001030
2200010300
2000103001
0001030012
0010300120
0103001201
1030012012
0300120120
3001201201
0012012012
0120120121
1201201211
2012012110
0120121101
1201211013
2012110131
0121101312
1211013122
2110131220
1101312200
1013122000
0131220000
1312200000
3122000002
1220000020
2200000200
2000002001
0000020012
0000200121
0002001210
0020012103
0200121030
2001210301
0012103013
0121030133
1210301333
2103013331
1030133310
0301333103
3013331033
0133310333
1333103332
3331033321
3310333213
3103332133
1033321332
0333213323
3332133233
3321332333
3213323333
2133233333
1332333330
3323333301
3233333010
2333330103
3333301033
3333010333
3330103330
3301033300
3010333000
0103330003
1033300030
0333000302
3330003020
3300030200
3000302000
0003020002
0030200023
0302000233
3020002330
0200023300
2000233003
0002330032
0023300323
0233003232
2330032323
3300323230
3003232300
0032323000
0323230000
3232300000
2323000000
3230000000
2300000000
3000000000
0000000000
0000000000
0000000000
0000000000
0000000000
0000000001
0000000013
0000000132
0000001320
0000013200
0000132001
0001320012
0013200123
0132001230
1320012300
3200123000
2001230000
0012300003
0123000033
1230000330
2300003303
3000033033
0000330330
0003303303
0033033033
0330330330
3303303303
3033033033
0330330330
3303303303
3033033033
0330330330
3303303303
3033033033
0330330330
3303303303
3033033033
0330330330
3303303303
3033033033
0330330330
3303303303
3033033033
0330330330
3303303303
3033033033
0330330330
3303303303
3033033033
0330330330
3303303303
3033033033
0330330333
3303303333
3033033333
0330333333
3303333333
3033333333
0333333333
3333333333
3333333333
3333333333
3333333333
3333333333
3333333330
3333333302
3333333023
3333330231
3333302310
3333023103
3330231033
3302310333
3023103330
0231033303
2310333033
3103330333
1033303331
0333033312
3330333120
3303331201
3033312010
0333120102
3331201021
3312010211
3120102111
1201021113
2010211130
0102111300
1021113003
0211130032
2111300321
1113003210
1130032103
1300321031
3003210313
0032103132
0321031320
3210313200
2103132000
1031320000
0313200002
3132000022
1320000223
3200002232
2000022320
0000223200
0002232003
0022320032
0223200323
2232003231
2320032310
3200323103
2003231030
0032310302
0323103020
3231030203
2310302032
3103020322
1030203220
0302032203
3020322032
0203220322
2032203220
0322032203
3220322032
2203220322
2032203220
0322032203
3220322032
2203220322
2032203222
0322032223
3220322232
2203222323
2032223232
0322232323
3222323232
2223232323
2232323232
2323232323
3232323232
2323232323
3232323232
2323232323
3232323232
2323232323
3232323232
2323232323
3232323232
2323232320
3232323201
2323232013
3232320130
2323201301
3232013010
2320130102
3201301022
2013010220
0130102200
1301022000
3010220001
0102200013
1022000131
0220001310
2200013100
2000131000
0001310003
0013100033
0131000331
1310003311
3100033110
1000331103
0003311031
0033110312
0331103120
3311031200
3110312000
1103120000
1031200001
0312000010
3120000100
1200001002
2000010022
0000100220
0001002200
0010022003
0100220033
1002200333
0022003331
0220033311
2200333113
2003331133
0033311333
0333113331
3331133310
3311333100
3113331000
1133310000
1333100003
3331000031
3310000311
3100003110
1000031100
0000311003
0003110032
0031100323
0311003230
3110032302
1100323021
1003230210
0032302103
0323021031
3230210311
2302103112
3021031122
0210311223
2103112232
1031122323
0311223232
3112232323
1122323232
1223232322
2232323220
2323232201
3232322010
2323220102
3232201021
2322010211
3220102113
2201021132
2010211322
0102113220
1021132201
0211322012
2113220123
1132201233
1322012333
3220123333
2201233330
2012333301
0123333013
1233330133
2333301333
3333013333
3330133333
3301333333
3013333333
0133333333
1333333333
3333333333
3333333333
3333333332
3333333323
3333333232
3333332322
3333323221
3333232212
3332322122
3323221223
3232212233
2322122333
3221223330
2212233301
2122333011
1223330111
2233301110
2333011103
3330111031
3301110310
3011103101
0111031013
1110310132
1103101320
1031013200
0310132000
3101320002
1013200020
0132000201
1320002012
3200020123
2000201230
0002012300
0020123003
0201230033
2012300332
0123003322
1230033222
2300332220
3003322201
0033222010
0332220102
3322201023
3222010232
2220102320
2201023200
2010232003
0102320033
1023200331
0232003310
2320033101
3200331013
2003310132
0033101320
0331013200
3310132001
3101320013
1013200133
0132001331
1320013312
3200133120
2001331201
0013312010
0133120100
1331201000
3312010003
3120100032
1201000320
2010003203
0100032033
1000320331
0003203312
0032033120
0320331203
3203312032
2033120321
0331203210
3312032101
3120321012
1203210120
2032101200
0321012002
3210120022
2101200222
1012002223
0120022230
1200222302
2002223020
0022230201
0222302011
2223020112
2230201120
2302011200
3020112001
0201120010
2011200101
0112001010
1120010102
1200101020
2001010200
0010102001
0101020012
1010200120
0102001203
1020012031
0200120313
2001203130
0012031300
0120313001
1203130012
2031300122
0313001220
3130012203
1300122032
3001220323
0012203232
0122032320
1220323203
2203232033
2032320330
0323203303
3232033031
2320330313
3203303133
2033031333
0330313331
3303133310
3031333100
0313331001
3133310011
1333100112
3331001123
3310011230
3100112300
1001123000
0011230003
0112300032
1123000322
1230003223
2300032230
3000322301
0003223012
0032230120
0322301202
3223012021
2230120211
2301202110
3012021100
0120211001
1202110010
2021100102
0211001022
2110010222
1100102220
1001022201
0010222012
0102220123
1022201233
0222012333
2220123333
2201233333
2012333330
0123333300
1233333000
2333330000
3333300000
3333000003
3330000030
3300000303
3000003030
0000030303
0000303030
0003030303
0030303030
0303030303
3030303030
0303030303
3030303033
0303030333
3030303333
0303033330
3030333300
0303333003
3033330033
0333300330
3333003303
3330033033
3300330333
3003303333
0033033330
0330333300
3303333002
3033330020
0333300202
3333002022
3330020220
3300202201
3002022010
0020220101
0202201013
2022010130
0220101300
2201013003
2010130032
0101300320
1013003200
0130032002
1300320021
3003200210
0032002101
0320021012
3200210123
2002101232
0021012320
0210123202
2101232020
1012320200
0123202003
1232020032
2320200323
3202003230
2020032301
0200323010
2003230100
0032301000
0323010001
3230100011
2301000110
3010001100
0100011000
1000110003
0001100032
0011000320
0110003201
1100032010
1000320101
0003201013
0032010132
0320101322
3201013220
2010132200
0101322001
1013220013
0132200130
1322001302
3220013020
2200130200
2001302000
0013020003
0130200031
1302000310
3020003101
0200031013
2000310130
0003101301
0031013013
0310130133
3101301333
1013013332
0130133320
1301333203
3013332033
0133320332
1333203323
3332033233
3320332333
3203323332
2033233322
0332333223
3323332231
3233322310
2333223103
3332231033
3322310331
3223103312
2231033123
2310331233
3103312333
1033123331
0331233313
3312333133
3123331333
1233313332
2333133323
3331333233
3313332333
3133323333
1333233331
3332333313
3323333131
3233331313
2333313131
3333131312
3331313121
3313131211
3131312111
1313121111
3131211110
1312111103
3121111033
1211110333
2111103331
1111033310
1110333101
1103331010
1033310103
0333101032
3331010321
3310103211
3101032110
1010321101
0103211013
1032110132
0321101321
3211013213
2110132133
1101321333
1013213333
0132133332
1321333323
3213333233
2133332333
1333323333
3333233333
3332333333
3323333332
3233333323
2333333233
3333332333
3333323333
3333233333
3332333331
3323333312
3233333122
2333331223
3333312231
3333122313
3331223133
3312231331
3122313311
1223133110
2231331100
2313311000
3133110001
1331100010
3311000101
3110001012
1100010122
1000101221
0001012210
0010122102
0101221021
1012210213
0122102131
1221021310
2210213100
2102131000
1021310001
0213100011
2131000111
1310001112
3100011122
1000111223
0001112232
0011122323
0111223233
1112232332
1122323323
1223233233
2232332333
2323323331
3233233311
2332333110
3323331100
3233311002
2333110021
3331100213
3311002130
3110021300
1100213000
1002130001
0021300013
0213000131
2130001312
1300013122
3000131220
0001312201
0013122010
0131220103
1312201031
3122010311
1220103112
2201031122
2010311221
0103112211
1031122111
0311221112
3112211120
1122111202
1221112021
2211120210
2111202102
1112021021
1120210213
1202102133
2021021333
0210213333
2102133333
1021333333
0213333333
2133333330
1333333303
3333333030
3333330301
3333303010
3333030102
3330301023
3303010230
3030102300
0301023001
3010230013
0102300130
1023001303
0230013030
2300130301
3001303012
0013030123
0130301233
1303012333
3030123330
0301233300
3012333001
0123330010
1233300103
2333001032
3330010320
3300103202
3001032020
0010320201
0103202013
1032020131
0320201313
3202013132
2020131320
0201313202
2013132020
0131320202
1313202021
3132020212
1320202120
3202021203
2020212032
0202120322
2021203220
0212032202
2120322022
1203220220
2032202202
0322022022
3220220220
2202202201
2022022010
0220220100
2202201002
2022010020
0220100202
2201002022
2010020222
0100202222
1002022220
0020222201
0202222012
2022220122
0222201222
2222012223
2220122231
2201222312
2012223120
0122231201
1222312013
2223120133
2231201333
2312013332
3120133321
1201333211
2013332113
0133321133
1333211332
3332113321
3321133213
3211332132
2113321322
1133213220
1332132200
3321322001
3213220011
2132200112
1322001121
3220011211
2200112110
2001121101
0011211011
0112110110
1121101103
1211011033
2110110330
1101103303
1011033032
0110330320
1103303200
1033032002
0330320020
3303200201
3032002013
0320020133
3200201332
2002013321
0020133212
0201332120
2013321201
0133212013
1332120130
3321201300
3212013002
2120130020
1201300203
2013002030
0130020303
1300203032
3002030320
0020303203
0203032033
2030320330
0303203302
3032033023
0320330233
3203302333
2033023330
0330233301
3302333012
3023330120
0233301203
2333012033
3330120333
3301203333
3012033331
0120333310
1203333101
2033331010
0333310100
3333101001
3331010011
3310100113
3101001130
1010011303
0100113030
1001130301
0011303012
0113030120
1130301201
1303012010
3030120103
0301201030
3012010301
0120103010
1201030101
2010301013
0103010131
1030101312
0301013120
3010131202
0101312023
1013120232
0131202322
1312023220
3120232200
1202322000
2023220002
0232200023
2322000231
3220002311
2200023113
2000231131
0002311310
0023113103
0231131033
2311310332
3113103323
1131033232
1310332321
3103323213
1033232133
0332321332
3323213323
3232133233
2321332330
3213323303
2133233032
1332330323
3323303232
3233032323
2330323233
3303232333
3032323330
0323233303
3232333030
2323330303
3233303030
2333030303
3330303030
3303030303
3030303030
0303030303
3030303030
0303030303
3030303030
0303030303
3030303030
0303030303
3030303030
0303030303
3030303030
0303030303
3030303030
0303030303
3030303030
0303030303
3030303030
0303030303
3030303030
0303030303
3030303030
0303030303
3030303030
0303030303
3030303030
0303030303
3030303030
0303030303
3030303030
0303030303
3030303030
0303030303
3030303030
0303030303
3030303030
0303030303
3030303030
0303030303
3030303030
0303030303
3030303030
0303030303
3030303030
0303030303
3030303030
0303030303
3030303030
0303030303
3030303030
0303030303
3030303030
0303030303
3030303030
0303030303
3030303030
0303030303
3030303030
0303030303
3030303030
0303030303
3030303030
0303030303
3030303030
0303030303
3030303030
0303030303
3030303030
0303030303
3030303030
0303030303
3030303030
0303030303
3030303030
0303030303
3030303033
0303030333
3030303331
0303033310
3030333102
0303331023
3033310230
0333102303
3331023032
3310230323
3102303232
1023032322
0230323223
2303232230
3032322303
0323223032
3232230320
2322303200
3223032003
2230320031
2303200311
3032003110
0320031100
3200311003
2003110030
0031100300
0311003003
3110030033
1100300332
1003003323
0030033231
0300332313
3003323133
0033231333
0332313333
3323133333
3231333330
2313333303
3133333033
1333330330
3333303300
3333033000
3330330003
3303300033
3033000330
0330003303
3300033033
3000330333
0003303331
0033033311
0330333110
3303331100
3033311000
0333110001
3331100011
3311000112
3110001123
1100011232
1000112322
0001123223
0011232230
0112322301
1123223013
1232230130
2322301300
3223013000
2230130001
2301300013
3013000131
0130001311
1300013111
3000131110
0001311102
0013111021
0131110210
1311102101
3111021010
1110210100
1102101003
1021010031
0210100310
2101003100
1010031003
0100310032
1003100323
0031003233
0310032333
3100323333
1003233330
0032333302
0323333022
3233330220
2333302201
3333022010
3330220100
3302201000
3022010000
0220100002
2201000022
2010000223
0100002233
1000022333
0000223333
0002233333
0022333333
0223333332
2233333323
2333333230
3333332302
3333323020
3333230200
3332302003
3323020033
3230200330
2302003303
3020033033
0200330333
2003303331
0033033312
0330333120
3303331200
3033312000
0333120001
3331200013
3312000131
3120001310
1200013100
2000131000
0001310003
0013100033
0131000333
1310003332
3100033320
1000333201
0003332012
0033320120
0333201200
3332012003
3320120031
3201200313
2012003132
0120031323
1200313232
2003132322
0031323222
0313232223
3132322233
1323222333
3232223333
2322233333
3222333330
2223333300
2233333000
2333330000
3333300000
3333000000
3330000003
3300000030
3000000303
0000003030
0000030303
0000303030
0003030303
0030303032
0303030323
3030303230
0303032303
3030323030
0303230300
3032303000
0323030000
3230300000
2303000003
3030000033
0300000330
3000003303
0000033031
0000330310
0003303103
0033031033
0330310333
3303103331
3031033313
0310333133
3103331333
1033313332
0333133320
3331333200
3313332003
3133320033
1333200333
3332003331
3320033313
3200333132
2003331320
0033313201
0333132011
3331320110
3313201101
3132011012
1320110123
3201101231
2011012310
0110123102
1101231020
1012310200
0123102003
1231020031
2310200310
3102003101
1020031012
0200310123
2003101233
0031012331
0310123311
3101233112
1012331120
0123311200
1233112003
2331120031
3311200311
3112003110
1120031102
1200311020
2003110203
0031102033
0311020333
3110203333
1102033332
1020333322
0203333222
2033332221
0333322213
3333222133
3332221333
3322213331
3222133312
2221333123
2213331231
2133312310
1333123102
3331231023
3312310233
3123102332
1231023321
2310233212
3102332121
1023321213
0233212133
2332121330
3321213303
3212133030
2121330302
1213303022
2133030220
1330302200
3303022000
3030220003
0302200030
3022000303
0220003033
2200030333
2000303333
0003033332
0030333322
0303333222
3033332222
0333322222
3333222222
3332222220
3322222200
3222222000
2222220000
2222200000
2222000001
2220000011
2200000111
2000001111
0000011110
0000111101
0001111010
0011110103
0111101033
1111010332
1110103322
1101033223
1010332232
0103322320
1033223200
0332232003
3322320033
3223200333
2232003330
2320033302
3200333023
2003330233
0033302331
0333023313
3330233130
3302331300
3023313001
0233130013
2331300130
3313001300
3130013002
1300130020
3001300200
0013002002
0130020023
1300200233
3002002331
0020023313
0200233130
2002331300
0023313001
0233130013
2331300132
3313001321
3130013213
1300132133
3001321330
0013213300
0132133003
1321330033
3213300332
2133003322
1330033223
3300332232
3003322322
0033223223
0332232232
3322322323
3223223233
2232232332
2322323323
3223233233
2232332332
2323323323
3233233230
2332332300
3323323000
3233230003
2332300031
3323000310
3230003101
2300031013
3000310133
0003101332
0031013321
0310133213
3101332133
1013321330
0133213300
1332133003
3321330030
3213300303
2133003031
1330030313
3300303132
3003031323
0030313233
0303132331
3031323310
0313233102
3132331023
1323310231
3233102310
2331023103
3310231032
3102310321
1023103211
0231032113
2310321133
3103211333
1032113330
0321133300
3211333003
2113330033
1133300333
1333003331
3330033313
3300333133
3003331330
0033313301
0333133010
3331330103
3313301032
3133010320
1330103201
3301032011
3010320113
0103201132
1032011320
0320113203
3201132033
2011320333
0113203331
1132033310
1320333100
3203331000
2033310000
0333100003
3331000033
3310000330
3100003301
1000033010
0000330102
0003301021
0033010213
0330102130
3301021302
3010213023
0102130233
1021302332
0213023323
2130233233
1302332332
3023323323
0233233230
2332332300
3323323000
3233230003
2332300030
3323000301
3230003010
2300030100
3000301001
0003010010
0030100100
0301001000
3010010000
0100100003
1001000033
0010000330
0100003300
1000033000
0000330000
0003300000
0033000003
0330000030
3300000303
3000003030
0000030303
0000303033
0003030333
0030303333
0303033333
3030333332
0303333323
3033333232
0333332323
3333323231
3333232311
3332323110
3323231103
3232311033
2323110330
3231103300
2311033001
3110330010
1103300100
1033001000
0330010000
3300100002
3001000021
0010000213
0100002133
1000021331
0000213310
0002133101
0021331013
0213310133
2133101331
1331013313
3310133130
3101331302
1013313020
0133130201
1331302011
3313020111
3130201110
1302011100
3020111000
0201110001
2011100013
0111000130
1110001302
1100013020
1000130203
0001302030
0013020300
0130203000
1302030003
3020300030
0203000300
2030003001
0300030013
3000300130
0003001302
0030013023
0300130233
3001302330
0013023303
0130233030
1302330302
3023303020
0233030202
2330302023
3303020230
3030202300
0302023000
3020230000
0202300000
2023000003
0230000030
2300000300
3000003000
0000030003
0000300030
0003000301
0030003010
0300030101
3000301012
0003010122
0030101222
0301012222
3010122221
0101222211
1012222110
0122221102
1222211023
2222110231
2221102310
2211023100
2110231000
1102310000
1023100002
0231000023
2310000233
3100002333
1000023331
0000233311
0002333113
0023331133
0233311333
2333113333
3331133331
3311333313
3113333133
1133331333
1333313333
3333133331
3331333310
3313333103
3133331033
1333310333
3333103333
3331033330
3310333303
3103333033
1033330330
0333303301
3333033010
3330330102
3303301023
3033010233
0330102333
3301023333
3010233330
0102333303
1023333031
0233330311
2333303110
3333031101
3330311013
3303110130
3031101303
0311013033
3110130332
1101303321
1013033211
0130332110
1303321100
3033211003
0332110032
3321100320
3211003200
2110032000
1100320003
1003200032
0032000323
0320003233
3200032333
2000323331
0003233310
0032333102
0323331020
3233310200
2333102000
3331020003
3310200033
3102000331
1020003313
0200033133
2000331331
0003313312
0033133123
0331331230
3313312300
3133123000
1331230000
3312300003
3123000031
1230000311
2300003111
3000031111
0000311110
0003111100
0031111000
0311110003
3111100031
1111000313
1110003133
1100031333
1000313332
0003133321
0031333210
0313332100
3133321000
1333210002
3332100020
3321000201
3210002013
2100020130
1000201302
0002013020
0020130203
0201302033
2013020333
0130203333
1302033332
3020333323
0203333232
2033332323
0333323233
3333232330
3332323300
3323233003
3232330033
2323300333
3233003333
2330033333
3300333333
3003333333
0033333333
0333333333
3333333333
3333333333
3333333333
3333333333
3333333331
3333333311
3333333111
3333331110
3333311101
3333111011
3331110110
3311101100
3111011003
1110110030
1101100300
1011003000
0110030000
1100300002
1003000020
0030000203
0300002031
3000020310
0000203100
0002031000
0020310003
0203100030
2031000300
0310003000
3100030002
1000300023
0003000231
0030002310
0300023101
3000231010
0002310100
0023101000
0231010003
2310100031
3101000311
1010003113
0100031133
1000311331
0003113313
0031133131
0311331312
3113313122
1133131223
1331312233
3313122331
3131223310
1312233101
3122331013
1223310133
2233101333
2331013331
3310133310
3101333102
1013331020
0133310200
1333102000
3331020003
3310200032
3102000323
1020003233
0200032331
2000323313
0003233130
0032331303
0323313033
3233130333
2331303332
3313033320
3130333202
1303332020
3033320202
0333202022
3332020220
3320202203
3202022033
2020220330
0202203300
2022033000
0220330001
2203300013
2033000133
0330001331
3300013312
3000133123
0001331230
0013312302
0133123020
1331230200
3312302000
3123020003
1230200030
2302000303
3020003031
0200030313
2000303130
0003031303
0030313031
0303130312
3031303122
0313031222
3130312220
1303122202
3031222023
0312220233
3122202330
1222023300
2220233000
2202330000
2023300000
0233000000
2330000000
3300000000
3000000000
0000000001
0000000010
0000000103
0000001033
0000010333
0000103332
0001033320
0010333201
0103332013
1033320132
0333201322
3332013221
3320132210
3201322102
2013221021
0132210212
1322102123
3221021230
2210212301
2102123012
1021230123
0212301231
2123012310
1230123101
2301231013
3012310133
0123101330
1231013303
2310133031
3101330310
1013303100
0133031000
1330310001
3303100012
3031000121
0310001212
3100012121
1000121210
0001212101
0012121010
0121210101
1212101011
2121010110
1210101103
2101011030
1010110303
0101103033
1011030333
0110303331
1103033312
1030333123
0303331233
3033312333
0333123330
3331233302
3312333020
3123330203
1233302030
2333020303
3330203031
3302030312
3020303120
0203031200
2030312000
0303120003
3031200031
0312000311
3120003112
1200031120
2000311203
0003112030
0031120300
0311203003
3112030030
1120300303
1203003033
2030030330
0300303300
3003033003
0030330030
0303300302
3033003021
0330030211
3300302111
3003021113
0030211133
0302111330
3021113301
0211133011
2111330111
1113301113
1133011133
1330111333
3301113333
3011133330
0111333300
1113333000
1133330003
1333300032
3333000323
3330003233
3300032331
3000323313
0003233131
0032331313
0323313131
3233131312
2331313121
3313131213
3131312133
1313121333
3131213330
1312133303
3121333030
1213330303
2133303033
1333030333
3330303331
3303033313
3030333132
0303331321
3033313213
0333132133
3331321333
3313213331
3132133312
1321333123
3213331232
2133312320
1333123201
3331232011
3312320113
3123201130
1232011300
2320113000
3201130003
2011300033
0113000331
1130003311
1300033110
3000331100
0003311000
0033110001
0331100010
3311000101
3110001011
1100010111
1000101112
0001011123
0010111232
0101112321
1011123210
0111232103
1112321031
1123210311
1232103112
2321031123
3210311231
2103112310
1031123103
0311231033
3112310333
1123103331
1231033312
2310333121
3103331210
1033312103
0333121031
3331210311
3312103111
3121031112
1210311120
2103111203
1031112031
0311120311
3111203113
1112031131
1120311311
1203113113
2031131131
0311311312
3113113123
1131131231
1311312313
3113123133
1131231330
1312313301
3123133010
1231330103
2313301031
3133010310
1330103101
3301031013
3010310133
0103101330
1031013300
0310133003
3101330033
1013300333
0133003332
1330033323
3300333233
3003332333
0033323331
0333233312
3332333121
3323331210
3233312100
2333121003
3331210032
3312100323
3121003230
1210032302
2100323020
1003230203
0032302030
0323020300
3230203000
2302030000
3020300000
0203000000
2030000000
0300000000
3000000000
0000000000
0000000002
0000000023
0000000233
0000002333
0000023331
0000233312
0002333120
0023331200
0233312001
2333120010
3331200100
3312001000
3120010000
1200100003
2001000030
0010000300
0100003002
1000030023
0000300233
0003002333
0030023332
0300233320
3002333203
0023332032
0233320320
2333203202
3332032023
3320320233
3203202333
2032023330
0320233303
3202333033
2023330333
0233303330
2333033300
3330333003
3303330030
3033300302
0333003021
3330030213
3300302130
3003021301
0030213010
0302130100
3021301000
0213010000
2130100000
1301000000
3010000000
0100000001
1000000010
0000000100
0000001000
0000010001
0000100010
0001000100
0010001000
0100010001
1000100010
0001000103
0010001032
0100010322
1000103220
0001032202
0010322020
0103220202
1032202022
0322020222
3220202220
2202022200
2020222002
0202220020
2022200200
0222002000
2220020000
2200200002
2002000020
0020000200
0200002000
2000020000
0000200000
0002000000
0020000000
0200000002
2000000020
0000000200
0000002000
0000020000
0000200000
0002000002
0020000020
0200000203
2000002033
0000020331
0000203311
0002033110
0020331100
0203311000
2033110003
0331100031
3311000310
3110003102
1100031020
1000310200
0003102000
0031020000
0310200000
3102000003
1020000032
0200000321
2000003211
0000032111
0000321110
0003211103
0032111032
0321110320
3211103203
2111032032
1110320323
1103203233
1032032330
0320323302
3203233020
2032330200
0323302003
3233020030
2330200301
3302003010
3020030101
0200301013
2003010133
0030101333
0301013333
3010133333
0101333333
1013333333
0133333333
1333333333
3333333333
3333333333
3333333333
3333333333
3333333333
3333333333
3333333333
3333333333
3333333333
3333333333
3333333331
3333333313
3333333132
3333331320
3333313200
3333132000
3331320003
3313200030
3132000303
1320003031
3200030310
2000303103
0003031033
0030310331
0303103310
3031033100
0310331001
3103310010
1033100103
0331001032
3310010320
3100103201
1001032010
0010320101
0103201013
1032010130
0320101300
3201013003
2010130030
0101300303
1013003033
0130030330
1300303303
3003033030
0030330302
0303303023
3033030231
0330302310
3303023103
3030231030
0302310303
3023103031
0231030310
2310303101
3103031011
1030310113
0303101130
3031011303
0310113030
3101130300
1011303000
0113030002
1130300020
1303000201
3030002011
0300020113
3000201130
0002011300
0020113001
0201130010
2011300100
0113001000
1130010002
1300100022
3001000220
0010002201
0100022010
1000220101
0002201013
0022010132
0220101323
2201013233
2010132333
0101323332
1013233323
0132333233
1323332333
3233323330
2333233300
3332333000
3323330003
3233300033
2333000333
3330003333
3300033333
3000333330
0003333301
0033333010
0333330100
3333301000
3333010003
3330100033
3301000330
3010003303
0100033033
1000330333
0003303333
0033033330
0330333303
3303333033
3033330333
0333303333
3333033332
3330333323
3303333233
3033332333
0333323333
3333233332
3332333322
3323333222
3233332223
2333322232
3333222322
3332223220
3322232201
3222322010
2223220102
2232201021
2322010210
3220102100
2201021000
2010210000
0102100000
1021000000
0210000000
2100000000
1000000000
0000000001
0000000010
0000000100
0000001001
0000010010
0000100100
0001001000
0010010000
0100100000
1001000000
0010000001
0100000012
1000000123
0000001233
0000012333
0000123331
0001233310
0012333100
0123331001
1233310012
2333100123
3331001232
3310012323
3100123232
1001232320
0012323201
0123232013
1232320131
2323201313
3232013130
2320131303
3201313032
2013130322
0131303223
1313032232
3130322322
1303223221
3032232210
0322322102
3223221021
2232210212
2322102123
3221021232
2210212320
2102123200
1021232002
0212320020
2123200202
1232002021
2320020213
3200202132
2002021323
0020213230
0202132302
2021323021
0213230213
2132302132
1323021323
3230213230
2302132302
3021323021
0213230213
2132302133
1323021333
3230213331
2302133313
3021333132
0213331322
2133313220
1333132200
3331322000
3313220000
3132200000
1322000002
3220000020
2200000202
2000002021
0000020211
0000202110
0002021102
0020211023
0202110230
2021102302
0211023023
2110230232
1102302321
1023023210
0230232103
2302321032
3023210323
0232103233
2321032330
3210323300
2103233002
1032330023
0323300233
3233002331
2330023311
3300233110
3002331102
0023311020
0233110201
2331102010
3311020100
3110201000
1102010000
1020100001
0201000010
2010000100
0100001000
1000010002
0000100020
0001000200
0010002001
0100020012
1000200122
0002001221
0020012213
0200122133
2001221332
0012213323
0122133233
1221332333
2213323333
2133233331
1332333311
3323333110
3233331102
2333311020
3333110201
3331102013
3311020132
3110201322
1102013220
1020132203
0201322033
2013220332
0132203322
1322033223
3220332232
2203322322
2033223222
0332232222
3322322223
3223222232
2232222322
2322223222
3222232222
2222322223
2223222230
2232222302
2322223022
3222230223
2222302233
2223022332
2230223322
2302233222
3022332222
0223322223
2233222232
2332222320
3322223202
3222232022
2222320223
2223202233
2232022333
2320223332
3202233322
2022333223
0223332232
2233322322
2333223222
3332232222
3322322222
3223222221
2232222210
2322222102
3222221020
2222210201
2222102012
2221020121
2210201211
2102012113
1020121132
0201211321
2012113211
0121132110
1211321100
2113211001
1132110011
1321100111
3211001110
2110011102
1100111021
1001110210
0011102102
0111021023
1110210232
1102102321
1021023213
0210232130
2102321300
1023213000
0232130001
2321300010
3213000101
2130001013
1300010132
3000101323
0001013233
0010132333
0101323333
1013233330
0132333302
1323333021
3233330213
2333302131
3333021312
3330213120
3302131200
3021312003
0213120033
2131200333
1312003333
3120033333
1200333331
2003333313
0033333133
0333331330
3333313301
3333133010
3331330101
3313301010
3133010103
1330101030
3301010301
3010103010
0101030101
1010301010
0103010100
1030101001
0301010010
3010100100
0101001003
1010010033
0100100333
1001003331
0010033311
0100333110
1003331100
0033311000
0333110000
3331100001
3311000012
3110000120
1100001203
1000012031
0000120313
0001203131
0012031311
0120313110
1203131102
2031311022
0313110220
3131102201
1311022012
3110220123
1102201230
1022012303
0220123032
2201230320
2012303203
0123032033
1230320331
2303203310
3032033102
0320331021
3203310213
2033102131
0331021310
3310213102
3102131022
1021310221
0213102213
2131022133
1310221331
3102213310
1022133102
0221331023
2213310231
2133102311
1331023112
3310231120
3102311200
1023112003
0231120031
2311200313
3112003132
1120031321
1200313213
2003132131
0031321310
0313213101
3132131012
1321310123
3213101233
2131012330
1310123300
3101233001
1012330010
0123300101
1233001012
2330010123
3300101231
3001012312
0010123123
0101231233
1012312330
0123123303
1231233030
2312330300
3123303003
1233030030
2330300301
3303003010
3030030102
0300301020
3003010200
0030102002
0301020022
3010200220
0102002202
1020022020
0200220202
2002202022
0022020221
0220202213
2202022130
2020221301
0202213012
2022130122
0221301221
2213012212
2130122120
1301221200
3012212002
0122120020
1221200203
2212002031
2120020310
1200203103
2002031032
0020310320
0203103201
2031032012
0310320120
3103201202
1032012020
0320120200
3201202001
2012020010
0120200101
1202001012
2020010120
0200101202
2001012021
0010120211
0101202110
1012021101
0120211012
1202110123
2021101232
0211012323
2110123233
1101232333
1012323333
0123233332
1232333323
2323333230
3233332302
2333323023
3333230233
3332302333
3323023330
3230233300
2302333000
3023330000
0233300000
2333000000
3330000003
3300000030
3000000303
0000003030
0000030300
0000303003
0003030033
0030300333
0303003333
3030033330
0300333300
3003333002
0033330021
0333300213
3333002130
3330021303
3300213030
3002130302
0021303020
0213030200
2130302001
1303020010
3030200103
0302001030
3020010303
0200103032
2001030323
0010303230
0103032302
1030323020
0303230200
3032302002
0323020022
3230200220
2302002200
3020022001
0200220013
2002200133
0022001332
0220013320
2200133202
2001332021
0013320210
0133202100
1332021000
3320210000
3202100001
2021000013
0210000133
2100001333
1000013332
0000133321
0001333210
0013332100
0133321001
1333210010
3332100101
3321001013
3210010130
2100101300
1001013000
0010130002
0101300020
1013000202
0130002022
1300020222
3000202222
0002022222
0020222222
0202222222
2022222220
0222222200
2222222000
2222220000
2222200000
2222000000
2220000002
2200000020
2000000200
0000002000
0000020003
0000200031
0002000312
0020003120
0200031203
2000312030
0003120301
0031203010
0312030102
3120301020
1203010202
2030102023
0301020230
3010202301
0102023010
1020230103
0202301033
2023010332
0230103320
2301033200
3010332002
0103320022
1033200220
0332002202
3320022023
3200220233
2002202332
0022023323
0220233232
2202332320
2023323200
0233232000
2332320000
3323200003
3232000033
2320000330
3200003300
2000033003
0000330033
0003300330
0033003300
0330033003
3300330032
3003300323
0033003230
0330032303
3300323031
3003230312
0032303123
0323031233
3230312333
2303123332
3031233323
0312333232
3123332320
1233323203
2333232033
3332320333
3323203333
3232033330
2320333300
3203333001
2033330010
0333300100
3333001000
3330010000
3300100002
3001000023
0010000230
0100002303
1000023031
0000230313
0002303133
0023031333
0230313333
2303133333
3031333330
0313333303
3133333030
1333330303
3333303032
3333030323
3330303233
3303032333
3030323332
0303233323
3032333230
0323332303
3233323032
2333230323
3332303233
3323032333
3230323333
2303233332
3032333320
0323333202
3233332022
2333320220
3333202203
3332022033
3320220333
3202203333
2022033333
0220333333
2203333333
2033333333
0333333333
3333333332
3333333323
3333333233
3333332333
3333323331
3333233313
3332333133
3323331330
3233313300
2333133003
3331330033
3313300333
3133003333
1330033333
3300333330
3003333303
0033333032
0333330322
3333303223
3333032230
3330322301
3303223010
3032230103
0322301030
3223010302
2230103023
2301030232
3010302323
0103023230
1030232303
0302323033
3023230333
0232303333
2323033330
3230333301
2303333013
3033330132
0333301323
3333013230
3330132303
3301323033
3013230333
0132303333
1323033333
3230333330
2303333302
3033333020
0333330202
3333302023
3333020233
3330202332
3302023323
3020233233
0202332332
2023323321
0233233210
2332332101
3323321013
3233210131
2332101313
3321013132
3210131320
2101313203
1013132032
0131320323
1313203231
3132032313
1320323132
3203231320
2032313200
0323132000
3231320000
2313200001
3132000013
1320000132
3200001321
2000013211
0000132110
0001321100
0013211001
0132110013
1321100133
3211001333
2110013333
1100133332
1001333323
0013333232
0133332320
1333323200
3333232003
3332320030
3323200303
3232003032
2320030323
3200303233
2003032332
0030323321
0303233212
3032332123
0323321231
3233212313
2332123133
3321231333
3212313330
2123133300
1231333001
2313330012
3133300123
1333001230
3330012303
3300123033
3001230330
0012303301
0123033012
1230330122
2303301220
3033012203
0330122033
3301220330
3012203303
0122033031
1220330311
2203303110
2033031103
0330311033
3303110331
3031103312
0311033122
3110331220
1103312201
1033122011
0331220112
3312201123
3122011232
1220112322
2201123223
2011232232
0112322323
1123223232
1232232323
2322323233
3223232333
2232323333
2323233330
3232333303
2323333033
3233330333
2333303333
3333033330
3330333303
3303333030
3033330302
0333303023
3333030233
3330302330
3303023303
3030233033
0302330330
3023303300
0233033002
2330330020
3303300200
3033002000
0330020000
3300200000
3002000000
0020000001
0200000010
2000000100
0000001000
0000010001
0000100010
0001000100
0010001000
0100010001
1000100010
0001000100
0010001000
0100010003
1000100032
0001000323
0010003230
0100032301
1000323010
0003230103
0032301033
0323010332
3230103323
2301033232
3010332320
0103323203
1033232033
0332320333
3323203333
3232033333
2320333332
3203333323
2033333233
0333332332
3333323323
3333233233
3332332332
3323323323
3233233233
2332332332
3323323323
3233233233
2332332333
3323323333
3233233333
2332333333
3323333333
3233333333
2333333332
3333333323
3333333230
3333332300
3333323000
3333230000
3332300002
3323000021
3230000213
2300002130
3000021300
0000213003
0002130031
0021300310
0213003100
2130031002
1300310020
3003100203
0031002032
0310020323
3100203230
1002032303
0020323031
0203230311
2032303110
0323031101
3230311013
2303110133
3031101332
0311013323
3110133233
1101332333
1013323331
0133233311
1332333110
3323331101
3233311013
2333110132
3331101322
3311013222
3110132223
1101322232
1013222320
0132223200
1322232000
3222320000
2223200000
2232000000
2320000000
3200000000
2000000002
0000000020
0000000200
0000002000
0000020000
0000200003
0002000030
0020000303
0200003030
2000030303
0000303033
0003030333
0030303332
0303033323
3030333230
0303332303
3033323030
0333230303
3332303033
3323030330
3230303301
2303033012
3030330121
0303301210
3033012103
0330121030
3301210300
