2121111331
1211113311
2111133111
1111331110
1113311102
1133111022
1331110221
3311102212
3111022122
1110221221
1102212211
1022122111
0221221111
2212211113
2122111133
1221111331
2211113311
2111133112
1111331122
1113311221
1133112212
1331122121
3311221211
3112212112
1122121121
1221211212
2212112121
2121121211
1211212113
2112121132
1121211323
1212113232
2121132321
1211323211
2113232113
1132321132
1323211321
3232113211
2321132111
3211321113
2113211131
1132111312
1321113121
3211131211
2111312112
1113121121
1131211212
1312112121
3121121211
1211212111
2112121111
1121211112
1212111121
2121111212
1211112121
2111121211
1111212111
1112121112
1121211121
1212111210
2121112102
1211121021
2111210211
1112102113
1121021132
1210211322
2102113223
1021132231
0211322311
2113223110
1132231102
1322311021
3223110211
2231102113
2311021132
3110211320
1102113202
1021132021
0211320211
2113202110
1132021103
1320211032
3202110322
2021103222
0211032222
2110322221
1103222211
1032222112
0322221122
3222211220
2222112202
2221122021
2211220211
2112202112
1122021121
1220211210
2202112100
2021121003
0211210032
2112100320
1121003203
1210032031
2100320310
1003203103
0032031031
0320310310
3203103103
2031031032
0310310322
3103103220
1031032202
0310322021
3103220213
1032202132
0322021322
3220213221
2202132212
2021322122
0213221221
2132212211
1322122113
3221221132
2212211322
2122113223
1221132232
2211322321
2113223211
1132232112
1322321121
3223211213
2232112132
2321121322
3211213222
2112132222
1121322222
1213222223
2132222233
1322222331
3222223311
2222233113
2222331131
2223311311
2233113113
2331131131
3311311312
3113113121
1131131211
1311312111
3113121113
1131211131
1312111311
3121113113
1211131132
2111311321
1113113211
1131132111
1311321111
3113211111
1132111111
1321111112
3211111122
2111111220
1111112200
1111122003
1111220031
1112200312
1122003121
1220031212
2200312122
2003121222
0031212221
0312122210
3121222101
1212221011
2122210111
1222101110
2221011100
2210111002
2101110023
1011100232
0111002323
1110023232
1100232323
1002323230
0023232301
0232323011
2323230112
3232301122
2323011221
3230112210
2301122101
3011221010
0112210102
1122101020
1221010201
2210102010
2101020103
1010201032
0102010320
1020103200
0201032002
2010320023
0103200233
1032002332
0320023321
3200233212
2002332122
0023321221
0233212213
2332122131
3321221311
3212213111
2122131113
1221311132
2213111321
2131113211
1311132110
3111321102
1113211023
1132110231
1321102311
3211023113
2110231132
1102311320
1023113202
0231132020
2311320201
3113202011
1132020111
1320201110
3202011101
2020111011
0201110113
2011101132
0111011322
1110113220
1101132201
1011322010
0113220103
1132201032
1322010321
3220103213
2201032131
2010321311
0103213112
1032131121
0321311211
3213112110
2131121101
1311211011
3112110113
1121101132
1211011323
2110113230
1101132301
1011323011
0113230110
1132301102
1323011022
3230110222
2301102221
3011022213
0110222132
1102221323
1022213231
0222132310
2221323102
2213231022
2132310223
1323102230
3231022302
2310223023
3102230232
1022302321
0223023210
2230232102
2302321022
3023210222
0232102221
2321022210
3210222100
2102221001
1022210013
0222100133
2221001332
2210013322
2100133220
1001332202
0013322021
0133220213
1332202133
3322021330
3220213301
2202133011
2021330113
0213301130
2133011301
1330113012
3301130123
3011301232
0113012321
1130123211
1301232113
3012321132
0123211321
1232113211
2321132110
3211321100
2113211003
1132110032
1321100321
3211003211
2110032110
1100321102
1003211021
0032110211
0321102113
3211021131
2110211313
1102113131
1021131310
0211313103
2113131033
1131310331
1313103311
3131033113
1310331132
3103311321
1033113210
0331132102
3311321022
3113210220
1132102201
1321022010
3210220103
2102201031
1022010311
0220103110
2201031102
2010311022
0103110220
1031102200
0311022002
3110220023
1102200233
1022002331
0220023310
2200233102
2002331022
0023310222
0233102223
2331022233
3310222330
3102223301
1022233010
0222330103
2223301032
2233010321
2330103213
3301032131
3010321310
0103213103
1032131031
0321310312
3213103121
2131031213
1310312131
3103121310
1031213101
0312131010
3121310100
1213101001
2131010011
1310100110
3101001102
1010011022
0100110223
1001102232
0011022320
0110223200
1102232002
1022320021
0223200212
2232002121
2320021212
3200212123
2002121231
0021212311
0212123111
2121231110
1212311101
2123111013
1231110132
2311101321
3111013210
1110132100
1101321000
1013210002
0132100022
1321000221
3210002213
2100022132
1000221321
0002213212
0022132121
0221321210
2213212103
2132121031
1321210312
3212103123
2121031232
1210312320
2103123202
1031232020
0312320202
3123202022
1232020222
2320202220
3202022201
2020222011
0202220111
2022201110
0222011102
2220111021
2201110213
2011102131
0111021313
1110213133
1102131333
1021313332
0213133320
2131333202
1313332022
3133320220
1333202201
3332022010
3320220100
3202201002
2022010023
0220100230
2201002303
2010023032
0100230321
1002303211
0023032111
0230321113
2303211132
3032111322
0321113221
3211132213
2111322132
1113221323
1132213232
1322132321
3221323213
2213232130
2132321302
1323213020
3232130201
2321302010
3213020100
2130201001
1302010011
3020100112
0201001120
2010011202
0100112020
1001120203
0011202031
0112020311
1120203113
1202031131
2020311310
0203113102
2031131022
0311310220
3113102201
1131022010
1310220100
3102201003
1022010032
0220100323
2201003231
2010032312
0100323121
1003231211
0032312112
0323121121
3231211211
2312112113
3121121131
1211211311
2112113110
1121131101
1211311011
2113110111
1131101111
1311011110
3110111102
1101111022
1011110221
0111102210
1111022102
1110221020
1102210200
1022102001
0221020011
2210200111
2102001111
1020011110
0200111102
2001111020
0011110202
0111102022
1111020222
1110202222
1102022221
1020222213
0202222132
2022221321
0222213212
2222132122
2221321222
2213212220
2132122202
1321222021
3212220213
2122202132
1222021321
2220213210
2202132102
2021321021
0213210213
2132102133
1321021331
3210213312
2102133120
1021331200
0213312002
2133120023
1331200231
3312002313
3120023131
1200231310
2002313101
0023131010
0231310102
2313101020
3131010202
1310102020
3101020203
1010202031
0102020311
1020203113
0202031132
2020311320
0203113200
2031132002
0311320022
3113200222
1132002220
1320022202
3200222022
2002220220
0022202202
0222022023
2220220233
2202202333
2022023333
0220233332
2202333320
2023333203
0233332031
2333320311
3333203112
3332031123
3320311232
3203112322
2031123222
0311232220
3112322200
1123222001
1232220011
2322200111
3222001113
2220011131
2200111310
2001113102
0011131021
0111310213
1113102131
1131021313
1310213132
3102131321
1021313213
0213132130
2131321301
1313213011
3132130110
1321301102
3213011022
2130110220
1301102201
3011022010
0110220103
1102201032
1022010322
0220103223
2201032233
2010322333
0103223333
1032233332
0322333323
3223333232
2233332322
2333323220
3333232200
3332322002
3323220022
3232200220
2322002201
3220022012
2200220123
2002201231
0022012313
0220123133
2201231331
2012313311
0123133112
1231331121
2313311210
3133112100
1331121002
3311210020
3112100200
1121002003
1210020030
2100200300
1002003001
0020030011
0200300110
2003001100
0030011001
0300110013
3001100132
0011001322
0110013221
1100132213
1001322131
0013221311
0132213113
1322131132
3221311323
2213113231
2131132312
1311323120
3113231203
1132312030
1323120303
3231203030
2312030302
3120303020
1203030201
2030302010
0303020101
3030201011
0302010110
3020101100
0201011003
2010110031
0101100312
1011003123
0110031233
1100312331
1003123311
0031233111
0312331112
3123311122
1233111222
2331112221
3311122211
3111222113
1112221132
1122211323
1222113231
2221132311
2211323110
2113231101
1132311011
1323110113
3231101133
2311011332
3110113323
1101133232
1011332321
0113323211
1133232111
1332321111
3323211111
3232111112
2321111121
3211111211
2111112113
1111121132
1111211321
1112113210
1121132100
1211321000
2113210002
1132100020
1321000201
3210002010
2100020100
1000201003
0002010031
0020100310
0201003101
2010031013
0100310132
1003101323
0031013233
0310132332
3101323322
1013233222
0132332222
1323322223
3233222232
2332222320
3322223202
3222232020
2222320202
2223202023
2232020231
2320202311
3202023112
2020231122
0202311220
2023112200
0231122002
2311220020
3112200201
1122002013
1220020132
2200201323
2002013231
0020132310
0201323102
2013231020
0132310203
1323102031
3231020313
2310203133
3102031332
1020313320
0203133201
2031332013
0313320132
3133201322
1332013221
3320132210
3201322101
2013221011
0132210110
1322101103
3221011031
2210110313
2101103132
1011031323
0110313230
1103132301
1031323011
0313230110
3132301102
1323011023
3230110232
2301102322
3011023223
0110232233
1102322332
1023223323
0232233232
2322332321
3223323211
2233232111
2332321112
3323211122
3232111223
2321112232
3211122321
2111223210
1112232100
1122321002
1223210022
2232100222
2321002221
3210022211
2100222112
1002221122
0022211221
0222112213
2221122132
2211221321
2112213211
1122132111
1221321110
2213211101
2132111013
1321110132
3211101320
2111013201
1110132013
1101320132
1013201321
0132013213
1320132132
3201321321
2013213211
0132132110
1321321103
3213211032
2132110320
1321103202
3211032021
2110320210
1103202102
1032021023
0320210232
3202102323
2021023232
0210232321
2102323211
1023232112
0232321121
2323211210
3232112102
2321121022
3211210221
2112102213
1121022132
1210221321
2102213210
1022132101
0221321012
2213210122
2132101222
1321012221
3210122211
2101222111
1012221111
0122211110
1222111100
2221111002
2211110021
2111100210
1111002103
1110021033
1100210331
1002103313
0021033132
0210331320
2103313201
1033132013
0331320132
3313201321
3132013211
1320132113
3201321132
2013211322
0132113221
1321132211
3211322113
2113221132
1132211321
1322113211
3221132113
2211321131
2113211311
1132113110
1321131101
3211311013
2113110133
1131101331
1311013310
3110133100
1101331003
1013310031
0133100310
1331003103
3310031030
3100310302
1003103023
0031030232
0310302322
3103023223
1030232230
0302322303
3023223031
0232230313
2322303132
3223031323
2230313232
2303132320
3031323202
0313232021
3132320213
1323202132
3232021321
2320213210
3202132101
2021321013
0213210132
2132101321
1321013211
3210132111
2101321110
1013211102
0132111021
1321110211
3211102111
2111021113
1110211131
1102111312
1021113123
0211131231
2111312310
1113123101
1131231011
1312310113
3123101130
1231011301
2310113010
3101130100
1011301001
0113010010
1130100101
1301001010
3010010102
0100101020
1001010201
0010102010
0101020101
1010201011
0102010113
1020101133
0201011333
2010113332
0101133320
1011333202
0113332023
1133320231
1333202311
3332023110
3320231103
3202311032
2023110321
0231103210
2311032101
3110321010
1103210100
1032101001
0321010011
3210100111
2101001113
1010011132
0100111320
1001113202
0011132022
0111320222
1113202223
1132022231
1320222312
3202223121
2022231213
0222312130
2223121301
2231213010
2312130101
3121301011
1213010113
2130101133
1301011333
3010113332
0101133322
1011333223
0113332232
1133322321
1333223211
3332232110
3322321102
3223211021
2232110213
2321102132
3211021321
2110213212
1102132123
1021321232
0213212320
2132123201
1321232011
3212320110
2123201101
1232011011
2320110113
3201101132
2011011321
0110113211
1101132111
1011321111
0113211113
1132111130
1321111301
3211113010
2111130100
1111301001
1113010013
1130100130
1301001301
3010013011
0100130113
1001301132
0013011323
0130113231
1301132313
3011323130
0113231301
1132313012
1323130122
3231301220
2313012200
3130122002
1301220023
3012200232
0122002322
1220023222
2200232220
2002322203
0023222031
0232220311
2322203113
3222031132
2220311321
2203113210
2031132101
0311321013
3113210131
1132101313
1321013132
3210131322
2101313223
1013132232
0131322323
1313223232
3132232323
1322323231
3223232311
2232323111
2323231111
3232311111
2323111112
3231111120
2311111200
3111112003
1111120030
1111200300
1112003001
1120030011
1200300110
2003001100
0030011002
0300110020
3001100202
0011002022
0110020223
1100202231
1002022310
0020223101
0202231010
2022310102
0223101021
2231010213
2310102132
3101021320
1010213202
0102132022
1021320220
0213202201
2132022012
1320220122
3202201220
2022012200
0220122001
2201220010
2012200101
0122001010
1220010102
2200101021
2001010212
0010102123
0101021233
1010212332
0102123323
1021233232
0212332320
2123323202
1233232020
2332320200
3323202000
3232020003
2320200032
3202000321
2020003210
0200032102
2000321021
0003210210
0032102100
0321021002
3210210021
2102100211
1021002111
0210021113
2100211132
1002111323
0021113232
0211132321
2111323213
1113232131
1132321312
1323213120
3232131202
2321312023
3213120232
2131202323
1312023232
3120232321
1202323213
2023232130
0232321303
2323213032
3232130322
2321303223
3213032231
2130322313
1303223132
3032231322
0322313222
3223132221
2231322210
2313222103
3132221032
1322210322
3222103220
2221032202
2210322021
2103220210
1032202101
0322021011
3220210113
2202101133
2021011331
0210113312
2101133120
1011331202
0113312022
1133120222
1331202222
3312022221
3120222212
1202222120
2022221202
0222212022
2222120222
2221202221
2212022211
2120222110
1202221103
2022211031
0222110310
2221103101
2211031011
2110310110
1103101102
1031011023
0310110232
3101102320
1011023201
0110232010
1102320100
1023201003
0232010032
2320100323
3201003231
2010032311
0100323110
1003231102
0032311022
0323110220
3231102202
2311022023
3110220233
1102202333
1022023332
0220233320
2202333203
2023332032
0233320322
2333203221
3332032213
3320322132
3203221321
2032213210
0322132100
3221321002
2213210020
2132100200
1321002002
3210020020
2100200203
1002002031
0020020313
0200203133
2002031333
0020313332
0203133322
2031333222
0313332220
3133322202
1333222021
3332220211
3322202113
3222021132
2220211322
2202113221
2021132210
0211322103
2113221033
1132210333
1322103333
3221033333
2210333332
2103333321
1033333211
0333332112
3333321122
3333211220
3332112202
3321122020
3211220202
2112202021
1122020213
1220202133
2202021333
2020213332
0202133320
2021333203
0213332032
2133320322
1333203222
3332032222
3320322220
3203222201
2032222011
0322220111
3222201111
2222011113
2220111131
2201111311
2011113113
0111131131
1111311311
1113113112
1131131122
1311311221
3113112210
1131122103
1311221033
3112210332
1122103321
1221033213
2210332131
2103321311
1033213112
0332131121
3321311213
3213112132
2131121320
1311213202
3112132022
1121320221
1213202211
2132022113
1320221132
3202211320
2022113202
0221132021
2211320210
2113202102
1132021021
1320210213
3202102131
2021021311
0210213110
2102131100
1021311002
0213110023
2131100232
1311002323
3110023233
1100232331
1002323312
0023233120
0232331200
2323312000
3233120001
2331200011
3312000111
3120001113
1200011132
2000111322
0001113220
0011132202
0111322022
1113220220
1132202202
1322022020
3220220203
2202202031
2022020310
0220203101
2202031010
2020310102
0203101022
2031010223
0310102233
3101022330
1010223301
0102233011
1022330113
0223301132
2233011323
2330113230
3301132301
3011323010
0113230103
1132301031
1323010313
3230103131
2301031310
3010313102
0103131021
1031310210
0313102103
3131021032
1310210322
3102103221
1021032211
0210322110
2103221102
1032211020
0322110201
3221102010
2211020102
2110201023
1102010231
1020102313
0201023131
2010231311
0102313112
1023131123
0231311232
2313112320
3131123201
1311232011
3112320113
1123201131
1232011310
2320113102
3201131023
2011310232
0113102323
1131023231
1310232313
3102323133
1023231331
0232313311
2323133110
3231331102
2313311020
3133110200
1331102001
3311020011
3110200113
1102001133
1020011331
0200113312
2001133120
0011331200
0113312003
1133120031
1331200310
3312003103
3120031033
1200310331
2003103312
0031033122
0310331222
3103312222
1033122220
0331222201
3312222012
3122220122
1222201220
2222012203
2220122033
2201220331
2012203313
0122033131
1220331311
2203313110
2033131101
0331311012
3313110120
3131101203
1311012032
3110120322
1101203221
1012032212
0120322121
1203221212
2032212123
0322121230
3221212301
2212123013
2121230131
1212301310
2123013103
1230131033
2301310332
3013103320
0131033201
1310332010
3103320101
1033201013
0332010132
3320101321
3201013210
2010132100
0101321002
1013210022
0132100221
1321002211
3210022113
2100221132
1002211322
0022113222
0221132222
2211322220
2113222203
1132222031
1322220311
3222203110
2222031101
2220311013
2203110131
2031101312
0311013121
3110131213
1101312132
1013121322
0131213222
1312132222
3121322221
1213222213
2132222132
1322221321
3222213212
2222132121
2221321213
2213212131
2132121310
1321213101
3212131013
2121310132
1213101321
2131013212
1310132122
3101321222
1013212220
0132122202
1321222021
3212220213
2122202132
1222021322
2220213222
2202132221
2021322210
0213222102
2132221023
1322210232
3222102322
2221023220
2210232203
2102322033
1023220332
0232203322
2322033221
3220332213
2203322131
2033221313
0332213132
3322131320
3221313203
2213132033
2131320331
1313203310
3132033101
1320331011
3203310112
2033101121
0331011210
3310112100
3101121001
1011210012
0112100121
1121001211
1210012111
2100121110
1001211103
0012111031
0121110313
1211103131
2111031313
1110313132
1103131321
1031313213
0313132133
3131321333
1313213332
3132133323
1321333230
3213332301
2133323010
1333230101
3332301010
3323010101
3230101013
2301010132
3010101323
0101013230
1010132301
0101323011
1013230113
0132301133
1323011332
3230113322
2301133222
3011332220
0113322201
1133222011
1332220110
3322201102
3222011021
2220110213
2201102131
2011021313
0110213133
1102131331
1021313311
0213133112
2131331122
1313311220
3133112200
1331122001
3311220011
3112200111
1122001110
1220011101
2200111010
2001110103
0011101031
0111010310
1110103102
1101031022
1010310221
0103102211
1031022111
0310221113
3102211132
1022111321
0221113213
2211132131
2111321311
1113213110
1132131101
1321311010
3213110102
2131101023
1311010232
3110102322
1101023222
1010232220
0102322200
1023222001
0232220011
2322200112
3222001122
2220011221
2200112211
2001122112
0011221122
0112211220
1122112200
1221122002
2211220020
2112200202
1122002022
1220020220
2200202203
2002022033
0020220332
0202203323
2022033232
0220332322
2203323223
2033232231
0332322313
3323223131
3232231312
2322313120
3223131202
2231312022
2313120222
3131202221
1312022213
3120222133
1202221332
2022213322
0222133223
2221332231
2213322313
2133223132
1332231323
3322313230
3223132300
2231323001
2313230013
3132300131
1323001310
3230013101
2300131013
3001310132
0013101323
0131013232
1310132323
3101323232
1013232321
0132323211
1323232111
3232321110
2323211101
3232111012
2321110122
3211101222
2111012221
1110122210
1101222101
1012221013
0122210132
1222101321
2221013213
2210132132
2101321322
1013213222
0132132222
1321322222
3213222221
2132222211
1322222110
3222221102
2222211022
2222110222
2221102221
2211022211
2110222111
1102221110
1022211101
0222111011
2221110111
2211101110
2111011102
1110111023
1101110232
1011102323
0111023232
1110232323
1102323231
1023232310
0232323100
2323231001
3232310013
2323100132
3231001321
2310013210
3100132102
1001321023
0013210231
0132102310
1321023103
3210231033
2102310333
1023103331
0231033311
2310333113
3103331133
1033311331
0333113312
3331133122
3311331222
3113312222
1133122221
1331222211
3312222110
3122221102
1222211022
2222110220
2221102202
2211022023
2110220232
1102202323
1022023232
0220232323
2202323232
2023232322
0232323220
2323232202
3232322022
2323220220
3232202202
2322022023
3220220232
2202202321
2022023211
0220232112
2202321120
2023211202
0232112023
2321120230
3211202303
2112023032
1120230322
1202303220
2023032200
0230322002
2303220022
3032200222
0322002222
3220022221
2200222213
2002222131
0022221311
0222213111
2222131111
2221311111
2213111112
2131111122
1311111222
3111112220
1111122202
1111222023
1112220230
1122202303
1222023032
2220230323
2202303232
2023032320
0230323202
2303232023
3032320232
0323202320
3232023201
2320232010
3202320100
2023201002
0232010021
2320100212
3201002121
2010021213
0100212132
1002121323
0021213231
0212132313
2121323132
1213231321
2132313211
1323132112
3231321123
2313211232
3132112323
1321123231
3211232310
2112323101
1123231011
1232310111
2323101111
3231011112
2310111120
3101111202
1011112023
0111120232
1111202323
1112023231
1120232310
1202323102
2023231021
0232310211
2323102113
3231021131
2310211310
3102113100
1021131000
0211310000
2113100001
1131000010
1310000102
3100001021
1000010213
0000102131
0001021310
0010213102
0102131020
1021310202
0213102020
2131020201
1310202011
3102020113
1020201132
0202011321
2020113213
0201132133
2011321333
0113213332
1132133322
1321333220
3213332203
2133322031
1333220312
3332203122
3322031220
3220312202
2203122022
2031220221
0312202213
3122022132
1220221320
2202213203
2022132031
0221320310
2213203102
2132031023
1320310232
3203102323
2031023232
0310232321
3102323210
1023232102
0232321021
2323210211
3232102113
2321021132
3210211321
2102113212
1021132121
0211321211
2113212111
1132121110
1321211101
3212111013
2121110130
1211101301
2111013010
1110130100
1101301002
1013010022
0130100220
1301002201
3010022013
0100220131
1002201312
0022013123
0220131231
2201312311
2013123113
0131231131
1312311311
3123113113
1231131132
2311311323
3113113232
1131132323
1311323232
3113232322
1132323221
1323232213
3232322131
2323221312
3232213121
2322131213
3221312132
2213121321
2131213211
1312132111
3121321111
1213211110
2132111102
1321111023
3211110232
2111102322
1111023223
1110232232
1102322323
1023223232
0232232320
2322323200
3223232000
2232320001
2323200011
3232000112
2320001122
3200011220
2000112201
0001122011
0011220113
0112201131
1122011313
1220113131
2201131311
2011313113
0113131130
1131311301
1313113010
3131130103
1311301032
3113010321
1130103211
1301032111
3010321110
0103211103
1032111031
0321110313
3211103132
2111031322
1110313220
1103132200
1031322002
0313220023
3132200230
1322002301
3220023011
2200230111
2002301112
0023011122
0230111220
2301112203
3011122032
0111220320
1112203202
1122032022
1220320220
2203202202
2032022022
0320220222
3202202221
2022022210
0220222103
2202221030
2022210303
0222103032
2221030321
2210303211
2103032110
1030321102
0303211021
3032110211
0321102112
3211021123
2110211232
1102112321
1021123211
0211232111
2112321111
1123211110
1232111103
2321111031
3211110310
2111103100
1111031001
1110310013
1103100132
1031001321
0310013210
3100132101
1001321011
0013210111
0132101110
1321011101
3210111013
2101110131
1011101311
0111013113
1110131132
1101311323
1013113232
0131132323
1311323232
3113232322
1132323220
1323232203
3232322031
2323220313
3232203132
2322031322
3220313220
2203132203
2031322032
0313220320
3132203200
1322032001
3220320012
2203200120
2032001202
0320012022
3200120221
2001202213
0012022132
0120221321
1202213211
2022132111
0221321110
2213211102
2132111021
1321110210
3211102102
2111021020
1110210202
1102102021
1021020210
0210202102
2102021020
1020210202
0202102020
2021020202
0210202021
2102020211
1020202110
0202021102
2020211021
0202110211
2021102111
0211021112
2110211122
1102111223
1021112232
0211122320
2111223201
1112232010
1122320103
1223201033
2232010331
2320103310
3201033103
2010331031
0103310310
1033103103
0331031033
3310310332
3103103321
1031033210
0310332100
3103321001
1033210013
0332100132
3321001323
3210013230
2100132302
1001323023
0013230232
0132302322
1323023222
3230232221
2302322212
3023222123
0232221231
2322212311
3222123113
2221231132
2212311321
2123113213
1231132132
2311321323
3113213233
1132132331
1321323311
3213233113
2132331132
1323311320
3233113203
2331132031
3311320313
3113203133
1132031330
1320313302
3203133023
2031330232
0313302322
3133023223
1330232232
3302322322
3023223223
0232232231
2322322312
3223223123
2232231233
2322312332
3223123322
2231233220
2312332200
3123322003
1233220031
2332200311
3322003113
3220031130
2200311300
2003113003
0031130031
0311300310
3113003100
1130031000
1300310001
3003100012
0031000120
0310001200
3100012002
1000120022
0001200220
0012002202
0120022020
1200220201
2002202010
0022020102
0220201020
2202010200
2020102002
0201020020
2010200203
0102002031
1020020311
0200203112
2002031122
0020311220
0203112200
2031122002
0311220023
3112200230
1122002303
1220023030
2200230301
2002303012
0023030120
0230301203
2303012032
3030120321
0301203212
3012032123
0120321230
1203212302
2032123022
0321230221
3212302213
2123022132
1230221321
2302213213
3022132132
0221321321
2213213210
2132132102
1321321022
3213210220
2132102200
1321022000
3210220001
2102200013
1022000132
0220001320
2200013202
2000132023
0001320233
0013202330
0132023302
1320233023
3202330232
2023302322
0233023220
2330232202
3302322021
3023220211
0232202112
2322021121
3220211213
2202112132
2021121320
0211213201
2112132012
1121320121
1213201211
2132012111
1320121110
3201211102
2012111021
0121110212
1211102122
2111021220
1110212202
1102122021
1021220210
0212202100
2122021003
1220210032
2202100321
2021003211
0210032111
2100321110
1003211100
0032111001
0321110011
3211100110
2111001102
1110011022
1100110221
1001102213
0011022131
0110221310
1102213102
1022131020
0221310203
2213102032
2131020321
1310203212
3102032122
1020321220
0203212203
2032122031
0321220311
3212203113
2122031130
1220311300
2203113000
2031130000
0311300002
3113000020
1130000202
1300002020
3000020201
0000202012
0002020122
0020201220
0202012202
2020122021
0201220213
2012202130
0122021300
1220213002
2202130022
2021300220
0213002200
2130022002
1300220022
3002200223
0022002232
0220022320
2200223200
2002232002
0022320022
0223200223
2232002232
2320022321
3200223213
2002232133
0022321332
0223213322
2232133220
2321332203
3213322031
2133220310
1332203102
3322031022
3220310220
2203102202
2031022021
0310220213
3102202133
1022021333
0220213333
2202133332
2021333322
0213333221
2133332210
1333322101
3333221013
3332210132
3322101323
3221013231
2210132313
2101323130
1013231301
0132313010
1323130100
3231301002
2313010022
3130100222
1301002221
3010022210
0100222103
1002221031
0022210313
0222103132
2221031322
2210313220
2103132203
1031322031
0313220311
3132203111
1322031110
3220311102
2203111020
2031110203
0311102032
3111020322
1110203222
1102032222
1020322220
0203222202
2032222020
0322220200
3222202003
2222020032
2220200323
2202003232
2020032320
0200323200
2003232000
0032320000
0323200003
3232000031
2320000311
3200003111
2000031111
0000311112
0003111123
0031111232
0311112322
3111123221
1111232213
1112322130
1123221303
1232213031
2322130310
3221303100
2213031002
2130310022
1303100223
3031002232
0310022323
3100223233
1002232332
0022323320
0223233202
2232332020
2323320202
3233202020
2332020200
3320202000
3202020000
2020200001
0202000010
2020000101
0200001010
2000010103
0000101031
0001010313
0010103131
0101031311
1010313113
0103131130
1031311300
0313113000
3131130002
1311300021
3113000211
1130002110
1300021100
3000211001
0002110010
0021100100
0211001000
2110010002
1100100020
1001000200
0010002000
0100020003
1000200033
0002000331
0020003313
0200033130
2000331302
0003313020
0033130203
0331302032
3313020320
3130203200
1302032002
3020320021
0203200212
2032002123
0320021230
3200212303
2002123032
0021230323
0212303232
2123032320
1230323203
2303232032
3032320322
0323203221
3232032213
2320322132
3203221322
2032213223
0322132232
3221322323
2213223232
2132232322
1322323222
3223232223
2232322233
2323222331
3232223313
2322233131
3222331311
2223313112
2233131123
2331311230
3313112303
3131123032
1311230323
3112303232
1123032323
1230323231
2303232311
3032323111
0323231112
3232311121
2323111211
3231112113
2311121131
3111211311
1112113113
1121131132
1211311322
2113113222
1131132221
1311322210
3113222103
1132221031
1322210313
3222103132
2221031321
2210313211
2103132113
1031321132
0313211320
3132113201
1321132010
3211320103
2113201031
1132010311
1320103110
3201031101
2010311010
0103110102
1031101023
0311010230
3110102301
1101023010
1010230102
0102301021
1023010213
0230102132
2301021322
3010213223
0102132232
1021322320
0213223201
2132232010
1322320101
3223201010
2232010102
2320101021
3201010213
2010102133
0101021330
1010213303
0102133032
1021330321
0213303211
2133032111
1330321113
3303211130
3032111301
0321113012
3211130122
2111301221
1113012213
1130122132
1301221321
3012213211
0122132113
1221321133
2213211331
2132113313
1321133132
3211331322
2113313220
1133132201
1331322011
3313220110
3132201103
1322011032
3220110323
2201103231
2011032311
0110323112
1103231120
1032311202
0323112020
3231120200
2311202001
3112020010
1120200101
1202001011
2020010112
0200101120
2001011202
0010112022
0101120223
1011202231
0112022312
1120223121
1202231211
2022312113
0223121130
2231211302
2312113022
3121130221
1211302213
2113022131
1130221311
1302213111
3022131110
0221311102
2213111022
2131110220
1311102201
3111022011
1110220113
1102201132
1022011321
0220113213
2201132131
2011321310
0113213100
1132131001
1321310013
3213100132
2131001322
1310013223
3100132232
1001322323
0013223232
0132232323
1322323233
3223232331
2232323310
2323233102
3232331020
2323310203
3233102033
2331020332
3310203321
3102033211
1020332110
0203321100
2033211002
0332110022
3321100222
3211002222
2110022220
1100222203
1002222032
0022220320
0222203202
2222032021
2220320213
2203202130
2032021301
0320213011
3202130113
2021301132
0213011322
2130113220
1301132202
3011322022
0113220220
1132202201
1322022012
3220220123
2202201232
2022012321
0220123212
2201232122
2012321221
0123212213
1232122133
2321221332
3212213323
2122133230
1221332301
2213323010
2133230101
1332301010
3323010102
3230101022
2301010222
3010102220
0101022201
1010222011
0102220113
1022201132
0222011322
2220113221
2201132213
2011322132
0113221321
1132213211
1322132111
3221321112
2213211122
2132111220
1321112200
3211122003
2111220032
1112200323
1122003232
1220032321
2200323213
2003232130
0032321302
0323213023
3232130231
2321302310
3213023100
2130231002
1302310020
3023100202
0231002023
2310020231
3100202311
1002023111
0020231110
0202311100
2023111001
0231110011
2311100110
3111001101
1110011012
1100110123
1001101231
0011012310
0110123100
1101231002
1012310020
0123100203
1231002033
2310020330
3100203301
1002033010
0020330102
0203301020
2033010203
0330102033
3301020333
3010203331
0102033312
1020333122
0203331222
2033312221
0333122213
3331222132
3312221322
3122213221
1222132213
2221322131
2213221312
2132213122
1322131221
3221312213
2213122132
2131221321
1312213213
3122132132
1221321322
2213213220
2132132201
1321322010
3213220103
2132201033
1322010332
3220103320
2201033203
2010332032
0103320320
1033203202
0332032020
3320320201
3203202010
2032020102
0320201020
3202010202
2020102023
0201020230
2010202301
0102023011
1020230110
0202301103
2023011032
0230110321
2301103210
3011032102
0110321020
1103210203
1032102032
0321020322
3210203222
2102032222
1020322222
0203222221
2032222210
0322222100
3222221002
2222210022
2222100223
2221002232
2210022321
2100223211
1002232111
0022321110
0223211103
2232111031
2321110310
3211103100
2111031000
1110310003
1103100032
1031000322
0310003220
3100032203
1000322032
0003220322
0032203221
0322032210
3220322103
2203221033
2032210332
0322103322
3221033220
2210332200
2103322003
1033220031
0332200313
3322003130
3220031303
2200313033
2003130331
0031303313
0313033131
3130331310
1303313102
3033131020
0331310201
3313102012
3131020121
1310201211
3102012112
1020121122
0201211223
2012112233
0121122331
1211223310
2112233101
1122331011
1223310111
2233101110
2331011103
3310111031
3101110310
1011103102
0111031020
1110310202
1103102023
1031020232
0310202320
3102023203
1020232032
0202320323
2023203232
0232032323
2320323232
3203232322
2032323220
0323232202
3232322021
2323220213
3232202130
2322021303
3220213032
2202130322
2021303220
0213032202
2130322023
1303220232
3032202320
0322023201
3220232013
2202320132
2023201323
0232013232
2320132323
3201323232
2013232322
0132323222
1323232220
3232322202
2323222021
3232220213
2322202132
3222021320
2220213203
2202132032
2021320320
0213203201
2132032013
1320320133
3203201333
2032013333
0320133332
3201333322
2013333222
0133332222
1333322221
3333222211
3332222110
3322221100
3222211000
2222110001
2221100011
2211000113
2110001133
1100011330
1000113301
0001133012
0011330120
0113301203
1133012032
1330120322
3301203220
3012032200
0120322003
1203220031
2032200311
0322003111
3220031110
2200311102
2003111021
0031110211
0311102111
3111021112
1110211122
1102111222
1021112220
0211122202
2111222020
1112220203
1122202031
1222020311
2220203111
2202031113
2020311132
0203111320
2031113203
0311132033
3111320333
1113203332
1132033321
1320333213
3203332132
2033321322
0333213220
3332132202
3321322020
3213220200
2132202002
1322020022
3220200222
2202002220
2020022202
0200222020
2002220200
0022202001
0222020012
2220200121
2202001211
2020012113
0200121130
2001211301
0012113011
0121130113
1211301131
2113011310
1130113102
1301131021
3011310211
0113102113
1131021131
1310211311
3102113110
1021131100
0211311003
2113110031
1131100313
1311003132
3110031321
1100313210
1003132101
0031321011
0313210110
3132101103
1321011033
3210110332
2101103320
1011033203
0110332032
1103320323
1033203231
0332032313
3320323130
3203231301
2032313010
0323130103
3231301032
2313010320
3130103203
1301032033
3010320330
0103203303
1032033032
0320330322
3203303223
2033032231
0330322310
3303223100
3032231000
0322310003
3223100032
2231000323
2310003233
3100032332
1000323322
0003233220
0032332203
0323322032
3233220320
2332203203
3322032033
3220320332
2203203320
2032033201
0320332013
3203320131
2033201313
0332013132
3320131320
3201313200
2013132003
0131320032
1313200323
3132003231
1320032312
3200323121
2003231211
0032312111
0323121112
3231211120
2312111202
3121112020
1211120203
2111202033
1112020331
1120203311
1202033112
2020331122
0203311222
2033112220
0331122202
3311222023
3112220233
1122202332
1222023322
2220233223
2202332232
2023322323
0233223231
2332232310
3322323102
3223231020
2232310200
2323102003
3231020033
2310200333
3102003333
1020033331
0200333310
2003333101
0033331012
0333310123
3333101230
3331012303
3310123032
3101230322
1012303221
0123032212
1230322120
2303221202
3032212022
0322120222
3221202220
2212022201
2120222011
1202220111
2022201111
0222011111
2220111110
2201111102
2011111021
0111110212
1111102123
1111021233
1110212333
1102123333
1021233332
0212333323
2123333232
1233332322
2333323223
3333232231
3332322310
3323223103
3232231031
2322310311
3223103110
2231031102
2310311020
3103110200
1031102001
0311020012
3110200120
1102001202
1020012022
0200120220
2001202201
0012022013
0120220133
1202201332
2022013322
0220133222
2201332221
2013322211
0133222111
1332221110
3322211103
3222111031
2221110311
2211103110
2111031102
1110311021
1103110211
1031102111
0311021111
3110211110
1102111103
1021111032
0211110322
2111103220
1111032201
1110322010
1103220102
1032201023
0322010230
3220102301
2201023011
2010230113
0102301133
1023011331
0230113313
2301133130
3011331301
0113313011
1133130112
1331301123
3313011233
3130112331
1301123310
3011233101
0112331013
1123310132
1233101321
2331013213
3310132132
3101321322
1013213220
0132132200
1321322002
3213220020
2132200203
1322002032
3220020320
2200203203
2002032032
0020320320
0203203201
2032032010
0320320103
3203201032
2032010322
0320103222
3201032223
2010322232
0103222320
1032223201
0322232011
3222320113
2223201132
2232011322
2320113223
3201132230
2011322302
0113223020
1132230201
1322302012
3223020121
2230201213
2302012132
3020121320
0201213200
2012132002
0121320020
1213200202
2132002023
1320020230
3200202303
2002023031
0020230313
0202303132
2023031322
0230313223
2303132232
3031322321
0313223211
3132232111
1322321111
3223211110
2232111102
2321111021
3211110210
2111102102
1111021022
1110210222
1102102220
1021022203
0210222033
2102220331
1022203313
0222033133
2220331331
2203313313
2033133131
0331331311
3313313111
3133131111
1331311112
3313111122
3131111220
1311112201
3111122011
1111220111
1112201113
1122011130
1220111301
2201113011
2011130111
0111301111
1113011110
1130111102
1301111022
3011110221
0111102210
1111022101
1110221013
1102210132
1022101322
0221013222
2210132220
2101322202
1013222021
0132220210
1322202101
3222021010
2220210102
2202101021
2021010211
0210102111
2101021110
1010211103
0102111030
1021110302
0211103020
2111030200
1110302002
1103020022
1030200221
0302002210
3020022101
0200221011
2002210112
0022101121
0221011210
2210112102
2101121021
1011210213
0112102131
1121021312
1210213123
2102131231
1021312311
0213123110
2131231101
1312311011
3123110110
1231101102
2311011022
3110110220
1101102202
1011022023
0110220232
1102202322
1022023220
0220232202
2202322022
2023220223
0232202232
2322022322
3220223223
2202232232
2022322320
0223223202
2232232021
2322320213
3223202132
2232021320
2320213201
3202132010
2021320101
0213201013
2132010132
1320101322
3201013222
2010132221
0101322211
1013222113
0132221132
1322211322
3222113220
2221132202
2211322021
2113220211
1132202111
1322021113
3220211131
2202111312
2021113122
0211131220
2111312200
1113122002
1131220020
1312200200
3122002002
1220020022
2200200222
2002002221
0020022211
0200222111
2002221111
0022211111
0222111111
2221111110
2211111102
2111111020
1111110203
1111102031
1111020313
1110203131
1102031311
1020313110
0203131101
2031311013
0313110132
3131101322
1311013221
3110132213
1101322131
1013221311
0132213111
1322131113
3221311131
2213111312
2131113122
1311131220
3111312200
1113122002
1131220022
1312200222
3122002222
1220022221
2200222213
2002222132
0022221322
0222213221
2222132213
2221322131
2213221311
2132213112
1322131120
3221311203
2213112032
2131120323
1311203232
3112032323
1120323233
1203232333
2032323332
0323233320
3232333203
2323332032
3233320322
2333203223
3332032232
3320322320
3203223201
2032232011
0322320113
3223201132
2232011322
2320113221
3201132210
2011322100
0113221003
1132210032
1322100322
3221003222
2210032222
2100322222
1003222223
0032222230
0322222300
3222223001
2222230011
2222300110
2223001100
2230011000
2300110002
3001100022
0011000222
0110002221
1100022213
1000222132
0002221321
0022213210
0222132102
2221321020
2213210202
2132102021
1321020211
3210202113
2102021131
1020211313
0202113131
2021131313
0211313131
2113131311
1131313110
1313131101
3131311010
1313110103
3131101032
1311010320
3110103201
1101032011
1010320113
0103201131
1032011310
0320113102
3201131021
2011310211
0113102111
1131021113
1310211131
3102111313
1021113130
0211131301
2111313010
1113130102
1131301021
1313010212
3130102122
1301021223
3010212230
0102122301
1021223010
0212230102
2122301021
1223010212
2230102120
2301021202
3010212022
0102120220
1021202201
0212022011
2120220111
1202201111
2022011110
0220111101
2201111010
2011110103
0111101033
1111010330
1110103301
1101033011
1010330113
0103301131
1033011313
0330113132
3301131321
3011313211
0113132111
1131321111
1313211111
3132111111
1321111112
3211111120
2111111202
1111112020
1111120201
1111202013
1112020132
1120201320
1202013203
2020132032
0201320322
2013203221
0132032213
1320322130
3203221303
2032213032
0322130323
3221303233
2213032332
2130323321
1303233213
3032332131
0323321311
3233213111
2332131111
3321311113
3213111132
2131111322
1311113221
3111132211
1111322113
1113221132
1132211321
1322113210
3221132102
2211321021
2113210211
1132102111
1321021111
3210211111
2102111110
1021111102
0211111021
2111110211
1111102111
1111021112
1110211120
1102111202
1021112023
0211120230
2111202303
1112023032
1120230323
1202303232
2023032320
0230323200
2303232001
3032320011
0323200110
3232001100
2320011003
3200110031
2001100310
0011003102
0110031020
1100310202
1003102022
0031020223
0310202233
3102022331
1020223310
0202233102
2022331021
0223310211
2233102113
2331021131
3310211310
3102113102
1021131021
0211310211
2113102113
1131021131
1310211311
3102113113
1021131133
0211311333
2113113330
1131133300
1311333001
3113330011
1133300111
1333001111
3330011110
3300111102
3001111020
0011110202
0111102022
1111020222
1110202223
1102022231
1020222311
0202223113
2022231131
0222311313
2223113132
2231131321
2311313211
3113132113
1131321131
1313211311
3132113113
1321131132
3211311323
2113113231
1131132311
1311323112
3113231122
1132311221
1323112211
3231122113
2311221132
3112211321
1122113213
1221132132
2211321322
2113213223
1132132232
1321322321
3213223213
2132232130
1322321301
3223213013
2232130131
2321301313
3213013130
2130131302
1301313020
3013130200
0131302000
1313020002
3130200020
1302000201
3020002011
0200020111
2000201110
0002011100
0020111002
0201110020
2011100201
0111002013
1110020131
1100201313
1002013131
0020131313
0201313131
2013131313
0131313131
1313131311
3131313113
1313131132
3131311322
1313113222
3131132220
1311322200
3113222002
1132220020
1322200200
3222002003
2220020032
2200200322
2002003222
0020032222
0200322223
2003222233
0032222332
0322223323
3222233231
2222332310
2223323100
2233231000
2332310002
3323100020
3231000201
2310002012
3100020123
1000201233
0002012333
0020123333
0201233333
2012333332
0123333321
1233333211
2333332113
3333321133
3333211331
3332113312
3321133122
3211331222
2113312222
1133122222
1331222223
3312222232
3122222321
1222223213
2222232132
2222321323
2223213232
2232132322
2321323220
3213232202
2132322020
1323220200
3232202001
2322020011
3220200111
2202001113
2020011132
0200111320
2001113200
0011132003
0111320030
1113200301
1132003013
1320030133
3200301330
2003013302
0030133023
0301330230
3013302301
0133023011
1330230112
3302301120
3023011202
0230112020
2301120202
3011202020
0112020200
1120202002
1202020022
2020200221
0202002210
2020022101
0200221013
2002210132
0022101321
0221013211
2210132113
2101321131
1013211313
0132113131
1321131311
3211313112
2113131121
1131311211
1313112111
3131121111
1311211110
3112111101
1121111011
1211110111
2111101113
1111011133
1110111331
1101113313
1011133131
0111331311
1113313113
1133131132
1331311321
3313113211
3131132113
1311321133
3113211331
1132113310
1321133102
3211331021
2113310211
1133102111
1331021110
3310211102
3102111021
1021110211
0211102113
2111021133
1110211333
1102113332
1021133320
0211333201
2113332010
1133320100
1333201001
3332010011
3320100113
3201001131
2010011313
0100113130
1001131303
0011313033
0113130330
1131303301
1313033013
3130330132
1303301322
3033013222
0330132220
3301322201
3013222011
0132220110
1322201102
3222011020
2220110200
2201102001
2011020013
0110200131
1102001310
1020013103
0200131031
2001310312
0013103122
0131031220
1310312202
3103122021
1031220210
0312202102
3122021022
1220210222
2202102222
2021022221
0210222211
2102222113
1022221131
0222211311
2222113110
2221131101
2211311011
2113110110
1131101100
1311011002
3110110023
1101100230
1011002300
0110023001
1100230013
1002300133
0023001333
0230013332
2300133320
3001333200
0013332002
0133320022
1333200222
3332002220
3320022201
3200222011
2002220111
0022201111
0222011111
2220111110
2201111101
2011111013
0111110132
1111101321
1111013210
1110132102
1101321020
1013210202
0132102020
1321020200
3210202001
2102020011
1020200111
0202001113
2020011132
0200111320
2001113202
0011132023
0111320230
1113202301
1132023011
1320230113
3202301130
2023011302
0230113022
2301130221
3011302211
0113022113
1130221132
1302211322
3022113220
0221132203
2211322032
2113220323
1132203230
1322032301
3220323011
2203230113
2032301132
0323011323
3230113230
2301132303
3011323032
0113230320
1132303202
1323032020
3230320201
2303202012
3032020123
0320201232
3202012323
2020123232
0201232321
2012323210
0123232102
1232321020
2323210201
3232102012
2321020123
3210201231
2102012311
1020123113
0201231132
2012311323
0123113232
1231132321
2311323213
3113232133
1132321333
1323213331
3232133310
2321333102
3213331020
2133310202
1333102023
3331020232
3310202322
3102023222
1020232222
0202322220
2023222200
0232222002
2322220022
3222200221
2222002211
2220022113
2200221132
2002211320
0022113201
0221132013
2211320133
2113201332
1132013323
1320133232
3201332322
2013323223
0133232231
1332322313
3323223131
3232231311
2322313110
3223131103
2231311031
2313110312
3131103121
1311031211
3110312110
1103121101
1031211010
0312110100
3121101000
1211010002
2110100021
1101000210
1010002102
0100021022
1000210222
0002102220
0021022202
0210222020
2102220202
1022202022
0222020222
2220202223
2202022231
2020222311
0202223113
2022231131
0222311313
2223113132
2231131322
2311313221
3113132211
1131322110
1313221101
3132211010
1322110103
3221101033
2211010330
2110103301
1101033010
1010330103
0103301031
1033010311
0330103110
3301031102
3010311022
0103110222
1031102221
0311022210
3110222102
1102221020
1022210201
0222102012
2221020122
2210201221
2102012213
1020122131
0201221313
2012213130
0122131301
1221313011
2213130110
2131301102
1313011022
3130110220
1301102200
3011022001
0110220011
1102200113
1022001132
0220011321
2200113211
2001132111
0011321111
0113211112
1132111120
1321111202
3211112022
2111120220
1111202200
1112022001
1120220011
1202200113
2022001133
0220011333
2200113331
2001133311
0011333113
0113331133
1133311332
1333113321
3331133213
3311332132
3113321321
1133213213
1332132133
3321321332
3213213320
2132133200
1321332003
3213320031
2133200311
1332003113
3320031132
3200311320
2003113202
0031132023
0311320232
3113202322
1132023223
1320232233
3202322330
2023223300
0232233002
2322330020
3223300202
2233002022
2330020222
3300202221
3002022211
0020222111
0202221113
2022211132
0222111321
2221113211
2211132113
2111321132
1113211322
1132113221
1321132213
3211322132
2113221322
1132213222
1322132220
3221322202
2213222020
2132220202
1322202020
3222020203
2220202032
2202020322
2020203221
0202032210
2020322101
0203221013
2032210132
0322101322
3221013220
2210132201
2101322012
1013220122
0132201221
1322012211
3220122113
2201221131
2012211313
0122113132
1221131322
2211313220
2113132203
1131322033
1313220330
3132203301
1322033010
3220330102
2203301020
2033010201
0330102011
3301020111
3010201113
0102011132
1020111321
0201113211
2011132111
0111321113
1113211132
1132111320
1321113201
3211132010
2111320102
1113201020
1132010201
1320102013
3201020130
2010201303
0102013030
1020130302
0201303022
2013030222
0130302223
1303022231
3030222311
0302223110
3022231102
0222311023
2223110232
2231102322
2311023222
3110232223
1102322230
1023222303
0232223031
2322230310
3222303103
2223031032
2230310322
2303103221
3031032211
0310322110
3103221103
1032211032
0322110322
3221103221
2211032213
2110322133
1103221331
1032213313
0322133133
3221331332
2213313321
2133133211
1331332113
3313321132
3133211322
1332113221
3321132211
3211322113
2113221132
1132211322
1322113221
3221132213
2211322131
2113221313
1132213131
1322131313
3221313133
2213131332
2131313322
1313133223
3131332233
1313322331
3133223313
1332233132
3322331320
3223313202
2233132022
2331320220
3313202201
3132022013
1320220132
3202201320
2022013202
0220132022
2201320220
2013202200
0132022000
1320220002
3202200021
2022000213
0220002131
2200021310
2000213102
0002131021
0021310211
0213102113
2131021130
1310211302
3102113020
1021130200
0211302002
2113020022
1130200222
1302002220
3020022200
0200222002
2002220020
0022200202
0222002022
2220020223
2200202231
2002022313
0020223132
0202231322
2022313220
0223132202
2231322022
2313220222
3132202220
1322022200
3220222001
2202220010
2022200103
0222001031
2220010311
2200103113
2001031132
0010311322
0103113222
1031132220
0311322200
3113222001
1132220010
1322200102
3222001022
2220010220
2200102201
2001022010
0010220100
0102201002
1022010021
0220100211
2201002110
2010021101
0100211013
1002110130
0021101302
0211013022
2110130220
1101302201
1013022013
0130220132
1302201320
3022013202
0220132020
2201320201
2013202010
0132020101
1320201010
3202010103
2020101032
0201010321
2010103210
0101032103
1010321031
0103210311
1032103111
0321031110
3210311100
2103111001
1031110010
0311100102
3111001022
1110010222
1100102222
1001022222
0010222221
0102222213
1022222132
0222221321
2222213210
2222132101
2221321013
2213210133
2132101333
1321013331
3210133310
2101333103
1013331031
0133310311
1333103110
3331031102
3310311020
3103110201
1031102011
0311020110
3110201102
1102011023
1020110231
0201102313
2011023133
0110231333
1102313332
1023133323
0231333230
2313332301
3133323010
1333230102
3332301020
3323010202
3230102023
2301020232
3010202323
0102023230
1020232303
0202323033
2023230333
0232303333
2323033332
3230333323
2303333233
3033332331
0333323313
3333233132
3332331323
3323313233
3233132333
2331323333
3313233333
3132333330
1323333301
3233333013
2333330133
3333301333
3333013333
3330133332
3301333321
3013333213
0133332133
1333321333
3333213333
3332133333
3321333333
3213333333
2133333333
1333333333
3333333333
3333333330
3333333300
3333333000
3333330000
3333300000
3333000000
3330000000
3300000002
3000000020
0000000203
0000002032
0000020320
0000203200
0002032000
0020320003
0203200030
2032000300
0320003002
3200030022
2000300220
0003002201
0030022010
0300220101
3002201012
0022010122
0220101220
2201012202
2010122022
0101220222
1012202220
0122022202
1220222020
2202220202
2022202023
0222020232
2220202322
2202023220
2020232203
0202322032
2023220323
0232203233
2322032330
3220323302
2203233022
2032330222
0323302220
3233022200
2330222003
3302220032
3022200322
0222003223
2220032232
2200322323
2003223231
0032232311
0322323111
3223231113
2232311131
2323111313
3231113133
2311131333
3111313331
1113133313
1131333133
1313331331
3133313310
1333133103
3331331033
3313310333
3133103330
1331033301
3310333010
3103330100
1033301003
0333010032
3330100320
3301003202
3010032020
0100320203
1003202033
0032020333
0320203332
3202033323
2020333230
0203332300
2033323000
0333230000
3332300003
3323000030
3230000302
2300003021
3000030213
0000302132
0003021322
0030213222
0302132221
3021322211
0213222111
2132221111
1322211110
3222111102
2221111021
2211110211
2111102113
1111021130
1110211303
1102113032
1021130321
0211303211
2113032113
1130321132
1303211322
3032113222
0321132220
3211322202
2113222023
1132220232
1322202322
3222023223
2220232231
2202322311
2023223111
0232231110
2322311102
3223111022
2231110221
2311102213
3111022130
1110221302
1102213020
1022130201
0221302011
2213020113
2130201133
1302011330
3020113301
0201133013
2011330132
0113301321
1133013213
1330132131
3301321310
3013213101
0132131011
1321310113
3213101132
2131011320
1310113201
3101132010
1011320101
0113201010
1132010101
1320101010
3201010102
2010101021
0101010213
1010102131
0101021311
1010213113
0102131131
1021311311
0213113113
2131131133
1311311332
3113113320
1131133202
1311332023
3113320233
1133202332
1332023320
3320233202
3202332023
2023320232
0233202323
2332023232
3320232323
3202323230
2023232302
0232323020
2323230200
3232302002
2323020023
3230200233
2302002333
3020023333
0200233331
2002333311
0023333110
0233331100
2333311000
3333110000
3331100002
3311000023
3110000233
1100002333
1000023332
0000233320
0002333202
0023332020
0233320203
2333202032
3332020322
3320203223
3202032233
2020322333
0203223332
2032233322
0322333221
3223332213
2233322133
2333221333
3332213332
3322133322
3221333222
2213332222
2133322223
1333222233
3332222332
3322223320
3222233202
2222332022
2223320222
2233202220
2332022201
3320222013
3202220132
2022201322
0222013222
2220132220
2201322200
2013222002
0132220023
1322200233
3222002330
2220023302
2200233022
2002330220
0023302203
0233022031
2330220311
3302203113
3022031133
0220311333
2203113331
2031133313
0311333132
3113331320
1133313202
1333132022
3331320222
3313202221
3132022211
1320222111
3202221113
2022211133
0222111333
2221113332
2211133322
2111333221
1113332210
1133322100
1333221001
3332210010
3322100102
3221001022
2210010220
2100102203
1001022031
0010220310
0102203103
1022031033
0220310331
2203103313
2031033133
0310331331
3103313310
1033133103
0331331033
3313310332
3133103322
1331033220
3310332201
3103322012
1033220121
0332201210
3322012101
3220121013
2201210131
2012101310
0121013103
1210131033
2101310331
1013103311
0131033110
1310331100
3103311002
1033110022
0331100221
3311002213
3110022130
1100221301
1002213011
0022130111
0221301111
2213011113
2130111130
1301111302
3011113020
0111130200
1111302003
1113020032
1130200320
1302003200
3020032002
0200320023
2003200231
0032002311
0320023113
3200231133
2002311331
0023113311
0231133111
2311331113
3113311131
1133111311
1331113111
3311131110
3111311102
1113111023
1131110232
1311102322
3111023222
1110232220
1102322202
1023222020
0232220202
2322202023
3222020232
2220202322
2202023221
2020232211
0202322111
2023221113
0232211133
2322111332
3221113320
2211133200
2111332000
1113320002
1133200022
1332000220
3320002202
3200022021
2000220210
0002202101
0022021013
0220210132
2202101323
2021013231
0210132310
2101323101
1013231010
0132310103
1323101032
3231010320
2310103201
3101032013
1010320131
0103201310
