2220201212
2202012120
2020121202
0201212023
2012120232
0121202320
1212023203
2120232032
1202320322
2023203220
0232032202
2320322022
3203220221
2032202213
0322022130
3220221301
2202213010
2022130102
0221301021
2213010212
2130102120
1301021203
3010212032
0102120322
1021203222
0212032222
2120322223
1203222231
2032222310
0322223102
3222231021
2222310212
2223102122
2231021221
2310212212
3102122122
1021221221
0212212213
2122122132
1221221321
2212213213
2122132131
1221321311
2213213112
2132131123
1321311231
3213112310
2131123103
1311231032
3112310322
1123103221
1231032212
2310322122
3103221221
1032212210
0322122102
3221221021
2212210212
2122102123
1221021231
2210212312
2102123123
1021231230
0212312301
2123123012
1231230120
2312301203
3123012031
1230120310
2301203102
3012031021
0120310213
1203102132
2031021321
0310213213
3102132132
1021321320
0213213202
2132132020
1321320201
3213202010
2132020102
1320201022
3202010223
2020102232
0201022322
2010223220
0102232202
1022322022
0223220223
2232202232
2322022323
3220223233
2202232332
2022323320
0223233200
2232332002
2323320020
3233200203
2332002032
3320020322
3200203220
2002032200
0020322000
0203220000
2032200001
0322000010
3220000101
2200001011
2000010110
0000101101
0001011011
0010110111
0101101113
1011011132
0110111320
1101113202
1011132022
0111320221
1113202210
1132022102
1320221022
3202210220
2022102202
0221022021
2210220213
2102202132
1022021321
0220213210
2202132102
2021321022
0213210220
2132102201
1321022010
3210220100
2102201001
1022010013
0220100131
2201001311
2010013110
0100131100
1001311001
0013110011
0131100110
1311001101
3110011011
1100110113
1001101132
0011011320
0110113201
1101132012
1011320121
0113201210
1132012101
1320121011
3201210113
2012101132
0121011322
1210113220
2101132202
1011322023
0113220231
1132202313
1322023132
3220231320
2202313202
2023132022
0231320221
2313202211
3132022112
1320221120
3202211202
2022112020
0221120200
2211202001
2112020010
1120200103
1202001032
2020010320
0200103200
2001032002
0010320022
0103200220
1032002200
0320022002
3200220023
2002200232
0022002321
0220023213
2200232132
2002321320
0023213200
0232132002
2321320021
3213200210
2132002102
1320021021
3200210213
2002102132
0021021321
0210213210
2102132102
1021321022
0213210222
2132102221
1321022210
3210222101
2102221011
1022210110
0222101103
2221011030
2210110302
2101103020
1011030200
0110302002
1103020020
1030200200
0302002002
3020020020
0200200202
2002002023
0020020231
0200202312
2002023122
0020231222
0202312221
2023122212
0231222120
2312221202
3122212022
1222120221
2221202210
2212022103
2120221031
1202210313
2022103132
0221031322
2210313221
2103132213
1031322131
0313221311
3132213111
1322131110
3221311102
2213111021
2131110213
1311102132
3111021322
1110213220
1102132202
1021322021
0213220213
2132202131
1322021310
3220213103
2202131031
2021310312
0213103120
2131031202
1310312020
3103120202
1031202022
0312020221
3120202213
1202022132
2020221320
0202213200
2022132002
0221320022
2213200220
2132002202
1320022020
3200220203
2002202032
0022020320
0220203202
2202032021
2020320211
0203202113
2032021132
0320211322
3202113220
2021132201
0211322013
2113220131
1132201310
1322013103
3220131031
2201310310
2013103102
0131031022
1310310222
3103102223
1031022233
0310222333
3102223330
1022233300
0222333000
2223330001
2233300011
2333000111
3330001111
3300011112
3000111120
0001111202
0011112021
0111120212
1111202120
1112021200
1120212002
1202120021
2021200211
0212002113
2120021131
1200211311
2002113113
0021131132
0211311322
2113113220
1131132202
1311322021
3113220211
1132202113
1322021131
3220211311
2202113112
2021131122
0211311222
2113112222
1131122222
1311222222
3112222222
1122222221
1222222210
2222222102
2222221022
2222210220
2222102202
2221022022
2210220221
2102202210
1022022102
0220221021
2202210212
2022102121
0221021213
2210212131
2102121313
1021213132
0212131321
2121313211
1213132111
2131321110
1313211102
3132111022
1321110220
3211102202
2111022020
1110220202
1102202022
1022020220
0220202202
2202022021
2020220213
0202202131
2022021311
0220213113
2202131131
2021311311
0213113110
2131131102
1311311021
3113110212
1131102122
1311021222
3110212222
1102122220
1021222202
0212222020
2122220202
1222202020
2222020200
2220202001
2202020010
2020200102
0202001022
2020010220
0200102202
2001022021
0010220212
0102202121
1022021213
0220212132
2202121321
2021213211
0212132113
2121321132
1213211322
2132113220
1321132202
3211322022
2113220220
1132202202
1322022021
3220220213
2202202132
2022021322
0220213220
2202132202
2021322020
0213220200
2132202002
1322020022
3220200220
2202002202
2020022020
0200220202
2002202020
0022020202
0220202021
2202020213
2020202131
0202021313
2020213131
0202131311
2021313113
0213131130
2131311303
1313113033
3131130332
1311303322
3113033221
1130332213
1303322132
3033221320
0332213202
3322132021
3221320213
2213202132
2132021322
1320213220
3202132202
2021322020
0213220200
2132202002
1322020022
3220200220
2202002202
2020022022
0200220220
2002202202
0022022020
0220220200
2202202000
2022020002
0220200020
2202000202
2020002020
0200020200
2000202002
0002020022
0020200220
0202002201
2020022013
0200220132
2002201322
0022013223
0220132230
2201322301
2013223013
0132230130
1322301301
3223013012
2230130121
2301301213
3013012131
0130121310
1301213102
3012131021
0121310213
1213102132
2131021321
1310213210
3102132102
1021321020
0213210200
2132102003
1321020031
3210200313
2102003132
1020031320
0200313201
2003132011
0031320110
0313201100
3132011002
1320110020
3201100202
2011002022
0110020220
1100202203
1002022031
0020220312
0202203120
2022031201
0220312010
2203120102
2031201021
0312010211
3120102113
1201021132
2010211321
0102113211
1021132112
0211321121
2113211213
1132112131
1321121310
3211213101
2112131012
1121310122
1213101220
2131012202
1310122020
3101220200
1012202001
0122020013
1220200133
2202001331
2020013310
0200133101
2001331011
0013310111
0133101113
1331011132
3310111321
3101113210
1011132102
0111321020
1113210201
1132102012
1321020122
3210201220
2102012201
1020122010
0201220103
2012201032
0122010320
1220103202
2201032023
2010320231
0103202312
1032023121
0320231211
3202312112
2023121123
0231211231
2312112310
3121123102
1211231021
2112310213
1123102132
1231021322
2310213220
3102132202
1021322023
0213220233
2132202331
1322023312
3220233120
2202331202
2023312022
0233120221
2331202213
3312022131
3120221312
1202213123
2022131231
0221312310
2213123102
2131231020
1312310203
3123102031
1231020311
2310203112
3102031121
1020311213
0203112131
2031121310
0311213102
3112131021
1121310212
1213102120
2131021203
1310212032
3102120322
1021203220
0212032200
2120322002
1203220020
2032200202
0322002021
3220020210
2200202102
2002021021
0020210213
0202102132
2021021322
0210213222
2102132220
1021322203
0213222031
2132220311
1322203113
3222031132
2220311323
2203113231
2031132310
0311323102
3113231022
1132310220
1323102202
3231022020
2310220203
3102202032
1022020322
0220203220
2202032202
2020322020
0203220202
2032202022
0322020220
3220202202
2202022022
2020220222
0202202221
2022022213
0220222131
2202221310
2022213102
0222131022
2221310221
2213102213
2131022131
1310221312
3102213123
1022131232
0221312323
2213123231
2131232313
1312323131
3123231313
1232313131
2323131310
3231313101
2313131010
3131310103
1313101031
3131010311
1310103110
3101031102
1010311021
0103110210
1031102102
0311021020
3110210203
1102102031
1021020312
0210203120
2102031202
1020312020
0203120200
2031202002
0312020022
3120200220
1202002201
2020022012
0200220123
2002201231
0022012311
0220123113
2201231132
2012311321
0123113212
1231132123
2311321231
3113212313
1132123132
1321231322
3212313222
2123132220
1231322202
2313222021
3132220213
1322202131
3222021312
2220213123
2202131231
2021312313
0213123132
2131231321
1312313210
3123132102
1231321022
2313210222
3132102222
1321022222
3210222220
2102222203
1022222032
0222220320
2222203200
2222032000
2220320001
2203200013
2032000131
0320001310
3200013102
2000131020
0001310202
0013102021
0131020212
1310202120
3102021201
1020212010
0202120102
2021201021
0212010210
2120102102
1201021021
2010210212
0102102120
1021021201
0210212013
2102120133
1021201330
0212013301
2120133011
1201330113
2013301132
0133011322
1330113221
3301132210
3011322101
0113221013
1132210131
1322101310
3221013102
2210131020
2101310202
1013102021
0131020213
1310202131
3102021311
1020213110
0202131102
2021311021
0213110210
2131102102
1311021021
3110210211
1102102112
1021021120
0210211203
2102112033
1021120332
0211203322
2112033220
1120332202
1203322021
2033220210
0332202101
3322021012
3220210120
2202101202
2021012021
0210120211
2101202112
1012021122
0120211221
1202112211
2021122110
0211221100
2112211003
1122110032
1221100320
2211003202
2110032022
1100320221
1003202212
0032022120
0320221202
3202212021
2022120213
0221202130
2212021301
2120213013
1202130131
2021301311
0213013112
2130131123
1301311232
3013112321
0131123211
1311232113
3112321131
1123211312
1232113120
2321131201
3211312012
2113120120
1131201200
1312012003
3120120031
1201200310
2012003101
0120031011
1200310110
2003101102
0031011021
0310110211
3101102110
1011021101
0110211011
1102110113
1021101132
0211011322
2110113222
1101132220
1011322200
0113222001
1132220011
1322200110
3222001100
2220011002
2200110022
2001100223
0011002232
0110022322
1100223220
1002232202
0022322020
0223220203
2232202032
2322020322
3220203223
2202032232
2020322323
0203223230
2032232301
0322323010
3223230102
2232301021
2323010211
3230102113
2301021132
3010211321
0102113213
1021132132
0211321323
2113213231
1132132311
1321323110
3213231103
2132311032
1323110321
3231103213
2311032132
3110321322
1103213222
1032132222
0321322220
3213222201
2132222013
1322220131
3222201310
2222013101
2220131012
2201310120
2013101203
0131012030
1310120300
3101203002
1012030022
0120300220
1203002201
2030022012
0300220120
3002201201
0022012010
0220120103
2201201032
2012010323
0120103231
1201032312
2010323121
0103231212
1032312121
0323121210
3231212101
2312121012
3121210121
1212101213
2121012132
1210121321
2101213213
1012132132
0121321322
1213213221
2132132211
1321322110
3213221103
2132211032
1322110323
3221103231
2211032312
2110323123
1103231231
1032312311
0323123113
3231231131
2312311313
3123113131
1231131310
2311313102
3113131022
1131310220
1313102201
3131022013
1310220131
3102201312
1022013123
0220131232
2201312321
2013123210
0131232103
1312321031
3123210312
1232103121
2321031211
3210312110
2103121103
1031211032
0312110321
3121103212
1211032123
2110321231
1103212310
1032123102
0321231023
3212310231
2123102312
1231023122
2310231222
3102312221
1023122213
0231222132
2312221321
3122213211
1222132113
2221321132
2213211321
2132113211
1321132112
3211321121
2113211213
1132112132
1321121321
3211213213
2112132131
1121321310
1213213103
2132131031
1321310311
3213103110
2131031102
1310311021
3103110213
1031102132
0311021321
3110213213
1102132132
1021321321
0213213210
2132132101
1321321012
3213210122
2132101221
1321012210
3210122100
2101221001
1012210012
0122100120
1221001201
2210012010
2100120100
1001201002
0012010022
0120100220
1201002201
2010022013
0100220131
1002201311
0022013111
0220131113
2201311132
2013111321
0131113213
1311132132
3111321321
1113213213
1132132132
1321321322
3213213222
2132132222
1321322220
3213222200
2132222001
1322220013
3222200131
2222001311
2220013111
2200131112
2001311121
0013111212
0131112122
1311121221
3111212210
1112122102
1121221021
1212210210
2122102100
1221021002
2210210022
2102100220
1021002202
0210022022
2100220221
1002202212
0022022120
0220221202
2202212022
2022120222
0221202221
2212022212
2120222120
1202221202
2022212022
0222120222
2221202221
2212022212
2120222123
1202221231
2022212313
0222123132
2221231321
2212313212
2123132122
1231321221
2313212212
3132122121
1321221213
3212212132
2122121321
1221213210
2212132101
2121321010
1213210100
2132101001
1321010010
3210100103
2101001031
1010010312
0100103123
1001031232
0010312321
0103123210
1031232101
0312321010
3123210102
1232101021
2321010211
3210102110
2101021100
1010211001
0102110011
1021100112
0211001122
2110011220
1100112201
1001122012
0011220120
0112201203
1122012030
1220120300
2201203002
2012030020
0120300202
1203002020
2030020202
0300202022
3002020221
0020202211
0202022112
2020221122
0202211221
2022112212
0221122121
2211221212
2112212120
1122121202
1221212020
2212120203
2121202031
1212020310
2120203102
1202031020
2020310202
0203102023
2031020232
0310202321
3102023213
1020232131
0202321311
2023213110
0232131101
2321311011
3213110113
2131101132
1311011321
3110113213
1101132132
1011321322
0113213220
1132132200
1321322001
3213220010
2132200100
1322001002
3220010023
2200100232
2001002320
0010023202
0100232022
1002320221
0023202210
0232022103
2320221033
3202210330
2022103301
0221033013
2210330132
2103301321
1033013212
0330132120
3301321202
3013212022
0132120220
1321202202
3212022023
2120220232
1202202321
2022023213
0220232132
2202321322
2023213220
0232132202
2321322021
3213220213
2132202132
1322021322
3220213221
2202132210
2021322102
0213221022
2132210220
1322102202
3221022020
2210220200
2102202001
1022020011
0220200110
2202001101
2020011012
0200110120
2001101202
0011012020
0110120202
1101202022
1012020222
0120202222
1202022221
2020222212
0202222123
2022221232
0222212322
2222123220
2221232201
2212322011
2123220110
1232201102
2322011022
3220110220
2201102202
2011022022
0110220220
1102202201
1022022010
0220220100
2202201001
2022010011
0220100111
2201001111
2010011110
0100111103
1001111032
0011110321
0111103211
1111032112
1110321123
1103211231
1032112313
0321123131
3211231311
2112313110
1123131102
1231311023
2313110232
3131102322
1311023220
3110232202
1102322021
1023220210
0232202103
2322021031
3220210310
2202103102
2021031020
0210310203
2103102031
1031020313
0310203132
3102031323
1020313231
0203132311
2031323112
0313231122
3132311221
1323112213
3231122132
2311221323
3112213231
1122132313
1221323132
2213231321
2132313212
1323132123
3231321231
2313212311
3132123113
1321231132
3212311320
2123113203
1231132032
2311320320
3113203200
1132032002
1320320021
3203200213
2032002133
0320021333
3200213331
2002133311
0021333113
0213331133
2133311331
1333113312
3331133120
3311331201
3113312012
1133120120
1331201202
3312012022
3120120220
1201202202
2012022021
0120220210
1202202103
2022021031
0220210312
2202103122
2021031221
0210312210
2103122101
1031221012
0312210121
3122101211
1221012110
2210121103
2101211032
1012110320
0121103200
1211032001
2110320012
1103200120
1032001202
0320012021
3200120213
2001202132
0012021322
0120213222
1202132223
2021322232
0213222322
2132223223
1322232231
3222322313
2223223130
2232231301
2322313010
3223130102
2231301022
2313010221
3130102212
1301022122
3010221223
0102212232
1022122322
0221223221
2212232213
2122322132
1223221320
2232213202
2322132021
3221320213
2213202132
2132021321
1320213213
3202132132
2021321321
0213213210
2132132102
1321321022
3213210223
2132102232
1321022322
3210223220
2102232201
1022322013
0223220132
2232201323
2322013232
3220132320
2201323202
2013232020
0132320203
1323202032
3232020323
2320203233
3202032331
2020323312
0203233122
2032331223
0323312231
3233122313
2331223132
3312231320
3122313202
1223132021
2231320210
2313202102
3132021021
1320210212
3202102120
2021021203
0210212031
2102120310
1021203101
0212031013
2120310130
1203101301
2031013010
0310130102
3101301021
1013010212
0130102123
1301021232
3010212320
0102123201
1021232012
0212320121
2123201213
1232012132
2320121321
3201213212
2012132120
0121321201
1213212012
2132120121
1321201213
3212012130
2120121301
1201213012
2012130121
0121301211
1213012112
2130121122
1301211221
3012112210
0121122103
1211221032
2112210322
1122103222
1221032221
2210322211
2103222113
1032221131
0322211310
3222113101
2221131011
2211310110
2113101100
1131011001
1310110011
3101100113
1011001131
0110011310
1100113101
1001131011
0011310113
0113101133
1131011333
1310113332
3101133322
1011333220
0113332202
1133322020
1333220201
3332202012
3322020123
3220201232
2202012322
2020123221
0201232211
2012322110
0123221100
1232211001
2322110010
3221100100
2211001002
2110010022
1100100221
1001002211
0010022110
0100221101
1002211012
0022110121
0221101213
2211012132
2110121323
1101213232
1012132321
0121323213
1213232131
2132321311
1323213110
3232131103
2321311032
3213110320
2131103200
1311032002
3110320022
1103200222
1032002221
0320022213
3200222132
2002221321
0022213210
0222132103
2221321032
2213210320
2132103202
1321032022
3210320222
2103202221
1032022212
0320222120
3202221203
2022212032
0222120322
2221203223
2212032232
2120322322
1203223221
2032232211
0322322111
3223221110
2232211102
2322111021
3221110213
2211102132
2111021320
1110213200
1102132002
1021320023
0213200231
2132002311
1320023112
3200231120
2002311201
0023112010
0231120102
2311201023
3112010232
1120102320
1201023200
2010232002
0102320020
1023200201
0232002011
2320020113
3200201132
2002011321
0020113210
0201132102
2011321021
0113210210
1132102102
1321021022
3210210223
2102102232
1021022320
0210223203
2102232030
1022320302
0223203021
2232030211
2320302110
3203021102
2030211021
0302110212
3021102123
0211021231
2110212311
1102123113
1021231132
0212311320
2123113202
1231132022
2311320220
3113202200
1132022001
1320220013
3202200133
2022001332
0220013323
2200133231
2001332312
0013323123
0133231232
1332312322
3323123221
3231232212
2312322121
3123221212
1232212121
2322121211
3221212112
2212121120
2121211201
1212112012
2121120123
1211201232
2112012320
1120123200
1201232001
2012320010
0123200102
1232001021
2320010210
3200102100
2001021002
0010210020
0102100200
1021002000
0210020000
2100200001
1002000013
0020000131
0200001313
2000013132
0000131320
0001313202
0013132020
0131320202
1313202020
3132020202
1320202022
3202020223
2020202231
0202022312
2020223122
0202231221
2022312210
0223122102
2231221021
2312210212
3122102123
1221021232
2210212321
2102123212
1021232120
0212321202
2123212021
1232120213
2321202131
3212021313
2120213132
1202131320
2021313201
0213132011
2131320112
1313201122
3132011221
1320112213
3201122132
2011221321
0112213212
1122132121
1221321211
2213212111
2132121113
1321211132
3212111322
2121113220
1211132202
2111322022
1113220223
1132202231
1322022311
3220223110
2202231102
2022311020
0223110200
2231102002
2311020022
3110200220
1102002202
1020022023
0200220231
2002202311
0022023110
0220231101
2202311011
2023110111
0231101113
2311011132
3110111320
1101113200
1011132002
0111320023
1113200231
1132002313
1320023132
3200231323
2002313231
0023132311
0231323113
2313231131
3132311313
1323113131
3231131313
2311313132
3113131321
1131313213
1313132131
3131321313
1313213132
3132131323
1321313232
3213132322
2131323220
1313232200
3132322001
1323220011
3232200113
2322001131
3220011313
2200113131
2001131312
0011313122
0113131221
1131312212
1313122121
3131221210
1312212101
3122121013
1221210132
2212101321
2121013210
1210132101
2101321010
1013210102
0132101020
1321010202
3210102020
2101020200
1010202001
0102020010
1020200100
0202001000
2020010002
0200100021
2001000213
0010002132
0100021320
1000213203
0002132030
0021320303
0213203031
2132030313
1320303132
3203031321
2030313213
0303132131
3031321311
0313213112
3132131123
1321311232
3213112322
2131123220
1311232201
3112322012
1123220122
1232201222
2322012222
3220122221
2201222213
2012222131
0122221313
1222213132
2222131322
2221313222
2213132221
2131322213
1313222133
3132221333
1322213331
3222133313
2221333132
2213331322
2133313223
1333132232
3331322322
3313223222
3132232220
1322322200
3223222001
2232220012
2322200121
3222001213
2220012132
2200121320
2001213201
0012132012
0121320121
1213201210
2132012101
1320121011
3201210112
2012101121
0121011210
1210112102
2101121021
1011210211
0112102110
1121021101
1210211010
2102110101
1021101011
0211010110
2110101100
1101011001
1010110010
0101100101
1011001012
0110010121
1100101213
1001012131
0010121312
0101213121
1012131213
0121312130
1213121303
2131213031
1312130310
3121303103
1213031031
2130310312
1303103120
3031031202
0310312020
3103120202
1031202021
0312020212
3120202122
1202021222
2020212222
0202122222
2021222220
0212222202
2122222022
1222220221
2222202210
2222022103
2220221031
2202210311
2022103113
0221031132
2210311320
2103113202
1031132022
0311320220
3113202200
1132022001
1320220012
3202200123
2022001232
0220012323
2200123231
2001232311
0012323110
0123231102
1232311021
2323110211
3231102113
2311021131
3110211310
1102113103
1021131031
0211310312
2113103121
1131031211
1310312110
3103121101
1031211011
0312110110
3121101100
1211011001
2110110012
1101100120
1011001202
0110012022
1100120221
1001202212
0012022121
0120221210
1202212101
2022121010
0221210102
2212101022
2121010221
1210102210
2101022102
1010221020
0102210203
1022102031
0221020311
2210203113
2102031132
1020311321
0203113212
2031132120
0311321202
3113212020
1132120201
1321202011
3212020110
2120201101
1202011012
2020110122
0201101221
2011012213
0110122132
1101221321
1012213211
0122132113
1221321132
2213211321
2132113211
1321132111
3211321110
2113211101
1132111013
1321110131
3211101313
2111013132
1110131321
1101313213
1013132132
0131321321
1313213210
3132132102
1321321021
3213210210
2132102101
1321021011
3210210113
2102101132
1021011320
0210113200
2101132002
1011320023
0113200231
1132002313
1320023131
3200231310
2002313101
0023131010
0231310102
2313101021
3131010211
1310102113
3101021131
1010211310
0102113101
1021131011
0211310110
2113101103
1131011031
1310110312
3101103123
1011031231
0110312313
1103123131
1031231311
0312313110
3123131100
1231311001
2313110012
3131100121
1311001211
3110012113
1100121132
1001211321
0012113212
0121132122
1211321220
2113212200
1132122001
1321220012
3212200121
2122001213
1220012131
2200121313
2001213132
0012131322
0121313220
1213132200
2131322001
1313220011
3132200113
1322001133
3220011333
2200113331
2001133312
0011333122
0113331221
1133312211
1333122111
3331221112
3312211120
3122111202
1221112020
2211120201
2111202012
1112020121
1120201211
1202012110
2020121100
0201211002
2012110022
0121100220
1211002201
2110022011
1100220110
1002201102
0022011022
0220110220
2201102202
2011022022
0110220221
1102202210
1022022103
0220221033
2202210332
2022103323
0221033232
2210332322
2103323222
1033232220
0332322202
3323222021
3232220213
2322202132
3222021322
2220213222
2202132221
2021322212
0213222121
2132221213
1322212132
3222121323
2221213232
2212132322
2121323222
1213232221
2132322210
1323222103
3232221032
2322210323
3222103233
2221032332
2210323321
2103233212
1032332121
0323321210
3233212100
2332121001
3321210011
3212100113
2121001131
1210011310
2100113103
1001131031
0011310311
0113103110
1131031101
1310311013
3103110131
1031101310
0311013101
3110131012
1101310121
1013101211
0131012110
1310121101
3101211010
1012110100
0121101002
1211010020
2110100203
1101002032
1010020320
0100203203
1002032031
0020320312
0203203121
2032031211
0320312110
3203121103
2031211032
0312110322
3121103222
1211032221
2110322210
1103222102
1032221021
0322210212
3222102121
2221021211
2210212112
2102121121
1021211211
0212112112
2121121121
1211211213
2112112131
1121121313
1211213132
2112131321
1121313212
1213132121
2131321210
1313212100
3132121001
1321210011
3212100113
2121001132
1210011320
2100113203
1001132032
0011320322
0113203221
1132032211
1320322110
3203221100
2032211001
0322110011
3221100112
2211001122
2110011221
1100112211
1001122112
0011221122
0112211221
1122112212
1221122120
2211221202
2112212022
1122120223
1221202230
2212022301
2120223010
1202230100
2022301000
0223010002
2230100020
2301000201
3010002012
0100020121
1000201211
0002012110
0020121102
0201211021
2012110212
0121102123
1211021232
2110212322
1102123223
1021232232
0212322323
2123223231
1232232312
2322323121
3223231211
2232312112
2323121122
3231211222
2312112221
3121122212
1211222121
2112221211
1122212112
1222121122
2221211221
2212112212
2121122121
1211221211
2112212111
1122121111
1221211111
2212111113
2121111131
1211111312
2111113121
1111131213
1111312132
1113121321
1131213210
1312132101
3121321012
1213210121
2132101211
1321012110
3210121102
2101211022
1012110220
0121102200
1211022002
2110220021
1102200210
1022002102
0220021020
2200210200
2002102002
0021020022
0210200221
2102002213
1020022131
0200221313
2002213132
0022131323
0221313233
2213132331
2131323312
1313233120
3132331202
1323312022
3233120220
2331202202
3312022021
3120220213
1202202132
2022021322
0220213220
2202132201
2021322012
0213220121
2132201211
1322012111
3220121110
2201211102
2012111021
0121110210
1211102102
2111021021
1110210213
1102102132
1021021323
0210213231
2102132310
1021323102
0213231020
2132310202
1323102020
3231020201
2310202011
3102020113
1020201133
0202011331
2020113312
0201133120
2011331201
0113312010
1133120100
1331201001
3312010010
3120100103
1201001031
2010010312
0100103120
1001031201
0010312010
0103120100
1031201001
0312010011
3120100113
1201001132
2010011320
0100113202
1001132021
0011320211
0113202111
1132021112
1320211120
3202111200
2021112002
0211120022
2111200221
1112002210
1120022102
1200221021
2002210212
0022102121
0221021210
2210212101
2102121010
1021210102
0212101022
2121010220
1210102200
2101022002
1010220022
0102200222
1022002222
0220022221
2200222212
2002222122
0022221222
0222212222
2222122221
2221222213
2212222132
2122221321
1222213210
2222132102
2221321021
2213210212
2132102122
1321021221
3210212212
2102122121
1021221211
0212212110
2122121101
1221211012
2212110122
2121101222
1211012222
2110122222
1101222222
1012222222
0122222222
1222222222
2222222221
2222222212
2222222122
2222221221
2222212211
2222122111
2221221112
2212211120
2122111201
1221112012
2211120121
2111201212
1112012121
1120121213
1201212131
2012121313
0121213133
1212131330
2121313301
1213133010
2131330101
1313301011
3133010110
1330101100
3301011001
3010110010
0101100101
1011001012
0110010121
1100101211
1001012111
0010121112
0101211123
1012111233
0121112331
1211123313
2111233132
1112331323
1123313231
1233132311
2331323110
3313231102
3132311021
1323110211
3231102111
2311021112
3110211120
1102111200
1021112002
0211120020
2111200202
1112002021
1120020210
1200202101
2002021011
0020210112
0202101120
2021011201
0210112012
2101120122
1011201222
0112012223
1120122231
1201222312
2012223120
0122231200
1222312002
2223120021
2231200212
2312002122
3120021220
1200212201
2002122012
0021220120
0212201202
2122012021
1220120212
2201202120
2012021202
0120212022
1202120220
2021202202
0212022021
2120220211
1202202112
2022021123
0220211233
2202112331
2021123312
0211233121
2112331211
1123312111
1233121112
2331211122
3312111221
3121112211
1211122111
2111221112
1112211123
1122111232
1221112323
2211123233
2111232331
1112323311
1123233111
1232331112
2323311121
3233111211
2331112111
3311121110
3111211102
1112111021
1121110212
1211102123
2111021231
1110212311
1102123112
1021231122
0212311222
2123112221
1231122212
2311222123
3112221231
1122212311
1222123110
2221231102
2212311021
2123110212
1231102120
2311021201
3110212010
1102120102
1021201021
0212010211
2120102113
1201021131
2010211310
0102113100
1021131001
0211310010
2113100102
1131001021
1310010212
3100102123
1001021231
0010212310
0102123101
1021231012
0212310120
2123101202
1231012021
2310120212
3101202121
1012021210
0120212102
1202121020
2021210201
0212102012
2121020122
1210201222
2102012223
1020122230
0201222301
2012223012
0122230122
1222301220
2223012200
2230122000
2301220001
3012200011
0122000112
1220001121
2200011212
2000112122
0001121221
0011212210
0112122100
1121221000
1212210000
2122100001
1221000011
2210000110
2100001100
1000011000
0000110001
0001100011
0011000112
0110001123
1100011231
1000112311
0001123110
0011231101
0112311011
1123110112
1231101120
2311011202
3110112021
1101120211
1011202112
0112021123
1120211233
1202112331
2021123313
0211233130
2112331301
1123313013
1233130131
2331301311
3313013113
3130131131
1301311312
3013113122
0131131220
1311312201
3113122012
1131220120
1312201202
3122012020
1220120200
2201202001
2012020012
0120200122
1202001220
2020012202
0200122022
2001220221
0012202210
0122022100
1220221001
2202210010
2022100100
0221001002
2210010023
2100100232
1001002321
0010023213
0100232132
1002321321
0023213212
0232132123
2321321231
3213212313
2132123130
1321231301
3212313010
2123130102
1231301022
2313010220
3130102200
1301022002
3010220023
0102200230
1022002301
0220023011
2200230111
2002301112
0023011122
0230111221
2301112211
3011122112
0111221120
1112211201
1122112011
1221120113
2211201132
2112011322
1120113221
1201132212
2011322121
0113221210
1132212101
1322121010
3221210100
2212101002
2121010020
1210100203
2101002031
1010020311
0100203112
1002031121
0020311210
0203112102
2031121021
0311210212
3112102121
1121021211
1210212110
2102121100
1021211001
0212110011
2121100110
1211001103
2110011030
1100110303
1001103032
0011030322
0110303221
1103032212
1030322122
0303221220
3032212201
0322122012
3221220120
2212201201
2122012012
1220120120
2201201201
2012012012
0120120122
1201201221
2012012212
0120122122
1201221221
2012212212
0122122120
1221221202
2212212021
2122120213
1221202132
2212021322
2120213220
1202132201
2021322010
0213220101
2132201012
1322010121
3220101211
2201012111
2010121110
0101211103
1012111031
0121110310
1211103100
2111031001
1110310013
1103100130
1031001301
0310013010
3100130102
1001301021
0013010211
0130102113
1301021131
3010211310
0102113100
1021131002
0211310023
2113100230
1131002301
1310023013
3100230131
1002301311
0023013112
0230131120
2301311201
3013112012
0131120120
1311201202
3112012021
1120120210
1201202102
2012021021
0120210213
1202102132
2021021320
0210213200
2102132001
1021320013
0213200131
2132001313
1320013132
3200131322
2001313222
0013132221
0131322212
1313222123
3132221231
1322212310
3222123102
2221231020
2212310202
2123102021
1231020211
2310202111
3102021112
1020211120
0202111202
2021112021
0211120211
2111202110
1112021101
1120211011
1202110112
2021101121
0211011212
2110112122
1101121221
1011212212
0112122121
1121221211
1212212112
2122121121
1221211210
2212112102
2121121020
1211210202
2112102020
1121020202
1210202021
2102020212
1020202120
0202021202
2020212022
0202120220
2021202202
0212022022
2120220220
1202202201
2022022012
0220220120
2202201202
2022012021
0220120211
2201202112
2012021121
0120211213
1202112132
2021121322
0211213220
2112132201
1121322012
1213220121
2132201211
1322012111
3220121112
2201211122
2012111221
0121112213
1211122132
2111221321
1112213212
1122132122
1221321221
2213212212
2132122121
1321221211
3212212112
2122121121
1221211212
2212112122
2121121223
1211212232
2112122320
1121223201
1212232013
2122320131
1223201312
2232013122
2320131221
3201312213
2013122131
0131221311
1312213111
3122131110
1221311100
2213111000
2131110002
1311100022
3111000222
1110002220
1100022200
1000222001
0002220011
0022200112
0222001121
2220011210
2200112103
2001121032
0011210322
0112103221
1121032212
1210322121
2103221211
1032212111
0322121110
3221211101
2212111012
2121110121
1211101211
2111012112
1110121121
1101211211
1012112112
0121121121
1211211210
2112112102
1121121021
1211210212
2112102121
1121021213
1210212130
2102121303
1021213030
0212130303
2121303031
1213030312
2130303121
1303031213
3030312130
0303121301
3031213012
0312130122
3121301221
1213012210
2130122100
1301221001
3012210010
0122100103
1221001031
2210010310
2100103100
1001031000
0010310001
0103100013
1031000130
0310001301
3100013010
1000130102
0001301021
0013010212
0130102122
1301021221
3010212212
0102122120
1021221202
0212212022
2122120221
1221202212
2212022122
2120221221
1202212210
2022122101
0221221011
2212210112
2122101122
1221011220
2210112202
2101122021
1011220210
0112202102
1122021021
1220210211
2202102112
2021021120
0210211203
2102112031
1021120312
0211203120
2112031201
1120312013
1203120130
2031201301
0312013010
3120130102
1201301021
2013010211
0130102113
1301021132
3010211320
0102113200
1021132002
0211320023
2113200230
1132002301
1320023012
3200230122
2002301221
0023012212
0230122121
2301221211
3012212112
0122121120
1221211201
2212112012
2121120123
1211201232
2112012320
1120123201
1201232011
2012320111
0123201112
1232011121
2320111210
3201112100
2011121000
0111210001
1112100011
1121000113
1210001131
2100011313
1000113132
0001131323
0011313233
0113132331
1131323310
1313233100
3132331000
1323310001
3233100011
2331000113
3310001132
3100011320
1000113202
0001132022
0011320220
0113202202
1132022020
1320220202
3202202021
2022020212
0220202121
2202021211
2020212111
0202121111
2021211111
0212111111
2121111111
1211111111
2111111113
1111111131
1111111310
1111113102
1111131021
1111310210
1113102101
1131021011
1310210111
3102101111
1021011111
0210111113
2101111131
1011111311
0111113111
1111131111
1111311111
1113111112
1131111121
1311111211
3111112112
1111121123
1111211231
1112112311
1121123113
1211231131
2112311311
1123113112
1231131121
2311311213
3113112130
1131121300
1311213001
3112130010
1121300100
1213001002
2130010021
1300100213
3001002131
0010021311
0100213112
1002131121
0021311211
0213112111
2131121111
1311211111
3112111111
1121111112
1211111121
2111111213
1111112132
1111121321
1111213211
1112132112
1121321120
1213211201
2132112011
1321120110
3211201100
2112011002
1120110021
1201100212
2011002121
0110021211
1100212111
1002121112
0021211121
0212111211
2121112112
1211121121
2111211211
1112112111
1121121110
1211211100
2112111000
1121110002
1211100022
2111000221
1110002210
1100022102
1000221021
0002210211
0022102110
0221021102
2210211022
2102110220
1021102202
0211022022
2110220221
1102202212
1022022121
0220221211
2202212112
2022121121
0221211210
2212112102
2121121020
1211210201
2112102012
1121020123
1210201230
2102012301
1020123013
0201230132
2012301321
0123013212
1230132123
2301321232
3013212322
0132123220
1321232202
3212322022
2123220220
1232202201
2322022010
3220220101
2202201012
2022010121
0220101211
2201012111
2010121110
0101211103
1012111031
0121110313
1211103132
2111031321
1110313213
1103132133
1031321331
0313213313
3132133131
1321331313
3213313130
2133131302
1331313022
3313130222
3131302222
1313022221
3130222213
1302222131
3022221311
0222213113
2222131131
2221311312
2213113121
2131131213
1311312132
3113121323
1131213231
1312132311
3121323113
1213231131
2132311312
1323113121
3231131213
2311312132
3113121323
1131213231
1312132310
3121323103
1213231031
2132310312
1323103122
3231031220
2310312202
3103122022
1031220220
0312202200
3122022002
1220220020
2202200202
2022002022
0220020220
2200202202
2002022022
0020220220
0202202202
2022022022
0220220220
2202202203
2022022032
0220220322
2202203222
2022032220
0220322202
2203222022
2032220220
0322202200
3222022002
2220220020
2202200202
2022002022
0220020220
2200202202
2002022022
0020220222
0202202222
2022022222
0220222222
2202222222
2022222222
0222222222
2222222222
2222222221
2222222210
2222222102
2222221021
2222210212
2222102120
2221021201
2210212013
2102120130
1021201301
0212013011
2120130111
1201301111
2013011110
0130111101
1301111012
3011110121
0111101213
1111012133
1110121331
1101213311
1012133113
0121331132
1213311323
2133113232
1331132320
3311323202
3113232021
1132320212
1323202120
3232021202
2320212020
3202120200
2021202002
0212020022
2120200220
1202002202
2020022022
0200220220
2002202202
0022022021
0220220210
2202202102
2022021021
0220210210
2202102102
2021021021
0210210212
2102102123
1021021231
0210212310
2102123102
1021231021
0212310210
2123102102
1231021020
2310210200
3102102002
1021020022
0210200220
2102002202
1020022022
0200220221
2002202212
0022022121
0220221210
2202212102
2022121020
0221210202
2212102023
2121020231
1210202310
2102023102
1020231020
0202310201
2023102011
0231020113
2310201131
3102011311
1020113110
0201131102
2011311021
0113110212
1131102121
1311021213
3110212132
1102121321
1021213211
0212132112
2121321121
1213211213
2132112132
1321121321
3211213213
2112132132
1121321321
1213213213
2132132132
1321321321
3213213213
2132132132
1321321321
3213213213
2132132132
1321321321
3213213211
2132132112
1321321121
3213211211
2132112112
1321121121
3211211211
2112112112
1121121121
1211211211
2112112113
1121121131
1211211313
2112113130
1121131302
1211313022
2113130222
1131302222
1313022222
3130222221
1302222212
3022222120
0222221201
2222212012
2222120121
2221201210
2212012102
2120121021
1201210211
2012102110
0121021101
1210211011
2102110110
1021101103
0211011031
2110110310
1101103103
1011031031
0110310310
1103103103
1031031031
0310310310
3103103103
1031031031
0310310310
3103103101
1031031012
0310310123
3103101232
1031012320
0310123201
3101232010
1012320103
0123201031
1232010311
2320103113
3201031131
2010311311
0103113112
1031131122
0311311221
3113112212
1131122121
1311221211
3112212111
1122121112
1221211122
2212111220
2121112201
1211122012
2111220121
1112201211
1122012112
1220121120
2201211200
2012112002
0121120020
1211200202
2112002021
1120020211
1200202111
2002021111
0020211111
0202111111
2021111111
0211111112
2111111120
1111111202
1111112021
1111120211
1111202112
1112021121
1120211211
1202112112
2021121123
0211211230
2112112301
1121123012
1211230121
2112301213
1123012131
1230121310
2301213102
3012131022
0121310220
1213102202
2131022020
1310220201
3102202012
1022020121
0220201211
2202012112
2020121121
0201211213
2012112132
0121121320
1211213203
2112132032
1121320323
1213203233
2132032331
1320323310
3203233102
2032331021
0323310211
3233102112
2331021121
3310211213
3102112132
1021121321
0211213210
2112132101
1121321011
1213210113
2132101131
1321011311
3210113112
2101131123
1011311231
0113112310
1131123102
1311231021
3112310213
1123102131
1231021313
2310213131
3102131313
1021313132
0213131322
2131313220
1313132201
3131322010
1313220102
3132201021
1322010213
3220102133
2201021331
2010213313
0102133131
1021331311
0213313110
2133131101
1331311011
3313110113
3131101131
1311011311
3110113113
1101131131
1011311311
0113113110
1131131103
1311311031
3113110312
1131103121
1311031211
3110312113
1103121131
1031211312
0312113123
3121131231
1211312312
2113123122
1131231223
1312312232
3123122321
1231223212
2312232121
3122321210
1223212102
2232121021
2321210210
3212102102
2121021021
1210210212
2102102120
1021021202
0210212021
2102120211
1021202112
0212021123
2120211232
1202112321
2021123210
0211232102
2112321021
1123210212
1232102122
2321021221
3210212210
2102122103
1021221032
0212210321
2122103211
1221032112
2210321120
2103211202
1032112021
0321120212
3211202122
2112021221
1120212212
1202122123
2021221232
0212212322
2122123223
1221232232
2212322320
2123223202
1232232023
2322320231
3223202311
2232023111
2320231110
3202311102
2023111021
0231110212
2311102120
3111021203
1110212031
1102120313
1021203132
0212031321
2120313211
1203132111
2031321112
0313211120
3132111201
1321112010
3211120102
2111201021
1112010211
1120102111
1201021112
2010211122
0102111222
1021112222
0211122221
2111222210
1112222102
1122221020
1222210201
2222102012
2221020120
2210201203
2102012032
1020120321
0201203211
2012032113
0120321131
1203211311
2032113112
0321131120
3211311202
2113112021
1131120211
1311202112
3112021121
1120211212
1202112121
2021121211
0211212110
2112121100
1121211002
1212110020
2121100201
1211002012
2110020121
1100201211
1002012112
0020121121
0201211211
2012112112
0121121121
1211211211
2112112112
1121121121
1211211211
2112112111
1121121110
1211211102
2112111021
1121110210
1211102102
2111021021
1110210210
1102102100
1021021000
0210210001
2102100010
1021000102
0210001022
2100010220
1000102202
0001022020
0010220200
0102202002
1022020020
0220200200
2202002002
2020020020
0200200200
2002002002
0020020021
0200200210
2002002102
0020021022
0200210220
2002102202
0021022022
0210220220
2102202202
1022022022
0220220220
2202202202
2022022020
0220220202
2202202021
2022020210
0220202102
2202021021
2020210212
0202102121
2021021212
0210212122
2102121220
1021212201
0212122012
2121220123
1212201231
2122012310
1220123103
2201231032
2012310321
0123103213
1231032132
2310321321
3103213210
1032132101
0321321013
3213210133
2132101331
1321013312
3210133121
2101331211
1013312110
0133121101
1331211011
3312110112
3121101120
1211011200
2110112000
1101120002
1011200021
0112000210
1120002101
1200021012
2000210121
0002101211
0021012112
0210121121
2101211210
1012112101
0121121012
1211210122
2112101220
1121012203
1210122033
2101220331
1012203310
0122033102
1220331021
2203310211
2033102112
0331021120
3310211202
3102112021
1021120210
0211202103
2112021031
1120210311
1202103110
2021031102
0210311023
2103110231
1031102313
0311023132
3110231320
1102313202
1023132021
0231320212
2313202121
3132021212
1320212121
3202121213
2021212131
0212121310
2121213102
1212131023
2121310232
1213102323
2131023232
1310232322
3102323220
1023232201
0232322012
2323220120
3232201202
2322012021
3220120211
2201202113
2012021133
0120211330
1202113301
2021133010
0211330103
2113301031
1133010310
1330103103
3301031032
3010310322
0103103221
1031032212
0310322122
3103221220
1032212202
0322122020
3221220203
2212202032
2122020320
1220203202
2202032022
2020320220
0203202200
2032022002
0320220022
3202200220
2022002202
0220022022
2200220220
2002202200
0022022002
0220220020
2202200202
2022002022
0220020220
2200202202
2002022022
0020220220
0202202202
2022022022
0220220221
2202202212
2022022120
0220221202
2202212023
2022120232
0221202320
2212023202
2120232022
1202320220
2023202202
0232022020
2320220203
3202202032
2022020320
0220203200
2202032002
2020320022
0203200220
2032002202
0320022020
3200220202
2002202022
0022020220
0220202200
2202022002
2020220022
0202200220
2022002202
0220022020
2200220202
2002202022
0022020220
0220202200
2202022002
2020220022
0202200220
2022002202
0220022020
2200220202
2002202022
0022020220
0220202200
2202022002
2020220022
0202200220
2022002202
0220022020
2200220202
2002202022
0022020222
0220202220
2202022202
2020222022
0202220220
2022202202
0222022020
2220220202
2202202022
2022020222
0220202220
2202022202
2020222022
0202220220
2022202202
0222022020
2220220202
2202202022
2022020222
0220202220
2202022200
2020222002
0202220020
2022200202
0222002022
2220020220
2200202202
2002022022
0020220220
0202202200
2022022002
0220220022
2202200220
2022002201
0220022010
2200220100
2002201001
0022010013
0220100132
2201001322
2010013220
0100132201
1001322012
0013220120
0132201202
1322012023
3220120231
2201202312
2012023122
0120231220
1202312201
2023122012
0231220120
2312201201
3122012012
1220120120
2201201201
2012012012
0120120120
1201201201
2012012012
0120120120
1201201201
2012012010
0120120103
1201201031
2012010312
0120103120
1201031202
2010312020
0103120203
1031202031
0312020311
3120203113
1202031132
2020311322
0203113220
2031132202
0311322022
3113220221
1132202211
1322022113
3220221132
2202211321
2022113210
0221132103
2211321031
2113210310
1132103100
1321031002
3210310020
2103100202
1031002022
0310020222
3100202221
1002022211
0020222110
0202221103
2022211032
0222110321
2221103211
2211032111
2110321110
1103211100
1032111002
0321110023
3211100231
2111002312
1110023123
1100231231
1002312310
0023123101
0231231012
2312310122
3123101220
1231012200
2310122000
3101220001
1012200011
0122000110
1220001100
2200011000
2000110002
0001100020
0011000200
0110002000
1100020001
1000200010
0002000100
0020001001
0200010010
2000100100
0001001001
0010010010
0100100100
1001001001
0010010010
0100100100
1001001001
0010010010
0100100100
1001001001
0010010010
0100100102
1001001021
0010010210
0100102102
1001021021
0010210210
0102102102
1021021021
0210210210
2102102100
1021021001
0210210010
2102100102
1021001021
0210010210
2100102102
1001021021
0010210211
0102102113
1021021132
0210211321
2102113210
1021132101
0211321011
2113210110
1132101101
1321011012
3210110122
2101101220
1011012200
0110122000
1101220001
1012200011
0122000111
1220001110
2200011102
2000111021
0001110211
0011102110
0111021102
1110211021
1102110213
1021102133
0211021331
2110213311
1102133113
1021331132
0213311323
2133113231
1331132313
3311323130
3113231301
1132313010
1323130100
3231301002
2313010021
3130100213
1301002131
3010021311
0100213113
1002131131
0021311311
0213113111
2131131111
1311311111
3113111111
1131111112
1311111121
3111111210
1111112102
1111121022
1111210222
1112102221
1121022211
1210222112
2102221121
1022211210
0222112102
2221121021
2211210211
2112102110
1121021100
1210211003
2102110031
1021100310
0211003101
2110031010
1100310102
1003101021
0031010210
0310102102
3101021020
1010210202
0102102022
1021020220
0210202200
2102022002
1020220022
0202200220
2022002201
0220022012
2200220122
2002201223
0022012231
0220122311
2201223110
2012231103
0122311031
1223110312
2231103122
2311031220
3110312200
1103122002
1031220020
0312200202
3122002022
1220020223
2200202232
2002022321
0020223211
0202232112
2022321120
0223211202
2232112020
2321120200
3211202003
2112020033
1120200333
1202003330
2020033301
0200333013
2003330132
0033301321
0333013212
3330132123
3301321232
3013212322
0132123220
1321232202
3212322022
2123220222
1232202220
2322022200
3220222001
2202220012
2022200121
0222001211
2220012112
2200121121
2001211213
0012112131
0121121310
1211213100
2112131001
1121310013
1213100133
2131001331
1310013313
3100133131
1001331311
0013313110
0133131101
1331311011
3313110112
3131101121
1311011211
3110112110
1101121101
1011211011
0112110113
1121101131
1211011312
2110113121
1101131213
1011312132
0113121320
1131213202
1312132021
3121320212
1213202120
2132021201
1320212011
3202120113
2021201131
0212011310
2120113101
1201131011
2011310110
0113101103
1131011031
1310110312
3101103120
1011031201
0110312013
1103120131
1031201310
0312013101
3120131011
1201310112
2013101121
0131011211
1310112111
3101121110
1011211100
0112111003
1121110032
1211100320
2111003202
1110032022
1100320220
1003202202
0032022022
0320220221
3202202210
2022022102
0220221021
2202210210
2022102101
0221021011
2210210110
2102101100
1021011003
0210110032
2101100322
1011003221
0110032213
1100322131
1003221310
0032213102
0322131021
3221310211
2213102111
2131021113
1310211131
3102111311
1021113110
0211131100
2111311003
1113110031
1131100310
1311003102
3110031020
1100310202
1003102021
0031020210
0310202102
3102021022
1020210222
0202102222
2021022222
0210222222
2102222221
1022222213
0222222132
2222221322
2222213222
2222132221
2221322213
2213222133
2132221330
1322213302
3222133022
2221330222
2213302222
2133022222
1330222222
3302222221
3022222212
0222222120
2222221202
2222212022
2222120221
2221202211
2212022113
2120221131
1202211310
2022113103
0221131032
2211310320
2113103202
1131032022
1310320222
3103202221
1032022212
0320222120
3202221201
2022212010
0222120100
2221201001
2212010012
2120100122
1201001223
2010012232
0100122320
1001223203
0012232032
0122320320
1223203201
2232032010
2320320103
3203201031
2032010313
0320103133
3201031332
2010313322
0103133221
1031332212
0313322122
3133221220
1332212202
3322122023
3221220232
2212202321
2122023210
1220232103
2202321031
2023210310
0232103102
2321031023
3210310232
2103102321
1031023211
0310232112
3102321121
1023211211
0232112110
2321121103
3211211032
2112110321
1121103211
1211032113
2110321130
1103211300
1032113000
0321130002
3211300021
2113000210
1130002100
1300021002
3000210020
0002100201
0021002011
0210020111
2100201110
1002011102
0020111022
0201110220
2011102200
0111022002
1110220021
1102200211
1022002112
0220021122
2200211223
2002112231
0021122311
0211223112
2112231121
1122311210
1223112101
2231121012
2311210122
3112101221
1121012212
1210122121
2101221211
1012212113
0122121132
1221211322
2212113221
2121132212
1211322120
2113221202
1132212020
1322120203
3221202030
2212020301
2120203010
1202030102
2020301022
0203010221
2030102213
0301022131
3010221311
0102213112
1022131121
0221311211
2213112111
2131121111
1311211111
3112111113
1121111131
1211111311
2111113111
1111131111
1111311111
1113111111
1131111111
1311111111
3111111112
1111111122
1111111222
1111112221
1111122211
1111222111
1112221112
1122211121
1222111211
2221112113
2211121131
2111211313
1112113131
1121131311
1211313113
2113131131
1131311310
1313113102
3131131021
1311310210
3113102101
1131021012
1310210121
3102101210
1021012102
0210121021
2101210210
1012102102
0121021021
1210210210
2102102102
1021021020
0210210200
2102102002
1021020020
0210200200
2102002002
1020020020
0200200200
2002002000
0020020001
0200200011
2002000112
0020001120
0200011201
2000112012
0001120123
0011201231
0112012313
1120123131
1201231311
2012313112
0123131122
1231311223
2313112232
3131122320
1311223200
3112232002
1122320021
1223200211
2232002112
2320021120
3200211203
2002112032
0021120321
0211203211
2112032111
1120321111
1203211111
2032111112
0321111121
3211111212
2111112122
1111121222
1111212221
1112122212
1121222121
1212221211
2122212110
1222121103
2221211030
2212110301
2121103010
1211030102
2110301021
1103010210
1030102103
0301021031
3010210313
0102103131
1021031311
0210313112
2103131121
1031311212
0313112122
3131121221
1311212210
3112122100
1121221001
1212210010
2122100102
1221001021
2210010210
2100102102
1001021021
0010210211
0102102110
1021021100
0210211000
2102110002
1021100021
0211000212
2110002120
1100021200
1000212002
0002120021
0021200211
0212002112
2120021122
1200211222
2002112221
0021122213
0211222133
2112221331
1122213310
1222133101
2221331011
2213310113
2133101133
1331011331
3310113312
3101133120
1011331201
0113312013
1133120131
1331201312
3312013121
3120131211
1201312110
2013121101
0131211010
1312110101
3121101011
1211010110
2110101101
1101011013
1010110130
0101101301
1011013010
0110130101
1101301012
1013010121
0130101211
1301012111
3010121110
0101211103
1012111031
0121110312
1211103120
2111031200
1110312002
1103120022
1031200221
0312002210
3120022101
1200221012
2002210121
0022101211
0221012112
2210121123
2101211232
1012112321
0121123213
1211232132
2112321321
1123213213
1232132133
2321321331
3213213313
2132133131
1321331310
3213313101
2133131012
1331310121
3313101210
3131012100
1310121001
3101210012
1012100120
0121001201
1210012013
2100120131
1001201312
0012013121
0120131213
1201312131
2013121310
0131213102
1312131021
3121310213
1213102131
2131021312
1310213121
3102131213
1021312131
0213121312
2131213120
1312131201
3121312013
1213120133
2131201331
1312013312
3120133120
1201331201
2013312012
0133120120
1331201200
3312012002
3120120020
1201200201
2012002012
0120020120
1200201200
2002012002
0020120022
0201200221
2012002212
0120022122
1200221221
2002212212
0022122120
0221221202
2212212020
2122120200
1221202002
2212020022
2120200220
1202002201
2020022012
0200220120
2002201200
0022012002
0220120020
2201200202
2012002020
0120020200
1200202002
2002020021
0020200212
0202002120
2020021202
0200212023
2002120232
0021202320
0212023200
2120232002
1202320022
2023200220
0232002202
2320022022
3200220220
2002202200
0022022002
0220220020
2202200201
2022002012
0220020122
2200201221
2002012210
0020122102
0201221022
2012210220
0122102200
1221022002
2210220020
2102200202
1022002022
0220020220
2200202200
2002022002
0020220021
0202200210
2022002102
0220021021
2200210210
2002102102
0021021020
0210210201
2102102012
1021020122
0210201221
2102012212
1020122122
0201221221
2012212211
0122122112
1221221123
2212211231
2122112312
1221123123
2211231233
2112312331
1123123311
1231233111
2312331111
3123311112
1233111123
2331111230
3311112301
3111123010
1111230100
1112301000
1123010000
1230100001
2301000011
3010000111
0100001112
1000011121
0000111211
0001112112
0011121121
0111211211
1112112110
1121121100
1211211001
2112110011
1121100113
1211001132
2110011321
1100113211
1001132112
0011321122
0113211220
1132112201
1321122012
3211220120
2112201203
1122012030
1220120302
2201203022
2012030221
0120302210
1203022102
2030221020
0302210200
3022102002
0221020023
2210200233
2102002331
1020023313
0200233132
2002331321
0023313210
0233132103
2331321031
3313210312
3132103120
1321031202
3210312022
2103120220
1031202201
0312022010
3120220101
1202201012
2022010121
0220101211
2201012111
2010121112
0101211123
1012111231
0121112313
1211123132
2111231321
1112313213
1123132133
1231321331
2313213313
3132133131
1321331311
3213313110
2133131102
1331311022
3313110220
3131102200
1311022001
3110220013
1102200131
1022001312
0220013123
2200131231
2001312313
0013123131
0131231313
1312313132
3123131320
1231313202
2313132021
3131320213
1313202131
3132021312
1320213121
3202131213
2021312132
0213121320
2131213202
1312132021
3121320212
1213202120
2132021201
1320212010
3202120103
2021201031
0212010312
2120103120
1201031201
2010312011
0103120110
1031201102
0312011022
3120110220
1201102202
2011022020
0110220200
1102202001
1022020010
0220200100
2202001001
2020010010
0200100100
2001001001
0010010010
0100100100
1001001002
0010010022
0100100220
1001002202
0010022023
0100220233
1002202331
0022023312
0220233121
2202331213
2023312131
0233121311
2331213111
3312131111
3121311111
1213111111
2131111111
1311111111
3111111111
1111111111
1111111111
1111111113
1111111131
1111111311
1111113112
1111131122
1111311220
1113112202
1131122021
1311220210
3112202102
1122021021
1220210210
2202102102
2021021022
0210210220
2102102202
1021022022
0210220222
2102202220
1022022202
0220222022
2202220220
2022202200
0222022001
2220220010
2202200102
2022001021
0220010211
2200102112
2001021122
0010211221
0102112210
1021122102
0211221022
2112210220
1122102200
1221022002
2210220023
2102200231
1022002312
0220023121
2200231211
2002312111
0023121111
0231211111
2312111111
3121111111
1211111113
2111111132
1111111321
1111113210
1111132102
1111321022
1113210220
1132102200
1321022002
3210220020
2102200202
1022002021
0220020210
2200202102
2002021020
0020210200
0202102002
2021020021
0210200211
2102002111
1020021111
0200211112
2002111121
0021111211
0211112111
2111121111
1111211111
1112111111
1121111110
1211111102
2111111021
1111110212
1111102120
1111021202
1110212021
1102120212
1021202122
0212021221
2120212213
1202122130
2021221301
0212213012
2122130121
1221301211
2213012111
2130121111
1301211111
3012111110
0121111102
1211111020
2111110202
1111102021
1111020212
1110202123
1102021233
1020212333
0202123331
2021233310
0212333101
2123331012
1233310123
2333101232
3331012322
3310123220
3101232202
1012322022
0123220220
1232202201
2322022010
3220220101
2202201012
2022010121
0220101211
2201012111
2010121112
0101211123
1012111231
0121112313
1211123132
2111231321
1112313213
1123132133
1231321331
2313213313
3132133131
1321331311
3213313110
2133131102
1331311022
3313110220
3131102200
1311022001
3110220013
1102200131
1022001312
0220013123
2200131231
2001312313
0013123131
0131231313
1312313131
3123131313
1231313131
2313131312
3131313123
1313131231
3131312313
1313123131
3131231313
1312313132
3123131320
1231313202
2313132021
3131320210
1313202103
3132021031
1320210312
3202103120
2021031201
0210312013
2103120131
1031201311
0312013112
3120131120
1201311202
2013112022
0131120220
1311202201
3112022012
1120220120
1202201201
2022012011
0220120113
2201201131
2012011311
0120113113
1201131132
2011311321
0113113210
1131132102
1311321022
3113210220
1132102202
1321022023
3210220232
2102202321
1022023210
0220232103
2202321031
2023210310
0232103102
2321031021
3210310210
2103102102
1031021021
0310210212
3102102121
1021021211
0210212110
2102121103
1021211032
0212110321
2121103211
1211032111
2110321110
1103211100
1032111002
0321110020
3211100200
2111002002
1110020020
1100200200
1002002002
0020020020
0200200200
2002002002
0020020020
0200200200
2002002002
0020020022
0200200222
2002002223
0020022232
0200222321
2002223211
0022232112
0222321121
2223211211
2232112112
2321121123
3211211232
2112112321
1121123211
1211232112
2112321121
1123211211
1232112112
2321121123
3211211231
2112112311
1121123111
1211231113
2112311131
1123111311
1231113111
2311131113
3111311130
1113111300
1131113000
1311130002
3111300020
1113000200
1130002002
1300020020
3000200200
0002002002
0020020020
0200200200
2002002002
0020020020
0200200200
2002002002
0020020020
0200200203
2002002032
0020020320
0200203200
2002032002
0020320020
0203200200
2032002002
0320020020
3200200200
2002002002
0020020020
0200200200
2002002002
0020020020
0200200200
2002002002
0020020020
0200200200
2002002002
0020020022
0200200222
2002002220
0020022203
0200222030
2002220303
0022203033
0222030330
2220303302
2203033021
2030330211
0303302112
3033021120
0330211200
3302112002
3021120020
0211200202
2112002022
1120020220
1200202202
2002022021
0020220211
0202202113
2022021133
0220211331
2202113312
2021133122
0211331220
2113312201
1133122012
1331220122
3312201222
3122012221
1220122211
2201222112
2012221121
0122211212
1222112122
2221121220
2211212202
2112122021
1121220211
1212202111
2122021111
1220211112
2202111121
2021111211
0211112113
2111121131
1111211311
1112113111
1121131111
1211311111
2113111112
1131111120
1311111201
3111112013
1111120131
1111201312
1112013122
1120131220
1201312202
2013122023
0131220231
1312202313
3122023133
1220231333
2202313333
2023133332
0231333320
2313333203
3133332033
1333320332
3333203322
3332033220
3320332200
3203322002
2033220022
0332200221
3322002212
3220022120
2200221203
2002212031
0022120311
0221203110
2212031102
2120311022
1203110220
2031102200
0311022002
3110220022
1102200220
1022002202
0220022021
2200220212
2002202120
0022021200
0220212001
2202120013
2021200131
0212001312
2120013120
1200131203
2001312031
0013120312
0131203123
1312031231
3120312310
1203123102
2031231021
0312310210
3123102102
1231021021
2310210211
3102102113
1021021132
0210211320
2102113200
1021132001
0211320012
2113200121
1132001211
1320012112
3200121121
2001211211
0012112112
0121121121
1211211211
2112112112
1121121121
1211211213
2112112132
1121121321
1211213212
2112132121
1121321211
1213212112
2132121121
1321211213
3212112132
2121121323
1211213231
2112132311
1121323111
1213231112
2132311121
1323111211
3231112110
2311121102
3111211021
1112110211
1121102112
1211021123
2110211231
1102112311
1021123113
0211231131
2112311311
1123113112
1231131120
2311311201
3113112013
1131120131
1311201310
3112013102
1120131020
1201310201
2013102013
0131020131
1310201313
3102013132
1020131323
0201313232
2013132321
0131323213
1313232132
3132321323
1323213231
3232132310
2321323101
3213231013
2132310131
1323101310
3231013100
2310131002
3101310023
1013100231
0131002313
1310023132
3100231323
1002313233
0023132332
0231323322
2313233220
3132332203
1323322031
3233220310
2332203101
3322031011
3220310112
2203101123
2031011233
0310112331
3101123311
1011233112
0112331121
1123311211
1233112113
2331121132
3311211321
3112113211
1121132112
1211321121
2113211211
1132112112
1321121121
3211211211
2112112110
1121121103
1211211031
2112110311
1121103110
1211031100
2110311003
1103110031
1031100310
0311003102
3110031020
1100310202
1003102021
0031020212
0310202121
3102021210
1020212102
0202121020
2021210202
0212102022
2121020220
1210202202
2102022022
1020220222
0202202222
2022022222
0220222220
2202222202
2022222020
0222220200
2222202002
2222020022
2220200220
2202002202
2020022022
0200220220
2002202202
0022022022
0220220222
2202202222
2022022222
0220222222
2202222222
2022222220
0222222200
2222222002
2222220021
2222200212
2222002120
2220021202
2200212022
2002120222
0021202222
0212022222
2120222222
1202222221
2022222212
0222222122
2222221220
2222212203
2222122031
2221220311
2212203113
2122031132
1220311320
2203113200
2031132002
0311320021
3113200211
1132002113
1320021132
3200211322
2002113221
0021132212
0211322120
2113221202
1132212021
1322120212
3221202121
2212021210
2120212102
1202121021
2021210210
0212102101
2121021013
1210210131
2102101313
1021013132
0210131322
2101313220
1013132200
0131322002
1313220021
3132200211
1322002110
3220021100
2200211002
2002110020
0021100200
0211002002
2110020020
1100200200
1002002002
0020020020
0200200200
2002002000
0020020002
0200200020
2002000202
0020002021
0200020210
2000202102
0002021022
0020210220
0202102202
2021022022
0210220220
2102202200
1022022002
0220220020
2202200202
2022002022
0220020220
2200202200
2002022002
0020220020
0202200202
2022002022
0220020220
2200202202
2002022022
0020220221
0202202212
2022022120
0220221200
2202212002
2022120022
0221200221
2212002212
2120022121
1200221213
2002212132
0022121321
0221213210
2212132101
2121321012
1213210122
2132101220
1321012202
3210122022
2101220222
1012202220
0122022200
1220222002
2202220020
2022200200
0222002002
2220020022
2200200223
2002002233
0020022333
0200223330
2002233301
0022333010
0223330100
2233301002
2333010020
3330100202
3301002023
3010020231
0100202313
1002023132
0020231320
0202313203
2023132031
0231320310
2313203101
3132031011
1320310112
3203101122
2031011222
0310112220
3101122200
1011222002
0112220021
1122200211
1222002113
2220021131
2200211312
2002113123
0021131232
0211312323
2113123232
1131232322
1312323220
3123232202
1232322022
2323220221
3232202213
2322022130
3220221302
2202213022
2022130222
0221302222
2213022222
2130222221
1302222212
3022222122
0222221220
2222212202
2222122021
2221220211
2212202110
2122021100
1220211001
2202110011
2021100113
0211001131
2110011310
1100113102
1001131022
0011310223
0113102232
1131022322
1310223220
3102232202
1022322022
0223220221
2232202211
2322022110
3220221102
2202211022
2022110222
0221102222
2211022222
2110222221
1102222212
1022222122
0222221220
2222212202
2222122021
2221220211
2212202110
2122021100
1220211001
2202110011
2021100113
0211001131
2110011310
1100113102
1001131022
0011310223
0113102232
1131022322
1310223220
3102232202
1022322022
0223220221
2232202211
2322022110
3220221102
2202211022
2022110222
0221102222
2211022220
2110222201
1102222012
1022220122
0222201220
2222012202
2220122021
2201220211
2012202110
0122021100
1220211001
2202110011
2021100111
0211001111
2110011112
1100111120
1001111202
0011112021
0111120210
1111202102
1112021021
1120210212
1202102121
2021021211
0210212111
2102121112
1021211121
0212111213
2121112132
1211121321
2111213211
1112132110
1121321100
1213211000
2132110001
1321100011
3211000111
2110001111
1100011111
1000111110
0001111102
0011111022
0111110222
1111102220
1111022202
1110222021
1102220212
1022202120
0222021201
2220212011
2202120111
2021201111
0212011112
2120111120
1201111202
2011112021
0111120212
1111202120
1112021202
1120212022
1202120221
2021202213
0212022131
2120221311
1202213113
2022131131
0221311313
2213113131
2131131312
1311313120
3113131202
1131312020
1313120201
3131202013
1312020131
3120201311
1202013110
2020131101
0201311011
2013110111
0131101111
1311011111
3110111113
1101111131
1011111310
0111113101
1111131012
1111310121
1113101213
1131012131
1310121311
3101213113
1012131131
0121311311
1213113113
2131131131
1311311310
3113113102
1131131021
1311310211
3113102110
1131021100
1310211003
3102110031
1021100310
0211003102
2110031020
1100310200
1003102002
0031020022
0310200222
3102002220
1020022202
0200222022
2002220222
0022202220
0222022200
2220222000
2202220001
2022200013
0222000132
2220001321
2200013213
2000132132
0001321321
0013213211
0132132112
1321321121
3213211211
2132112112
1321121121
3211211212
2112112121
1121121210
1211212101
2112121013
1121210132
1212101321
2121013211
1210132113
2101321131
1013211313
0132113131
1321131311
3211313110
2113131102
1131311022
1313110220
3131102200
1311022002
3110220023
1102200232
1022002321
0220023213
2200232133
2002321331
0023213312
0232133123
2321331231
3213312313
2133123133
1331231331
3312313310
3123133103
1231331031
2313310310
3133103103
1331031031
3310310313
3103103133
1031031331
0310313310
3103133102
1031331021
0313310212
3133102123
1331021231
3310212311
3102123110
1021231102
0212311020
2123110200
1231102001
2311020012
3110200120
1102001201
1020012011
0200120110
2001201100
0012011003
0120110030
1201100300
2011003002
0110030020
1100300202
1003002021
0030020212
0300202122
3002021220
0020212203
0202122031
2021220312
0212203122
2122031221
1220312212
2203122122
2031221223
0312212232
3122122320
1221223202
2212232022
2122320220
1223202202
2232022021
2320220212
3202202122
2022021221
0220212212
2202122122
2021221221
0212212210
2122122103
1221221031
2212210311
2122103111
1221031112
2210311120
2103111202
1031112022
0311120220
3111202202
1112022021
1120220212
1202202120
2022021202
0220212023
2202120231
2021202312
0212023122
2120231221
1202312212
2023122123
0231221231
2312212313
3122123131
1221231312
2212313120
2123131200
1231312003
2313120031
3131200312
1312003122
3120031220
1200312202
2003122022
0031220220
0312202203
3122022031
1220220312
2202203120
2022031201
0220312010
2203120102
2031201021
0312010212
3120102122
1201021221
2010212212
0102122120
1021221200
0212212002
2122120020
1221200200
2212002000
2120020002
1200200021
2002000212
0020002120
0200021200
2000212002
0002120022
0021200221
0212002212
2120022122
1200221220
2002212202
0022122023
0221220231
2212202313
2122023132
1220231320
2202313202
2023132020
0231320200
2313202002
3132020021
1320200211
3202002112
2020021121
0200211211
2002112112
0021121122
0211211221
2112112212
1121122121
1211221213
2112212131
1122121312
1221213123
2212131231
2121312310
1213123102
2131231020
1312310201
3123102010
1231020102
2310201023
3102010231
1020102312
0201023120
2010231201
0102312013
1023120133
0231201333
2312013331
3120133310
1201333103
2013331031
0133310310
1333103100
3331031000
3310310002
3103100020
1031000202
0310002022
3100020221
1000202213
0002022131
0020221311
0202213112
2022131120
0221311202
2213112021
2131120211
1311202111
3112021111
1120211110
1202111101
2021111010
0211110101
2111101013
1111010132
1110101320
1101013200
1010132002
0101320020
1013200202
0132002022
1320020220
3200202200
2002022002
0020220020
0202200203
2022002032
0220020322
2200203220
2002032202
0020322022
0203220220
2032202201
0322022012
3220220122
2202201220
2022012202
0220122020
2201220202
2012202020
0122020201
1220202011
2202020112
2020201121
0202011211
2020112113
0201121131
2011211311
0112113110
1121131102
1211311021
2113110211
1131102111
1311021111
3110211112
1102111120
1021111202
0211112020
2111120202
1111202022
1112020220
1120202202
1202022021
2020220211
0202202110
2022021101
0220211012
2202110120
2021101202
0211012020
2110120202
1101202021
1012020211
0120202111
1202021111
2020211112
0202111121
2021111210
0211112101
2111121010
1111210101
1112101011
1121010111
1210101110
2101011101
1010111010
0101110102
1011101022
0111010220
1110102200
1101022002
1010220023
0102200232
1022002320
0220023201
2200232010
2002320103
0023201031
0232010310
2320103103
3201031031
2010310310
0103103103
1031031031
0310310310
3103103101
1031031012
0310310121
3103101213
1031012133
0310121331
3101213310
1012133102
0121331021
1213310211
2133102112
1331021121
3310211210
3102112101
1021121011
0211210112
2112101122
1121011221
1210112210
2101122101
1011221011
0112210113
1122101132
1221011322
2210113220
2101132200
1011322002
0113220021
1132200212
1322002122
3220021222
2200212220
2002122202
0021222020
0212220202
2122202023
1222020230
2220202302
2202023021
2020230210
0202302102
2023021021
0230210210
2302102102
3021021021
0210210212
2102102122
1021021222
0210212222
2102122222
1021222222
0212222222
2122222222
1222222220
2222222202
2222222022
2222220220
2222202202
2222022022
2220220220
2202202202
2022022022
0220220221
2202202212
2022022122
0220221222
2202212222
2022122221
0221222213
2212222130
2122221302
1222213021
2222130212
2221302122
2213021221
2130212212
1302122122
3021221221
0212212212
2122122122
1221221222
2212212220
2122122200
1221222000
2212220001
2122200010
1222000101
2220001013
2200010131
2000101312
0001013120
0010131201
0101312011
1013120113
0131201131
1312011312
3120113121
1201131213
2011312132
0113121321
1131213211
1312132111
3121321111
1213211112
2132111121
1321111212
3211112123
2111121231
1111212312
1112123122
1121231220
1212312200
2123122001
1231220011
2312200113
3122001132
1220011322
2200113220
2001132200
0011322002
0113220020
1132200202
1322002020
3220020200
2200202001
2002020012
0020200122
0202001222
2020012220
0200122200
2001222002
0012220021
0122200213
1222002131
2220021311
2200213113
2002131131
0021311311
0213113113
2131131131
1311311311
3113113112
1131131123
1311311231
3113112311
1131123113
1311231132
3112311323
1123113231
1231132310
2311323102
3113231021
1132310210
1323102103
3231021031
2310210310
3102103103
1021031031
0210310310
2103103102
1031031020
0310310202
3103102023
1031020231
0310202311
3102023110
1020231102
0202311021
2023110212
0231102120
2311021202
3110212020
1102120200
1021202002
0212020022
2120200222
1202002222
2020022220
0200222202
2002222022
0022220220
0222202202
2222022023
2220220231
2202202310
2022023102
0220231022
2202310220
2023102202
0231022022
2310220222
3102202222
1022022221
0220222210
2202222102
2022221022
0222210220
2222102202
2221022022
2210220222
2102202222
1022022221
0220222212
2202222122
2022221222
0222212222
2222122221
2221222211
2212222110
2122221100
1222211002
2222110020
2221100202
2211002022
2110020220
1100202201
1002022010
0020220102
0202201022
2022010220
0220102200
2201022002
2010220022
0102200222
1022002221
0220022210
2200222101
2002221012
0022210123
0222101232
2221012322
2210123220
2101232202
1012322022
0123220220
1232202202
2322022022
3220220222
2202202221
2022022212
0220222120
2202221200
2022212002
0222120020
2221200202
2212002023
2120020232
1200202322
2002023222
0020232222
0202322222
2023222220
0232222202
2322222020
3222220202
2222202022
2222020222
2220202222
2202022221
2020222212
0202222122
2022221222
0222212222
2222122221
2221222213
2212222133
2122221331
1222213310
2222133102
2221331021
2213310212
2133102120
1331021201
3310212011
3102120112
1021201120
0212011202
2120112021
1201120212
2011202122
0112021220
1120212200
1202122002
2021220020
0212200201
2122002012
1220020123
2200201233
2002012333
0020123332
0201233322
2012333222
0123332223
1233322232
2333222321
3332223212
3322232120
3222321203
2223212033
2232120332
2321203322
3212033220
2120332200
1203322002
2033220020
0332200203
3322002033
3220020332
2200203323
2002033231
0020332311
0203323111
2033231112
0332311123
3323111231
3231112310
2311123100
3111231001
1112310010
1123100100
1231001001
2310010011
3100100111
1001001111
0010011111
0100111112
1001111121
0011111213
0111112131
1111121311
1111213111
1112131111
1121311113
1213111130
2131111300
1311113001
3111130012
1111300122
1113001221
1130012211
1300122111
3001221111
0012211111
0122111111
1221111110
2211111100
2111111003
1111110031
1111100310
1111003103
1110031030
1100310300
1003103002
0031030021
0310300211
3103002111
1030021111
0300211112
3002111121
0021111211
0211112111
2111121111
1111211113
1112111133
1121111331
1211113311
2111133113
1111331131
1113311311
1133113113
1331131131
3311311311
3113113112
1131131123
1311311231
3113112310
1131123103
1311231030
3112310300
1123103002
1231030021
2310300211
3103002111
1030021111
0300211112
3002111121
0021111211
0211112113
2111121131
1111211311
1112113113
1121131131
1211311311
2113113113
1131131131
1311311311
3113113113
1131131131
1311311310
3113113100
1131131000
1311310002
3113100020
1131000203
1310002031
3100020311
1000203111
0002031112
0020311123
0203111231
2031112311
0311123113
3111231131
1112311311
1123113110
1231131101
2311311011
3113110113
1131101131
1311011312
3110113123
1101131231
1011312311
0113123113
1131231131
1312311312
3123113123
1231131232
2311312321
3113123213
1131232131
1312321311
3123213110
1232131100
2321311001
3213110011
2131100113
1311001131
3110011310
1100113100
1001131001
0011310011
0113100113
1131001132
1310011321
3100113212
1001132122
0011321221
0113212212
1132122121
1321221210
3212212102
2122121021
1221210213
2212102132
2121021321
1210213212
2102132120
1021321202
0213212020
2132120202
1321202023
3212020231
2120202313
1202023132
2020231322
0202313220
2023132201
0231322012
2313220120
3132201201
1322012010
3220120100
2201201000
2012010001
0120100010
1201000102
2010001021
0100010210
1000102100
0001021001
0010210011
0102100112
1021001121
0210011211
2100112111
1001121111
0011211111
0112111112
1121111121
1211111210
2111112100
1111121001
1111210011
1112100112
1121001123
1210011231
2100112312
1001123121
0011231213
0112312132
1123121321
1231213210
2312132100
3121321001
1213210010
2132100102
1321001020
3210010201
2100102011
1001020111
0010201111
0102011111
1020111111
0201111111
2011111113
0111111131
1111111310
1111113102
1111131021
1111310210
1113102100
1131021001
1310210010
3102100102
1021001020
0210010201
2100102011
1001020111
0010201111
0102011111
1020111111
0201111111
2011111113
0111111131
1111111310
1111113102
1111131021
1111310210
1113102103
1131021031
1310210310
3102103102
1021031020
0210310201
2103102011
1031020111
0310201111
3102011111
1020111111
0201111111
2011111113
0111111131
1111111310
1111113102
1111131021
1111310210
1113102103
1131021031
1310210310
3102103102
1021031020
0210310201
2103102011
1031020111
0310201111
3102011111
1020111111
0201111111
2011111113
0111111131
1111111310
1111113102
1111131021
1111310212
1113102123
1131021232
1310212322
3102123221
1021232212
0212322123
2123221231
1232212313
2322123131
3221231311
2212313111
2123131110
1231311102
2313111021
3131110211
1311102113
3111021131
1110211312
1102113121
1021131212
0211312122
2113121221
1131212212
1312122121
3121221213
1212212132
2122121323
1221213230
2212132302
2121323021
1213230212
2132302122
1323021221
3230212211
2302122111
3021221112
0212211120
2122111202
1221112023
2211120233
2111202333
1112023331
1120233312
1202333121
2023331211
0233312111
2333121113
3331211133
3312111333
3121113330
1211133300
2111333003
1113330033
1133300330
1333003301
3330033010
3300330101
3003301011
0033010111
0330101111
3301011112
3010111120
0101111202
1011112023
0111120231
1111202311
1112023112
1120231120
1202311202
2023112022
0231120220
2311202200
3112022000
1120220000
1202200002
2022000021
0220000210
2200002100
2000021001
0000210010
0002100100
0021001001
0210010012
2100100120
1001001201
0010012010
0100120103
1001201031
0012010310
0120103103
1201031031
2010310310
0103103100
1031031001
0310310010
3103100101
1031001011
0310010110
3100101103
1001011031
0010110310
0101103101
1011031011
0110310113
1103101131
1031011311
0310113113
3101131131
1011311311
0113113112
1131131121
1311311211
3113112111
1131121111
1311211111
3112111111
1121111111
1211111111
2111111110
1111111101
1111111012
1111110121
1111101211
1111012113
1110121131
1101211311
1012113111
0121131110
1211311101
2113111011
1131110110
1311101101
3111011011
1110110110
1101101101
1011011011
0110110113
1101101131
1011011311
0110113113
1101131131
1011311313
0113113133
1131131331
1311313311
3113133113
1131331131
1313311311
3133113113
1331131131
3311311311
3113113113
1131131131
1311311313
3113113133
1131131331
1311313311
3113133113
1131331131
1313311311
3133113110
1331131101
3311311011
3113110110
1131101101
1311011011
3110110110
1101101101
1011011011
0110110111
1101101111
1011011111
0110111111
1101111111
1011111113
0111111130
1111111301
1111113012
1111130121
1111301212
1113012121
1130121211
1301212111
3012121111
0121211113
1212111131
2121111310
1211113101
2111131013
1111310131
1113101310
1131013103
1310131031
3101310311
1013103111
0131031111
1310311110
3103111101
1031111011
0311110111
3111101111
1111011111
1110111112
1101111123
1011111231
0111112310
1111123101
1111231011
1112310110
1123101100
1231011002
2310110020
3101100200
1011002002
0110020021
1100200212
1002002122
0020021222
0200212220
2002122200
0021222001
0212220011
2122200113
1222001130
2220011300
2200113000
2001130002
0011300022
0113000223
1130002232
1300022322
3000223222
0002232222
0022322220
0223222202
2232222022
2322220222
3222202221
2222022212
2220222120
2202221203
2022212031
0222120312
2221203120
2212031203
2120312031
1203120312
2031203122
0312031222
3120312222
1203122222
2031222222
0312222222
3122222222
1222222220
2222222202
2222222021
2222220212
2222202121
2222021212
2220212122
2202121221
2021212213
0212122131
2121221312
1212213123
2122131230
1221312301
2213123010
2131230103
1312301031
3123010312
1230103123
2301031232
3010312320
0103123201
1031232012
0312320123
3123201231
1232012311
2320123112
3201231123
2012311233
0123112333
1231123332
2311233320
3112333200
1123332003
1233320030
2333200300
3332003000
3320030002
3200300020
2003000201
0030002013
0300020130
3000201300
0002013000
0020130000
0201300001
2013000012
0130000123
1300001232
3000012323
0000123230
0001232302
0012323020
0123230203
1232302030
2323020303
3230203032
2302030322
3020303223
0203032232
2030322322
0303223220
3032232200
0322322002
3223220023
2232200232
2322002320
3220023200
2200232001
2002320013
0023200132
0232001323
2320013230
3200132301
2001323010
0013230102
0132301022
1323010220
3230102200
2301022002
3010220023
0102200230
1022002303
0220023033
2200230333
2002303330
0023033300
0230333002
2303330021
3033300211
0333002111
3330021111
3300211112
3002111121
0021111211
0211112111
2111121111
1111211113
1112111131
1121111310
1211113101
2111131011
1111310111
1113101113
1131011131
1310111311
3101113112
1011131121
0111311211
1113112113
1131121131
1311211310
3112113103
1121131033
1211310332
2113103322
1131033221
1310332213
3103322131
1033221311
0332213113
3322131131
3221311311
2213113111
2131131111
1311311111
3113111111
1131111113
1311111132
3111111323
1111113231
1111132310
1111323102
1113231023
1132310231
1323102312
3231023120
2310231202
3102312021
1023120213
0231202133
2312021331
3120213313
1202133133
2021331330
0213313300
2133133003
1331330032
3313300320
3133003200
1330032003
3300320032
3003200320
0032003201
0320032013
3200320133
2003201333
0032013331
0320133311
3201333110
2013331103
0133311032
1333110320
3331103200
3311032001
3110320013
1103200133
1032001333
0320013333
3200133333
2001333330
0013333303
0133333032
1333330323
3333303233
3333032333
3330323333
3303233333
3032333330
0323333303
3233333030
2333330301
3333303011
3333030110
3330301101
3303011013
3030110130
0301101301
3011013013
0110130130
1101301301
1013013013
0130130130
1301301301
3013013013
0130130130
1301301301
3013013013
0130130130
1301301300
3013013000
0130130001
1301300011
3013000110
0130001103
1300011032
3000110323
0001103232
0011032323
0110323230
1103232302
1032323021
0323230212
3232302121
2323021213
3230212133
2302121330
3021213302
0212133021
2121330213
1213302131
2133021311
1330213112
3302131121
3021311211
0213112111
2131121111
1311211111
3112111113
1121111132
1211111321
2111113211
1111132113
1111321132
1113211323
1132113232
1321132323
3211323231
2113232311
1132323111
1323231113
3232311132
2323111321
3231113210
2311132103
3111321032
1113210322
1132103221
1321032211
3210322111
2103221111
1032211112
0322111121
3221111211
2211112111
2111121111
1111211111
1112111113
1121111133
1211111330
2111113303
1111133031
1111330312
1113303120
1133031203
1330312033
3303120330
3031203303
0312033032
3120330321
1203303213
2033032132
0330321323
3303213233
3032132331
0321323311
3213233113
2132331132
1323311321
3233113213
2331132130
3311321302
3113213021
1132130213
1321302130
3213021303
2130213033
1302130330
3021303301
0213033011
2130330112
1303301122
3033011223
0330112232
3301122323
3011223232
0112232323
1122323231
1223232313
2232323132
2323231322
3232313220
2323132203
3231322031
2313220313
3132203132
1322031320
3220313200
2203132002
2031320022
0313200223
3132002232
1320022323
3200223233
2002232333
0022323331
0223233313
2232333131
2323331311
3233313111
2333131113
3331311130
3313111300
3131113000
1311130001
3111300013
1113000130
1130001300
1300013003
3000130033
0001300333
0013003330
0130033303
1300333033
3003330331
0033303311
0333033113
3330331132
3303311320
3033113203
0331132032
3311320320
3113203202
1132032021
1320320213
3203202132
2032021321
0320213212
3202132122
2021321222
0213212222
2132122222
1321222222
3212222223
2122222233
1222222331
2222223311
2222233113
2222331132
2223311321
2233113212
2331132122
3311321221
3113212212
1132122123
1321221232
3212212322
2122123222
1221232222
2212322222
2123222223
1232222232
2322222323
3222223231
2222232310
2222323102
2223231020
2232310202
2323102022
3231020222
2310202220
3102022201
1020222012
0202220123
2022201231
0222012313
2220123132
2201231323
2012313233
0123132332
1231323323
2313233232
3132332323
1323323233
3233232333
2332323331
3323233311
3232333112
2323331122
3233311222
2333112222
3331122222
3311222223
3112222233
1122222331
1222223310
2222233102
2222331023
2223310232
2233102322
2331023221
3310232213
3102322131
1023221313
0232213132
2322131320
3221313200
2213132003
2131320030
1313200300
3132003001
1320030010
3200300101
2003001013
0030010132
0300101323
3001013233
0010132330
0101323303
1013233033
0132330330
1323303300
3233033002
2330330023
3303300233
3033002330
0330023303
3300233033
3002330332
0023303321
0233033213
2330332132
3303321323
3033213230
0332132300
3321323000
3213230000
2132300001
1323000011
3230000113
2300001133
3000011330
0000113300
0001133000
0011330000
0113300000
1133000001
1330000011
3300000113
3000001133
0000011333
0000113333
0001133330
0011333300
0113333001
1133330013
1333300133
3333001333
3330013332
3300133320
3001333200
0013332002
0133320021
1333200210
3332002101
3320021010
3200210103
2002101030
0021010300
0210103003
2101030033
1010300333
0103003330
1030033300
0300333000
3003330000
0033300000
0333000003
3330000032
3300000323
3000003233
0000032333
0000323333
0003233333
0032333332
0323333321
3233333211
2333332110
3333321100
3333211000
3332110000
3321100000
3211000002
2110000020
1100000202
1000002023
0000020233
0000202331
0002023311
0020233113
0202331131
2023311310
0233113102
2331131023
3311310232
3113102321
1131023213
1310232131
3102321313
1023213133
0232131331
2321313310
3213133103
2131331032
1313310321
3133103213
1331032132
3310321323
3103213231
1032132310
0321323101
3213231013
2132310131
1323101310
3231013101
2310131013
3101310132
1013101323
0131013231
1310132313
3101323132
1013231323
0132313232
1323132321
3231323213
2313232132
3132321322
1323213220
3232132202
2321322022
3213220220
2132202202
1322022020
3220220200
2202202001
2022020012
0220200123
2202001231
2020012313
0200123133
2001231333
0012313332
0123133322
1231333223
2313332232
3133322320
1333223200
3332232000
3322320001
3223200012
2232000123
2320001233
3200012332
2000123320
0001233203
0012332032
0123320320
1233203200
2332032000
3320320003
3203200030
2032000300
0320003000
3200030000
2000300000
0003000003
0030000031
0300000313
3000003130
0000031301
0000313010
0003130103
0031301033
0313010333
3130103333
1301033330
3010333302
0103333021
1033330213
0333302132
3333021321
3330213210
3302132100
3021321000
