2022322022
0223220220
2232202202
2322022022
3220220220
2202202202
2022022022
0220220222
2202202221
2022022211
0220222113
2202221131
2022211311
0222113113
2221131133
2211311332
2113113320
1131133202
1311332022
3113320220
1133202202
1332022023
3320220230
3202202301
2022023010
0220230102
2202301022
2023010220
0230102200
2301022003
3010220032
0102200322
1022003220
0220032202
2200322023
2003220230
0032202302
0322023023
3220230232
2202302322
2023023220
0230232202
2302322021
3023220211
0232202112
2322021120
3220211202
2202112022
2021120223
0211202233
2112022331
1120223313
1202233131
2022331311
0223313113
2233131131
2331311311
3313113110
3131131101
1311311011
3113110112
1131101123
1311011233
3110112331
1101123311
1011233111
0112331110
1123311102
1233111022
2331110222
3311102221
3111022212
1110222121
1102221211
1022212112
0222121120
2221211202
2212112021
2121120212
1211202120
2112021200
1120212002
1202120023
2021200231
0212002311
2120023111
1200231111
2002311111
0023111112
0231111120
2311111202
3111112022
1111120221
1111202211
1112022112
1120221121
1202211211
2022112112
0221121121
2211211211
2112112111
1121121112
1211211121
2112111211
1121112111
1211121111
2111211113
1112111133
1121111331
1211113312
2111133121
1111331210
1113312102
1133121022
1331210222
3312102223
3121022232
1210222321
2102223211
1022232111
0222321113
2223211133
2232111333
2321113331
3211133311
2111333112
1113331122
1133311221
1333112212
3331122121
3311221211
3112212112
1122121120
1221211202
2212112021
2121120212
1211202121
2112021211
1120212111
1202121112
2021211122
0212111221
2121112211
1211122111
2111221111
1112211111
1122111113
1221111131
2211111312
2111113122
1111131221
1111312213
1113122131
1131221312
1312213121
3122131211
1221312112
2213121121
2131211212
1312112121
3121121211
1211212111
2112121112
1121211123
1212111232
2121112321
1211123213
2111232131
1112321312
1123213121
1232131210
2321312102
3213121021
2131210211
1312102113
3121021132
1210211322
2102113223
1021132231
0211322311
2113223112
1132231122
1322311221
3223112211
2231122112
2311221122
3112211220
1122112202
1221122021
2211220211
2112202110
1122021103
1220211032
2202110322
2021103222
0211032222
2110322221
1103222211
1032222110
0322221102
3222211021
2222110212
2221102121
2211021211
2110212112
1102121121
1021211210
0212112102
2121121023
1211210232
2112102320
1121023202
1210232021
2102320210
1023202101
0232021011
2320210110
3202101100
2021011003
0210110032
2101100322
1011003220
0110032202
1100322021
1003220213
0032202132
0322021322
3220213221
2202132212
2021322122
0213221221
2132212211
1322122113
3221221132
2212211322
2122113223
1221132230
2211322301
2113223011
1132230112
1322301121
3223011213
2230112132
2301121322
3011213222
0112132222
1121322222
1213222221
2132222213
1322222131
3222221311
2222213113
2222131131
2221311311
2213113113
2131131133
1311311332
3113113321
1131133211
1311332111
3113321113
1133211131
1332111311
3321113113
3211131132
2111311321
1113113211
1131132111
1311321111
3113211111
1132111111
1321111112
3211111122
2111111220
1111112202
1111122021
1111220211
1112202112
1122021121
1220211212
2202112122
2021121222
0211212221
2112122210
1121222101
1212221011
2122210111
1222101110
2221011100
2210111002
2101110023
1011100232
0111002323
1110023232
1100232321
1002323210
0023232101
0232321011
2323210112
3232101122
2321011221
3210112210
2101122101
1011221010
0112210102
1122101020
1221010201
2210102010
2101020103
1010201032
0102010320
1020103200
0201032002
2010320021
0103200213
1032002132
0320021321
3200213210
2002132102
0021321021
0213210213
2132102131
1321021311
3210213111
2102131110
1021311102
0213111021
2131110211
1311102110
3111021102
1110211023
1102110231
1021102311
0211023111
2110231112
1102311120
1023111202
0231112020
2311120201
3111202011
1112020111
1120201110
1202011101
2020111011
0201110113
2011101132
0111011322
1110113220
1101132201
1011322010
0113220103
1132201032
1322010321
3220103213
2201032131
2010321311
0103213112
1032131121
0321311211
3213112110
2131121101
1311211011
3112110113
1121101131
1211011313
2110113130
1101131301
1011313011
0113130110
1131301102
1313011022
3130110222
1301102223
3011022233
0110222332
1102223323
1022233231
0222332310
2223323102
2233231022
2332310223
3323102232
3231022322
2310223223
3102232230
1022322301
0223223010
2232230102
2322301022
3223010222
2230102223
2301022230
3010222300
0102223001
1022230011
0222300113
2223001132
2230011322
2300113220
3001132202
0011322021
0113220213
1132202131
1322021310
3220213101
2202131011
2021310113
0213101130
2131011301
1310113011
3101130113
1011301132
0113011321
1130113211
1301132113
3011321132
0113211321
1132113211
1321132110
3211321102
2113211023
1132110232
1321102321
3211023211
2110232110
1102321102
1023211021
0232110211
2321102113
3211021131
2110211313
1102113131
1021131311
0211313113
2113131133
1131311331
1313113311
3131133113
1311331132
3113311321
1133113210
1331132102
3311321022
3113210220
1132102203
1321022030
3210220303
2102203031
1022030311
0220303110
2203031102
2030311022
0303110220
3031102202
0311022022
3110220223
1102202231
1022022311
0220223110
2202231102
2022311022
0223110222
2231102221
2311022213
3110222130
1102221303
1022213032
0222130323
2221303232
2213032321
2130323213
1303232131
3032321310
0323213103
3232131031
2321310312
3213103121
2131031211
1310312111
3103121110
1031211101
0312111010
3121110100
1211101001
2111010011
1110100110
1101001100
1010011002
0100110023
1001100232
0011002320
0110023202
1100232020
1002320201
0023202010
0232020102
2320201022
3202010223
2020102231
0201022311
2010223111
0102231112
1022311121
0223111213
2231112132
2311121321
3111213210
1112132102
1121321020
1213210202
2132102022
1321020221
3210202213
2102022132
1020221321
0202213212
2022132120
0221321200
2213212003
2132120031
1321200310
3212003103
2120031030
1200310301
2003103012
0031030120
0310301202
3103012022
1030120221
0301202210
3012022101
0120221011
1202210111
2022101110
0221011103
2210111031
2101110313
1011103131
0111031313
1110313133
1103131333
1031313332
0313133320
3131333202
1313332022
3133320220
1333202201
3332022010
3320220100
3202201001
2022010013
0220100130
2201001303
2010013032
0100130321
1001303211
0013032111
0130321113
1303211132
3032111322
0321113221
3211132211
2111322112
1113221123
1132211232
1322112321
3221123213
2211232133
2112321332
1123213320
1232133201
2321332010
3213320100
2133201003
1332010032
3320100322
3201003220
2010032202
0100322020
1003220201
0032202011
0322020113
3220201132
2202011321
2020113213
0201132130
2011321302
0113213020
1132130203
1321302030
3213020302
2130203023
1302030232
3020302321
0203023211
2030232110
0302321101
3023211011
0232110111
2321101111
3211011111
2110111112
1101111121
1011111213
0111112130
1111121301
1111213010
1112130102
1121301022
1213010222
2130102222
1301022221
3010222213
0102222132
1022221321
0222213211
2222132111
2221321111
2213211112
2132111122
1321111222
3211112222
2111122222
1111222222
1112222220
1122222201
1222222013
2222220132
2222201321
2222013212
2220132122
2201321222
2013212220
0132122202
1321222021
3212220213
2122202132
1222021321
2220213210
2202132102
2021321021
0213210213
2132102132
1321021321
3210213212
2102132120
1021321200
0213212002
2132120021
1321200211
3212002113
2120021131
1200211310
2002113101
0021131010
0211310102
2113101020
1131010202
1310102020
3101020203
1010202031
0102020313
1020203133
0202031332
2020313320
0203133200
2031332002
0313320022
3133200222
1332002220
3320022202
3200222022
2002220222
0022202222
0222022223
2220222231
2202222313
2022223133
0222231332
2222313320
2223133203
2231332031
2313320311
3133203110
1332031102
3320311021
3203110212
2031102122
0311021220
3110212200
1102122001
1021220011
0212200113
2122001133
1220011331
2200113310
2001133102
0011331021
0113310213
1133102131
1331021313
3310213132
3102131321
1021313211
0213132110
2131321101
1313211011
3132110110
1321101102
3211011022
2110110220
1101102201
1011022010
0110220101
1102201011
1022010112
0220101123
2201011233
2010112333
0101123333
1011233332
0112333323
1123333232
1233332322
2333323220
3333232200
3332322002
3323220022
3232200220
2322002201
3220022010
2200220103
2002201031
0022010313
0220103133
2201031331
2010313311
0103133110
1031331101
0313311010
3133110100
1331101002
3311010020
3110100200
1101002001
1010020010
0100200100
1002001001
0020010011
0200100110
2001001102
0010011021
0100110213
1001102132
0011021322
0110213221
1102132211
1021322111
0213221113
2132211131
1322111310
3221113101
2211131012
2111310121
1113101213
1131012132
1310121320
3101213203
1012132030
0121320302
1213203020
2132030201
1320302010
3203020101
2030201011
0302010110
3020101100
0201011001
2010110010
0101100102
1011001021
0110010213
1100102131
1001021310
0010213101
0102131012
1021310122
0213101220
2131012201
1310122011
3101220113
1012201132
0122011321
1220113211
2201132110
2011321100
0113211001
1132110011
1321100111
3211001113
2110011132
1100111323
1001113233
0011132331
0111323313
1113233131
1132331311
1323313110
3233131102
2331311021
3313110213
3131102133
1311021332
3110213323
1102133230
1021332300
0213323002
2133230020
1332300201
3323002011
3230020113
2300201131
3002011311
0020113111
0201131110
2011311101
0113111013
1131110132
1311101321
3111013213
1110132132
1101321322
1013213222
0132132222
1321322220
3213222202
2132222020
1322220202
3222202020
2222020202
2220202023
2202020233
2020202331
0202023311
2020233112
0202331120
2023311202
0233112022
2331120220
3311202201
3112022013
1120220132
1202201323
2022013231
0220132310
2201323102
2013231020
0132310202
1323102021
3231020213
2310202133
3102021332
1020213320
0202133201
2021332012
0213320121
2133201212
1332012120
3320121200
3201212001
2012120013
0121200132
1212001323
2120013231
1200132313
2001323132
0013231323
0132313232
1323132321
3231323211
2313232110
3132321102
1323211023
3232110232
2321102322
3211023221
2110232213
1102322132
1023221323
0232213232
2322132321
3221323211
2213232111
2132321112
1323211121
3232111213
2321112132
3211121321
2111213210
1112132100
1121321002
1213210022
2132100222
1321002221
3210022211
2100222111
1002221112
0022211121
0222111213
2221112132
2211121321
2111213211
1112132111
1121321110
1213211101
2132111010
1321110102
3211101020
2111010201
1110102013
1101020132
1010201323
0102013233
1020132332
0201323321
2013233211
0132332110
1323321103
3233211032
2332110320
3321103202
3211032021
2110320210
1103202100
1032021003
0320210032
3202100323
2021003232
0210032321
2100323213
1003232132
0032321321
0323213213
3232132132
2321321322
3213213221
2132132213
1321322132
3213221321
2132213210
1322132101
3221321012
2213210122
2132101222
1321012221
3210122211
2101222111
1012221111
0122211110
1222111100
2221111000
2211110001
2111100010
1111000101
1110001013
1100010131
1000101311
0001013112
0010131120
0101311201
1013112013
0131120132
1311201321
3112013211
1120132113
1201321132
2013211322
0132113221
1321132211
3211322113
2113221132
1132211321
1322113211
3221132113
2211321131
2113211311
1132113110
1321131101
3211311013
2113110133
1131101331
1311013310
3110133100
1101331001
1013310011
0133100110
1331001101
3310011010
3100110102
1001101023
0011010232
0110102322
1101023221
1010232210
0102322103
1023221031
0232210313
2322103132
3221031323
2210313232
2103132320
1031323202
0313232021
3132320213
1323202132
3232021321
2320213210
3202132101
2021321013
0213210132
2132101321
1321013211
3210132111
2101321110
1013211102
0132111021
1321110211
3211102111
2111021113
1110211132
1102111322
1021113223
0211132231
2111322310
1113223101
1132231011
1322310113
3223101130
2231011301
2310113010
3101130100
1011301001
0113010010
1130100101
1301001010
3010010102
0100101020
1001010201
0010102010
0101020101
1010201012
0102010123
1020101233
0201012333
2010123332
0101233320
1012333202
0123332023
1233320231
2333202311
3332023110
3320231103
3202311032
2023110321
0231103211
2311032113
3110321130
1103211300
1032113001
0321130011
3211300111
2113001113
1130011132
1300111320
3001113202
0011132022
0111320222
1113202221
1132022211
1320222112
3202221123
2022211233
0222112330
2221123301
2211233010
2112330101
1123301011
1233010113
2330101133
3301011331
3010113312
0101133122
1011331221
0113312212
1133122121
1331221211
3312212110
3122121102
1221211021
2212110213
2121102132
1211021323
2110213232
1102132323
1021323232
0213232320
2132323201
1323232011
3232320110
2323201101
3232011011
2320110113
3201101132
2011011323
0110113231
1101132311
1011323111
0113231113
1132311130
1323111301
3231113010
2311130100
3111301001
1113010013
1130100130
1301001301
3010013011
0100130113
1001301132
0013011323
0130113231
1301132313
3011323130
0113231301
1132313012
1323130122
3231301220
2313012203
3130122032
1301220323
3012203232
0122032322
1220323222
2203232222
2032322223
0323222231
3232222311
2322223113
3222231132
2222311321
2223113210
2231132101
2311321011
3113210111
1132101113
1321011132
3210111322
2101113223
1011132231
0111322313
1113223132
1132231321
1322313211
3223132111
2231321113
2313211132
3132111323
1321113232
3211132320
2111323200
1113232001
1132320010
1323200100
3232001001
2320010011
3200100110
2001001100
0010011002
0100110020
1001100202
0011002022
0110020223
1100202232
1002022320
0020223201
0202232010
2022320103
0223201031
2232010313
2320103132
3201031320
2010313202
0103132022
1031320220
0313202203
3132022032
1320220322
3202203220
2022032200
0220322001
2203220010
2032200101
0322001010
3220010102
2200101021
2001010212
0010102122
0101021223
1010212232
0102122323
1021223232
0212232320
2122323202
1223232020
2232320200
2323202000
3232020003
2320200032
3202000321
2020003210
0200032102
2000321021
0003210210
0032102100
0321021002
3210210021
2102100211
1021002111
0210021113
2100211132
1002111323
0021113232
0211132321
2111323211
1113232111
1132321112
1323211120
3232111202
2321112023
3211120232
2111202323
1112023232
1120232321
1202323213
2023232130
0232321303
2323213032
3232130322
2321303223
3213032231
2130322313
1303223132
3032231322
0322313222
3223132221
2231322210
2313222103
3132221032
1322210322
3222103220
2221032200
2210322001
2103220010
1032200101
0322001011
3220010113
2200101132
2001011321
0010113212
0101132122
1011321222
0113212220
1132122202
1321222022
3212220223
2122202232
1222022320
2220223202
2202232022
2022320222
0223202221
2232022210
2320222102
3202221023
2022210231
0222102310
2221023101
2210231011
2102310110
1023101102
0231011023
2310110232
3101102321
1011023211
0110232110
1102321100
1023211003
0232110030
2321100303
3211003031
2110030311
1100303110
1003031102
0030311022
0303110220
3031102202
0311022023
3110220233
1102202333
1022023332
0220233321
2202333213
2023332132
0233321322
2333213221
3332132213
3321322132
3213221321
2132213210
1322132100
3221321002
2213210020
2132100200
1321002002
3210020020
2100200203
1002002031
0020020313
0200203133
2002031333
0020313332
0203133322
2031333222
0313332220
3133322202
1333222021
3332220211
3322202113
3222021132
2220211322
2202113221
2021132210
0211322103
2113221033
1132210333
1322103331
3221033313
2210333133
2103331331
1033313311
0333133110
3331331102
3313311020
3133110202
1331102020
3311020202
3110202021
1102020213
1020202133
0202021333
2020213330
0202133300
2021333002
0213330022
2133300222
1333002222
3330022222
3300222220
3002222201
0022222011
0222220111
2222201110
2222011102
2220111021
2201110211
2011102113
0111021131
1110211311
1102113110
1021131102
0211311021
2113110210
1131102101
1311021012
3110210122
1102101221
1021012213
0210122131
2101221311
1012213111
0122131111
1221311113
2213111132
2131111321
1311113210
3111132102
1111321021
1113210211
1132102113
1321021132
3210211320
2102113202
1021132021
0211320210
2113202102
1132021021
1320210213
3202102131
2021021310
0210213102
2102131020
1021310202
0213102023
2131020232
1310202323
3102023233
1020232333
0202323332
2023233320
0232333202
2323332020
3233320201
2333202013
3332020131
3320201313
3202013132
2020131322
0201313220
2013132202
0131322022
1313220220
3132202202
1322022020
3220220203
2202202031
2022020310
0220203101
2202031010
2020310102
0203101022
2031010223
0310102233
3101022330
1010223301
0102233011
1022330113
0223301132
2233011323
2330113230
3301132301
3011323010
0113230103
1132301031
1323010313
3230103131
2301031310
3010313102
0103131021
1031310212
0313102123
3131021232
1310212322
3102123221
1021232211
0212322110
2123221102
1232211020
2322110201
3221102010
2211020102
2110201021
1102010211
1020102113
0201021132
2010211323
0102113231
1021132313
0211323130
2113231300
1132313001
1323130011
3231300113
2313001131
3130011310
1300113102
3001131023
0011310232
0113102323
1131023231
1310232313
3102323133
1023231331
0232313311
2323133110
3231331102
2313311020
3133110200
1331102001
3311020011
3110200113
1102001132
1020011321
0200113212
2001132120
0011321202
0113212023
1132120230
1321202300
3212023003
2120230031
1202300311
2023003112
0230031122
2300311222
3003112222
0031122220
0311222201
3112222012
1122220120
1222201202
2222012023
2220120233
2201202331
2012023313
0120233132
1202331321
2023313210
0233132103
2331321032
3313210320
3132103203
1321032032
3210320322
2103203223
1032032232
0320322321
3203223211
2032232113
0322321130
3223211301
2232113013
2321130131
3211301310
2113013101
1130131013
1301310132
3013101320
0131013201
1310132011
3101320111
1013201113
0132011132
1320111321
3201113210
2011132100
0111321002
1113210022
1132100222
1321002221
3210022213
2100222130
1002221302
0022213022
0222130221
2221302210
2213022103
2130221031
1302210310
3022103102
0221031021
2210310213
2103102132
1031021322
0310213221
3102132213
1021322132
0213221322
2132213222
1322132222
3221322221
2213222213
2132222132
1322221321
3222213210
2222132101
2221321013
2213210131
2132101311
1321013111
3210131113
2101311132
1013111321
0131113212
1311132120
3111321202
1113212020
1132120200
1321202001
3212020013
2120200132
1202001322
2020013222
0200132221
2001322210
0013222102
0132221023
1322210232
3222102322
2221023221
2210232211
2102322113
1023221132
0232211322
2322113221
3221132211
2211322111
2113221113
1132211131
1322111310
3221113103
2211131031
2111310311
1113103110
1131031101
1310311011
3103110112
1031101121
0311011210
3110112100
1101121003
1011210032
0112100321
1121003211
1210032111
2100321110
1003211101
0032111011
0321110113
3211101131
2111011313
1110113132
1101131321
1011313213
0113132133
1131321331
1313213312
3132133123
1321331230
3213312301
2133123010
1331230101
3312301010
3123010101
1230101012
2301010122
3010101223
0101012232
1010122321
0101223211
1012232111
0122321113
1223211132
2232111322
2321113222
3211132220
2111322201
1113222011
1132220110
1322201102
3222011021
2220110213
2201102131
2011021313
0110213133
1102131331
1021313311
0213133112
2131331122
1313311220
3133112200
1331122001
3311220011
3112200111
1122001111
1220011111
2200111110
2001111101
0011111011
0111110110
1111101102
1111011022
1110110221
1101102211
1011022111
0110221113
1102211132
1022111321
0221113213
2211132131
2111321311
1113213110
1132131101
1321311010
3213110102
2131101023
1311010232
3110102321
1101023211
1010232110
0102321100
1023211001
0232110011
2321100112
3211001122
2110011221
1100112211
1001122110
0011221102
0112211020
1122110202
1221102022
2211020220
2110202203
1102022032
1020220320
0202203202
2022032023
0220320232
2203202323
2032023232
0320232323
3202323232
2023232322
0232323222
2323232223
3232322232
2323222320
3232223202
2322232022
3222320222
2223202221
2232022211
2320222113
3202221132
2022211322
0222113221
2221132211
2211322113
2113221132
1132211321
1322113213
3221132130
2211321301
2113213011
1132130111
1321301110
3213011101
2130111013
1301110132
3011101323
0111013232
1110132321
1101323212
1013232121
0132321211
1323212111
3232121110
2321211101
3212111012
2121110122
1211101222
2111012221
1110122210
1101222101
1012221013
0122210132
1222101321
2221013213
2210132132
2101321322
1013213222
0132132222
1321322223
3213222231
2132222311
1322223112
3222231122
2222311222
2223112222
2231122221
2311222211
3112222111
1122221110
1222211101
2222111011
2221110111
2211101110
2111011102
1110111023
1101110232
1011102323
0111023232
1110232323
1102323231
1023232310
0232323100
2323231001
3232310013
2323100132
3231001321
2310013210
3100132102
1001321021
0013210211
0132102110
1321021102
3210211023
2102110233
1021102331
0211023311
2110233113
1102331133
1023311331
0233113312
2331133123
3311331232
3113312322
1133123221
1331232211
3312322110
3123221102
1232211022
2322110220
3221102202
2211022023
2110220232
1102202321
1022023212
0220232123
2202321232
2023212322
0232123220
2321232202
3212322022
2123220220
1232202200
2322022003
3220220032
2202200321
2022003211
0220032112
2200321120
2003211202
0032112023
0321120230
3211202301
2112023013
1120230132
1202301320
2023013200
0230132002
2301320022
3013200222
0132002222
1320022221
3200222213
2002222133
0022221331
0222213311
2222133111
2221331111
2213311112
2133111122
1331111222
3311112220
3111122202
1111222023
1112220230
1122202301
1222023012
2220230123
2202301232
2023012320
0230123200
2301232002
3012320022
0123200220
1232002201
2320022010
3200220102
2002201022
0022010220
0220102200
2201022001
2010220013
0102200132
1022001323
0220013231
2200132313
2001323132
0013231321
0132313211
1323132112
3231321123
2313211232
3132112321
1321123211
3211232110
2112321101
1123211011
1232110111
2321101113
3211011132
2110111320
1101113202
1011132023
0111320232
1113202323
1132023231
1320232310
3202323102
2023231021
0232310211
2323102111
3231021111
2310211110
3102111102
1021111020
0211110200
2111102003
1111020032
1110200322
1102003221
1020032213
0200322131
2003221310
0032213102
0322131023
3221310232
2213102320
2131023201
1310232011
3102320113
1023201132
0232011321
2320113213
3201132133
2011321333
0113213332
1132133322
1321333220
3213332203
2133322031
1333220312
3332203122
3322031220
3220312202
2203122022
2031220221
0312202211
3122022110
1220221100
2202211001
2022110011
0221100110
2211001102
2110011023
1100110232
1001102323
0011023232
0110232323
1102323232
1023232322
0232323221
2323232211
3232322113
2323221132
3232211321
2322113212
3221132121
2211321211
2113212111
1132121110
1321211101
3212111013
2121110130
1211101301
2111013010
1110130100
1101301002
1013010022
0130100220
1301002201
3010022011
0100220111
1002201113
0022011131
0220111311
2201113111
2011131113
0111311133
1113111331
1131113313
1311133132
3111331321
1113313212
1133132123
1331321233
3313212332
3132123321
1321233213
3212332131
2123321312
1233213121
2332131213
3321312132
3213121321
2131213211
1312132111
3121321111
1213211110
2132111102
1321111023
3211110232
2111102322
1111023223
1110232232
1102322323
1023223232
0232232320
2322323200
3223232002
2232320021
2323200211
3232002113
2320021132
3200211320
2002113201
0021132011
0211320113
2113201131
1132011313
1320113131
3201131311
2011313113
0113131133
1131311331
1313113310
3131133103
1311331032
3113310321
1133103211
1331032111
3310321110
3103211103
1032111031
0321110313
3211103132
2111031322
1110313220
1103132200
1031322002
0313220023
3132200233
1322002331
3220023311
2200233111
2002331110
0023311102
0233111020
2331110203
3311102032
3111020320
1110203202
1102032022
1020320220
0203202202
2032022022
0320220222
3202202221
2022022210
0220222103
2202221032
2022210323
0222103232
2221032321
2210323211
2103232110
1032321102
0323211021
3232110211
2321102110
3211021103
2110211032
1102110321
1021103211
0211032111
2110321111
1103211110
1032111101
0321111011
3211110110
2111101100
1111011001
1110110013
1101100132
1011001321
0110013210
1100132101
1001321011
0013210111
0132101110
1321011101
3210111013
2101110131
1011101311
0111013113
1110131132
1101311323
1013113232
0131132323
1311323232
3113232322
1132323220
1323232201
3232322011
2323220113
3232201132
2322011322
3220113220
2201132203
2011322032
0113220320
1132203201
1322032010
3220320100
2203201002
2032010022
0320100222
3201002223
2010022233
0100222332
1002223321
0022233211
0222332111
2223321113
2233211132
2332111321
3321113213
3211132132
2111321320
1113213202
1132132021
1321320210
3213202102
2132021020
1320210202
3202102020
2021020202
0210202021
2102020211
1020202110
0202021102
2020211021
0202110211
2021102111
0211021113
2110211132
1102111323
1021113232
0211132320
2111323201
1113232010
1132320103
1323201031
3232010311
2320103110
3201031103
2010311031
0103110310
1031103103
0311031033
3110310332
1103103321
1031033213
0310332132
3103321321
1033213213
0332132132
3321321323
3213213232
2132132322
1321323223
3213232232
2132322322
1323223222
3232232221
2322322210
3223222103
2232221033
2322210331
3222103313
2221033132
2210331321
2103313213
1033132132
0331321323
3313213233
3132132331
1321323312
3213233123
2132331232
1323312322
3233123223
2331232231
3312322310
3123223103
1232231030
2322310302
3223103022
2231030222
2310302221
3103022213
1030222132
0302221322
3022213223
0222132231
2221322311
2213223113
2132231132
1322311322
3223113223
2231132231
2311322311
3113223113
1132231131
1322311311
3223113113
2231131130
2311311300
3113113003
1131130033
1311300330
3113003300
1130033002
1300330021
3003300212
0033002120
0330021200
3300212000
3002120002
0021200021
0212000212
2120002122
1200021221
2000212210
0002122102
0021221020
0212210200
2122102002
1221020020
2210200200
2102002001
1020020011
0200200112
2002001121
0020011210
0200112100
2001121002
0011210023
0112100230
1121002301
1210023010
2100230101
1002301012
0023010120
0230101203
2301012032
3010120321
0101203212
1012032122
0120321221
1203212212
2032122122
0321221221
3212212213
2122122132
1221221321
2212213213
2122132132
1221321321
2213213210
2132132102
1321321022
3213210220
2132102200
1321022000
3210220001
2102200013
1022000132
0220001320
2200013202
2000132021
0001320213
0013202132
0132021322
1320213223
3202132232
2021322322
0213223220
2132232202
1322322021
3223220211
2232202112
2322021121
3220211213
2202112132
2021121320
0211213201
2112132013
1121320131
1213201311
2132013113
1320131130
3201311302
2013113023
0131130232
1311302322
3113023220
1130232202
1302322021
3023220210
0232202100
2322021003
3220210032
2202100321
2021003211
0210032113
2100321130
1003211300
0032113001
0321130011
3211300110
2113001102
1130011022
1300110221
3001102213
0011022131
0110221310
1102213102
1022131020
0221310203
2213102032
2131020321
1310203212
3102032122
1020321220
0203212203
2032122031
0321220311
3212203113
2122031132
1220311320
2203113200
2031132000
0311320002
3113200020
1132000202
1320002020
3200020201
2000202010
0002020102
0020201020
0202010202
2020102021
0201020213
2010202132
0102021320
1020213202
0202132022
2021320220
0213202200
2132022000
1320220002
3202200023
2022000232
0220002320
2200023200
2000232002
0002320022
0023200223
0232002232
2320022321
3200223213
2002232133
0022321332
0223213322
2232133220
2321332203
3213322031
2133220311
1332203112
3322031122
3220311220
2203112202
2031122021
0311220213
3112202133
1122021333
1220213333
2202133332
2021333322
0213333221
2133332210
1333322101
3333221010
3332210102
3322101023
3221010231
2210102313
2101023130
1010231301
0102313010
1023130100
0231301002
2313010022
3130100222
1301002221
3010022210
0100222103
1002221031
0022210313
0222103132
2221031322
2210313220
2103132203
1031322031
0313220311
3132203111
1322031113
3220311132
2203111320
2031113203
0311132032
3111320322
1113203222
1132032222
1320322220
3203222200
2032222000
0322220000
3222200003
2222000032
2220000323
2200003232
2000032320
0000323200
0003232000
0032320000
0323200003
3232000031
2320000311
3200003111
2000031110
0000311102
0003111023
0031110232
0311102322
3111023221
1110232211
1102322110
1023221103
0232211031
2322110310
3221103100
2211031000
2110310002
1103100023
1031000232
0310002323
3100023233
1000232332
0002323320
0023233202
0232332022
2323320222
3233202220
2332022200
3320222000
3202220000
2022200001
0222000010
2220000101
2200001010
2000010103
0000101031
0001010311
0010103111
0101031111
1010311111
0103111110
1031111100
0311111000
3111110002
1111100021
1111000211
1110002110
1100021100
1000211001
0002110010
0021100100
0211001000
2110010002
1100100020
1001000200
0010002000
0100020003
1000200031
0002000313
0020003133
0200031332
2000313322
0003133220
0031332203
0313322032
3133220320
1332203200
3322032002
3220320021
2203200210
2032002103
0320021030
3200210303
2002103032
0021030323
0210303232
2103032320
1030323203
0303232032
3032320322
0323203221
3232032213
2320322132
3203221322
2032213221
0322132212
3221322123
2213221232
2132212322
1322123222
3221232221
2212322213
2123222131
1232221311
2322213111
3222131111
2221311110
2213111103
2131111030
1311110303
3111103032
1111030323
1110303232
1103032323
1030323231
0303232311
3032323111
0323231112
3232311121
2323111211
3231112113
2311121131
3111211311
1112113113
1121131132
1211311322
2113113222
1131132221
1311322210
3113222103
1132221031
1322210313
3222103132
2221031321
2210313211
2103132113
1031321132
0313211320
3132113201
1321132010
3211320103
2113201031
1132010311
1320103110
3201031101
2010311012
0103110122
1031101223
0311012232
3110122321
1101223210
1012232102
0122321021
1223210213
2232102132
2321021322
3210213223
2102132232
1021322320
0213223201
2132232010
1322320101
3223201010
2232010102
2320101021
3201010213
2010102133
0101021330
1010213303
0102133032
1021330321
0213303211
2133032111
1330321113
3303211130
3032111303
0321113032
3211130322
2111303221
1113032213
1130322132
1303221321
3032213211
0322132113
3221321131
2213211313
2132113133
1321131330
3211313302
2113133020
1131330201
1313302011
3133020110
1330201101
3302011012
3020110123
0201101231
2011012311
0110123112
1101231120
1012311202
0123112020
1231120200
2311202001
3112020010
1120200101
1202001011
2020010112
0200101121
2001011212
0010112122
0101121222
1011212221
0112122212
1121222121
1212221211
2122212113
1222121132
2221211322
2212113222
2121132221
1211322213
2113222131
1132221311
1322213111
3222131110
2221311102
2213111022
2131110220
1311102201
3111022011
1110220113
1102201132
1022011321
0220113213
2201132132
2011321320
0113213200
1132132001
1321320013
3213200132
2132001322
1320013223
3200132232
2001322323
0013223232
0132232323
1322323232
3223232321
2232323210
2323232102
3232321020
2323210203
3232102033
2321020332
3210203321
2102033211
1020332110
0203321100
2033211002
0332110022
3321100222
3211002222
2110022220
1100222203
1002222032
0022220320
0222203202
2222032021
2220320213
2203202130
2032021301
0320213013
3202130133
2021301332
0213013322
2130133220
1301332202
3013322022
0133220220
1332202200
3322022002
3220220023
2202200232
2022002321
0220023212
2200232122
2002321221
0023212213
0232122133
2321221332
3212213323
2122133232
1221332321
2213323210
2133232101
1332321010
3323210102
3232101022
2321010222
3210102220
2101022201
1010222011
0102220113
1022201132
0222011322
2220113221
2201132213
2011322132
0113221321
1132213211
1322132111
3221321112
2213211122
2132111220
1321112200
3211122001
2111220012
1112200123
1122001232
1220012321
2200123213
2001232132
0012321322
0123213223
1232132233
2321322330
3213223300
2132233002
1322330020
3223300202
2233002023
2330020231
3300202311
3002023111
0020231110
0202311100
2023111001
0231110011
2311100110
3111001103
1110011032
1100110323
1001103231
0011032310
0110323100
1103231002
1032310020
0323100203
3231002033
2310020330
3100203301
1002033010
0020330102
0203301020
2033010201
0330102013
3301020133
3010201333
0102013332
1020133322
0201333222
2013332221
0133322213
1333222130
3332221302
3322213021
3222130210
2221302101
2213021012
2130210122
1302101221
3021012213
0210122132
2101221321
1012213213
0122132132
1221321322
2213213220
2132132203
1321322030
3213220303
2132203033
1322030332
3220303320
2203033203
2030332032
0303320320
3033203202
0332032020
3320320201
3203202012
2032020122
0320201220
3202012202
2020122023
0201220230
2012202301
0122023011
1220230110
2202301101
2023011012
0230110121
2301101210
3011012102
0110121020
1101210203
1012102032
0121020322
1210203222
2102032222
1020322222
0203222221
2032222210
0322222100
3222221002
2222210022
2222100223
2221002232
2210022321
2100223211
1002232111
0022321110
0223211103
2232111031
2321110310
3211103100
2111031002
1110310023
1103100232
1031002322
0310023220
3100232203
1002322032
0023220322
0232203221
2322032210
3220322103
2203221033
2032210332
0322103322
3221033220
2210332202
2103322023
1033220231
0332202311
3322023110
3220231103
2202311033
2023110331
0231103313
2311033131
3110331311
1103313112
1033131121
0331311211
3313112112
3131121122
1311211221
3112112212
1121122122
1211221223
2112212233
1122122331
1221223310
2212233101
2122331011
1223310111
2233101110
2331011101
3310111011
3101110110
1011101102
0111011020
1110110202
1101102023
1011020232
0110202320
1102023203
1020232032
0202320323
2023203232
0232032323
2320323232
3203232322
2032323220
0323232202
3232322023
2323220233
3232202330
2322023303
3220233032
2202330322
2023303223
0233032232
2330322323
3303223232
3032232320
0322323201
3223232013
2232320132
2323201323
3232013232
2320132323
3201323232
2013232322
0132323222
1323232220
3232322202
2323222021
3232220213
2322202132
3222021320
2220213203
2202132032
2021320320
0213203201
2132032013
1320320133
3203201333
2032013333
0320133332
3201333322
2013333222
0133332222
1333322221
3333222211
3332222110
3322221100
3222211000
2222110001
2221100011
2211000113
2110001133
1100011330
1000113303
0001133032
0011330320
0113303203
1133032032
1330320322
3303203222
3032032220
0320322203
3203222031
2032220311
0322203111
3222031110
2220311102
2203111021
2031110211
0311102111
3111021112
1110211120
1102111202
1021112020
0211120202
2111202020
1112020203
1120202031
1202020311
2020203111
0202031113
2020311132
0203111320
2031113201
0311132011
3111320113
1113201132
1132011321
1320113213
3201132132
2011321322
0113213220
1132132202
1321322020
3213220200
2132202002
1322020022
3220200222
2202002222
2020022222
0200222220
2002222200
0022222001
0222220012
2222200122
2222001221
2220012213
2200122132
2001221321
0012213211
0122132111
1221321111
2213211110
2132111102
1321111021
3211110211
2111102111
1111021111
1110211111
1102111111
1021111110
0211111103
2111111031
1111110313
1111103132
1111031321
1110313210
1103132101
1031321011
0313210110
3132101103
1321011033
3210110332
2101103320
1011033203
0110332032
1103320323
1033203231
0332032313
3320323130
3203231301
2032313010
0323130103
3231301032
2313010320
3130103203
1301032031
3010320310
0103203103
1032031032
0320310322
3203103223
2031032231
0310322310
3103223100
1032231000
0322310003
3223100032
2231000323
2310003233
3100032332
1000323322
0003233220
0032332203
0323322032
3233220320
2332203203
3322032031
3220320312
2203203120
2032031201
0320312013
3203120131
2031201311
0312013112
3120131120
1201311200
2013112003
0131120032
1311200323
3112003231
1120032312
1200323122
2003231221
0032312211
0323122110
3231221100
2312211002
3122110022
1221100223
2211002233
2110022331
1100223311
1002233112
0022331122
0223311222
2233112220
2331122202
3311222021
3112220213
1122202132
1222021322
2220213223
2202132232
2021322322
0213223221
2132232211
1322322112
3223221120
2232211202
2322112023
3221120233
2211202331
2112023313
1120233131
1202331312
2023313121
0233131212
2331312121
3313121210
3131212103
1312121032
3121210322
1212103221
2121032211
1210322110
2103221102
1032211022
0322110222
3221102220
2211022201
2110222011
1102220111
1022201111
0222011111
2220111110
2201111102
2011111021
0111110212
1111102123
1111021233
1110212333
1102123333
1021233332
0212333323
2123333233
1233332332
2333323323
3333233231
3332332310
3323323103
3233231031
2332310311
3323103110
3231031102
2310311020
3103110200
1031102003
0311020032
3110200320
1102003202
1020032022
0200320220
2003202201
0032022013
0320220133
3202201332
2022013322
0220133222
2201332221
2013322211
0133222111
1332221113
3322211133
3222111331
2221113311
2211133110
2111331102
1113311021
1133110211
1331102111
3311021111
3110211113
1102111133
1021111332
0211113322
2111133220
1111332201
1113322010
1133220102
1332201021
3322010210
3220102101
2201021011
2010210113
0102101133
1021011331
0210113313
2101133130
1011331301
0113313011
1133130112
1331301121
3313011213
3130112131
1301121312
3011213121
0112131213
1121312132
1213121321
2131213213
1312132132
3121321322
1213213220
2132132202
1321322022
3213220220
2132202203
1322022032
3220220320
2202203203
2022032032
0220320320
2203203201
2032032010
0320320103
3203201032
2032010322
0320103222
3201032222
2010322222
0103222220
1032222201
0322222011
3222220113
2222201132
2222011322
2220113223
2201132230
2011322302
0113223020
1132230203
1322302032
3223020321
2230203213
2302032132
3020321320
0203213202
2032132022
0321320220
3213202202
2132022023
1320220230
3202202301
2022023011
0220230113
2202301130
2023011302
0230113023
2301130233
3011302331
0113023311
1130233111
1302331111
3023311110
0233111102
2331111021
3311110210
3111102102
1111021022
1110210222
1102102221
1021022213
0210222133
2102221331
1022213313
0222133133
2221331331
2213313313
2133133132
1331331321
3313313211
3133132111
1331321110
3313211102
3132111020
1321110201
3211102011
2111020111
1110201113
1102011132
1020111321
0201113212
2011132122
0111321221
1113212211
1132122112
1321221122
3212211221
2122112212
1221122121
2211221213
2112212132
1122121322
1221213222
2212132222
2121322222
1213222221
2132222210
1322222101
3222221012
2222210122
2222101221
2221012211
2210122111
2101221110
1012211101
0122111011
1221110112
2211101121
2111011210
1110112102
1101121022
1011210221
0112102210
1121022101
1210221011
2102210112
1022101123
0221011230
2210112302
2101123021
1011230213
0112302131
1123021310
1230213103
2302131031
3021310311
0213103110
2131031101
1310311011
3103110110
1031101102
0311011022
3110110220
1101102202
1011022023
0110220232
1102202322
1022023223
0220232232
2202322322
2023223223
0232232232
2322322322
3223223223
2232232232
2322322320
3223223202
2232232021
2322320213
3223202130
2232021300
2320213001
3202130012
2021300121
0213001213
2130012132
1300121322
3001213222
0012132222
0121322221
1213222213
2132222132
1322221322
3222213220
2222132202
2221322021
2213220210
2132202101
1322021013
3220210131
2202101311
2021013112
0210131120
2101311202
1013112022
0131120220
1311202202
3112022022
1120220220
1202202202
2022022022
0220220220
2202202202
2022022021
0220220211
2202202111
2022021111
0220211111
2202111111
2021111110
0211111100
2111111002
1111110023
1111100231
1111002311
1110023111
1100231111
1002311110
0023111101
0231111013
2311110132
3111101320
1111013201
1110132010
1101320101
1013201011
0132010111
1320101113
3201011131
2010111310
0101113102
1011131020
0111310200
1113102002
1131020022
1310200222
3102002222
1020022221
0200222213
2002222132
0022221322
0222213221
2222132213
2221322131
2213221313
2132213132
1322131320
3221313203
2213132032
2131320323
1313203232
3132032323
1320323233
3203232333
2032323332
0323233320
3232333203
2323332032
3233320322
2333203221
3332032212
3320322120
3203221202
2032212023
0322120233
3221202332
2212023322
2120233222
1202332220
2023322200
0233222003
2332220032
3322200322
3222003222
2220032222
2200322220
2003222201
0032222010
0322220102
3222201021
2222010211
2220102110
2201021100
2010211002
0102110022
1021100222
0211002222
2110022221
1100222213
1002222132
0022221321
0222213210
2222132102
2221321020
2213210202
2132102021
1321020211
3210202113
2102021131
1020211311
0202113111
2021131111
0211311111
2113111110
1131111100
1311111001
3111110010
1111100103
1111001032
1110010320
1100103201
1001032011
0010320111
0103201111
1032011110
0320111102
3201111021
2011110213
0111102131
1111021313
1110213131
1102131313
1021313130
0213131301
2131313010
1313130102
3131301021
1313010212
3130102123
1301021233
3010212330
0102123301
1021233010
0212330102
2123301021
1233010212
2330102120
3301021202
3010212022
0102120220
1021202201
0212022011
2120220111
1202201111
2022011110
0220111101
2201111010
2011110102
0111101023
1111010230
1110102301
1101023013
1010230131
0102301311
1023013113
0230131132
2301311321
3013113213
0131132131
1311321311
3113213111
1132131113
1321311132
3213111320
2131113202
1311132020
3111320201
1113202013
1132020132
1320201320
3202013203
2020132032
0201320322
2013203221
0132032213
1320322130
3203221301
2032213012
0322130123
3221301233
2213012332
2130123321
1301233211
3012332111
0123321111
1233211111
2332111111
3321111113
3211111131
2111111310
1111113101
1111131011
1111310113
1113101132
1131011321
1310113210
3101132102
1011321021
0113210211
1132102111
1321021111
3210211111
2102111110
1021111102
0211111021
2111110211
1111102113
1111021132
1110211320
1102113200
1021132003
0211320030
2113200303
1132003032
1320030323
3200303232
2003032320
0030323200
0303232001
3032320011
0323200110
3232001102
2320011021
3200110211
2001102110
0011021102
0110211020
1102110200
1021102002
0211020023
2110200233
1102002331
1020023312
0200233122
2002331221
0023312211
0233122110
2331221101
3312211010
3122110100
1221101001
2211010011
2110100111
1101001111
1010011111
0100111111
1001111113
0011111131
0111111310
1111113101
1111131011
1111310111
1113101111
1131011113
1310111130
3101111302
1011113020
0111130202
1111302022
1113020222
1130202221
1302022211
3020222111
0202221113
2022211131
0222111313
2221113132
2211131323
2111313231
1113132313
1131323131
1313231311
3132313113
1323131133
3231311332
2313113323
3131133231
1311332312
3113323120
1133231201
1332312011
3323120113
3231201132
2312011321
3120113213
1201132132
2011321322
0113213223
1132132232
1321322321
3213223211
2132232110
1322321101
3223211013
2232110131
2321101313
3211013132
2110131322
1101313220
1013132200
0131322000
1313220002
3132200022
1322000221
3220002211
2200022111
2000221110
0002211100
0022111002
0221110020
2211100201
2111002013
1110020131
1100201313
1002013133
0020131333
0201313331
2013133311
0131333111
1313331111
3133311110
1333111100
3331111000
3311110000
3111100000
1111000001
1110000011
1100000111
1000001113
0000011131
0000111313
0001113131
0011131311
0111313111
1113131110
1131311103
1313111032
3131110322
1311103220
3111032200
1110322000
1103220002
1032200020
0322000200
3220002003
2200020032
2000200322
0002003222
0020032222
0200322223
2003222233
0032222332
0322223323
3222233231
2222332310
2223323100
2233231000
2332310002
3323100020
3231000201
2310002010
3100020103
1000201033
0002010333
0020103333
0201033333
2010333332
0103333321
1033333211
0333332113
3333321133
3333211333
3332113332
3321133322
3211333222
2113332220
1133322202
1333222023
3332220232
3322202321
3222023211
2220232112
2202321123
2023211232
0232112322
2321123220
3211232202
2112322020
1123220200
1232202001
2322020011
3220200111
2202001113
2020011132
0200111320
2001113202
0011132023
0111320230
1113202301
1132023013
1320230133
3202301332
2023013322
0230133221
2301332210
3013322101
0133221011
1332210111
3322101111
3221011112
2210111122
2101111222
1011112222
0111122221
1111222210
1112222102
1122221022
1222210222
2222102221
2221022213
2210222132
2102221321
1022213211
0222132111
2221321111
2213211113
2132111131
1321111310
3211113102
2111131021
1111310211
1113102111
1131021111
1310211110
3102111101
1021111010
0211110101
2111101013
1111010131
1110101313
1101013130
1010131301
0101313011
1013130110
0131301102
1313011021
3130110211
1301102113
3011021133
0110211331
1102113310
1021133102
0211331021
2113310211
1133102111
1331021110
3310211102
3102111021
1021110211
0211102113
2111021133
1110211333
1102113332
1021133320
0211333201
2113332010
1133320100
1333201001
3332010011
3320100113
3201001131
2010011313
0100113130
1001131303
0011313033
0113130330
1131303301
1313033013
3130330132
1303301322
3033013222
0330132220
3301322201
3013222011
0132220110
1322201102
3222011022
2220110220
2201102201
2011022011
0110220111
1102201110
1022011103
0220111031
2201110310
2011103102
0111031020
1110310203
1103102031
1031020312
0310203122
3102031222
1020312222
0203122221
2031222213
0312222131
3122221313
1222213131
2222131311
2221313110
2213131101
2131311011
1313110111
3131101110
1311011102
3110111021
1101110210
1011102101
0111021011
1110210113
1102101133
1021011333
0210113332
2101133320
1011333200
0113332002
1133320022
1333200222
3332002220
3320022201
3200222011
2002220111
0022201111
0222011113
2220111130
2201111301
2011113012
0111130122
1111301223
1113012232
1130122322
1301223220
3012232202
0122322020
1223220200
2232202003
2322020031
3220200311
2202003113
2020031132
0200311320
2003113202
0031132023
0311320230
3113202301
1132023011
1320230113
3202301132
2023011322
0230113222
2301132221
3011322211
0113222113
1132221132
1322211322
3222113220
2221132203
2211322032
2113220321
1132203212
1322032121
3220321211
2203212110
2032121102
0321211023
3212110232
2121102323
1211023232
2110232320
1102323202
1023232021
0232320211
2323202112
3232021120
2320211201
3202112010
2021120100
0211201002
2112010021
1120100211
1201002110
2010021100
0100211002
1002110023
0021100231
0211002310
2110023101
1100231013
1002310132
0023101320
0231013202
2310132022
3101320221
1013202211
0132022111
1320221113
3202211132
2022111321
0221113213
2211132132
2111321320
1113213202
1132132021
1321320211
3213202111
2132021113
1320211131
3202111310
2021113102
0211131022
2111310222
1113102220
1131022202
1310222023
3102220232
1022202322
0222023222
2220232222
2202322220
2023222200
0232222002
2322220022
3222200221
2222002211
2220022113
2200221132
2002211320
0022113201
0221132013
2211320133
2113201331
1132013313
1320133132
3201331322
2013313221
0133132211
1331322113
3313221132
3132211321
1322113212
3221132123
2211321233
2113212332
1132123322
1321233222
3212332220
2123322201
1233222010
2332220100
3322201002
3222010020
2220100203
2201002032
2010020322
0100203222
1002032222
0020322220
0203222202
2032222020
0322220202
3222202022
2222020222
2220202221
2202022211
2020222111
0202221113
2022211133
0222111332
2221113322
2211133220
2111332201
1113322011
1133220110
1332201101
3322011010
3220110103
2201101031
2011010311
0110103110
1101031102
1010311022
0103110220
1031102202
0311022020
3110220202
1102202021
1022020211
0220202113
2202021132
2020211321
0202113213
2021132132
0211321323
2113213232
1132132321
1321323211
3213232110
2132321102
1323211022
3232110220
2321102200
3211022001
2110220011
1102200113
1022001133
0220011331
2200113311
2001133113
0011331133
0113311331
1133113311
1331133113
3311331130
3113311301
1133113013
1331130131
3311301311
3113013110
1130131100
1301311003
3013110033
0131100333
1311003331
3110033311
1100333110
1003331102
0033311022
0333110222
3331102223
3311022232
3110222321
1102223213
1022232132
0222321320
2223213202
2232132020
2321320202
3213202022
2132020222
1320202221
3202022211
2020222111
0202221111
2022211110
0222111102
2221111022
2211110221
2111102213
1111022132
1110221322
1102213220
1022132202
0221322022
2213220220
2132202200
1322022002
3220220020
2202200202
2022002022
0220020222
2200202222
2002022222
0020222221
0202222210
2022222102
0222221021
2222210211
2222102111
2221021113
2210211132
2102111322
1021113222
0211132220
2111322200
1113222002
1132220023
1322200231
3222002313
2220023133
2200231332
2002313320
0023133203
0231332033
2313320330
3133203300
1332033001
3320330013
3203300133
2033001333
0330013332
3300133322
3001333220
0013332202
0133322021
1333220211
3332202111
3322021113
3220211132
2202111321
2021113211
0211132111
2111321111
1113211110
1132111102
1321111021
3211110210
2111102102
1111021021
1110210211
1102102113
1021021131
0210211312
2102113120
1021131202
0211312022
2113120222
1131202223
1312022231
3120222311
1202223110
2022231102
0222311023
2223110232
2231102322
2311023220
3110232203
1102322032
1023220321
0232203211
2322032110
3220321103
2203211032
2032110321
0321103211
3211032113
2110321133
1103211332
1032113321
0321133213
3211332131
2113321313
1133213131
1332131311
3321313113
3213131133
2131311331
1313113311
3131133110
1311331102
3113311020
1133110203
1331102032
3311020321
3110203213
1102032133
1020321332
0203213322
2032133221
0321332210
3213322101
2133221013
1332210132
3322101320
3221013200
2210132002
2101320022
1013200220
0132002201
1320022013
3200220133
2002201330
0022013302
0220133022
2201330222
2013302220
0133022200
1330222000
3302220001
3022200013
0222000132
2220001322
2200013222
2000132221
0001322211
0013222113
0132221130
1322211302
3222113020
2221130200
2211302002
2113020022
1130200222
1302002222
3020022220
0200222201
2002222012
0022220120
0222201202
2222012020
2220120201
2201202011
2012020113
0120201131
1202011310
2020113100
0201131002
2011310022
0113100222
1131002220
1310022202
3100222023
1002220232
0022202323
0222023231
2220232313
2202323132
2023231322
0232313222
2323132220
3231322203
2313222031
3132220310
1322203100
3222031002
2220310020
2203100202
2031002021
0310020210
3100202100
1002021001
0020210011
0202100111
2021001110
0210011103
2100111033
1001110331
0011103310
0111033102
1110331020
1103310202
1033102020
0331020201
3310202013
3102020132
1020201321
0202013211
2020132111
0201321113
2013211132
0132111320
1321113202
3211132020
2111320201
1113202011
1132020113
1320201132
3202011322
2020113221
0201132213
2011322133
0113221331
1132213312
1322133122
3221331221
2213312211
2133122111
1331221111
3312211110
3122111102
1221111022
2211110220
2111102200
1111022002
1110220020
1102200200
1022002002
0220020023
2200200232
2002002320
0020023200
0200232002
2002320022
0023200222
0232002222
2320022221
3200222210
2002222102
0022221020
0222210200
2222102002
2221020021
2210200210
2102002101
1020021011
0200210111
2002101110
0021011101
0210111010
2101110101
1011101010
0111010101
1110101010
1101010102
1010101023
0101010233
1010102331
0101023313
1010233133
0102331332
1023313323
0233133230
2331332301
3313323010
3133230102
1332301020
3323010202
3230102023
2301020232
3010202323
0102023232
1020232322
0202323221
2023232213
0232322133
2323221331
3232213313
2322133133
3221331332
2213313323
2133133233
1331332333
3313323331
3133233313
1332333130
3323331301
3233313013
2333130133
3331301330
3313013302
3130133020
1301330203
3013302033
0133020332
1330203323
3302033233
3020332333
0203323333
2033233332
0332333323
3323333233
3233332333
2333323333
3333233332
3332333323
3323333233
3233332333
2333323333
3333233332
3332333323
3323333233
3233332333
2333323333
3333233332
3332333323
3323333233
3233332333
2333323333
3333233333
3332333333
3323333330
3233333300
2333333002
3333330020
3333300203
3333002032
3330020320
3300203200
3002032000
0020320003
0203200030
2032000302
0320003022
3200030220
2000302201
0003022013
0030220133
0302201332
3022013322
0220133222
2201332220
2013322202
0133222020
1332220201
3322202013
3222020130
2220201302
2202013020
2020130203
0201302030
2013020303
0130203033
1302030330
3020303303
0203033032
2030330322
0303303220
3033032200
0330322000
3303220002
3032200022
0322000220
3220002202
2200022022
2000220222
0002202223
0022022231
0220222313
2202223131
2022231313
0222313132
2223131322
2231313220
2313132202
3131322023
1313220233
3132202332
1322023322
3220233222
2202332222
2023322222
0233222220
2332222202
3322222022
3222220222
2222202220
2222022203
2220222030
2202220303
2022203031
0222030311
2220303111
2203031110
2030311103
0303111031
3031110313
0311103133
3111031331
1110313310
1103133101
1031331010
0313310101
3133101011
1331010111
3310101110
3101011101
1010111013
0101110133
1011101333
0111013331
1110133313
1101333131
1013331311
0133313110
1333131103
3331311033
3313110333
3131103332
1311033320
3110333200
1103332000
1033320000
0333200003
3332000030
3320000303
3200003030
2000030303
0000303033
0003030333
0030303333
0303033332
3030333322
0303333220
3033332200
0333322000
3333220000
3332200001
3322000012
3220000122
2200001221
2000012213
0000122132
0001221322
0012213222
0122132221
1221322210
2213222101
2132221011
1322210110
3222101102
2221011021
2210110211
2101102113
1011021132
0110211323
1102113232
1021132323
0211323231
2113232313
1132323132
1323231322
3232313222
2323132222
3231322222
2313222223
3132222230
