2121112112
1211121121
2111211213
1112112131
1121121311
1211213111
2112131111
1121311111
1213111111
2131111112
1311111121
3111111211
1111112113
1111121132
1111211322
1112113223
1121132231
1211322311
2113223112
1132231122
1322311221
3223112211
2231122112
2311221122
3112211220
1122112202
1221122021
2211220211
2112202110
1122021103
1220211032
2202110322
2021103222
0211032220
2110322201
1103222011
1032220111
0322201112
3222011120
2220111202
2201112021
2011120211
0111202112
1112021121
1120211212
1202112122
2021121223
0211212232
2112122320
1121223202
1212232022
2122320220
1223202201
2232022010
2320220100
3202201003
2022010032
0220100322
2201003220
2010032202
0100322021
1003220213
0032202132
0322021322
3220213221
2202132212
2021322122
0213221221
2132212211
1322122113
3221221132
2212211322
2122113223
1221132230
2211322301
2113223011
1132230112
1322301121
3223011213
2230112132
2301121322
3011213222
0112132222
1121322222
1213222221
2132222213
1322222131
3222221311
2222213113
2222131131
2221311311
2213113113
2131131131
1311311312
3113113121
1131131211
1311312111
3113121113
1131211131
1312111311
3121113113
1211131132
2111311321
1113113211
1131132111
1311321111
3113211111
1132111111
1321111112
3211111122
2111111220
1111112202
1111122021
1111220211
1112202112
1122021121
1220211212
2202112122
2021121222
0211212221
2112122210
1121222101
1212221011
2122210111
1222101110
2221011100
2210111002
2101110023
1011100232
0111002323
1110023232
1100232321
1002323210
0023232101
0232321011
2323210112
3232101122
2321011221
3210112210
2101122101
1011221010
0112210102
1122101020
1221010201
2210102010
2101020103
1010201032
0102010320
1020103200
0201032002
2010320021
0103200213
1032002132
0320021321
3200213212
2002132122
0021321221
0213212213
2132122131
1321221311
3212213111
2122131111
1221311112
2213111121
2131111211
1311112110
3111121102
1111211023
1112110231
1121102311
1211023113
2110231132
1102311320
1023113202
0231132020
2311320201
3113202011
1132020111
1320201110
3202011101
2020111011
0201110113
2011101132
0111011322
1110113220
1101132201
1011322010
0113220103
1132201032
1322010321
3220103213
2201032131
2010321311
0103213112
1032131121
0321311211
3213112110
2131121101
1311211011
3112110113
1121101131
1211011313
2110113130
1101131301
1011313011
0113130110
1131301102
1313011022
3130110222
1301102221
3011022213
0110222132
1102221323
1022213231
0222132310
2221323102
2213231022
2132310223
1323102232
3231022322
2310223223
3102232232
1022322321
0223223210
2232232102
2322321022
3223210222
2232102223
2321022230
3210222300
2102223001
1022230011
0222300113
2223001132
2230011322
2300113220
3001132202
0011322021
0113220213
1132202131
1322021310
3220213101
2202131011
2021310113
0213101130
2131011301
1310113011
3101130113
1011301132
0113011321
1130113211
1301132113
3011321132
0113211322
1132113221
1321132210
3211322100
2113221003
1132210032
1322100321
3221003211
2210032110
2100321102
1003211021
0032110211
0321102113
3211021131
2110211313
1102113133
1021131331
0211313313
2113133133
1131331331
1313313311
3133133113
1331331130
3313311301
3133113010
1331130102
3311301022
3113010220
1130102201
1301022010
3010220103
0102201031
1022010311
0220103110
2201031102
2010311022
0103110220
1031102202
0311022022
3110220223
1102202232
1022022321
0220223210
2202232102
2022321022
0223210222
2232102221
2321022213
3210222130
2102221301
1022213012
0222130123
2221301232
2213012321
2130123213
1301232131
3012321310
0123213103
1232131031
2321310312
3213103121
2131031213
1310312131
3103121310
1031213101
0312131010
3121310102
1213101021
2131010211
1310102110
3101021101
1010211012
0102110123
1021101232
0211012320
2110123201
1101232011
1012320111
0123201110
1232011102
2320111022
3201110223
2011102231
0111022311
1110223111
1102231110
1022311101
0223111013
2231110132
2311101321
3111013210
1110132102
1101321020
1013210202
0132102022
1321020221
3210202213
2102022132
1020221321
0202213212
2022132120
0221321200
2213212003
2132120031
1321200310
3212003103
2120031031
1200310311
2003103112
0031031120
0310311202
3103112022
1031120221
0311202210
3112022101
1120221011
1202210111
2022101110
0221011102
2210111021
2101110213
1011102131
0111021313
1110213133
1102131333
1021313332
0213133320
2131333202
1313332022
3133320220
1333202201
3332022010
3320220100
3202201001
2022010013
0220100130
2201001303
2010013032
0100130321
1001303211
0013032111
0130321113
1303211132
3032111322
0321113221
3211132211
2111322112
1113221123
1132211232
1322112321
3221123213
2211232132
2112321322
1123213220
1232132201
2321322010
3213220100
2132201001
1322010012
3220100122
2201001220
2010012202
0100122020
1001220201
0012202011
0122020112
1220201122
2202011221
2020112213
0201122132
2011221322
0112213220
1122132201
1221322010
2213220102
2132201021
1322010212
3220102121
2201021211
2010212110
0102121101
1021211011
0212110111
2121101111
1211011113
2110111132
1101111323
1011113231
0111132312
1111323121
1113231211
1132312112
1323121122
3231211222
2312112222
3121122221
1211222211
2112222112
1122221121
1222211211
2222112111
2221121111
2211211110
2112111102
1121111022
1211110220
2111102202
1111022022
1110220222
1102202221
1022022213
0220222132
2202221321
2022213212
0222132122
2221321222
2213212220
2132122202
1321222021
3212220213
2122202132
1222021321
2220213210
2202132102
2021321021
0213210213
2132102132
1321021321
3210213212
2102132120
1021321200
0213212002
2132120021
1321200211
3212002113
2120021131
1200211310
2002113101
0021131010
0211310102
2113101020
1131010202
1310102020
3101020203
1010202031
0102020311
1020203113
0202031132
2020311320
0203113200
2031132002
0311320022
3113200222
1132002220
1320022202
3200222022
2002220222
0022202222
0222022223
2220222231
2202222313
2022223133
0222231332
2222313320
2223133203
2231332031
2313320311
3133203110
1332031102
3320311021
3203110212
2031102122
0311021220
3110212200
1102122001
1021220011
0212200111
2122001110
1220011101
2200111010
2001110102
0011101021
0111010213
1110102131
1101021313
1010213132
0102131321
1021313211
0213132110
2131321101
1313211011
3132110110
1321101102
3211011022
2110110220
1101102201
1011022010
0110220101
1102201012
1022010122
0220101223
2201012233
2010122331
0101223313
1012233132
0122331323
1223313232
2233132322
2331323220
3313232200
3132322002
1323220022
3232200220
2322002201
3220022010
2200220103
2002201031
0022010313
0220103133
2201031331
2010313311
0103133110
1031331101
0313311010
3133110100
1331101002
3311010020
3110100200
1101002001
1010020010
0100200100
1002001001
0020010011
0200100110
2001001102
0010011021
0100110213
1001102132
0011021322
0110213221
1102132211
1021322111
0213221113
2132211131
1322111310
3221113101
2211131012
2111310121
1113101210
1131012102
1310121020
3101210203
1012102030
0121020302
1210203020
2102030201
1020302010
0203020101
2030201011
0302010110
3020101100
0201011001
2010110011
0101100112
1011001121
0110011213
1100112131
1001121310
0011213101
0112131012
1121310122
1213101222
2131012221
1310122211
3101222113
1012221132
0122211321
1222113210
2221132100
2211321000
2113210001
1132100011
1321000111
3210001113
2100011132
1000111323
0001113233
0011132331
0111323313
1113233131
1132331311
1323313110
3233131103
2331311031
3313110311
3131103113
1311031132
3110311323
1103113230
1031132300
0311323001
3113230011
1132300111
1323001113
3230011133
2300111331
3001113311
0011133111
0111331110
1113311101
1133111013
1331110132
3311101321
3111013213
1110132132
1101321322
1013213222
0132132222
1321322220
3213222202
2132222020
1322220200
3222202000
2222020002
2220200023
2202000233
2020002331
0200023311
2000233110
0002331100
0023311002
0233110022
2331100220
3311002201
3110022013
1100220132
1002201323
0022013231
0220132310
2201323102
2013231020
0132310203
1323102031
3231020311
2310203113
3102031132
1020311320
0203113201
2031132012
0311320121
3113201212
1132012120
1320121200
3201212001
2012120013
0121200131
1212001313
2120013132
1200131323
2001313232
0013132323
0131323232
1313232321
3132323211
1323232110
3232321102
2323211021
3232110212
2321102122
3211021221
2110212213
1102122132
1021221323
0212213232
2122132321
1221323211
2213232111
2132321112
1323211121
3232111213
2321112132
3211121321
2111213210
1112132100
1121321002
1213210022
2132100222
1321002221
3210022213
2100222131
1002221310
0022213101
0222131013
2221310132
2213101321
2131013211
1310132111
3101321110
1013211101
0132111011
1321110112
3211101120
2111011201
1110112013
1101120132
1011201321
0112013213
1120132132
1201321321
2013213211
0132132110
1321321101
3213211012
2132110120
1321101202
3211012021
2110120210
1101202102
1012021023
0120210232
1202102323
2021023232
0210232321
2102323213
1023232132
0232321321
2323213211
3232132112
2321321122
3213211221
2132112213
1321122132
3211221321
2112213210
1122132101
1221321012
2213210122
2132101222
1321012221
3210122211
2101222111
1012221111
0122211110
1222111100
2221111002
2211110021
2111100210
1111002101
1110021013
1100210131
1002101313
0021013132
0210131320
2101313201
1013132013
0131320132
1313201321
3132013211
1320132113
3201321132
2013211322
0132113221
1321132213
3211322133
2113221332
1132213321
1322133211
3221332113
2213321131
2133211311
1332113110
3321131101
3211311013
2113110133
1131101331
1311013310
3110133100
1101331001
1013310011
0133100110
1331001101
3310011010
3100110102
1001101023
0011010232
0110102322
1101023221
1010232210
0102322103
1023221031
0232210313
2322103132
3221031323
2210313232
2103132320
1031323202
0313232021
3132320213
1323202132
3232021321
2320213210
3202132101
2021321013
0213210132
2132101321
1321013211
3210132111
2101321112
1013211122
0132111221
1321112211
3211122111
2111221113
1112211132
1122111322
1221113223
2211132231
2111322310
1113223101
1132231011
1322310113
3223101130
2231011301
2310113010
3101130100
1011301001
0113010010
1130100101
1301001012
3010010122
0100101220
1001012203
0010122030
0101220301
1012203011
0122030113
1220301133
2203011331
2030113312
0301133120
3011331202
0113312023
1133120231
1331202311
3312023110
3120231103
1202311032
2023110321
0231103211
2311032111
3110321110
1103211100
1032111001
0321110011
3211100111
2111001111
1110011112
1100111120
1001111202
0011112022
0111120222
1111202221
1112022211
1120222112
1202221122
2022211223
0222112230
2221122303
2211223030
2112230301
1122303011
1223030113
2230301133
2303011333
3030113332
0301133322
3011333223
0113332232
1133322321
1333223211
3332232110
3322321102
3223211021
2232110213
2321102132
3211021323
2110213232
1102132323
1021323232
0213232320
2132323201
1323232011
3232320110
2323201101
3232011011
2320110113
3201101132
2011011321
0110113211
1101132111
1011321111
0113211113
1132111130
1321111301
3211113010
2111130100
1111301001
1113010013
1130100130
1301001301
3010013011
0100130113
1001301132
0013011323
0130113231
1301132310
3011323100
0113231001
1132310012
1323100122
3231001220
2310012201
3100122012
1001220123
0012201232
0122012322
1220123222
2201232220
2012322203
0123222031
1232220311
2322203113
3222031132
2220311321
2203113210
2031132101
0311321011
3113210111
1132101113
1321011132
3210111322
2101113223
1011132231
0111322313
1113223132
1132231323
1322313231
3223132311
2231323111
2313231111
3132311113
1323111132
3231111320
2311113200
3111132001
1111320010
1113200100
1132001001
1320010011
3200100110
2001001100
0010011002
0100110020
1001100202
0011002022
0110020223
1100202232
1002022320
0020223201
0202232012
2022320122
0223201221
2232012213
2320122132
3201221320
2012213202
0122132022
1221320220
2213202201
2132022012
1320220122
3202201220
2022012200
0220122001
2201220010
2012200101
0122001010
1220010102
2200101021
2001010212
0010102122
0101021223
1010212232
0102122323
1021223232
0212232320
2122323202
1223232020
2232320200
2323202002
3232020023
2320200232
3202002321
2020023210
0200232102
2002321021
0023210210
0232102100
2321021000
3210210001
2102100011
1021000111
0210001113
2100011132
1000111323
0001113232
0011132321
0111323211
1113232111
1132321112
1323211120
3232111202
2321112023
3211120232
2111202323
1112023232
1120232321
1202323213
2023232130
0232321303
2323213032
3232130322
2321303222
3213032221
2130322213
1303222132
3032221322
0322213222
3222132221
2221322210
2213222103
2132221032
1322210322
3222103220
2221032200
2210322001
2103220010
1032200101
0322001011
3220010113
2200101132
2001011321
0010113212
0101132122
1011321222
0113212220
1132122202
1321222022
3212220223
2122202232
1222022320
2220223202
2202232022
2022320222
0223202221
2232022210
2320222102
3202221023
2022210231
0222102310
2221023101
2210231011
2102310110
1023101102
0231011023
2310110232
3101102321
1011023211
0110232110
1102321100
1023211003
0232110030
2321100303
3211003031
2110030311
1100303110
1003031102
0030311022
0303110220
3031102202
0311022023
3110220233
1102202333
1022023332
0220233321
2202333211
2023332112
0233321122
2333211221
3332112213
3321122132
3211221321
2112213210
1122132100
1221321002
2213210020
2132100200
1321002002
3210020020
2100200203
1002002031
0020020313
0200203133
2002031333
0020313332
0203133322
2031333222
0313332220
3133322202
1333222021
3332220211
3322202113
3222021132
2220211322
2202113221
2021132212
0211322123
2113221233
1132212333
1322123331
3221233313
2212333132
2123331321
1233313211
2333132110
3331321102
3313211020
3132110202
1321102020
3211020202
2110202021
1102020213
1020202133
0202021333
2020213332
0202133320
2021333202
0213332022
2133320222
1333202222
3332022222
3320222220
3202222201
2022222011
0222220111
2222201111
2222011112
2220111121
2201111211
2011112113
0111121131
1111211311
1112113110
1121131100
1211311001
2113110010
1131100101
1311001013
3110010132
1100101321
1001013212
0010132121
0101321211
1013212111
0132121111
1321211113
3212111130
2121111302
1211113020
2111130202
1111302021
1113020211
1130202113
1302021130
3020211300
0202113002
2021130021
0211300210
2113002102
1130021021
1300210213
3002102131
0021021310
0210213102
2102131020
1021310202
0213102023
2131020232
1310202323
3102023233
1020232333
0202323332
2023233320
0232333202
2323332020
3233320201
2333202011
3332020113
3320201133
3202011332
2020113322
0201133220
2011332202
0113322022
1133220220
1332202202
3322022020
3220220203
2202202031
2022020310
0220203101
2202031010
2020310102
0203101022
2031010223
0310102233
3101022330
1010223301
0102233011
1022330113
0223301132
2233011323
2330113230
3301132301
3011323010
0113230103
1132301031
1323010313
3230103131
2301031311
3010313112
0103131121
1031311212
0313112123
3131121232
1311212322
3112123221
1121232211
1212322110
2123221102
1232211020
2322110201
3221102010
2211020102
2110201021
1102010210
1020102103
0201021032
2010210321
0102103211
1021032113
0210321132
2103211320
1032113201
0321132011
3211320113
2113201131
1132011310
1320113102
3201131023
2011310232
0113102323
1131023231
1310232313
3102323133
1023231331
0232313311
2323133110
3231331102
2313311020
3133110200
1331102001
3311020011
3110200113
1102001132
1020011321
0200113210
2001132100
0011321002
0113210023
1132100232
1321002320
3210023203
2100232031
1002320311
0023203112
0232031122
2320311222
3203112222
2031122220
0311222201
3112222012
1122220121
1222201212
2222012123
2220121233
2201212331
2012123313
0121233132
1212331321
2123313210
1233132101
2331321012
3313210120
3132101201
1321012012
3210120122
2101201221
1012012212
0120122121
1201221211
2012212113
0122121130
1221211301
2212113013
2121130131
1211301312
2113013121
1130131213
1301312132
3013121320
0131213201
1312132011
3121320111
1213201113
2132011132
1320111321
3201113210
2011132100
0111321002
1113210022
1132100221
1321002211
3210022113
2100221132
1002211322
0022113222
0221132221
2211322210
2113222103
1132221031
1322210311
3222103112
2221031120
2210311203
2103112032
1031120322
0311203221
3112032213
1120322132
1203221322
2032213222
0322132222
3221322221
2213222213
2132222132
1322221321
3222213212
2222132121
2221321213
2213212131
2132121312
1321213121
3212131213
2121312132
1213121321
2131213212
1312132122
3121321222
1213212220
2132122200
1321222001
3212220013
2122200132
1222001322
2220013222
2200132221
2001322210
0013222102
0132221023
1322210232
3222102322
2221023222
2210232221
2102322213
1023222132
0232221322
2322213221
3222132211
2221322111
2213221113
2132211131
1322111312
3221113123
2211131231
2111312311
1113123110
1131231101
1312311011
3123110112
1231101121
2311011210
3110112100
1101121001
1011210012
0112100121
1121001211
1210012111
2100121112
1001211121
0012111211
0121112113
1211121131
2111211313
1112113132
1121131321
1211313213
2113132133
1131321333
1313213332
3132133323
1321333230
3213332301
2133323010
1333230101
3332301010
3323010101
3230101012
2301010122
3010101223
0101012232
1010122321
0101223211
1012232111
0122321113
1223211132
2232111322
2321113222
3211132220
2111322202
1113222021
1132220212
1322202122
3222021221
2220212213
2202122131
2021221313
0212213133
2122131331
1221313311
2213133112
2131331122
1313311220
3133112200
1331122001
3311220011
3112200111
1122001113
1220011131
2200111310
2001113101
0011131011
0111310110
1113101102
1131011022
1310110221
3101102211
1011022111
0110221113
1102211132
1022111321
0221113213
2211132131
2111321311
1113213110
1132131101
1321311010
3213110102
2131101023
1311010232
3110102321
1101023211
1010232110
0102321100
1023211001
0232110011
2321100112
3211001122
2110011221
1100112211
1001122110
0011221102
0112211020
1122110202
1221102022
2211020221
2110202210
1102022102
1020221020
0202210202
2022102023
0221020232
2210202321
2102023212
1020232123
0202321232
2023212322
0232123222
2321232223
3212322232
2123222320
1232223202
2322232022
3222320222
2223202221
2232022211
2320222113
3202221132
2022211322
0222113221
2221132211
2211322113
2113221132
1132211321
1322113213
3221132130
2211321301
2113213011
1132130111
1321301112
3213011121
2130111213
1301112132
3011121323
0111213232
1112132321
1121323212
1213232121
2132321211
1323212111
3232121110
2321211101
3212111012
2121110122
1211101222
2111012221
1110122210
1101222101
1012221013
0122210132
1222101321
2221013213
2210132132
2101321322
1013213222
0132132222
1321322221
3213222211
2132222111
1322221112
3222211122
2222111222
2221112222
2211122221
2111222211
1112222111
1122221110
1222211101
2222111011
2221110111
2211101110
2111011102
1110111023
1101110232
1011102321
0111023212
1110232123
1102321231
1023212310
0232123100
2321231001
3212310013
2123100132
1231001321
2310013210
3100132102
1001321021
0013210211
0132102110
1321021102
3210211023
2102110233
1021102331
0211023311
2110233113
1102331133
1023311331
0233113312
2331133122
3311331222
3113312222
1133122221
1331222211
3312222110
3122221102
1222211022
2222110220
2221102202
2211022023
2110220232
1102202321
1022023212
0220232123
2202321232
2023212322
0232123220
2321232202
3212322022
2123220220
1232202200
2322022003
3220220032
2202200321
2022003211
0220032112
2200321121
2003211212
0032112123
0321121231
3211212311
2112123113
1121231132
1212311321
2123113210
1231132102
2311321022
3113210222
1132102222
1321022221
3210222210
2102222101
1022221011
0222210111
2222101111
2221011110
2210111102
2101111022
1011110222
0111102220
1111022202
1110222023
1102220230
1022202301
0222023012
2220230123
2202301232
2023012320
0230123200
2301232002
3012320022
0123200220
1232002201
2320022010
3200220102
2002201022
0022010223
0220102230
2201022301
2010223013
0102230132
1022301323
0223013231
2230132313
2301323132
3013231321
0132313211
1323132112
3231321123
2313211232
3132112321
1321123211
3211232110
2112321101
1123211011
1232110111
2321101113
3211011132
2110111320
1101113202
1011132023
0111320232
1113202321
1132023211
1320232110
3202321102
2023211021
0232110211
2321102111
3211021111
2110211110
1102111102
1021111020
0211110200
2111102003
1111020032
1110200322
1102003221
1020032213
0200322131
2003221310
0032213102
0322131021
3221310212
2213102120
2131021201
1310212011
3102120113
1021201132
0212011321
2120113213
1201132133
2011321330
0113213302
1132133022
1321330220
3213302203
2133022031
1330220312
3302203122
3022031220
0220312202
2203122022
2031220221
0312202213
3122022132
1220221320
2202213201
2022132011
0221320110
2213201102
2132011023
1320110232
3201102323
2011023230
0110232303
1102323032
1023230322
0232303221
2323032211
3230322113
2303221132
3032211321
0322113212
3221132121
2211321211
2113212111
1132121110
1321211101
3212111013
2121110130
1211101301
2111013010
1110130100
1101301002
1013010022
0130100220
1301002201
3010022013
0100220131
1002201313
0022013131
0220131311
2201313111
2013131113
0131311133
1313111331
3131113313
1311133132
3111331323
1113313232
1133132323
1331323232
3313232322
3132323221
1323232213
3232322131
2323221312
3232213120
2322131203
3221312032
2213120321
2131203211
1312032111
3120321111
1203211110
2032111102
0321111023
3211110232
2111102322
1111023221
1110232212
1102322123
1023221232
0232212320
2322123200
3221232000
2212320001
2123200011
1232000113
2320001132
3200011320
2000113201
0001132011
0011320113
0113201131
1132011313
1320113131
3201131311
2011313113
0113131133
1131311331
1313113310
3131133103
1311331032
3113310321
1133103211
1331032111
3310321110
3103211103
1032111031
0321110313
3211103132
2111031322
1110313220
1103132200
1031322002
0313220023
3132200233
1322002331
3220023311
2200233111
2002331111
0023311112
0233111120
2331111203
3311112032
3111120320
1111203202
1112032022
1120320220
1203202202
2032022022
0320220222
3202202221
2022022210
0220222101
2202221012
2022210123
0222101232
2221012321
2210123211
2101232110
1012321102
0123211021
1232110211
2321102112
3211021123
2110211232
1102112321
1021123211
0211232111
2112321111
1123211110
1232111103
2321111031
3211110310
2111103100
1111031001
1110310013
1103100132
1031001321
0310013210
3100132101
1001321011
0013210111
0132101110
1321011101
3210111013
2101110131
1011101311
0111013113
1110131132
1101311321
1013113212
0131132123
1311321232
3113212322
1132123220
1321232201
3212322011
2123220113
1232201132
2322011322
3220113220
2201132203
2011322032
0113220320
1132203202
1322032020
3220320200
2203202002
2032020022
0320200222
3202002221
2020022213
0200222132
2002221321
0022213211
0222132111
2221321111
2213211112
2132111121
1321111211
3211112112
2111121120
1111211202
1112112021
1121120210
1211202102
2112021020
1120210202
1202102020
2021020202
0210202021
2102020211
1020202110
0202021102
2020211021
0202110211
2021102111
0211021113
2110211132
1102111323
1021113232
0211132320
2111323201
1113232012
1132320123
1323201231
3232012311
2320123110
3201231103
2012311031
0123110310
1231103103
2311031033
3110310332
1103103321
1031033213
0310332132
3103321321
1033213212
0332132122
3321321223
3213212232
2132122322
1321223223
3212232232
2122322322
1223223222
2232232221
2322322210
3223222103
2232221033
2322210331
3222103313
2221033132
2210331321
2103313213
1033132132
0331321322
3313213221
3132132211
1321322110
3213221103
2132211032
1322110322
3221103223
2211032231
2110322312
1103223123
1032231232
0322312322
3223123222
2231232222
2312322222
3123222223
1232222232
2322222322
3222223223
2222232231
2222322311
2223223113
2232231131
2322311312
3223113122
2231131222
2311312220
3113122203
1131222031
1312220311
3122203113
1222031132
2220311320
2203113203
2031132031
0311320310
3113203102
1132031022
1320310220
3203102202
2031022020
0310220200
3102202002
1022020022
0220200221
2202002212
2020022122
0200221221
2002212210
0022122102
0221221020
2212210200
2122102002
1221020020
2210200203
2102002031
1020020311
0200203112
2002031122
0020311220
0203112200
2031122002
0311220023
3112200230
1122002301
1220023010
2200230101
2002301012
0023010120
0230101203
2301012032
3010120321
0101203212
1012032122
0120321220
1203212202
2032122022
0321220221
3212202213
2122022132
1220221321
2202213213
2022132132
0221321321
2213213210
2132132102
1321321022
3213210220
2132102200
1321022000
3210220001
2102200012
1022000122
0220001220
2200012202
2000122021
0001220213
0012202132
0122021322
1220213223
2202132232
2021322322
0213223220
2132232202
1322322021
3223220211
2232202112
2322021121
3220211213
2202112132
2021121320
0211213201
2112132010
1121320101
1213201011
2132010112
1320101120
3201011202
2010112021
0101120212
1011202122
0112021220
1120212202
1202122021
2021220212
0212202120
2122021203
1220212032
2202120321
2021203211
0212032111
2120321110
1203211100
2032111001
0321110011
3211100110
2111001102
1110011022
1100110221
1001102213
0011022131
0110221310
1102213102
1022131020
0221310203
2213102032
2131020321
1310203212
3102032122
1020321220
0203212203
2032122031
0321220311
3212203113
2122031131
1220311310
2203113100
2031131000
0311310002
3113100020
1131000202
1310002020
3100020201
1000202010
0002020102
0020201020
0202010202
2020102021
0201020213
2010202132
0102021320
1020213202
0202132022
2021320220
0213202200
2132022002
1320220022
3202200223
2022002232
0220022320
2200223200
2002232002
0022320022
0223200223
2232002232
2320022321
3200223213
2002232133
0022321332
0223213322
2232133220
2321332203
3213322031
2133220311
1332203112
3322031122
3220311220
2203112202
2031122021
0311220213
3112202133
1122021333
1220213333
2202133332
2021333322
0213333221
2133332210
1333322101
3333221011
3332210112
3322101123
3221011231
2210112313
2101123130
1011231301
0112313010
1123130100
1231301002
2313010022
3130100222
1301002221
3010022210
0100222103
1002221031
0022210313
0222103132
2221031322
2210313220
2103132203
1031322031
0313220311
3132203111
1322031112
3220311122
2203111220
2031112203
0311122032
3111220322
1112203222
1122032222
1220322220
2203222202
2032222020
0322220200
3222202001
2222020012
2220200123
2202001232
2020012320
0200123200
2001232002
0012320020
0123200203
1232002031
2320020311
3200203111
2002031110
0020311102
0203111023
2031110232
0311102322
3111023221
1110232211
1102322110
1023221103
0232211031
2322110310
3221103100
2211031000
2110310002
1103100023
1031000230
0310002303
3100023033
1000230332
0002303320
0023033202
0230332022
2303320222
3033202220
0332022200
3320222000
3202220000
2022200001
0222000010
2220000101
2200001012
2000010123
0000101231
0001012313
0010123131
0101231311
1012313111
0123131110
1231311100
2313111000
3131110002
1311100021
3111000211
1110002110
1100021100
1000211001
0002110010
0021100100
0211001000
2110010002
1100100020
1001000200
0010002000
0100020003
1000200031
0002000313
0020003133
0200031330
2000313302
0003133020
0031330203
0313302032
3133020320
1330203200
3302032002
3020320021
0203200210
2032002103
0320021030
3200210301
2002103012
0021030123
0210301232
2103012320
1030123203
0301232032
3012320322
0123203221
1232032213
2320322132
3203221322
2032213221
0322132212
3221322123
2213221232
2132212322
1322123222
3221232221
2212322213
2123222131
1232221311
2322213111
3222131111
2221311111
2213111113
2131111130
1311111303
3111113032
1111130323
1111303232
1113032323
1130323231
1303232312
3032323121
0323231212
3232312121
2323121211
3231212113
2312121131
3121211311
1212113113
2121131132
1211311322
2113113222
1131132221
1311322210
3113222103
1132221031
1322210313
3222103132
2221031321
2210313213
2103132133
1031321332
0313213320
3132133201
1321332011
3213320113
2133201131
1332011311
3320113110
3201131101
2011311012
0113110122
1131101223
1311012232
3110122321
1101223210
1012232102
0122321021
1223210213
2232102132
2321021322
3210213223
2102132232
1021322320
0213223201
2132232010
1322320101
3223201010
2232010102
2320101021
3201010213
2010102131
0101021310
1010213103
0102131032
1021310321
0213103211
2131032111
1310321113
3103211130
1032111303
0321113032
3211130322
2111303221
1113032213
1130322132
1303221321
3032213211
0322132113
3221321131
2213211311
2132113113
1321131132
3211311322
2113113220
1131132201
1311322011
3113220110
1132201101
1322011012
3220110123
2201101231
2011012311
0110123112
1101231120
1012311202
0123112020
1231120200
2311202001
3112020010
1120200101
1202001011
2020010112
0200101121
2001011212
0010112122
0101121222
1011212221
0112122212
1121222121
1212221211
2122212113
1222121132
2221211322
2212113222
2121132221
1211322213
2113222131
1132221311
1322213111
3222131110
2221311102
2213111022
2131110220
1311102201
3111022011
1110220113
1102201132
1022011321
0220113213
2201132132
2011321320
0113213200
1132132001
1321320013
3213200132
2132001322
1320013223
3200132232
2001322321
0013223212
0132232123
1322321232
3223212321
2232123210
2321232102
3212321020
2123210203
1232102033
2321020332
3210203321
2102033211
1020332110
0203321100
2033211002
0332110022
3321100222
3211002220
2110022200
1100222003
1002220032
0022200320
0222003202
2220032021
2200320213
2003202130
0032021301
0320213011
3202130113
2021301132
0213011322
2130113220
1301132202
3011322022
0113220220
1132202201
1322022012
3220220123
2202201232
2022012321
0220123212
2201232122
2012321221
0123212213
1232122131
2321221312
3212213123
2122131232
1221312321
2213123210
2131232101
1312321010
3123210102
1232101022
2321010222
3210102220
2101022201
1010222011
0102220113
1022201132
0222011322
2220113221
2201132213
2011322132
0113221321
1132213211
1322132111
3221321112
2213211122
2132111220
1321112200
3211122003
2111220032
1112200323
1122003230
1220032301
2200323013
2003230132
0032301322
0323013223
3230132231
2301322310
3013223100
0132231002
1322310020
3223100202
2231002023
2310020231
3100202311
1002023111
0020231110
0202311100
2023111001
0231110011
2311100110
3111001101
1110011012
1100110123
1001101231
0011012310
0110123100
1101231002
1012310020
0123100203
1231002031
2310020310
3100203101
1002031012
0020310122
0203101220
2031012201
0310122013
3101220133
1012201333
0122013332
1220133322
2201333222
2013332221
0133322213
1333222132
3332221322
3322213221
3222132213
2221322131
2213221312
2132213122
1322131221
3221312213
2213122132
2131221321
1312213213
3122132132
1221321322
2213213220
2132132201
1321322010
3213220103
2132201031
1322010312
3220103120
2201031203
2010312032
0103120320
1031203202
0312032020
3120320201
1203202012
2032020122
0320201220
3202012202
2020122023
0201220230
2012202301
0122023011
1220230110
2202301103
2023011032
0230110321
2301103212
3011032122
0110321220
1103212203
1032122032
0321220322
3212203222
2122032222
1220322222
2203222221
2032222210
0322222100
3222221002
2222210022
2222100223
2221002232
2210022321
2100223211
1002232111
0022321110
0223211103
2232111031
2321110310
3211103100
2111031002
1110310023
1103100232
1031002322
0310023220
3100232203
1002322032
0023220322
0232203221
2322032212
3220322121
2203221213
2032212132
0322121322
3221213220
2212132202
2121322023
1213220231
2132202311
1322023110
3220231103
2202311033
2023110331
0231103313
2311033131
3110331311
1103313112
1033131121
0331311211
3313112112
3131121120
1311211201
3112112012
1121120122
1211201223
2112012233
1120122331
1201223310
2012233101
0122331011
1223310111
2233101110
2331011101
3310111011
3101110110
1011101102
0111011020
1110110202
1101102023
1011020232
0110202320
1102023203
1020232032
0202320323
2023203232
0232032323
2320323232
3203232322
2032323220
0323232202
3232322021
2323220213
3232202130
2322021301
3220213012
2202130122
2021301222
0213012222
2130122223
1301222232
3012222320
0122223201
1222232013
2222320132
2223201323
2232013230
2320132303
3201323032
2013230322
0132303222
1323032220
3230322202
2303222021
3032220213
0322202132
3222021320
2220213203
2202132032
2021320320
0213203201
2132032013
1320320133
3203201333
2032013333
0320133332
3201333322
2013333222
0133332222
1333322221
3333222211
3332222110
3322221100
3222211000
2222110001
2221100011
2211000113
2110001133
1100011330
1000113301
0001133012
0011330120
0113301201
1133012012
1330120122
3301201222
3012012220
0120122203
1201222031
2012220311
0122203111
1222031110
2220311102
2203111021
2031110211
0311102111
3111021112
1110211122
1102111222
1021112220
0211122202
2111222020
1112220203
1122202031
1222020311
2220203111
2202031113
2020311132
0203111320
2031113201
0311132011
3111320113
1113201132
1132011321
1320113213
3201132132
2011321322
0113213220
1132132202
1321322020
3213220200
2132202002
1322020022
3220200222
2202002221
2020022212
0200222120
2002221200
0022212001
0222120012
2221200122
2212001221
2120012213
1200122132
2001221321
0012213211
0122132111
1221321111
2213211110
2132111102
1321111021
3211110211
2111102112
1111021121
1110211211
1102112111
1021121110
0211211103
2112111031
1121110313
1211103132
2111031321
1110313210
1103132101
1031321011
0313210110
3132101103
1321011031
3210110312
2101103120
1011031203
0110312032
1103120323
1031203231
0312032313
3120323130
1203231301
2032313010
0323130103
3231301032
2313010320
3130103203
1301032031
3010320310
0103203103
1032031032
0320310322
3203103223
2031032231
0310322310
3103223100
1032231000
0322310003
3223100032
2231000323
2310003233
3100032332
1000323322
0003233220
0032332203
0323322032
3233220320
2332203203
3322032033
3220320332
2203203320
2032033201
0320332013
3203320131
2033201312
0332013122
3320131220
3201312200
2013122003
0131220032
1312200321
3122003211
1220032112
2200321122
2003211221
0032112211
0321122113
3211221131
2112211312
1122113122
1221131223
2211312233
2113122331
1131223311
1312233112
3122331122
1223311222
2233112220
2331122202
3311222023
3112220233
1122202332
1222023322
2220233223
2202332232
2023322322
0233223221
2332232211
3322322112
3223221120
2232211200
2322112003
3221120033
2211200331
2112003313
1120033131
1200331311
2003313111
0033131112
0331311121
3313111210
3131112103
1311121032
3111210322
1112103221
1121032211
1210322110
2103221102
1032211022
0322110222
3221102220
2211022201
2110222011
1102220111
1022201111
0222011111
2220111110
2201111102
2011111021
0111110212
1111102121
1111021213
1110212133
1102121331
1021213312
0212133123
2121331232
1213312322
2133123223
1331232233
3312322330
3123223303
1232233031
2322330311
3223303110
2233031102
2330311020
3303110200
3031102003
0311020032
3110200320
1102003202
1020032022
0200320220
2003202201
0032022013
0320220133
3202201332
2022013322
0220133222
2201332221
2013322211
0133222111
1332221113
3322211132
3222111321
2221113211
2211132110
2111321102
1113211021
1132110211
1321102111
3211021111
2110211113
1102111133
1021111332
0211113322
2111133220
1111332201
1113322010
1133220102
1332201021
3322010210
3220102101
2201021011
2010210113
0102101133
1021011331
0210113313
2101133130
1011331301
0113313011
1133130112
1331301120
3313011203
3130112031
1301120312
3011203121
0112031213
1120312132
1203121321
2031213213
0312132132
3121321322
1213213220
2132132202
1321322022
3213220220
2132202203
1322022032
3220220320
2202203201
2022032012
0220320120
2203201201
2032012010
0320120103
3201201032
2012010322
0120103222
1201032222
2010322222
0103222220
1032222201
0322222011
3222220113
2222201132
2222011322
2220113223
2201132232
2011322322
0113223220
1132232201
1322322012
3223220121
2232201212
2322012122
3220121220
2201212202
2012122022
0121220220
1212202202
2122022023
1220220230
2202202301
2022023011
0220230113
2202301132
2023011322
0230113223
2301132232
3011322321
0113223211
1132232111
1322321111
3223211110
2232111102
2321111021
3211110210
2111102100
1111021002
1110210022
1102100221
1021002213
0210022133
2100221331
1002213313
0022133133
0221331331
2213313313
2133133132
1331331321
3313313211
3133132111
1331321110
3313211102
3132111020
1321110201
3211102011
2111020111
1110201113
1102011132
1020111321
0201113211
2011132111
0111321111
1113211112
1132111122
1321111222
3211112223
2111122232
1111222321
1112223212
1122232122
1222321222
2223212222
2232122222
2321222222
3212222221
2122222210
1222222101
2222221012
2222210122
2222101221
2221012211
2210122111
2101221110
1012211101
0122111011
1221110112
2211101121
2111011210
1110112102
1101121022
1011210221
0112102210
1121022103
1210221031
2102210312
1022103121
0221031210
2210312102
2103121021
1031210213
0312102131
3121021311
1210213113
2102131131
1021311311
0213113110
2131131101
1311311011
3113110110
1131101102
1311011022
3110110220
1101102202
1011022023
0110220232
1102202322
1022023221
0220232212
2202322122
2023221223
0232212232
2322122322
3221223223
2212232232
2122322320
1223223200
2232232001
2322320013
3223200131
2232001310
2320013101
3200131010
2001310101
0013101013
0131010132
1310101322
3101013222
1010132222
0101322221
1013222213
0132222132
1322221322
3222213220
2222132202
2221322021
2213220211
2132202112
1322021123
3220211231
2202112313
2021123132
0211231320
2112313202
1123132022
1231320220
2313202202
3132022022
1320220220
3202202202
2022022021
0220220211
2202202111
2022021111
0220211111
2202111112
2021111120
0211111200
2111112000
1111120003
1111200031
1112000313
1120003131
1200031311
2000313110
0003131101
0031311013
0313110132
3131101322
1311013221
3110132210
1101322101
1013221011
0132210111
1322101113
3221011131
2210111310
2101113102
1011131020
0111310202
1113102022
1131020222
1310202222
3102022222
1020222221
0202222212
2022222122
0222221222
2222212221
2222122213
2221222131
2212221313
2122213132
1222131320
2221313203
2213132032
2131320323
1313203232
3132032323
1320323233
3203232333
2032323332
0323233320
3232333202
2323332020
3233320202
2333202021
3332020212
3320202120
3202021201
2020212013
0202120133
2021201332
0212013322
2120133222
1201332220
2013322200
0133222003
1332220032
3322200322
3222003222
2220032222
2200322222
2003222221
0032222212
0322222122
3222221221
2222212211
2222122110
2221221100
2212211002
2122110022
1221100222
2211002222
2110022221
1100222213
1002222132
0022221321
0222213210
2222132102
2221321020
2213210202
2132102021
1321020211
3210202113
2102021131
1020211313
0202113131
2021131311
0211313111
2113131111
1131311110
1313111101
3131111010
1311110103
3111101032
1111010320
1110103201
1101032011
1010320111
0103201111
1032011110
0320111102
3201111021
2011110211
0111102111
1111021113
1110211131
1102111313
1021113130
0211131301
2111313010
1113130102
1131301021
1313010212
3130102122
1301021223
3010212230
0102122301
1021223010
0212230102
2122301023
1223010232
2230102320
2301023202
3010232022
0102320220
1023202201
0232022011
2320220111
3202201111
2022011110
0220111101
2201111012
2011110122
0111101223
1111012230
1110122301
1101223011
1012230111
0122301111
1223011113
2230111132
2301111321
3011113211
0111132111
1111321111
1113211111
1132111113
1321111132
3211111320
2111113202
1111132020
1111320201
1113202013
1132020132
1320201320
3202013203
2020132032
0201320322
2013203221
0132032213
1320322130
3203221301
2032213012
0322130123
3221301231
2213012312
2130123121
1301231211
3012312111
0123121111
1231211113
2312111132
3121111323
1211113232
2111132320
1111323201
1113232011
1132320113
1323201132
3232011321
2320113210
3201132102
2011321023
0113210231
1132102311
1321023111
3210231111
2102311110
1023111102
0231111021
2311110211
3111102110
1111021102
1110211020
1102110200
1021102003
0211020030
2110200301
1102003012
1020030123
0200301232
2003012320
0030123200
0301232001
3012320011
0123200110
1232001102
2320011021
3200110211
2001102110
0011021102
0110211020
1102110202
1021102022
0211020223
2110202233
1102022331
1020223312
0202233121
2022331211
0223312113
2233121132
2331211320
3312113200
3121132002
1211320021
2113200211
1132002111
1320021111
3200211111
2002111111
0021111113
0211111131
2111111310
1111113101
1111131011
1111310111
1113101111
1131011113
1310111130
3101111302
1011113020
0111130202
1111302022
1113020222
1130202221
1302022211
3020222111
0202221113
2022211131
0222111313
2221113132
2211131321
2111313211
1113132112
1131321121
1313211211
3132112113
1321121131
3211211311
2112113113
1121131131
1211311312
2113113120
1131131203
1311312031
3113120313
1131203132
1312031321
3120313211
1203132110
2031321102
0313211023
3132110232
1321102321
3211023211
2110232110
1102321101
1023211013
0232110131
2321101313
3211013132
2110131322
1101313220
1013132200
0131322000
1313220002
3132200022
1322000221
3220002211
2200022111
2000221110
0002211100
0022111002
0221110020
2211100201
2111002013
1110020131
1100201313
1002013131
0020131313
0201313131
2013131310
0131313101
1313131011
3131310111
1313101110
3131011100
1310111002
3101110020
1011100201
0111002013
1110020131
1100201313
1002013132
0020131323
0201313231
2013132311
0131323111
1313231111
3132311113
1323111132
3231111322
2311113222
3111132220
1111322200
1113222002
1132220020
1322200200
3222002001
2220020012
2200200122
2002001222
0020012222
0200122223
2001222233
0012222332
0122223323
1222233231
2222332310
2223323100
2233231000
2332310002
3323100020
3231000201
2310002012
3100020123
1000201233
0002012333
0020123333
0201233333
2012333332
0123333321
1233333211
2333332113
3333321133
3333211333
3332113332
3321133322
3211333222
2113332222
1133322222
1333222221
3332222212
3322222121
3222221213
2222212132
2222121323
2221213232
2212132322
2121323220
1213232202
2132322020
1323220200
3232202001
2322020011
3220200111
2202001113
2020011132
0200111320
2001113202
0011132023
0111320230
1113202301
1132023013
1320230133
3202301332
2023013322
0230133221
2301332212
3013322121
0133221211
1332212111
3322121111
3221211112
2212111120
2121111202
1211112022
2111120221
1111202210
1112022102
1120221022
1202210222
2022102221
0221022213
2210222132
2102221321
1022213211
0222132111
2221321111
2213211113
2132111131
1321111310
3211113102
2111131021
1111310211
1113102111
1131021111
1310211110
3102111101
1021111011
0211110111
2111101113
1111011131
1110111311
1101113113
1011131131
0111311311
1113113111
1131131112
1311311121
3113111211
1131112113
1311121133
3111211331
1112113310
1121133102
1211331021
2113310211
1133102111
1331021110
3310211102
3102111021
1021110211
0211102113
2111021133
1110211333
1102113332
1021133320
0211333201
2113332010
1133320100
1333201001
3332010011
3320100113
3201001131
2010011313
0100113130
1001131303
0011313033
0113130330
1131303301
1313033013
3130330132
1303301322
3033013222
0330132220
3301322201
3013222011
0132220110
1322201102
3222011022
2220110220
2201102201
2011022011
0110220111
1102201110
1022011103
0220111031
2201110310
2011103102
0111031020
1110310202
1103102021
1031020212
0310202123
3102021232
1020212322
0202123221
2021232213
0212322131
2123221313
1232213131
2322131313
3221313132
2213131321
2131313211
1313132111
3131321110
1313211102
3132111021
1321110210
3211102101
2111021011
1110210113
1102101133
1021011333
0210113332
2101133320
1011333200
0113332002
1133320022
1333200222
3332002220
3320022201
3200222011
2002220111
0022201111
0222011113
2220111130
2201111301
2011113012
0111130122
1111301221
1113012210
1130122102
1301221020
3012210202
0122102020
1221020200
2210202001
2102020011
1020200111
0202001111
2020011112
0200111120
2001111202
0011112023
0111120230
1111202301
1112023011
1120230113
1202301132
2023011322
0230113222
2301132221
3011322211
0113222113
1132221132
1322211322
3222113220
2221132203
2211322032
2113220321
1132203212
1322032121
3220321211
2203212110
2032121102
0321211023
3212110232
2121102323
1211023232
2110232320
1102323202
1023232021
0232320211
2323202110
3232021100
2320211000
3202110000
2021100002
0211000022
2110000221
1100002211
1000022110
0000221103
0002211032
0022110323
0221103231
2211032313
2110323132
1103231321
1032313213
0323132133
3231321330
2313213302
3132133022
1321330221
3213302211
2133022111
1330221113
3302211132
3022111321
0221113213
2211132132
2111321320
1113213202
1132132021
1321320211
3213202111
2132021110
1320211101
3202111012
2021110122
0211101222
2111012222
1110122221
1101222212
1012222123
0122221232
1222212322
2222123222
2221232222
2212322220
2123222200
1232222002
2322220022
3222200221
2222002211
2220022113
2200221132
2002211320
0022113201
0221132013
2211320133
2113201331
1132013311
1320133113
3201331132
2013311323
0133113232
1331132323
3311323232
3113232320
1132323202
1323232022
3232320220
2323202201
3232022011
2320220110
3202201101
2022011012
0220110123
2201101232
2011012322
0110123222
1101232222
1012322220
0123222200
1232222000
2322220002
3222200022
2222000222
2220002221
2200022211
2000222111
0002221113
0022211133
0222111332
2221113322
2211133220
2111332201
1113322011
1133220110
1332201103
3322011030
3220110303
2201103031
2011030312
0110303122
1103031223
1030312232
0303122322
3031223220
0312232202
3122322021
1223220211
2232202111
2322021112
3220211121
2202111211
2021112110
0211121103
2111211032
1112110321
1121103211
1211032110
2110321102
1103211022
1032110221
0321102211
3211022111
2110221111
1102211112
1022111123
0221111231
2211112311
2111123113
1111231133
1112311331
1123113311
1231133113
2311331130
3113311303
1133113033
1331130331
3311303311
3113033110
1130331100
1303311003
3033110031
0331100311
3311003111
3110031111
1100311110
1003111102
0031111022
0311110223
3111102232
1111022322
1110223221
1102232213
1022322131
0223221310
2232213102
2322131020
3221310202
2213102021
2131020213
1310202131
3102021310
1020213102
0202131021
2021310211
0213102113
2131021132
1310211322
3102113223
1021132233
0211322332
2113223322
1132233220
1322332200
3223322002
2233220020
2332200202
3322002022
3220020220
2200202202
2002022022
0020220221
0202202210
2022022102
0220221021
2202210210
2022102103
0221021031
2210210311
2102103112
1021031122
0210311220
2103112200
1031122002
0311220020
3112200202
1122002023
1220020232
2200202323
2002023231
0020232313
0202323133
2023231331
0232313310
2323133102
3231331023
2313310230
3133102300
1331023003
3310230031
3102300313
1023003132
0230031322
2300313220
3003132202
0031322023
0313220231
3132202311
1322023113
3220231132
2202311323
2023113231
0231132311
2311323111
3113231110
1132311102
1323111021
3231110210
2311102102
3111021020
1110210201
1102102013
1021020131
0210201313
2102013130
1020131302
0201313022
2013130222
0131302223
1313022231
3130222311
1302223110
3022231102
0222311023
2223110232
2231102322
2311023220
3110232203
1102322032
1023220321
0232203211
2322032110
3220321101
2203211010
2032110102
0321101021
3211010211
2110102110
1101021101
1010211010
0102110100
1021101003
0211010031
2110100313
1101003131
1010031311
0100313113
1003131131
0031311310
0313113101
3131131011
1311310113
3113101132
1131011320
1310113202
3101132020
1011320202
0113202020
1132020202
1320202021
3202020210
2020202102
0202021021
2020210211
0202102111
2021021110
0210211102
2102111021
1021110211
0211102113
2111021132
1110211322
1102113221
1021132213
0211322131
2113221311
1132213111
1322131113
3221311131
2213111311
2131113113
1311131133
3111311331
1113113311
1131133110
1311331101
3113311010
1133110101
1331101011
3311010111
3110101111
1101011113
1010111132
0101111322
1011113221
0111132210
1111322101
1113221012
1132210122
1322101220
3221012200
2210122002
2101220022
1012200220
0122002201
1220022013
2200220131
2002201310
0022013102
0220131022
2201310222
2013102222
0131022220
1310222202
3102222021
1022220213
0222202132
2222021322
2220213222
2202132221
2021322211
0213222112
2132221120
1322211202
3222112022
2221120220
2211202202
2112022022
1120220222
1202202222
2022022220
0220222200
2202222002
2022220020
0222200202
2222002022
2220020221
2200202211
2002022111
0020221110
0202211100
2022111000
0221110002
2211100022
2111000220
1110002200
1100022002
1000220023
0002200232
0022002323
0220023231
2200232312
2002323120
0023231202
0232312022
2323120222
3231202221
2312022210
3120222100
1202221002
2022210020
0222100200
2221002001
2210020013
2100200130
1002001303
0020013031
0200130311
2001303110
0013031103
0130311033
1303110331
3031103310
0311033102
3110331020
1103310202
1033102020
0331020201
3310202013
3102020132
1020201323
0202013231
2020132313
0201323131
2013231313
0132313132
1323131320
3231313202
2313132021
3131320211
1313202111
3132021113
1320211130
3202111302
2021113021
0211130212
2111302121
1113021213
1130212132
1302121321
3021213211
0212132111
2121321111
1213211112
2132111122
1321111222
3211112220
2111122202
1111222022
1112220220
1122202200
1222022002
2220220022
2202200222
2022002222
0220022220
2200222201
2002222010
0022220102
0222201021
2222010210
2220102102
2201021023
2010210230
0102102302
1021023020
0210230202
2102302021
1023020211
0230202111
2302021110
3020211102
0202111022
2021110223
0211102231
2111022313
1110223130
1102231302
1022313023
0223130231
2231302311
2313023113
3130231133
1302311332
3023113323
0231133230
2311332301
3113323010
1133230102
1332301020
3323010202
3230102023
2301020232
3010202321
0102023213
1020232133
0202321333
2023213331
0232133313
2321333133
3213331331
2133313312
1333133123
3331331233
3313312333
3133123333
1331233332
3312333323
3123333233
1233332333
2333323333
3333233333
3332333330
3323333301
3233333013
2333330133
3333301330
3333013303
3330133032
3301330323
3013303233
0133032333
1330323333
3303233333
3032333333
0323333333
3233333333
2333333332
3333333323
3333333232
3333332323
3333323233
3333232333
3332323333
3323233332
3232333323
2323333233
3233332333
2333323333
3333233333
3332333333
3323333333
3233333333
2333333330
3333333300
3333333000
3333330000
3333300000
3333000000
3330000000
3300000002
3000000020
0000000203
0000002030
0000020300
0000203000
0002030000
0020300003
0203000030
2030000300
0300003002
3000030022
0000300220
0003002201
0030022013
0300220131
