0101010101
1010101010
0101010101
1010101010
0101010101
1010101010
0101010101
1010101010
0101010101
1010101010
0101010101
1010101010
0101010101
1010101010
0101010101
1010101010
0101010101
1010101010
0101010101
1010101010
0101010102
1010101020
0101010201
1010102010
0101020100
1010201002
0102010020
1020100203
0201002032
2010020322
0100203221
1002032212
0020322122
0203221220
2032212201
0322122011
3221220112
2212201121
2122011210
1220112102
2201121021
2011210210
0112102102
1121021021
1210210210
2102102102
1021021023
0210210232
2102102321
1021023211
0210232113
2102321131
1023211311
0232113110
2321131101
3211311010
2113110100
1131101001
1311010010
3110100102
1101001020
1010010200
0100102000
1001020002
0010200022
0102000221
1020002211
0200022113
2000221131
0002211310
0022113102
0221131020
2211310202
2113102023
1131020233
1310202330
3102023300
1020233000
0202330001
2023300013
0233000133
2330001331
3300013313
3000133131
0001331311
0013313111
0133131112
1331311120
3313111201
3131112013
1311120133
3111201333
1112013332
1120133322
1201333223
2013332230
0133322300
1333223001
3332230013
3322300131
3223001311
2230013110
2300131101
3001311013
0013110133
0131101333
1311013333
3110133331
1101333311
1013333111
0133331112
1333311122
3333111223
3331112231
3311122313
3111223132
1112231320
1122313201
1223132011
2231320112
2313201122
3132011220
1320112202
3201122020
2011220201
0112202010
1122020103
1220201032
2202010320
2020103202
0201032021
2010320212
0103202122
1032021221
0320212211
3202122113
2021221131
0212211313
2122113132
1221131321
2211313211
2113132112
1131321121
1313211211
3132112113
1321121131
3211211313
2112113130
1121131300
1211313001
2113130012
1131300122
1313001220
3130012201
1300122011
3001220112
0012201123
0122011233
1220112333
2201123331
2011233311
0112333111
1123331112
1233311122
2333111222
3331112223
3311122231
3111222312
1112223122
1122231223
1222312232
2223122323
2231223232
2312232320
3122323203
1223232033
2232320331
2323203313
3232033131
2320331311
3203313112
2033131122
0331311223
3313112232
3131122320
1311223203
3112232032
1122320323
1223203233
2232032331
2320323311
3203233111
2032331112
0323311123
3233111232
2331112320
3311123200
3111232003
1112320031
1123200311
1232003112
2320031123
3200311231
2003112312
0031123121
0311231213
3112312132
1123121323
1231213231
2312132313
3121323132
1213231320
2132313200
1323132002
3231320021
2313200212
3132002122
1320021220
3200212201
2002122013
0021220133
0212201333
2122013332
1220133321
2201333213
2013332131
0133321313
1333213133
3332131333
3321313333
3213133331
2131333313
1313333131
3133331311
1333313110
3333131100
3331311000
3313110001
3131100011
1311000112
3110001122
1100011222
1000112220
0001122200
0011222002
0112220022
1122200223
1222002231
2220022310
2200223102
2002231023
0022310231
0223102312
2231023123
2310231232
3102312322
1023123222
0231232223
2312322231
3123222313
1232223133
2322231331
3222313311
2223133110
2231331100
2313311001
3133110010
1331100103
3311001032
3110010322
1100103221
1001032212
0010322122
0103221221
1032212210
0322122102
3221221021
2212210212
2122102123
1221021231
2210212313
2102123133
1021231330
0212313303
2123133032
1231330320
2313303201
3133032011
1330320110
3303201102
3032011021
0320110213
3201102132
2011021321
0110213213
1102132132
1021321320
0213213202
2132132022
1321320221
3213202210
2132022102
1320221022
3202210223
2022102232
0221022322
2210223220
2102232202
1022322022
0223220223
2232202232
2322022323
3220223233
2202232332
2022323320
0223233200
2232332002
2323320020
3233200203
2332002032
3320020322
3200203220
2002032202
0020322020
0203220200
2032202001
0322020013
3220200131
2202001313
2020013130
0200131300
2001313001
0013130011
0131300113
1313001132
3130011321
1300113212
3001132123
0011321231
0113212310
1132123102
1321231022
3212310220
2123102202
1231022021
2310220213
3102202132
1022021321
0220213210
2202132102
2021321022
0213210220
2132102201
1321022010
3210220100
2102201001
1022010013
0220100131
2201001312
2010013120
0100131200
1001312001
0013120011
0131200110
1312001101
3120011011
1200110113
2001101132
0011011320
0110113201
1101132011
1011320110
0113201100
1132011000
1320110001
3201100013
2011000132
0110001322
1100013220
1000132202
0001322020
0013220201
0132202010
1322020102
3220201020
2202010202
2020102022
0201020221
2010202212
0102022123
1020221231
0202212311
2022123110
0221231100
2212311003
2123110030
1231100303
2311003032
3110030320
1100303200
1003032002
0030320022
0303200220
3032002200
0320022002
3200220023
2002200232
0022002321
0220023213
2200232132
2002321320
0023213200
0232132002
2321320021
3213200210
2132002102
1320021021
3200210213
2002102132
0021021321
0210213210
2102132102
1021321022
0213210222
2132102221
1321022210
3210222101
2102221011
1022210110
0222101103
2221011030
2210110302
2101103020
1011030200
0110302002
1103020020
1030200200
0302002002
3020020020
0200200202
2002002023
0020020231
0200202313
2002023132
0020231322
0202313220
2023132202
0231322020
2313220202
3132202022
1322020221
3220202212
2202022123
2020221231
0202212313
2022123132
0221231322
2212313223
2123132233
1231322331
2313223313
3132233131
1322331310
3223313102
2233131021
2331310213
3313102132
3131021322
1310213220
3102132202
1021322021
0213220213
2132202131
1322021310
3220213103
2202131033
2021310332
0213103320
2131033202
1310332020
3103320202
1033202020
0332020201
3320202013
3202020130
2020201300
0202013000
2020130002
0201300022
2013000220
0130002202
1300022020
3000220203
0002202032
0022020320
0220203202
2202032023
2020320231
0203202313
2032023132
0320231322
3202313220
2023132201
0231322013
2313220131
3132201313
1322013132
3220131321
2201313210
2013132102
0131321022
1313210223
3132102233
1321022333
3210223333
2102233330
1022333300
0223333002
2233330021
2333300211
3333002111
3330021110
3300211102
3002111022
0021110223
0211102231
2111022312
1110223120
1102231202
1022312022
0223120222
2231202221
2312022213
3120222131
1202221311
2022213113
0222131131
2221311313
2213113133
2131131331
1311313311
3113133111
1131331111
1313311111
3133111113
1331111133
3311111331
3111113310
1111133103
1111331031
1113310311
1133103113
1331031131
3310311311
3103113113
1031131131
0311311311
3113113110
1131131102
1311311021
3113110213
1131102131
1311021312
3110213122
1102131221
1021312211
0213122113
2131221131
1312211313
3122113133
1221131331
2211313313
2113133132
1131331322
1313313221
3133132213
1331322131
3313221313
3132213132
1322131322
3221313220
2213132202
2131322021
1313220213
3132202132
1322021321
3220213213
2202132132
2021321322
0213213220
2132132202
1321322022
3213220220
2132202202
1322022021
3220220213
2202202132
2022021321
0220213213
2202132132
2021321322
0213213220
2132132202
1321322022
3213220221
2132202213
1322022131
3220221313
2202213132
2022131322
0221313220
2213132202
2131322021
1313220213
3132202131
1322021311
3220213110
2202131102
2021311022
0213110221
2131102211
1311022111
3110221111
1102211111
1022111113
0221111132
2211111320
2111113201
1111132011
1111320110
1113201101
1132011011
1320110112
3201101121
2011011213
0110112132
1101121321
1011213211
0112132113
1121321133
1213211331
2132113311
1321133111
3211331113
2113311130
1133111302
1331113022
3311130220
3111302202
1113022020
1130220202
1302202022
3022020222
0220202221
2202022213
2020222132
0202221321
2022213211
0222132112
2221321123
2213211231
2132112310
1321123103
3211231033
2112310332
1123103322
1231033222
2310332221
3103322210
1033222102
0332221020
3322210202
3222102020
2221020201
2210202010
2102020102
1020201021
0202010211
2020102110
0201021103
2010211032
0102110320
1021103201
0211032011
2110320112
1103201121
1032011213
0320112132
3201121321
2011213211
0112132113
1121321132
1213211322
2132113220
1321132202
3211322022
2113220220
1132202202
1322022021
3220220213
2202202132
2022021322
0220213220
2202132202
2021322020
0213220200
2132202002
1322020022
3220200220
2202002202
2020022020
0200220202
2002202022
0022020223
0220202231
2202022313
2020223131
0202231313
2022313131
0223131311
2231313113
2313131130
3131311303
1313113033
3131130332
1311303322
3113033221
1130332213
1303322132
3033221320
0332213202
3322132021
3221320213
2213202132
2132021322
1320213220
3202132202
2021322020
0213220200
2132202002
1322020022
3220200220
2202002202
2020022022
0200220220
2002202202
0022022020
0220220200
2202202002
2022020022
0220200220
2202002202
2020022020
0200220200
2002202002
0022020022
0220200220
2202002201
2020022013
0200220132
2002201322
0022013223
0220132230
2201322301
2013223013
0132230130
1322301303
3223013032
2230130321
2301303213
3013032131
0130321310
1303213102
3032131021
0321310213
3213102132
2131021321
1310213210
3102132102
1021321020
0213210200
2132102003
1321020031
3210200313
2102003133
1020031330
0200313301
2003133011
0031330110
0313301100
3133011002
1330110020
3301100202
3011002022
0110020220
1100202203
1002022033
0020220332
0202203320
2022033201
0220332010
2203320102
2033201023
0332010231
3320102313
3201023132
2010231321
0102313211
1023132112
0231321121
2313211213
3132112131
1321121310
3211213101
2112131013
1121310132
1213101320
2131013200
1310132000
3101320000
1013200001
0132000013
1320000133
3200001331
2000013310
0000133101
0001331013
0013310131
0133101313
1331013132
3310131321
3101313210
1013132102
0131321020
1313210201
3132102012
1321020122
3210201220
2102012201
1020122010
0201220103
2012201032
0122010320
1220103202
2201032023
2010320231
0103202312
1032023123
0320231231
3202312312
2023123123
0231231231
2312312310
3123123102
1231231021
2312310213
3123102132
1231021322
2310213220
3102132202
1021322023
0213220233
2132202333
1322023332
3220233320
2202333200
2023332002
0233320021
2333200213
3332002131
3320021312
3200213123
2002131231
0021312310
0213123102
2131231020
1312310203
3123102031
1231020311
2310203112
3102031120
1020311203
0203112031
2031120312
0311203122
3112031221
1120312212
1203122120
2031221203
0312212032
3122120322
1221203220
2212032200
2120322002
1203220020
2032200202
0322002021
3220020210
2200202102
2002021023
0020210233
0202102332
2021023322
0210233222
2102332221
1023322213
0233222131
2332221311
3322213113
3222131132
2221311323
2213113231
2131132310
1311323102
3113231022
1132310220
1323102202
3231022020
2310220203
3102202032
1022020322
0220203220
2202032202
2020322020
0203220202
2032202022
0322020220
3220202202
2202022020
2020220202
0202202021
2022020213
0220202131
2202021310
2020213102
0202131022
2021310221
0213102213
2131022131
1310221312
3102213123
1022131232
0221312323
2213123232
2131232323
1312323231
3123232313
1232323131
2323231312
3232313123
2323131230
3231312303
2313123033
3131230331
1312303310
3123033102
1230331021
2303310210
3033102102
0331021020
3310210203
3102102030
1021020302
0210203020
2102030202
1020302020
0203020200
2030202000
0302020002
3020200020
0202000201
2020002010
0200020103
2000201031
0002010311
0020103113
0201031132
2010311320
0103113202
1031132020
0311320201
3113202013
1132020132
1320201322
3202013222
2020132220
0201322202
2013222021
0132220213
1322202131
3222021312
2220213121
2202131211
2021312113
0213121130
2131211301
1312113010
3121130102
1211301022
2113010223
1130102232
1301022322
3010223220
0102232202
1022322022
0223220220
2232202202
2322022022
3220220222
2202202223
2022022231
0220222310
2202223102
2022231022
0222310222
2223102222
2231022222
2310222221
3102222212
1022222120
0222221202
2222212023
2222120232
2221202320
2212023201
2120232010
1202320102
2023201023
0232010230
2320102302
3201023021
2010230212
0102302123
1023021230
0230212301
2302123013
3021230132
0212301322
2123013221
1230132213
2301322132
3013221322
0132213220
1322132202
3221322021
2213220213
2132202131
1322021310
3220213102
2202131020
2021310202
0213102021
2131020213
1310202131
3102021311
1020213110
0202131102
2021311021
0213110210
2131102102
1311021021
3110210211
1102102112
1021021120
0210211203
2102112033
1021120332
0211203322
2112033220
1120332201
1203322011
2033220110
0332201101
3322011012
3220110120
2201101200
2011012001
0110120011
1101200110
1012001103
0120011031
1200110313
2001103130
0011031300
0110313003
1103130032
1031300320
0313003203
3130032032
1300320322
3003203222
0032032220
0320322202
3203222021
2032220213
0322202130
3222021301
2220213013
2202130131
2021301312
0213013122
2130131223
1301312232
3013122321
0131223211
1312232113
3122321131
1223211312
2232113120
2321131201
3211312012
2113120120
1131201200
1312012003
3120120031
1201200310
2012003101
0120031011
1200310110
2003101102
0031011021
0310110211
3101102110
1011021101
0110211011
1102110113
1021101132
0211011322
2110113222
1101132220
1011322200
0113222001
1132220011
1322200110
3222001100
2220011002
2200110022
2001100223
0011002232
0110022322
1100223220
1002232202
0022322020
0223220203
2232202032
2322020322
3220203223
2202032232
2020322323
0203223230
2032232301
0322323010
3223230102
2232301023
2323010231
3230102313
2301023133
3010231331
0102313313
1023133132
0231331323
2313313231
3133132311
1331323110
3313231103
3132311032
1323110323
3231103233
2311032330
3110323302
1103233022
1032330222
0323302220
3233022201
2330222013
3302220131
3022201310
0222013103
2220131032
2201310320
2013103203
0131032030
1310320300
3103203002
1032030022
0320300220
3203002201
2030022012
0300220120
3002201201
0022012010
0220120103
2201201032
2012010323
0120103231
1201032312
2010323121
0103231212
1032312122
0323121220
3231212201
2312122012
3121220121
1212201213
2122012132
1220121321
2201213213
2012132132
0121321322
1213213221
2132132211
1321322110
3213221103
2132211032
1322110323
3221103231
2211032312
2110323120
1103231202
1032312021
0323120213
3231202131
2312021312
3120213121
1202131210
2021312102
0213121022
2131210220
1312102201
3121022013
1210220131
2102201312
1022013123
0220131232
2201312321
2013123210
0131232103
1312321033
3123210332
1232103321
2321033211
3210332110
2103321103
1033211032
0332110321
3321103212
3211032123
2110321231
1103212310
1032123102
0321231023
3212310231
2123102313
1231023132
2310231322
3102313221
1023132213
0231322132
2313221323
3132213231
1322132313
3221323132
2213231321
2132313211
1323132110
3231321103
2313211033
3132110332
1321103321
3211033213
2110332131
1103321310
1033213103
0332131031
3321310311
3213103110
2131031102
1310311021
3103110213
1031102132
0311021323
3110213233
1102132332
1021323321
0213233210
2132332101
1323321012
3233210122
2332101221
3321012210
3210122100
2101221003
1012210032
0122100320
1221003201
2210032010
2100320100
1003201002
0032010022
0320100220
3201002201
2010022013
0100220131
1002201313
0022013131
0220131313
2201313132
2013131323
0131313233
1313132332
3131323321
1313233213
3132332130
1323321302
3233213022
2332130223
3321302230
3213022300
2130223001
1302230013
3022300131
0223001313
2230013131
2300131312
3001313123
0013131232
0131312322
1313123221
3131232210
1312322102
3123221021
1232210210
2322102100
3221021002
2210210022
2102100220
1021002202
0210022022
2100220221
1002202213
0022022131
0220221312
2202213120
2022131202
0221312021
2213120212
2131202121
1312021212
3120212122
1202121222
2021212221
0212122210
2121222103
1212221031
2122210310
1222103102
2221031021
2210310212
2103102122
1031021221
0310212212
3102122121
1021221213
0212212131
2122121311
1221213110
2212131101
2121311010
1213110100
2131101001
1311010010
3110100103
1101001033
1010010332
0100103323
1001033233
0010332331
0103323310
1033233101
0332331010
3323310102
3233101023
2331010231
3310102310
3101023102
1010231021
0102310211
1023102110
0231021102
2310211020
3102110201
1021102012
0211020120
2110201201
1102012010
1020120100
0201201002
2012010020
0120100202
1201002020
2010020202
0100202022
1002020221
0020202211
0202022112
2020221123
0202211231
2022112312
0221123123
2211231232
2112312320
1123123202
1231232020
2312320203
3123202031
1232020310
2320203102
3202031022
2020310222
0203102223
2031022232
0310222321
3102223213
1022232131
0222321311
2223213110
2232131101
2321311011
3213110113
2131101132
1311011323
3110113233
1101132332
1011323322
0113233220
1132332202
1323322021
3233220210
2332202102
3322021022
3220210223
2202102230
2021022301
0210223012
2102230123
1022301231
0223012310
2230123103
2301231033
3012310330
0123103301
1231033013
2310330132
3103301323
1033013232
0330132320
3301323202
3013232022
0132320221
1323202212
3232022123
2320221232
3202212323
2022123233
0221232332
2212323322
2123233220
1232332202
2323322021
3233220213
2332202132
3322021322
3220213221
2202132210
2021322102
0213221022
2132210220
1322102202
3221022020
2210220200
2102202001
1022020011
0220200110
2202001103
2020011032
0200110320
2001103202
0011032020
0110320202
1103202022
1032020222
0320202222
3202022221
2020222210
0202222103
2022221033
0222210332
2222103320
2221033201
2210332011
2103320110
1033201100
0332011002
3320110020
3201100202
2011002022
0110020220
1100202202
1002022020
0020220200
0202202001
2022020011
0220200111
2202001111
2020011110
0200111103
2001111032
0011110321
0111103211
1111032110
1110321103
1103211031
1032110313
0321103131
3211031311
2110313110
1103131102
1031311023
0313110232
3131102322
1311023220
3110232200
1102322001
1023220010
0232200103
2322001031
3220010310
2200103102
2001031020
0010310203
0103102033
1031020333
0310203332
3102033323
1020333231
0203332311
2033323111
0333231112
3332311121
3323111213
3231112132
2311121323
3111213231
1112132313
1121323132
1213231323
2132313232
1323132323
3231323231
2313232311
3132323113
1323231132
3232311320
2323113203
3231132032
2311320320
3113203200
1132032000
1320320001
3203200013
2032000131
0320001313
3200013131
2000131311
0001313113
0013131133
0131311333
1313113332
3131133320
1311333203
3113332032
1133320320
1333203200
3332032002
3320320020
3203200200
2032002001
0320020010
3200200103
2002001031
0020010312
0200103120
2001031201
0010312010
0103120101
1031201012
0312010121
3120101211
1201012110
2010121103
0101211032
1012110320
0121103200
1211032003
2110320032
1103200320
1032003200
0320032001
3200320013
2003200133
0032001332
0320013322
3200133223
2001332232
0013322322
0133223223
1332232231
3322322313
3223223132
2232231321
2322313210
3223132102
2231321022
2313210221
3132102210
1321022102
3210221023
2102210232
1022102322
0221023221
2210232212
2102322122
1023221220
0232212202
2322122021
3221220213
2212202132
2122021321
1220213213
2202132133
2021321331
0213213310
2132133102
1321331022
3213310223
2133102232
1331022322
3310223220
3102232201
1022322013
0223220132
2232201323
2322013232
3220132320
2201323202
2013232020
0132320203
1323202032
3232020323
2320203233
3202032333
2020323332
0203233322
2032333223
0323332231
3233322313
2333223132
3332231320
3322313202
3223132021
2231320210
2313202102
3132021023
1320210232
3202102320
2021023203
0210232031
2102320310
1023203103
0232031033
2320310330
3203103301
2031033010
0310330102
3103301021
1033010212
0330102123
3301021231
3010212310
0102123101
1021231010
0212310101
2123101013
1231010132
2310101321
3101013212
1010132122
0101321221
1013212212
0132122120
1321221203
3212212030
2122120301
1221203012
2212030121
2120301210
1203012102
2030121022
0301210221
3012102210
0121022103
1210221032
2102210322
1022103221
0221032210
2210322101
2103221013
1032210131
0322101310
3221013101
2210131011
2101310110
1013101100
0131011001
1310110011
3101100113
1011001131
0110011310
1100113101
1001131012
0011310123
0113101233
1131012333
1310123332
3101233322
1012333220
0123332202
1233322020
2333220203
3332202032
3322020323
3220203233
2202032332
2020323321
0203233211
2032332110
0323321100
3233211003
2332110030
3321100300
3211003002
2110030022
1100300221
1003002211
0030022110
0300221101
3002211012
0022110121
0221101213
2211012132
2110121323
1101213232
1012132321
0121323213
1213232131
2132321311
1323213110
3232131103
2321311032
3213110320
2131103200
1311032002
3110320022
1103200222
1032002221
0320022213
3200222132
2002221321
0022213210
0222132103
2221321032
2213210320
2132103202
1321032020
3210320202
2103202021
1032020213
0320202130
3202021303
2020213032
0202130322
2021303223
0213032231
2130322312
1303223121
3032231211
0322312111
3223121110
2231211102
2312111021
3121110213
1211102132
2111021320
1110213200
1102132002
1021320023
0213200231
2132002313
1320023132
3200231320
2002313201
0023132010
0231320102
2313201023
3132010232
1320102320
3201023200
2010232002
0102320020
1023200201
0232002011
2320020113
3200201132
2002011321
0020113210
0201132102
2011321021
0113210210
1132102102
1321021022
3210210223
2102102232
1021022320
0210223203
2102232030
1022320302
0223203021
2232030212
2320302120
3203021202
2030212021
0302120212
3021202123
0212021232
2120212323
1202123233
2021232332
0212323320
2123233202
1232332022
2323320220
3233202200
2332022001
3320220013
3202200133
2022001332
0220013323
2200133231
2001332311
0013323113
0133231132
1332311322
3323113221
3231132212
2311322123
3113221232
1132212321
1322123213
3221232132
2212321320
2123213203
1232132032
2321320323
3213203231
2132032310
1320323100
3203231001
2032310010
0323100102
3231001021
2310010210
3100102100
1001021002
0010210020
0102100200
1021002002
0210020020
2100200201
1002002012
0020020121
0200201213
2002012132
0020121321
0201213212
2012132123
0121321232
1213212320
2132123202
1321232022
3212320223
2123202233
1232022332
2320223322
3202233221
2022332210
0223322102
2233221021
2332210212
3322102123
3221021232
2210212321
2102123212
1021232120
0212321202
2123212021
1232120212
2321202121
3212021213
2120212132
1202121320
2021213203
0212132032
2121320322
1213203222
2132032221
1320322213
3203222132
2032221323
0322213232
3222132321
2221323213
2213232131
2132321313
1323213131
3232131312
2321313120
3213131202
2131312022
1313120223
3131202231
1312022311
3120223110
1202231102
2022311020
0223110200
2231102002
2311020022
3110200220
1102002202
1020022023
0200220231
2002202312
0022023120
0220231201
2202312010
2023120101
0231201013
2312010132
3120101320
1201013200
2010132000
0101320003
1013200031
0132000313
1320003132
3200031323
2000313230
0003132301
0031323013
0313230132
3132301320
1323013202
3230132023
2301320232
3013202321
0132023212
1320232121
3202321213
2023212131
0232121313
2321213132
3212131322
2121313220
1213132200
2131322001
1313220011
3132200113
1322001132
3220011323
2200113231
2001132310
0011323102
0113231021
1132310213
1323102131
3231021310
2310213101
3102131013
1021310132
0213101323
2131013230
1310132301
3101323013
1013230132
0132301320
1323013202
3230132020
2301320200
3013202001
0132020010
1320200100
3202001002
2020010022
0200100221
2001002210
0010022102
0100221020
1002210203
0022102030
0221020303
2210203033
2102030333
1020303332
0203033323
2030333232
0303332321
3033323213
0333232132
3332321323
3323213230
3232132302
2321323020
3213230203
2132302032
1323020322
3230203223
2302032232
3020322321
0203223213
2032232131
0322321313
3223213132
2232131322
2321313221
3213132212
2131322123
1313221233
3132212333
1322123331
3221233313
2212333132
2123331322
1233313223
2333132232
3331322322
3313223222
3132232220
1322322200
3223222001
2232220012
2322200121
3222001213
2220012132
2200121320
2001213201
0012132012
0121320121
1213201210
2132012103
1320121031
3201210312
2012103121
0121031210
1210312102
2103121021
1031210211
0312102110
3121021101
1210211010
2102110101
1021101011
0211010110
2110101100
1101011001
1010110010
0101100101
1011001012
0110010121
1100101213
1001012133
0010121332
0101213321
1012133211
0121332110
1213321103
2133211031
1332110310
3321103103
3211031031
2110310312
1103103120
1031031202
0310312020
3103120202
1031202023
0312020232
3120202322
1202023223
2020232232
0202322322
2023223223
0232232232
2322322322
3223223221
2232232210
2322322103
3223221031
2232210311
2322103113
3221031132
2210311321
2103113212
1031132121
0311321210
3113212100
1132121001
1321210012
3212100123
2121001231
1210012313
2100123131
1001231311
0012313110
0123131102
1231311021
2313110211
3131102113
1311021131
3110211310
1102113103
1021131033
0211310332
2113103321
1131033211
1310332110
3103321101
1033211011
0332110110
3321101100
3211011001
2110110012
1101100120
1011001202
0110012022
1100120221
1001202212
0012022121
0120221210
1202212101
2022121010
0221210102
2212101022
2121010221
1210102210
2101022102
1010221020
0102210203
1022102031
0221020311
2210203113
2102031132
1020311321
0203113212
2031132123
0311321232
3113212320
1132123202
1321232021
3212320210
2123202101
1232021012
2320210122
3202101221
2021012213
0210122132
2101221321
1012213211
0122132113
1221321130
2213211301
2132113011
1321130112
3211301120
2113011201
1130112013
1301120131
3011201313
0112013132
1120131321
1201313213
2013132132
0131321321
1313213210
3132132102
1321321021
3213210210
2132102101
1321021011
3210210113
2102101131
1021011310
0210113100
2101131002
1011310023
0113100231
1131002313
1310023131
3100231310
1002313101
0023131010
0231310102
2313101023
3131010233
1310102333
3101023332
1010233320
0102333201
1023332011
0233320110
2333201103
3332011033
3320110332
3201103323
2011033232
0110332323
1103323231
1033232311
0332323110
3323231100
3232311003
2323110032
3231100321
2311003212
3110032123
1100321232
1003212321
0032123212
0321232122
3212321222
2123212220
1232122201
2321222011
3212220111
2122201113
1222011131
2220111313
2201113132
2011131322
0111313220
1113132200
1131322003
1313220031
3132200313
1322003132
3220031323
2200313231
2003132310
0031323102
0313231021
3132310213
1323102130
3231021302
2310213020
3102130202
1021302020
0213020201
2130202012
1302020121
3020201211
0202012110
2020121100
0201211000
2012110002
0121100020
1211000201
2110002011
1100020110
1000201102
0002011022
0020110220
0201102202
2011022022
0110220221
1102202210
1022022103
0220221033
2202210330
2022103303
0221033032
2210330322
2103303222
1033032220
0330322202
3303222021
3032220213
0322202133
3222021332
2220213322
2202133223
2021332232
0213322321
2133223213
1332232132
3322321323
3223213233
2232132332
2321323322
3213233221
2132332210
1323322103
3233221032
2332210321
3322103213
3221032132
2210321321
2103213212
1032132121
0321321210
3213212100
2132121001
1321210011
3212100113
2121001131
1210011310
2100113103
1001131031
0011310311
0113103110
1131031101
1310311013
3103110131
1031101311
0311013111
3110131112
1101311122
1013111221
0131112210
1311122101
3111221010
1112210100
1122101000
1221010000
2210100003
2101000032
1010000320
0100003203
1000032033
0000320332
0003203321
0032033211
0320332110
3203321103
2033211032
0332110322
3321103222
3211032221
2110322210
1103222102
1032221021
0322210212
3222102121
2221021211
2210212112
2102121121
1021211211
0212112112
2121121121
1211211213
2112112131
1121121313
1211213132
2112131321
1121313212
1213132121
2131321210
1313212100
3132121001
1321210011
3212100113
2121001132
1210011320
2100113203
1001132032
0011320322
0113203221
1132032211
1320322110
3203221100
2032211001
0322110011
3221100112
2211001122
2110011221
1100112211
1001122110
0011221102
0112211021
1122110212
1221102121
2211021212
2110212121
1102121213
1021212130
0212121301
2121213010
1212130100
2121301002
1213010022
2130100220
1301002203
3010022032
0100220321
1002203211
0022032110
0220321102
2203211021
2032110212
0321102123
3211021232
2110212322
1102123223
1021232232
0212322323
2123223231
1232232313
2322323131
3223231311
2232313112
2323131122
3231311222
2313112223
3131122232
1311222321
3112223213
1122232132
1222321322
2223213221
2232132212
2321322121
3213221211
2132212111
1322121111
3221211113
2212111133
2121111331
1211113310
2111133101
1111331013
1113310132
1133101321
1331013210
3310132103
3101321032
1013210321
0132103211
1321032111
3210321112
2103211121
1032111210
0321112100
3211121000
2111210001
1112100010
1121000102
1210001020
2100010200
1000102002
0001020022
0010200221
0102002210
1020022103
0200221033
2002210332
0022103323
0221033233
2210332331
2103323312
1033233120
0332331202
3323312022
3233120220
2331202202
3312022021
3120220213
1202202130
2022021302
0220213020
2202130203
2021302032
0213020321
2130203211
1302032111
3020321110
0203211102
2032111021
0321110210
3211102102
2111021021
1110210213
1102102132
1021021323
0210213231
2102132312
1021323122
0213231220
2132312202
1323122020
3231220201
2312202013
3122020133
1220201333
2202013331
2020133312
0201333120
2013331203
0133312030
1333120300
3331203001
3312030010
3120300103
1203001033
2030010332
0300103320
3001033201
0010332010
0103320100
1033201001
0332010011
3320100113
3201001132
2010011320
0100113202
1001132021
0011320211
0113202111
1132021113
1320211130
3202111300
2021113002
0211130022
2111300221
1113002210
1130022102
1300221021
3002210210
0022102101
0221021010
2210210101
2102101010
1021010102
0210101022
2101010220
1010102200
0101022002
1010220022
0102200222
1022002222
0220022221
2200222212
2002222122
0022221222
0222212222
2222122221
2221222213
2212222132
2122221321
1222213210
2222132100
2221321003
2213210032
2132100322
1321003223
3210032232
2100322321
1003223213
0032232132
0322321322
3223213220
2232132202
2321322022
3213220220
2132202202
1322022022
3220220223
2202202232
2022022322
0220223222
2202232220
2022322202
0223222021
2232220210
2322202101
3222021010
2220210100
2202101001
2021010010
0210100101
2101001012
1010010121
0100101213
1001012131
0010121312
0101213123
1012131230
0121312301
1213123012
2131230121
1312301211
3123012110
1230121100
2301211001
3012110010
0121100101
1211001010
2110010101
1100101011
1001010112
0010101122
0101011223
1010112232
0101122321
1011223213
0112232132
1122321323
1223213231
2232132310
2321323100
3213231002
2132310021
1323100211
3231002111
2310021112
3100211120
1002111200
0021112002
0211120020
2111200200
1112002003
1120020032
1200200322
2002003220
0020032202
0200322020
2003220203
0032202032
0322020322
3220203220
2202032203
2020322031
0203220310
2032203100
0322031000
3220310002
2203100020
2031000202
0310002022
3100020220
1000202201
0002022012
0020220120
0202201202
2022012023
0220120232
2201202320
2012023202
0120232022
1202320220
2023202200
0232022002
2320220023
3202200232
2022002322
0220023221
2200232210
2002322103
0023221030
0232210301
2322103012
3221030121
2210301213
2103012131
1030121312
0301213122
3012131221
0121312211
1213122110
2131221102
1312211023
3122110232
1221102323
2211023233
2110232331
1102323311
1023233111
0232331110
2323311101
3233111011
2331110113
3311101130
3111011302
1110113021
1101130212
1011302123
0113021231
1130212311
1302123112
3021231120
0212311202
2123112021
1231120210
2311202103
3112021031
1120210311
1202103110
2021031102
0210311021
2103110212
1031102120
0311021201
3110212010
1102120102
1021201021
0212010211
2120102113
1201021131
2010211310
0102113100
1021131001
0211310010
2113100102
1131001023
1310010232
3100102323
1001023232
0010232320
0102323201
1023232012
0232320120
2323201202
3232012023
2320120232
3201202321
2012023211
0120232112
1202321120
2023211203
0232112032
2321120322
3211203221
2112032213
1120322130
1203221301
2032213012
0322130122
3221301221
2213012210
2130122100
1301221001
3012210011
0122100112
1221001121
2210011212
2100112122
1001121221
0011212210
0112122100
1121221002
1212210020
2122100201
1221002013
2210020130
2100201300
1002013000
0020130001
0201300011
2013000110
0130001103
1300011031
3000110310
0001103102
0011031021
0110310210
1103102102
1031021020
0310210202
3102102021
1021020211
0210202110
2102021103
1020211033
0202110331
2021103313
0211033130
2110331301
1103313013
1033130131
0331301310
3313013103
3130131031
1301310310
3013103102
0131031020
1310310201
3103102012
1031020120
0310201202
3102012020
1020120202
0201202023
2012020232
0120202322
1202023220
2020232202
0202322021
2023220211
0232202110
2322021100
3220211001
2202110010
2021100100
0211001002
2110010023
1100100232
1001002321
0010023213
0100232132
1002321321
0023213212
0232132123
2321321231
3213212313
2132123130
1321231301
3212313010
2123130102
1231301022
2313010220
3130102200
1301022002
3010220023
0102200230
1022002301
0220023011
2200230111
2002301113
0023011132
0230111321
2301113213
3011132132
0111321320
1113213201
1132132011
1321320113
3213201132
2132011322
1320113221
3201132210
2011322101
0113221010
1132210101
1322101010
3221010100
2210101002
2101010020
1010100203
0101002031
1010020311
0100203112
1002031121
0020311210
0203112102
2031121023
0311210232
3112102321
1121023210
1210232100
2102321000
1023210001
0232100011
2321000110
3210001101
2100011010
1000110103
0001101032
0011010322
0110103221
1101032212
1010322122
0103221220
1032212201
0322122012
3221220120
2212201201
2122012012
1220120120
2201201203
2012012032
0120120322
1201203221
2012032212
0120322121
1203221210
2032212102
0322121020
3221210200
2212102001
2121020013
1210200133
2102001332
1020013320
0200133201
2001332010
0013320101
0133201010
1332010101
3320101011
3201010110
2010101100
0101011003
1010110031
0101100310
1011003100
0110031001
1100310013
1003100130
0031001301
0310013010
3100130102
1001301021
0013010211
0130102113
1301021132
3010211320
0102113200
1021132002
0211320023
2113200230
1132002301
1320023013
3200230131
2002301313
0023013132
0230131320
2301313203
3013132032
0131320320
1313203200
3132032001
1320320010
3203200102
2032001023
0320010233
3200102332
2001023320
0010233200
0102332001
1023320013
0233200131
2332001313
3320013132
3200131322
2001313222
0013132220
0131322202
1313222020
3132220201
1322202010
3222020102
2220201020
2202010202
2020102023
0201020231
2010202311
0102023110
1020231100
0202311002
2023110023
0231100231
2311002310
3110023103
1100231031
1002310312
0023103121
0231031212
2310312122
3103121221
1031212212
0312122122
3121221220
1212212200
2122122003
1221220031
2212200312
2122003120
1220031202
2200312020
2003120202
0031202021
0312020212
3120202120
1202021203
2020212032
0202120320
2021203202
0212032022
2120320220
1203202203
2032022032
0320220320
3202203200
2022032002
0220320020
2203200200
2032002001
0320020010
3200200102
2002001022
0020010220
0200102203
2001022032
0010220321
0102203211
1022032110
0220321102
2203211022
2032110221
0321102213
3211022132
2110221320
1102213202
1022132022
0221320220
2213202202
2132022020
1320220200
3202202002
2022020022
0220200220
2202002200
2020022003
0200220032
2002200320
0022003201
0220032013
2200320132
2003201321
0032013210
0320132102
3201321021
2013210212
0132102120
1321021201
3210212013
2102120131
1021201310
0212013102
2120131021
1201310210
2013102100
0131021001
1310210010
3102100100
1021001001
0210010011
2100100110
1001001102
0010011023
0100110232
1001102322
0011023221
0110232213
1102322132
1023221321
0232213210
2322132103
3221321030
2213210302
2132103021
1321030213
3210302133
2103021331
1030213313
0302133132
3021331322
0213313221
2133132211
1331322111
3313221111
3132211111
1322111111
3221111112
2211111121
2111111211
1111112110
1111121101
1111211012
1112110121
1121101213
1211012130
2110121301
1101213012
1012130123
0121301233
1213012332
2130123323
1301233233
3012332332
0123323321
1233233211
2332332110
3323321101
3233211010
2332110102
3321101021
3211010210
2110102100
1101021001
1010210010
0102100103
1021001031
0210010310
2100103100
1001031000
0010310001
0103100013
1031000130
0310001301
3100013010
1000130102
0001301023
0013010232
0130102322
1301023223
3010232232
0102322320
1023223201
0232232010
2322320101
3223201013
2232010130
2320101301
3201013010
2010130102
0101301022
1013010221
0130102212
1301022120
3010221202
0102212021
1022120210
0221202102
2212021021
2120210211
1202102110
2021021100
0210211003
2102110033
1021100332
0211003320
2110033201
1100332013
1003320130
0033201303
0332013030
3320130302
3201303021
2013030211
0130302113
1303021132
3030211320
0302113200
3021132000
0211320003
2113200030
1132000303
1320003032
3200030322
2000303223
0003032232
0030322321
0303223210
3032232102
0322321020
3223210201
2232102012
2321020121
3210201213
2102012132
1020121321
0201213211
2012132111
0121321112
1213211123
2132111230
1321112300
3211123000
2111230001
1112300011
1123000113
1230001131
2300011313
3000113132
0001131323
0011313233
0113132331
1131323310
1313233100
3132331000
1323310001
3233100011
2331000110
3310001102
3100011020
1000110202
0001102022
0011020220
0110202202
1102022020
1020220201
0202202011
2022020112
0220201121
2202011213
2020112132
0201121321
2011213211
0112132111
1121321111
1213211111
2132111113
1321111131
3211111313
2111113132
1111131321
1111313213
1113132131
1131321311
1313213113
3132131131
1321311311
3213113113
2131131131
1311311311
3113113111
1131131111
1311311111
3113111110
1131111103
1311111031
3111110310
1111103102
1111031021
1110310211
1103102113
1031021131
0310211313
3102113132
1021131321
0211313211
2113132110
1131321100
1313211001
3132110010
1321100100
3211001002
2110010021
1100100213
1001002131
0010021311
0100213112
1002131121
0021311211
0213112111
2131121111
1311211111
3112111111
1121111113
1211111131
2111111310
1111113100
1111131003
1111310031
1113100311
1131003113
1310031131
3100311310
1003113102
0031131021
0311310213
3113102130
1131021300
1310213003
3102130031
1021300312
0213003122
2130031222
1300312223
3003122233
0031222332
0312223323
3122233232
1222332321
2223323211
2233232111
2332321110
3323211100
3232111000
2321110002
3211100022
2111000221
1110002210
1100022100
1000221001
0002210011
0022100110
0221001102
2210011022
2100110220
1001102202
0011022023
0110220231
1102202310
1022023100
0220231001
2202310010
2023100101
0231001010
2310010102
3100101020
1001010201
0010102010
0101020103
1010201030
0102010303
1020103033
0201030332
2010303321
0103033212
1030332123
0303321232
3033212322
0332123220
3321232202
3212322022
2123220220
1232202201
2322022010
3220220101
2202201010
2022010101
0220101011
2201010111
2010101110
0101011103
1010111033
0101110333
1011103332
0111033321
1110333213
1103332133
1033321331
0333213313
3332133131
3321331311
3213313110
2133131102
1331311020
3313110202
3131102022
1311020221
3110202210
1102022102
1020221021
0202210213
2022102131
0221021312
2210213121
2102131213
1021312132
0213121323
2131213231
1312132311
3121323113
1213231131
2132311312
1323113121
3231131213
2311312132
3113121323
1131213231
1312132310
3121323103
1213231031
2132310310
1323103102
3231031020
2310310200
3103102002
1031020020
0310200202
3102002022
1020020220
0200202200
2002022002
0020220020
0202200202
2022002022
0220020220
2200202202
2002022022
0020220220
0202202201
2022022012
0220220122
2202201223
2022012232
0220122320
2201223203
2012232032
0122320323
1223203231
2232032310
2320323103
3203231033
2032310332
0323103320
3231033202
2310332020
3103320202
1033202022
0332020220
3320202202
3202022022
2020220220
0202202202
2022022022
0220220220
2202202202
2022022020
0220220202
2202202022
2022020223
0220202232
2202022322
2020223222
0202232220
2022322202
0223222023
2232220232
2322202323
3222023231
2220232310
2202323103
2023231031
0232310310
2323103102
3231031021
2310310212
3103102122
1031021221
0310212213
3102122132
1021221321
0212213212
2122132122
1221321223
2213212232
2132122322
1321223221
3212232210
2122322102
1223221023
2232210230
2322102300
3221023003
2210230032
2102300320
1023003203
0230032033
2300320330
3003203301
0032033011
0320330111
3203301112
2033011120
0330111201
3301112011
3011120111
0111201113
1112011133
1120111331
1201113311
2011133113
0111331132
1113311323
1133113231
1331132310
3311323102
3113231023
1132310232
1323102320
3231023202
2310232020
3102320200
1023202000
0232020002
2320200020
3202000201
2020002012
0200020121
2000201213
0002012131
0020121310
0201213103
2012131032
0121310320
1213103202
2131032021
1310320210
3103202102
1032021021
0320210210
3202102102
2021021021
0210210210
2102102102
1021021020
0210210202
2102102022
1021020221
0210202210
2102022102
1020221021
0202210210
2022102102
0221021020
2210210200
2102102002
1021020022
0210200220
2102002202
1020022022
0200220221
2002202212
0022022122
0220221220
2202212202
2022122020
0221220202
2212202021
2122020211
1220202110
2202021102
2020211020
0202110201
2021102011
0211020112
2110201121
1102011211
1020112110
0201121101
2011211013
0112110133
1121101331
1211013313
2110133132
1101331321
1013313210
0133132102
1331321023
3313210233
3132102331
1321023311
3210233111
2102331113
1023311131
0233111311
2331113110
3311131101
3111311010
1113110101
1131101012
1311010120
3110101202
1101012022
1010120222
0101202220
1012022202
0120222020
1202220201
2022202012
0222020120
2220201202
2202012022
2020120223
0201202231
2012022310
0120223101
1202231011
2022310110
0223101101
2231011011
2310110110
3101101101
1011011011
0110110110
1101101101
1011011011
0110110110
1101101101
1011011012
0110110122
1101101221
1011012211
0110122110
1101221101
1012211012
0122110121
1221101211
2211012111
2110121110
1101211103
1012111031
0121110310
1211103101
2111031011
1110310110
1103101101
1031011011
0310110110
3101101103
1011011031
0110110310
1101103101
1011031011
0110310110
1103101101
1031011011
0310110110
3101101101
1011011011
0110110110
1101101103
1011011032
0110110323
1101103233
1011032330
0110323301
1103233012
1032330123
0323301231
3233012310
2330123103
3301231031
3012310311
0123103113
1231031131
2310311312
3103113122
1031131222
0311312223
3113122232
1131222321
1312223211
3122232110
1222321102
2223211022
2232110220
2321102201
3211022013
2110220131
1102201311
1022013111
0220131110
2201311100
2013111002
0131110020
1311100202
3111002023
1110020231
1100202311
1002023113
0020231131
0202311311
2023113110
0231131102
2311311020
3113110202
1131102021
1311020210
3110202102
1102021021
1020210211
0202102112
2021021123
0210211230
2102112303
1021123032
0211230321
2112303213
1123032131
1230321310
2303213102
3032131022
0321310220
3213102202
2131022020
1310220201
3102202012
1022020121
0220201211
2202012110
2020121101
0201211013
2012110131
0121101310
1211013103
2110131032
1101310323
1013103233
0131032331
1310323310
3103233102
1032331021
0323310211
3233102112
2331021121
3310211213
3102112132
1021121321
0211213210
2112132101
1121321010
1213210103
2132101031
1321010313
3210103132
2101031323
1010313231
0103132310
1031323102
0313231023
3132310233
1323102331
3231023311
2310233111
3102331113
1023311131
0233111312
2331113120
3311131201
3111312010
1113120102
1131201021
1312010213
3120102133
1201021331
2010213313
0102133131
1021331311
0213313110
2133131101
1331311013
3313110133
3131101331
1311013312
3110133123
1101331231
1013312313
0133123130
1331231303
3312313031
3123130312
1231303121
2313031213
3130312130
1303121302
3031213021
0312130213
3121302131
1213021313
2130213132
1302131323
3021313232
0213132321
2131323212
1313232121
3132321213
1323212131
3232121310
2321213100
3212131002
2121310023
1213100232
2131002320
1310023202
3100232021
1002320211
0023202113
0232021133
2320211332
3202113321
2021133210
0211332102
2113321023
1133210232
1332102322
3321023221
3210232212
2102322123
1023221232
0232212321
2322123211
3221232110
2212321100
2123211002
1232110023
2321100232
3211002322
2110023221
1100232212
1002322123
0023221232
0232212322
2322123223
3221232231
2212322310
2123223102
1232231021
2322310211
3223102111
2231021110
2310211100
3102111002
1021110021
0211100212
2111002120
1110021201
1100212011
1002120113
0021201132
0212011321
2120113211
1201132111
2011321112
0113211120
1132111201
1321112010
3211120102
2111201021
1112010211
1120102111
1201021110
2010211102
0102111022
1021110220
0211102201
2111022010
1110220102
1102201020
1022010201
0220102012
2201020120
2010201203
0102012032
1020120321
0201203211
2012032110
0120321101
1203211011
2032110110
0321101100
3211011002
2110110023
1101100231
1011002312
0110023123
1100231232
1002312321
0023123211
0231232110
2312321100
3123211000
1232110000
2321100001
3211000012
2110000121
1100001211
1000012110
0000121101
0001211011
0012110110
0121101101
1211011013
2110110132
1101101321
1011013211
0110132110
1101321101
1013211011
0132110110
1321101103
3211011031
2110110310
1101103100
1011031001
0110310010
1103100101
1031001010
0310010102
3100101020
1001010200
0010102000
0101020000
1010200001
0102000010
1020000100
0200001000
2000010002
0000100022
0001000220
0010002202
0100022021
1000220210
0002202102
0022021022
0220210220
2202102200
2021022000
0210220000
2102200002
1022000022
0220000221
2200002211
2000022110
0000221100
0002211002
0022110020
0221100200
2211002002
2110020020
1100200200
1002002002
0020020022
0200200220
2002002203
0020022032
0200220320
2002203202
0022032022
0220320220
2203202202
2032022022
0320220220
3202202202
2022022020
0220220202
2202202021
2022020210
0220202102
2202021021
2020210212
0202102121
2021021210
0210212102
2102121020
1021210203
0212102032
2121020323
1210203231
2102032311
1020323113
0203231132
2032311321
0323113213
3231132132
2311321321
3113213210
1132132101
1321321013
3213210133
2132101333
1321013332
3210133321
2101333212
1013332120
0133321201
1333212010
3332120102
3321201020
3212010202
2120102020
1201020202
2010202021
0102020210
1020202101
0202021012
2020210121
0202101211
2021012110
0210121101
2101211010
1012110101
0121101012
1211010122
2110101221
1101012213
1010122133
0101221331
1012213313
0122133131
1221331311
2213313110
2133131102
1331311020
3313110202
3131102021
1311020213
3110202133
1102021331
1020213311
0202133110
2021331102
0213311023
2133110231
1331102313
3311023132
3110231320
1102313202
1023132021
0231320212
2313202121
3132021212
1320212121
3202121213
2021212131
0212121310
2121213102
1212131023
2121310231
1213102313
2131023132
1310231322
3102313220
1023132201
0231322012
2313220120
3132201200
1322012001
3220120011
2201200112
2012001123
0120011230
1200112301
2001123010
0011230103
0112301033
1123010332
1230103321
2301033210
3010332102
0103321021
1033210213
0332102132
3321021320
3210213202
2102132020
1021320203
0213202032
2132020320
1320203200
3202032002
2020320020
0203200200
2032002002
0320020020
3200200200
2002002002
0020020020
0200200200
2002002000
0020020002
0200200020
2002000202
0020002022
0200020220
2000202202
0002022022
0020220220
0202202203
2022022032
0220220322
2202203220
2022032202
0220322022
2203220223
2032202230
0322022300
3220223001
2202230012
2022300120
0223001200
2230012002
2300120020
3001200200
0012002000
0120020002
1200200023
2002000232
0020002322
0200023222
2000232221
0002322210
0023222102
0232221022
2322210220
3222102202
2221022022
2210220221
2102202212
1022022121
0220221211
2202212110
2022121100
0221211000
2212110000
2121100001
1211000011
2110000110
1100001100
1000011003
0000110031
0001100311
0011003113
0110031131
1100311312
1003113120
0031131203
0311312032
3113120320
1131203200
1312032003
3120320031
1203200312
2032003122
0320031220
3200312203
2003122032
0031220320
0312203201
3122032012
1220320120
2203201201
2032012012
0320120120
3201201203
2012012032
0120120320
1201203201
2012032010
0120320103
1203201031
2032010312
0320103120
3201031202
2010312020
0103120203
1031202031
0312020313
3120203133
1202031332
2020313322
0203133220
2031332202
0313322022
3133220221
1332202211
3322022113
3220221132
2202211321
2022113210
0221132103
2211321031
2113210310
1132103100
1321031001
3210310010
2103100103
1031001032
0310010322
3100103221
1001032211
0010322110
0103221103
1032211032
0322110321
3221103211
2211032111
2110321110
1103211100
1032111002
0321110023
3211100231
2111002310
1110023103
1100231031
1002310310
0023103101
0231031012
2310310122
3103101220
1031012200
0310122000
3101220001
1012200011
0122000110
1220001100
2200011000
2000110002
0001100020
0011000200
0110002000
1100020001
1000200011
0002000110
0020001101
0200011010
2000110100
0001101001
0011010010
0110100100
1101001002
1010010021
0100100210
1001002102
0010021021
0100210210
1002102101
0021021011
0210210110
2102101101
1021011012
0210110122
2101101220
1011012200
0110122000
1101220001
1012200011
0122000111
1220001110
2200011102
2000111021
0001110211
0011102110
0111021102
1110211021
1102110213
1021102133
0211021331
2110213311
1102133113
1021331132
0213311323
2133113233
1331132333
3311323330
3113233301
1132333010
1323330100
3233301002
2333010021
3330100213
3301002131
3010021311
0100213113
1002131131
0021311311
0213113111
2131131110
1311311101
3113111011
1131110113
1311101131
3111011310
1110113100
1101131000
1011310002
0113100021
1131000211
1310002112
3100021121
1000211210
0002112101
0021121011
0211210111
2112101110
1121011102
1210111022
2101110221
1011102210
0111022101
1110221010
1102210102
1022101021
0221010211
2210102110
2101021100
1010211002
0102110022
1021100220
0211002200
2110022002
1100220022
1002200220
0022002203
0220022032
2200220323
2002203231
0022032311
0220323111
2203231112
2032311121
0323111211
3231112112
2311121121
3111211211
1112112110
1121121102
1211211020
2112110200
1121102002
1211020020
2110200202
1102002022
1020020223
0200202232
2002022321
0020223211
0202232111
2022321110
0223211102
2232111020
2321110202
3211102023
2111020233
1110202333
1102023330
1020233301
0202333013
2023330132
0233301323
2333013232
3330132323
3301323232
3013232322
0132323220
1323232202
3232322022
2323220222
3232202220
2322022200
3220222001
2202220010
2022200101
0222001011
2220010112
2200101121
2001011213
0010112131
0101121310
1011213100
0112131001
1121310013
1213100133
2131001331
1310013313
3100133131
1001331313
0013313130
0133131301
1331313013
3313130132
3131301321
1313013211
3130132110
1301321101
3013211013
0132110133
1321101331
3211013310
2110133101
1101331013
1013310131
0133101310
1331013102
3310131023
3101310232
1013102320
0131023203
1310232031
3102320313
1023203131
0232031310
2320313101
3203131011
2031310110
0313101103
3131011031
1310110312
3101103120
1011031201
0110312013
1103120131
1031201311
0312013111
3120131111
1201311110
2013111101
0131111011
1311110111
3111101110
1111011100
1110111003
1101110032
1011100320
0111003202
1110032022
1100320220
1003202202
0032022022
0320220221
3202202212
2022022122
0220221221
2202212210
2022122102
0221221021
2212210210
2122102102
1221021023
2210210233
2102102332
1021023323
0210233233
2102332330
1023323303
0233233030
2332330303
3323303031
3233030313
2330303132
3303031323
3030313230
0303132302
3031323022
0313230221
3132302211
1323022111
3230221113
2302211131
3022111311
0221113113
2211131130
2111311301
1113113011
1131130113
1311301131
3113011311
1130113110
1301131101
3011311013
0113110131
1131101310
1311013102
3110131022
1101310222
1013102222
0131022220
1310222202
3102222022
1022220221
0222202212
2222022122
2220221222
2202212221
2022122213
0221222132
2212221322
2122213220
1222132201
2221322013
2213220133
2132201331
1322013311
3220133113
2201331132
2013311320
0133113202
1331132022
3311320222
3113202221
1132022212
1320222120
3202221200
2022212000
0222120000
2221200001
2212000012
2120000122
1200001221
2000012212
0000122120
0001221203
0012212032
0122120320
1221203203
2212032030
2120320303
1203203031
2032030311
0320303113
3203031133
2030311332
0303113321
3031133210
0311332102
3113321020
1133210202
1332102023
3321020232
3210202323
2102023230
1020232303
0202323031
2023230310
0232303102
2323031021
3230310212
2303102121
3031021213
0310212132
3102121321
1021213213
0212132130
2121321303
1213213032
2132130321
1321303211
3213032111
2130321110
1303211100
3032111000
0321110002
3211100021
2111000211
1110002110
1100021100
1000211000
0002110001
0021100011
0211000112
2110001120
1100011202
1000112020
0001120200
0011202000
0112020000
1120200001
1202000011
2020000110
0200001100
2000011003
0000110031
0001100310
0011003102
0110031020
1100310202
1003102021
0031020210
0310202102
3102021021
1020210210
0202102100
2021021001
0210210010
2102100100
1021001000
0210010001
2100100010
1001000102
0010001021
0100010212
1000102120
0001021202
0010212021
0102120210
1021202101
0212021011
2120210110
1202101101
2021011011
0210110110
2101101100
1011011002
0110110021
1101100213
1011002131
0110021311
1100213110
1002131101
0021311011
0213110113
2131101131
1311011313
3110113133
1101131331
1011313311
0113133111
1131331111
1313311111
3133111110
1331111101
3311111011
3111110113
1111101131
1111011313
1110113133
1101131331
1011313311
0113133113
1131331131
1313311311
3133113111
1331131111
3311311111
3113111113
1131111132
1311111321
3111113211
1111132111
1111321111
1113211110
1132111101
1321111011
3211110113
2111101133
1111011331
1110113313
1101133131
1011331313
0113313131
1133131312
1331313123
3313131231
3131312311
1313123111
3131231112
1312311121
3123111210
1231112102
2311121021
3111210210
1112102102
1121021021
1210210210
2102102102
1021021020
0210210200
2102102002
1021020020
0210200200
2102002002
1020020020
0200200200
2002002002
0020020021
0200200211
2002002112
0020021120
0200211201
2002112010
0021120103
0211201031
2112010313
1120103131
1201031311
2010313113
0103131132
1031311323
0313113230
3131132300
1311323000
3113230002
1132300021
1323000211
3230002112
2300021120
3000211203
0002112032
0021120321
0211203211
2112032111
1120321111
1203211110
2032111102
0321111021
3211110212
2111102122
1111021220
1110212201
1102122010
1021220103
0212201031
2122010310
1220103103
2201031030
2010310303
0103103030
1031030302
0310303023
3103030230
1030302303
0303023031
3030230310
0302303101
3023031011
0230310110
2303101101
3031011012
0310110122
3101101221
1011012210
0110122100
1101221001
1012210010
0122100102
1221001021
2210010210
2100102102
1001021021
0010210211
0102102110
1021021100
0210211000
2102110002
1021100021
0211000210
2110002100
1100021000
1000210000
0002100001
0021000011
0210000110
2100001102
1000011022
0000110222
0001102223
0011022233
0110222333
1102223332
1022233321
0222333213
2223332133
2233321333
2333213333
3332133332
3321333320
3213333203
2133332033
1333320331
3333203312
3332033121
3320331211
3203312112
2033121121
0331211212
3312112123
3121121231
1211212310
2112123101
1121231013
1212310130
2123101301
1231013010
2310130101
3101301013
1013010131
0130101311
1301013110
3010131100
0101311003
1013110030
0131100302
1311003020
3110030200
1100302002
1003020022
0030200221
0302002210
3020022101
0200221010
2002210101
0022101011
0221010112
2210101123
2101011232
1010112321
0101123213
1011232132
0112321321
1123213213
1232132133
2321321331
3213213313
2132133131
1321331310
3213313101
2133131012
1331310121
3313101210
3131012100
1310121001
3101210012
1012100120
0121001201
1210012013
2100120131
1001201312
0012013121
0120131213
1201312132
2013121320
0131213202
1312132021
3121320213
1213202131
2132021310
1320213101
3202131013
2021310131
0213101312
2131013120
1310131201
3101312013
1013120133
0131201331
1312013312
3120133120
1201331203
2013312032
0133120320
1331203200
3312032002
3120320020
1203200201
2032002012
0320020120
3200201203
2002012032
0020120322
0201203223
2012032232
0120322322
1203223220
2032232202
0322322020
3223220202
2232202020
2322020200
3220202002
2202020022
2020200220
0202002203
2020022032
0200220320
2002203200
0022032002
0220320020
2203200202
2032002022
0320020220
3200202202
2002022020
0020220200
0202202002
2022020020
0220200200
2202002000
2020020000
0200200001
2002000010
0020000100
0200001000
2000010000
0000100002
0001000020
0010000200
0100002002
1000020020
0000200200
0002002002
0020020020
0200200200
2002002002
0020020022
0200200220
2002002200
0020022002
0200220022
2002200220
0022002200
0220022002
2200220020
2002200202
0022002022
0220020220
2200202200
2002022002
0020220021
0202200210
2022002102
0220021021
2200210210
2002102102
0021021020
0210210201
2102102010
1021020102
0210201021
2102010212
1020102122
0201021221
2010212213
0102122132
1021221323
0212213233
2122132333
1221323333
2213233331
2132333311
1323333111
3233331113
2333311131
3333111312
3331113120
3311131200
3111312001
1113120013
1131200130
1312001300
3120013000
1200130001
2001300011
0013000113
0130001132
1300011321
3000113211
0001132110
0011321101
0113211011
1132110110
1321101100
3211011001
2110110011
1101100111
1011001113
0110011130
1100111301
1001113010
0011130102
0111301021
1113010212
1130102120
1301021201
3010212012
0102120122
1021201220
0212012203
2120122032
1201220320
2012203202
0122032020
1220320200
2203202002
2032020021
0320200210
3202002102
2020021020
0200210200
2002102002
0021020023
0210200233
2102002333
1020023332
0200233321
2002333211
0023332110
0233321103
2333211031
3332110312
3321103120
3211031202
2110312022
1103120220
1031202201
0312022010
3120220101
1202201012
2022010121
0220101211
2201012111
2010121112
0101211123
1012111231
0121112313
1211123132
2111231321
1112313213
1123132133
1231321333
2313213333
3132133331
1321333311
3213333110
2133331102
1333311020
3333110200
3331102000
3311020001
3110200013
1102000131
1020001311
0200013113
2000131131
0001311313
0013113131
0131131313
1311313131
3113131310
1131313102
1313131021
3131310213
1313102131
3131021312
1310213121
3102131213
1021312132
0213121320
2131213202
1312132023
3121320232
1213202320
2132023201
1320232010
3202320103
2023201033
0232010332
2320103320
3201033201
2010332011
0103320110
1033201102
0332011022
3320110220
3201102202
2011022020
0110220200
1102202001
1022020010
0220200100
2202001001
2020010010
0200100100
2001001001
0010010010
0100100100
1001001002
0010010022
0100100220
1001002202
0010022023
0100220233
1002202333
0022023332
0220233321
2202333213
2023332131
0233321311
2333213110
3332131101
3321311011
3213110110
2131101101
1311011011
3110110110
1101101101
1011011011
0110110110
1101101102
1011011021
0110110213
1101102132
1011021320
0110213202
1102132021
1021320210
0213202102
2132021021
1320210210
3202102100
2021021002
0210210020
2102100203
1021002032
0210020322
2100203220
1002032202
0020322022
0203220220
2032202200
0322022000
3220220000
2202200002
2022000023
0220000232
2200002320
2000023202
0000232022
0002320220
0023202200
0232022002
2320220020
3202200200
2022002002
0220020023
2200200231
2002002313
0020023131
0200231311
2002313113
0023131131
0231311311
2313113113
3131131131
1311311311
3113113113
1131131131
1311311310
3113113102
1131131022
1311310221
3113102210
1131022102
1310221020
3102210202
1022102023
0221020231
2210202310
2102023100
1020231000
0202310002
2023100021
0231000211
2310002111
3100021111
1000211112
0002111121
0021111211
0211112111
2111121111
1111211111
1112111111
1121111110
1211111102
2111111021
1111110210
1111102102
1111021021
1110210211
1102102110
1021021102
0210211023
2102110232
1021102322
0211023221
2110232213
1102322130
1023221301
0232213012
2322130121
3221301211
2213012111
2130121111
1301211110
3012111100
0121111000
1211110000
2111100002
1111000021
1110000212
1100002123
1000021233
0000212331
0002123311
0021233110
0212331103
2123311032
1233110323
2331103232
3311032322
3110323220
1103232202
1032322022
0323220220
3232202201
2322022010
3220220101
2202201010
2022010101
0220101011
2201010113
2010101132
0101011323
1010113231
0101132313
1011323132
0113231321
1132313213
1323132133
3231321331
2313213313
3132133131
1321331311
3213313110
2133131102
1331311022
3313110220
3131102200
1311022001
3110220013
1102200131
1022001312
0220013123
2200131231
2001312310
0013123101
0131231013
1312310131
3123101310
1231013102
2310131021
3101310213
1013102131
0131021310
1310213101
3102131013
1021310132
0213101320
2131013202
1310132023
3101320230
1013202303
0132023031
1320230312
3202303120
2023031201
0230312013
2303120131
3031201310
0312013102
3120131020
1201310202
2013102022
0131020220
1310202203
3102022032
1020220320
0202203201
2022032011
0220320113
2203201132
2032011321
0320113213
3201132132
2011321321
0113213210
1132132102
1321321022
3213210220
2132102202
1321022023
3210220232
2102202321
1022023210
0220232103
2202321031
2023210310
0232103102
2321031021
3210310213
2103102131
1031021311
0310213112
3102131121
1021311211
0213112110
2131121103
1311211032
3112110321
1121103211
1211032113
2110321130
1103211300
1032113002
0321130020
3211300200
2113002000
1130020000
1300200000
3002000002
0020000020
0200000200
2000002002
0000020020
0000200200
0002002000
0020020002
0200200021
2002000210
0020002102
0200021021
2000210211
0002102110
0021021100
0210211001
2102110010
1021100101
0211001011
2110010112
1100101123
1001011231
0010112311
0101123111
1011231113
0112311132
1123111321
1231113211
2311132112
3111321121
1113211213
1132112132
1321121323
3211213233
2112132332
1121323321
1213233211
2132332110
1323321102
3233211023
2332110232
3321102321
3211023210
2110232101
1102321013
1023210133
0232101331
2321013311
3210133113
2101331130
1013311303
0133113033
1331130333
3311303331
3113033311
1130333110
1303331100
3033311000
0333110000
3331100001
3311000013
3110000132
1100001320
1000013203
0000132032
0001320320
0013203201
0132032012
1320320122
3203201221
2032012210
0320122103
3201221030
2012210301
0122103013
1221030132
2210301322
2103013221
1030132213
0301322132
3013221320
0132213202
1322132022
3221320220
2213202200
2132022002
1320220020
3202200202
2022002021
0220020211
2200202113
2002021133
0020211331
0202113310
2021133102
0211331020
2113310202
1133102022
1331020221
3310202210
3102022101
1020221011
0202210110
2022101100
0221011002
2210110020
2101100200
1011002002
0110020021
1100200211
1002002111
0020021113
0200211132
2002111321
0021113211
0211132113
2111321131
1113211311
1132113111
1321131111
3211311113
2113111132
1131111320
1311113201
3111132013
1111320131
1113201313
1132013132
1320131320
3201313202
2013132023
0131320231
1313202312
3132023123
1320231233
3202312333
2023123332
0231233320
2312333203
3123332033
1233320332
2333203322
3332033220
3320332200
3203322000
2033220002
0332200021
3322000213
3220002130
2200021303
2000213031
0002130311
0021303110
0213031100
2130311002
1303110020
3031100200
0311002002
3110020022
1100200223
1002002232
0020022321
0200223213
2002232130
0022321300
0223213001
2232130013
2321300131
3213001310
2130013100
1300131003
3001310033
0013100332
0131003323
1310033231
3100332310
1003323102
0033231021
0332310210
3323102102
3231021021
2310210211
3102102113
1021021132
0210211320
2102113200
1021132003
0211320032
2113200321
1132003213
1320032132
3200321321
2003213211
0032132112
0321321121
3213211211
2132112112
1321121121
3211211213
2112112132
1121121321
1211213213
2112132132
1121321321
1213213211
2132132110
1321321101
3213211010
2132110103
1321101031
3211010310
2110103101
1101031013
1010310130
0103101303
1031013031
0310130311
3101303111
1013031112
0130311121
1303111211
3031112110
0311121100
3111211001
1112110011
1121100110
1211001103
2110011031
1100110310
1001103103
0011031031
0110310313
1103103132
1031031320
0310313201
3103132013
1031320131
0313201310
3132013102
1320131020
3201310201
2013102013
0131020131
1310201310
3102013102
1020131023
0201310231
2013102311
0131023113
1310231132
3102311323
1023113231
0231132311
2311323111
3113231113
1132311130
1323111300
3231113000
2311130002
3111300023
1113000231
1130002313
1300023132
3000231323
0002313232
0023132322
0231323222
2313232221
3132322213
1323222131
3232221310
2322213101
3222131011
2221310110
2213101103
2131011033
1310110331
3101103311
1011033112
0110331123
1103311233
1033112333
0331123330
3311233301
3112333011
1123330110
1233301102
2333011021
3330110210
3301102102
3011021021
0110210211
1102102110
1021021100
0210211003
2102110030
1021100302
0211003021
2110030210
1100302100
1003021003
0030210032
0302100321
3021003210
0210032102
2100321020
1003210202
0032102022
0321020222
3210202220
2102022202
1020222020
0202220200
2022202002
0222020020
2220200200
2202002002
2020020023
0200200232
2002002322
0020023220
0200232203
2002322032
0023220322
0232203220
2322032200
3220322000
2203220002
2032200022
0322000220
3220002202
2200022023
2000220233
0002202332
0022023320
0220233200
2202332000
2023320001
0233200012
2332000122
3320001222
3200012222
2000122222
0001222222
0012222221
0122222212
1222222120
2222221202
2222212022
2222120220
2221202203
2212022031
2120220313
1202203133
2022031332
0220313320
2203133200
2031332002
0313320022
3133200222
1332002222
3320022222
3200222222
2002222220
0022222202
0222222020
2222220200
2222202001
2222020010
2220200101
2202001010
2020010101
0200101011
2001010110
0010101101
0101011012
1010110121
0101101213
1011012132
0110121322
1101213220
1012132202
0121322022
1213220221
2132202211
1322022110
3220221100
2202211002
2022110020
0221100200
2211002002
2110020020
1100200200
1002002002
0020020020
0200200200
2002002002
0020020022
0200200220
2002002202
0020022022
0200220220
2002202202
0022022022
0220220220
2202202200
2022022002
0220220020
2202200203
2022002032
0220020320
2200203203
2002032032
0020320320
0203203202
2032032022
0320320220
3203202202
2032022022
0320220221
3202202210
2022022100
0220221000
2202210002
2022100022
0221000221
2210002212
2100022122
1000221223
0002212232
0022122320
0221223202
2212232020
2122320202
1223202022
2232020221
2320202212
3202022122
2020221222
0202212220
2022122200
0221222002
2212220020
2122200200
1222002000
2220020002
2200200023
2002000232
0020002323
0200023230
2000232303
0002323030
0023230302
0232303022
2323030220
3230302202
2303022023
3030220233
0302202333
3022023332
0220233320
2202333203
2023332031
0233320310
2333203101
3332031010
3320310102
3203101022
2031010221
0310102210
3101022100
1010221002
0102210021
1022100211
0221002112
2210021120
2100211202
1002112022
0021120222
0211202221
2112022212
1120222122
1202221220
2022212202
0222122021
2221220211
2212202110
2122021102
1220211021
2202110210
2021102102
0211021021
2110210211
1102102110
1021021102
0210211022
2102110222
1021102222
0211022222
2110222221
1102222212
1022222122
0222221220
2222212202
2222122021
2221220210
2212202100
2122021000
1220210001
2202100011
2021000111
0210001111
2100011112
1000111120
0001111202
0011112021
0111120210
1111202102
1112021021
1120210210
1202102102
2021021021
0210210213
2102102132
1021021323
0210213232
2102132322
1021323221
0213232211
2132322110
1323221100
3232211000
2322110002
3221100021
2211000213
2110002131
1100021311
1000213110
0002131102
0021311022
0213110220
2131102200
1311022002
3110220021
1102200210
1022002102
0220021021
2200210212
2002102120
0021021203
0210212032
2102120322
1021203221
0212032211
2120322111
1203221113
2032211132
0322111320
3221113201
2211132010
2111320102
1113201020
1132010202
1320102022
3201020220
2010202202
0102022022
1020220221
0202202212
2022022122
0220221222
2202212223
2022122231
0221222313
2212223133
2122231331
1222313313
2223133131
2231331312
2313313122
3133131222
1331312220
3313122203
3131222033
1312220331
3122203311
1222033110
2220331101
2203311012
2033110121
0331101211
3311012112
3110121123
1101211231
1012112311
0121123111
1211231112
2112311121
1123111210
1231112101
2311121013
3111210133
1112101331
1121013311
1210133110
2101331101
1013311011
0133110110
1331101101
3311011010
3110110102
1101101021
1011010211
0110102110
1101021102
1010211023
0102110231
1021102310
0211023102
2110231020
1102310200
1023102000
0231020002
2310200022
3102000220
1020002202
0200022022
2000220220
0002202200
0022022000
0220220002
2202200021
2022000213
0220002132
2200021323
2000213231
0002132310
0021323101
0213231010
2132310102
1323101021
3231010213
2310102132
3101021321
1010213211
0102132110
1021321101
0213211012
2132110121
1321101210
3211012101
2110121010
1101210102
1012101021
0121010211
1210102113
2101021131
1010211313
0102113131
1021131311
0211313110
2113131102
1131311022
1313110220
3131102200
1311022002
3110220023
1102200232
1022002321
0220023210
2200232103
2002321031
0023210310
0232103103
2321031031
3210310310
2103103103
1031031031
0310310310
3103103103
1031031031
0310310313
3103103133
1031031331
0310313310
3103133103
1031331031
0313310312
3133103122
1331031221
3310312211
3103122113
1031221131
0312211311
3122113110
1221131102
2211311020
2113110201
1131102010
1311020102
3110201022
1102010221
1020102213
0201022130
2010221300
0102213000
1022130001
0221300010
2213000102
2130001020
1300010202
3000102023
0001020232
0010202321
0102023212
1020232122
0202321223
2023212232
0232122323
2321223231
3212232310
2122323100
1223231002
2232310022
2323100220
3231002202
2310022023
3100220232
1002202322
0022023223
0220232232
2202322322
2023223221
0232232212
2322322122
3223221221
2232212210
2322122103
3221221033
2212210331
2122103311
1221033110
2210331100
2103311002
1033110022
0331100220
3311002202
3110022021
1100220212
1002202120
0022021202
0220212023
2202120231
2021202312
0212023122
2120231221
1202312210
2023122103
0231221031
2312210312
3122103120
1221031202
2210312022
2103120222
1031202223
0312022231
3120222310
1202223102
2022231021
0222310212
2223102122
2231021221
2310212210
3102122102
1021221023
0212210230
2122102301
1221023012
2210230122
2102301221
1023012213
0230122132
2301221321
3012213211
0122132110
1221321100
2213211002
2132110020
1321100200
3211002002
2110020021
1100200210
1002002102
0020021020
0200210200
2002102002
0021020022
0210200221
2102002210
1020022102
0200221020
2002210202
0022102021
0221020211
2210202112
2102021122
1020211220
0202112202
2021122020
0211220200
2112202002
1122020021
1220200211
2202002112
2020021122
0200211221
2002112212
0021122121
0211221213
2112212131
1122121312
1221213123
2212131231
2121312311
1213123112
2131231123
1312311231
3123112310
1231123102
2311231023
3112310231
1123102312
1231023120
2310231201
3102312011
1023120113
0231201133
2312011331
3120113310
1201133103
2011331031
0113310310
1133103100
1331031000
3310310002
3103100020
1031000200
0310002002
3100020021
1000200213
0002002131
0020021311
0200213112
2002131120
0021311202
0213112021
2131120211
1311202111
3112021110
1120211100
1202111001
2021110010
0211100101
2111001013
1110010132
1100101320
1001013200
0010132002
0101320020
1013200202
0132002022
1320020220
3200202200
2002022002
0020220021
0202200213
2022002132
0220021322
2200213220
2002132202
0021322022
0213220220
2132202202
1322022023
3220220231
2202202313
2022023132
0220231321
2202313210
2023132102
0231321021
2313210211
3132102110
1321021101
3210211011
2102110112
1021101123
0211011232
2110112322
1101123221
1011232210
0112322103
1123221033
1232210330
2322103302
3221033020
2210330203
2103302033
1033020331
0330203310
3302033101
3020331011
0203310113
2033101130
0331011301
3310113011
3101130110
1011301102
0113011021
1130110211
1301102111
3011021113
0110211132
1102111320
1021113201
0211132010
2111320101
1113201010
1132010101
1320101011
3201010112
2010101121
0101011213
1010112131
0101121311
1011213111
0112131110
1121311103
1213111031
2131110310
1311103102
3111031021
1110310210
1103102100
1031021001
0310210011
3102100110
1021001102
0210011020
2100110200
1001102002
0011020020
0110200201
1102002010
1020020101
0200201012
2002010120
0020101201
0201012012
2010120123
0101201231
1012012310
0120123100
1201231001
2012310011
0123100112
1231001121
2310011213
3100112131
1001121311
0011213111
0112131110
1121311100
1213111003
2131110031
1311100313
3111003132
1110031320
1100313202
1003132020
0031320202
0313202021
3132020211
1320202111
3202021112
2020211123
0202111231
2021112310
0211123101
2111231012
1112310122
1123101221
1231012211
2310122110
3101221101
1012211010
0122110102
1221101022
2211010220
2110102200
1101022002
1010220023
0102200232
1022002320
0220023201
2200232010
2002320103
0023201031
0232010310
2320103103
3201031031
2010310313
0103103131
1031031312
0310313121
3103131213
1031312133
0313121331
3131213310
1312133102
3121331023
1213310231
2133102312
1331023121
3310231210
3102312101
1023121011
0231210112
2312101122
3121011221
1210112210
2101122101
1011221011
0112210113
1122101132
1221011322
2210113220
2101132200
1011322002
0113220021
1132200212
1322002122
3220021222
2200212220
2002122200
0021222000
0212220000
2122200003
1222000032
2220000322
2200003221
2000032210
0000322102
0003221023
0032210232
0322102322
3221023220
2210232202
2102322022
1023220222
0232202222
2322022222
3220222222
2202222222
2022222222
0222222222
2222222222
2222222222
2222222220
2222222202
2222222022
2222220223
2222202232
2222022322
2220223220
2202232202
2022322022
0223220222
2232202220
2322022202
3220222023
2202220232
2022202322
0222023221
2220232210
2202322100
2023221003
0232210030
2322100300
3221003000
2210030001
2100300010
1003000103
0030001033
0300010331
3000103312
0001033120
0010331201
0103312010
1033120103
0331201031
3312010310
3120103103
1201031033
2010310330
0103103301
1031033011
0310330110
3103301101
1033011012
0330110123
3301101232
3011012323
0110123232
1101232322
1012323222
0123232222
1232322220
2323222201
3232222012
2322220123
3222201232
2222012322
2220123220
2201232200
2012322002
0123220020
1232200202
2322002022
3220020220
2200202201
2002022010
0020220102
0202201022
2022010220
0220102200
2201022002
2010220021
0102200213
1022002131
0220021311
2200213113
2002131131
0021311310
0213113103
2131131031
1311310313
3113103132
1131031323
1310313232
3103132323
1031323233
0313232332
3132323323
1323233231
3232332311
2323323112
3233231121
2332311212
3323112123
3231121231
2311212310
3112123103
1121231031
1212310310
2123103102
1231031020
2310310202
3103102023
1031020231
0310202311
3102023110
1020231102
0202311021
2023110212
0231102120
2311021203
3110212030
1102120300
1021203002
0212030022
2120300222
1203002222
2030022221
0300222212
3002222122
0022221220
0222212202
2222122023
2221220232
2212202320
2122023202
1220232022
2202320220
2023202202
0232022022
2320220220
3202202202
2022022020
0220220201
2202202011
2022020110
0220201101
2202011011
2020110110
0201101103
2011011032
0110110320
1101103202
1011032022
0110320223
1103202231
1032022312
0320223120
3202231200
2022312002
0223120022
2231200222
2312002220
3120022200
1200222001
2002220010
0022200103
0222001032
2220010322
2200103220
2001032202
0010322022
0103220220
1032202200
0322022002
3220220022
2202200221
2022002212
0220022120
2200221200
2002212002
0022120020
0221200202
2212002021
2120020212
1200202122
2002021221
0020212210
0202122102
2021221021
0212210212
2122102122
1221021221
2210212212
2102122120
1021221203
0212212033
2122120331
1221203310
2212033103
2120331031
1203310310
2033103100
0331031001
3310310010
3103100102
1031001022
0310010222
3100102221
1001022212
0010222122
0102221220
1022212202
0222122021
2221220213
2212202133
2122021332
1220213320
2202133201
2021332011
0213320110
2133201100
1332011001
3320110010
3201100100
2011001000
0110010003
1100100031
1001000310
0010003102
0100031020
1000310200
0003102002
0031020020
0310200203
3102002032
1020020323
0200203232
2002032323
0020323232
0203232322
2032323222
0323232223
3232322233
2323222331
3232223312
2322233121
3222331211
2223312113
2233121132
2331211322
3312113220
3121132202
1211322022
2113220220
1132202201
1322022013
3220220132
2202201323
2022013231
0220132311
2201323111
2013231112
0132311123
1323111231
3231112310
2311123100
3111231001
1112310010
1123100100
1231001001
2310010011
3100100111
1001001112
0010011121
0100111212
1001112121
0011121213
0111212131
1112121312
1121213123
1212131231
2121312311
1213123113
2131231131
1312311313
3123113133
1231131331
2311313311
3113133113
1131331132
1313311323
3133113233
1331132331
3311323310
3113233102
1132331021
1323310211
3233102111
2331021112
3310211121
3102111213
1021112131
0211121313
2111213131
1112131311
1121313111
1213131110
2131311101
1313111011
3131110112
1311101121
3111011213
1110112132
1101121321
1011213211
0112132110
1121321100
1213211003
2132110032
1321100321
3211003211
2110032111
1100321111
1003211110
0032111101
0321111011
3211110113
2111101132
1111011323
1110113231
1101132310
1011323103
0113231031
1132310312
1323103120
3231031201
2310312010
3103120102
1031201021
0312010211
3120102111
1201021113
2010211132
0102111321
1021113211
0211132111
2111321111
1113211113
1132111133
1321111331
3211113310
2111133100
1111331000
1113310002
1133100020
1331000203
3310002031
3100020311
1000203111
0002031111
0020311113
0203111131
2031111311
0311113113
3111131131
1111311311
1113113113
1131131131
1311311311
3113113113
1131131131
1311311313
3113113133
1131131331
1311313311
3113133113
1131331131
1313311311
3133113113
1331131131
3311311311
3113113113
1131131131
1311311311
3113113110
1131131100
1311311001
3113110011
1131100113
1311001131
3110011310
1100113100
1001131001
0011310011
0113100113
1131001132
1310011321
3100113212
1001132121
0011321210
0113212102
1132121022
1321210220
3212102202
2121022021
1210220213
2102202132
1022021321
0220213212
2202132120
2021321202
0213212020
2132120202
1321202021
3212020211
2120202113
1202021132
2020211322
0202113220
2021132203
0211322032
2113220320
1132203201
1322032010
3220320100
2203201002
2032010021
0320100213
3201002132
2010021321
0100213211
1002132110
0021321101
0213211011
2132110110
1321101101
3211011011
2110110111
1101101112
1011011120
0110111200
1101112001
1011120012
0111200122
1112001221
1120012210
1200122100
2001221000
0012210000
0122100000
1221000001
2210000010
2100000100
1000001003
0000010031
0000100310
0001003101
0010031010
0100310100
1003101001
0031010010
0310100100
3101001001
1010010010
0100100100
1001001001
0010010010
0100100102
1001001021
0010010210
0100102102
1001021021
0010210212
0102102121
1021021210
0210212102
2102121023
1021210231
0212102310
2121023102
1210231021
2102310210
1023102102
0231021021
2310210212
3102102121
1021021210
0210212102
2102121023
1021210232
0212102322
2121023223
1210232232
2102322321
1023223213
0232232132
2322321323
3223213230
2232132302
2321323021
3213230212
2132302122
1323021221
3230212213
2302122131
3021221312
0212213120
2122131202
1221312023
2213120231
2131202310
1312023102
3120231021
1202310211
2023102111
0231021111
2310211113
3102111133
1021111331
0211113310
2111133100
1111331001
1113310013
1133100130
1331001301
3310013010
3100130101
1001301011
0013010111
0130101111
1301011110
3010111100
0101111002
1011110021
0111100211
1111002111
1110021110
1100211100
1002111002
0021110020
0211100200
2111002000
1110020002
1100200020
1002000202
0020002021
0200020210
2000202100
0002021003
0020210032
0202100321
2021003213
0210032132
2100321320
1003213203
0032132032
0321320323
3213203231
2132032310
1320323101
3203231011
2032310110
0323101101
3231011011
2310110110
3101101101
1011011011
0110110112
1101101121
1011011211
0110112110
1101121101
1011211011
0112110111
1121101111
1211011110
2110111100
1101111001
1011110011
0111100110
1111001101
1110011011
1100110110
1001101101
0011011012
0110110120
1101101201
1011012010
0110120103
1101201031
1012010313
0120103133
1201031331
2010313310
0103133103
1031331031
0313310310
3133103100
1331031001
3310310012
3103100120
1031001201
0310012011
3100120111
1001201111
0012011111
0120111110
1201111101
2011111010
0111110101
1111101012
1111010122
1110101221
1101012211
1010122113
0101221133
1012211331
0122113310
1221133101
2211331013
2113310131
1133101310
1331013103
3310131030
3101310301
1013103011
0131030111
1310301110
3103011101
1030111013
0301110131
3011101311
0111013113
1110131132
1101311323
1013113231
0131132310
1311323101
3113231011
1132310110
1323101100
3231011000
2310110000
3101100000
1011000000
0110000001
1100000012
1000000120
0000001202
0000012020
0000120202
0001202021
0012020211
0120202112
1202021120
2020211200
0202112002
2021120022
0211200222
2112002223
1120022232
1200222322
2002223220
0022232202
0222322020
2223220202
2232202022
2322020222
3220202223
2202022232
2020222322
0202223223
2022232232
0222322322
2223223221
2232232212
2322322122
3223221221
2232212210
2322122102
3221221021
2212210212
2122102122
1221021223
2210212232
2102122322
1021223221
0212232210
2122322102
1223221023
2232210232
2322102322
3221023221
2210232210
2102322102
1023221023
0232210230
2322102302
3221023021
2210230210
2102302100
1023021003
0230210030
2302100302
3021003021
0210030212
2100302122
1003021223
0030212232
0302122320
3021223202
0212232021
2122320212
1223202123
2232021232
2320212322
3202123221
2021232213
0212322131
2123221312
1232213123
2322131230
3221312301
2213123010
2131230103
1312301031
3123010312
1230103123
2301031232
3010312320
0103123201
1031232012
0312320123
3123201231
1232012310
2320123102
3201231023
2012310232
0123102323
1231023232
2310232320
3102323202
1023232020
0232320201
2323202012
3232020122
2320201222
3202012220
2020122200
0201222000
2012220001
0122200012
1222000122
2220001222
2200012220
2000122200
0001222002
0012220020
0122200200
1222002002
2220020020
2200200200
2002002003
0020020033
0200200333
2002003332
0020033322
0200333220
2003332200
0033322000
0333220001
3332200010
3322000102
3220001023
2200010233
2000102332
0001023322
0010233220
0102332201
1023322010
0233220101
2332201010
3322010100
3220101000
2201010000
2010100003
0101000032
1010000322
0100003221
1000032213
0000322132
0003221321
0032213211
0322132111
3221321111
2213211110
2132111102
1321111023
3211110233
2111102332
1111023322
1110233222
1102332220
1023322201
0233222010
2332220102
3322201023
3222010233
2220102332
2201023320
2010233203
0102332030
1023320300
0233203000
2332030000
3320300003
3203000032
2030000322
0300003220
3000032202
0000322022
0003220220
0032202200
0322022002
3220220023
2202200232
2022002323
0220023230
2200232300
2002323000
0023230003
0232300030
2323000303
3230003032
2300030323
3000303232
0003032323
0030323233
0303232333
3032323332
0323233323
3232333232
2323332323
3233323232
2333232323
3332323233
3323232330
3232323300
2323233001
3232330012
2323300120
3233001203
2330012031
3300120313
3001203132
0012031323
0120313230
1203132301
2031323010
0313230102
3132301022
1323010220
3230102200
2301022002
3010220023
0102200231
1022002313
0220023132
2200231323
2002313230
0023132303
0231323033
2313230333
3132303330
1323033300
3230333002
2303330023
3033300232
0333002321
3330023213
3300232130
3002321303
0023213033
0232130331
2321303311
3213033111
2130331112
1303311121
3033111211
0331112111
3311121111
3111211113
1112111131
1121111312
1211113121
2111131211
1111312113
1113121131
1131211311
1312113111
3121131113
1211311131
2113111311
1131113113
1311131131
3111311313
1113113131
1131131311
1311313111
3113131111
1131311113
1313111131
3131111310
1311113103
3111131033
1111310332
1113103322
1131033221
1310332211
3103322111
1033221111
0332211113
3322111131
3221111313
2211113131
2111131310
1111313101
1113131011
1131310113
1313101132
3131011323
1310113231
3101132310
1011323100
0113231003
1132310031
1323100310
3231003100
2310031002
3100310021
1003100213
0031002133
0310021331
3100213313
1002133133
0021331333
0213313330
2133133303
1331333033
3313330331
3133303310
1333033100
3330331003
3303310032
3033100320
0331003202
3310032020
3100320202
1003202020
0032020200
0320202000
3202020001
2020200013
0202000133
2020001333
0200013330
2000133300
0001333000
0013330000
0133300000
1333000003
3330000032
3300000320
3000003200
0000032001
0000320013
0003200133
0032001333
0320013333
3200133333
2001333330
0013333303
0133333032
1333330323
3333303233
3333032333
3330323333
3303233333
3032333330
0323333303
3233333030
2333330301
3333303011
3333030110
3330301101
3303011013
3030110130
0301101300
3011013000
0110130000
1101300003
1013000032
0130000323
1300003232
3000032323
0000323230
0003232302
0032323021
0323230212
3232302121
2323021213
3230212133
2302121330
3021213302
0212133021
2121330213
1213302131
2133021311
1330213112
3302131121
3021311211
0213112111
2131121111
1311211113
3112111131
1121111313
1211113132
2111131321
1111313211
1113132113
1131321132
1313211323
3132113232
1321132323
3211323231
2113232311
1132323111
1323231113
3232311132
2323111321
3231113210
2311132103
3111321032
1113210322
1132103221
1321032211
3210322111
2103221111
1032211113
0322111131
3221111311
2211113111
2111131111
1111311111
1113111113
1131111130
1311111301
3111113011
1111130113
1111301133
1113011330
1130113300
1301133001
3011330012
0113300120
1133001203
1330012032
3300120320
3001203201
0012032010
0120320102
1203201023
2032010233
0320102330
3201023301
2010233011
0102330110
1023301101
0233011012
2330110122
3301101223
3011012232
0110122322
1101223223
1012232232
0122322322
1223223223
2232232232
2322322320
3223223203
2232232032
2322320322
3223203223
2232032232
2320322320
3203223203
2032232032
0322320320
3223203203
2232032032
2320320320
3203203203
2032032032
0320320322
3203203223
2032032232
0320322322
3203223223
2032232232
0322322323
3223223233
2232232333
2322323331
3223233313
2232333132
2323331321
3233313213
2333132130
3331321302
3313213021
3132130213
1321302132
3213021323
2130213230
1302132302
3021323021
0213230212
2132302123
1323021231
3230212313
2302123132
3021231320
0212313202
2123132021
1231320213
2313202131
3132021310
1320213103
3202131033
2021310331
0213103313
2131033132
1310331321
3103313213
1033132131
0331321313
3313213133
3132131330
1321313302
3213133022
2131330222
1313302220
3133022200
1330222002
3302220023
3022200233
0222002333
2220023333
2200233333
2002333333
0023333332
0233333323
2333333233
3333332333
3333323331
3333233313
3332333133
3323331332
3233313320
2333133200
3331332003
3313320033
3133200332
1332003320
3320033202
3200332023
2003320233
0033202333
0332023332
3320233322
3202333223
2023332233
0233322331
2333223313
3332233132
3322331320
3223313200
2233132000
2331320002
3313200021
3132000210
1320002102
3200021020
2000210203
0002102033
0021020333
0210203333
2102033333
1020333332
0203333323
2033333231
0333332311
3333323113
3333231132
3332311323
3323113233
3231132332
2311323321
3113233211
1132332112
1323321120
3233211200
2332112002
3321120023
3211200233
2112002330
1120023300
1200233003
2002330033
0023300333
0233003330
2330033303
3300333033
3003330333
0033303333
0333033331
3330333313
3303333131
3033331311
0333313110
3333131101
3331311010
3313110103
3131101032
1311010322
3110103220
1101032202
1010322020
0103220200
1032202000
0322020000
3220200000
2202000003
2020000032
0200000320
2000003201
0000032011
0000320111
0003201113
0032011133
0320111332
3201113320
2011133203
0111332031
1113320310
1133203102
1332031023
3320310233
3203102333
2031023330
0310233303
3102333033
1023330333
0233303331
2333033313
3330333131
3303331310
3033313102
0333131020
3331310200
3313102003
3131020033
1310200333
3102003332
1020033320
0200333200
2003332000
0033320000
0333200001
3332000013
3320000132
3200001323
2000013232
0000132320
0001323203
0013232031
0132320311
1323203110
3232031100
2320311002
3203110023
2031100231
0311002311
3110023110
1100231100
1002311000
0023110003
0231100033
2311000330
3110003300
1100033000
1000330003
0003300031
0033000310
0330003100
3300031000
3000310000
0003100003
0031000032
0310000321
3100003213
1000032133
0000321333
0003213333
0032133332
0321333323
3213333231
2133332313
1333323132
3333231323
3332313233
3323132333
3231323331
2313233310
3132333102
1323331023
3233310233
2333102333
3331023333
3310233333
3102333332
1023333322
0233333223
2333332233
3333322331
3333223313
3332233130
3322331300
3223313003
2233130033
2331300332
3313003320
3130033201
1300332010
3003320103
0033201030
0332010303
3320103030
3201030300
2010303000
0103030000
1030300000
0303000002
3030000023
0300000233
3000002333
0000023333
0000233332
0002333323
0023333232
0233332320
2333323200
3333232003
3332320032
3323200322
3232003220
2320032200
3200322001
2003220010
0032200103
0322001033
3220010333
2200103333
2001033331
0010333310
0103333102
1033331023
0333310233
3333102331
3331023313
3310233133
3102331331
1023313313
0233133133
2331331333
3313313331
3133133313
1331333132
3313331323
3133313231
1333132312
3331323123
3313231231
3132312310
1323123102
3231231020
2312310203
3123102032
1231020322
2310203220
3102032203
1020322032
0203220323
2032203230
0322032300
3220323000
2203230000
2032300001
0323000010
3230000101
2300001012
3000010123
0000101233
0001012333
0010123333
0101233331
1012333310
0123333102
1233331020
2333310200
3333102001
3331020011
3310200110
3102001102
1020011020
0200110201
2001102013
0011020131
0110201310
1102013100
1020131000
0201310000
2013100003
0131000031
1310000313
3100003133
1000031331
0000313310
0003133103
0031331033
0313310333
3133103331
1331033313
3310333132
3103331323
1033313231
0333132310
3331323102
3313231020
3132310202
1323102020
3231020202
2310202022
3102020222
1020202220
0202022200
2020222002
0202220023
2022200233
0222002333
2220023333
2200233331
2002333313
0023333132
0233331321
2333313213
3333132132
3331321320
3313213201
3132132013
1321320132
3213201320
2132013200
1320132001
3201320013
2013200132
0132001323
1320013230
3200132302
2001323020
0013230200
0132302000
1323020003
3230200033
2302000332
3020003320
0200033200
2000332000
0003320001
0033200012
0332000123
3320001232
3200012323
2000123233
0001232332
0012323322
0123233220
1232332202
2323322022
3233220220
2332202200
3322022002
3220220023
2202200233
2022002333
0220023332
2200233320
2002333202
0023332023
0233320231
2333202312
3332023122
3320231223
3202312231
2023122311
0231223113
2312231133
3122311333
1223113330
2231133300
2311333003
3113330033
1133300333
1333003333
3330033330
3300333302
3003333022
0033330220
0333302203
3333022030
3330220301
3302203010
3022030103
0220301033
2203010333
2030103333
0301033332
3010333320
0103333202
1033332020
0333320200
3333202000
3332020003
3320200033
3202000332
2020003323
0200033231
2000332313
0003323132
0033231323
0332313233
3323132332
3231323322
2313233221
3132332213
1323322133
3233221330
2332213300
3322133000
3221330000
2213300001
2133000013
1330000133
3300001332
3000013321
0000133211
0001332112
0013321121
0133211213
1332112131
3321121313
3211213132
2112131323
1121313230
1213132303
2131323031
1313230312
3132303121
1323031211
3230312113
2303121133
3031211332
0312113322
3121133220
1211332200
2113322000
1133220001
1332200010
3322000100
3220001000
2200010003
2000100030
0001000300
0010003001
0100030010
1000300101
0003001013
0030010132
0300101323
3001013230
0010132300
0101323000
1013230000
0132300001
1323000012
3230000123
2300001230
3000012300
0000123002
0001230023
0012300233
0123002330
1230023303
2300233033
3002330332
0023303321
0233033213
2330332132
3303321323
3033213230
0332132300
3321323000
3213230000
2132300001
1323000011
3230000113
2300001133
3000011330
0000113300
0001133000
0011330000
0113300001
1133000011
1330000113
3300001133
3000011331
0000113313
0001133130
0011331300
0113313001
1133130013
1331300133
3313001333
3130013332
1300133320
3001333200
0013332002
0133320021
1333200210
3332002101
3320021010
3200210103
2002101030
0021010300
0210103003
2101030033
1010300333
0103003330
1030033300
0300333000
3003330000
0033300001
0333000010
3330000100
3300001000
3000010000
0000100002
0001000020
0010000203
0100002033
1000020333
0000203333
0002033333
0020333332
0203333321
2033333211
0333332110
3333321100
3333211000
3332110000
3321100000
3211000002
2110000023
1100000233
1000002333
0000023331
0000233311
0002333110
0023331101
0233311010
2333110102
3331101023
3311010232
3110102323
1101023233
1010232333
0102323331
1023233313
0232333133
2323331331
3233313310
2333133103
3331331032
3313310322
3133103221
1331032213
3310322132
3103221323
1032213230
0322132300
3221323001
2213230013
2132300133
1323001332
3230013320
2300133203
3001332033
0013320333
0133203333
1332033331
3320333310
3203333101
2033331013
0333310132
3333101323
3331013233
3310132333
3101323333
1013233333
0132333330
1323333303
3233333032
2333330323
3333303233
3333032332
3330323320
3303233200
3032332002
0323320021
3233200213
2332002132
3320021322
3200213220
2002132202
0021322022
0213220220
2132202200
1322022000
3220220000
2202200000
2022000001
0220000013
2200000133
2000001333
0000013333
0000133330
0001333302
0013333022
0133330223
1333302232
3333022320
3330223200
3302232000
3022320003
0223200032
2232000323
2320003233
3200032330
2000323300
0003233000
0032330001
0323300010
3233000102
2330001020
3300010200
3000102001
0001020010
0010200100
0102001003
1020010030
0200100300
2001003000
0010030000
0100300003
1003000033
0030000331
0300003310
3000033100
0000331001
0003310010
0033100103
0331001033
3310010333
3100103333
1001033330
0010333302
0103333021
1033330213
0333302132
3333021321
3330213210
3302132100
3021321000
0213210000
