0112202320
1122023202
1220232022
2202320222
2023202221
0232022212
2320222122
3202221222
2022212223
0222122233
2221222332
2212223320
2122233201
1222332013
2223320132
2233201320
2332013200
3320132001
3201320011
2013200113
0132001132
1320011321
3200113211
2001132110
0011321101
0113211013
1132110131
1321101311
3211013111
2110131111
1101311112
1013111123
0131111233
1311112331
3111123310
1111233102
1112331022
1123310221
1233102211
2331022113
3310221133
3102211331
1022113310
0221133101
2211331012
2113310121
1133101213
1331012130
3310121301
3101213012
1012130122
0121301222
1213012220
2130122202
1301222021
3012220212
0122202121
1222021212
2220212121
2202121211
2021212113
0212121131
2121211311
1212113112
2121131121
1211311213
2113112131
1131121311
1311213113
3112131132
1121311323
1213113233
2131132330
1311323301
3113233012
1132330121
1323301212
3233012121
2330121213
3301212133
3012121330
0121213301
1212133013
2121330130
1213301301
2133013011
1330130110
3301301100
3013011001
0130110010
1301100102
3011001022
0110010221
1100102210
1001022102
0010221022
0102210222
1022102220
0221022200
2210222003
2102220033
1022200331
0222003310
2220033103
2200331032
2003310320
0033103202
0331032020
3310320202
3103202022
1032020220
0320202200
3202022002
2020220023
0202200230
2022002300
0220023001
2200230013
2002300132
0023001320
0230013202
2300132020
3001320203
0013202033
0132020331
1320203312
3202033122
2020331220
0203312201
2033122010
0331220101
3312201012
3122010120
1220101200
2201012001
2010120010
0101200100
1012001001
0120010010
1200100100
2001001001
0010010013
0100100131
1001001311
0010013110
0100131101
1001311010
0013110101
0131101012
1311010122
3110101223
1101012232
1010122321
0101223211
1012232110
0122321102
1223211020
2232110200
2321102000
3211020001
2110200012
1102000120
1020001201
0200012010
2000120102
0001201023
0012010230
0120102302
1201023021
2010230213
0102302131
1023021313
0230213130
2302131300
3021313000
0213130003
2131300032
1313000320
3130003202
1300032020
3000320203
0003202032
0032020321
0320203210
3202032100
2020321000
0203210000
2032100000
0321000001
3210000013
2100000133
1000001331
0000013310
0000133103
0001331031
0013310313
0133103131
1331031313
3310313132
3103131323
1031313233
0313132331
3131323311
1313233111
3132331111
1323311111
3233111111
2331111110
3311111102
3111111020
1111110203
1111102032
1111020322
1110203220
1102032201
1020322013
0203220130
2032201302
0322013020
3220130200
2201302002
2013020021
0130200212
1302002121
3020021211
0200212112
2002121122
0021211222
0212112223
2121122231
1211222313
2112223132
1122231321
1222313212
2223132121
2231321210
2313212102
3132121020
1321210203
3212102032
2121020322
1210203220
2102032202
1020322022
0203220221
2032202212
0322022122
3220221221
2202212212
2022122120
0221221202
2212212020
2122120200
1221202002
2212020023
2120200233
1202002333
2020023332
0200233321
2002333213
0023332132
0233321323
2333213233
3332132333
3321323332
3213233323
2132333231
1323332312
3233323122
2333231222
3332312222
3323122221
3231222211
2312222112
3122221123
1222211232
2222112321
2221123213
2211232132
2112321321
1123213213
1232132131
2321321312
3213213122
2132131220
1321312202
3213122023
2131220232
1312202320
3122023201
1220232012
2202320122
2023201222
0232012221
2320122212
3201222121
2012221213
0122212133
1222121331
2221213310
2212133102
2121331022
1213310221
2133102210
1331022102
3310221020
3102210202
1022102020
0221020200
2210202002
2102020023
1020200231
0202002313
2020023132
0200231323
2002313231
0023132312
0231323122
2313231222
3132312222
1323122223
3231222230
2312222301
3122223010
1222230102
2222301020
2223010201
2230102010
2301020103
3010201032
0102010320
1020103200
0201032002
2010320021
0103200213
1032002132
0320021322
3200213221
2002132211
0021322111
0213221113
2132211132
1322111321
3221113211
2211132111
2111321113
1113211131
1132111311
1321113110
3211131102
2111311021
1113110211
1131102113
1311021132
3110211322
1102113220
1021132200
0211322000
2113220000
1132200001
1322000011
3220000110
2200001101
2000011013
0000110130
0001101303
0011013032
0110130320
1101303202
1013032020
0130320201
1303202011
3032020111
0320201113
3202011132
2020111320
0201113202
2011132022
0111320221
1113202213
1132022132
1320221321
3202213213
2022132131
0221321313
2213213130
2132131301
1321313010
3213130101
2131301011
1313010112
3130101122
1301011223
3010112233
0101122332
1011223321
0112233211
1122332110
1223321102
2233211022
2332110223
3321102233
3211022332
2110223323
1102233233
1022332331
0223323310
2233233103
2332331032
3323310322
3233103220
2331032200
3310322000
3103220001
1032200013
0322000133
3220001332
2200013322
2000133220
0001332202
0013322020
0133220203
1332202033
3322020330
3220203301
2202033010
2020330101
0203301010
2033010101
0330101011
3301010113
3010101131
0101011311
1010113110
0101131103
1011311032
0113110322
1131103220
1311032200
3110322000
1103220001
1032200011
0322000113
3220001133
2200011332
2000113320
0001133201
0011332011
0113320113
1133201131
1332011313
3320113131
3201131311
2011313113
0113131133
1131311331
1313113311
3131133113
1311331132
3113311321
1133113210
1331132102
3311321022
3113210222
1132102222
1321022220
3210222203
2102222033
1022220332
0222203323
2222033232
2220332322
2203323220
2033232202
0332322022
3323220223
3232202230
2322022301
3220223010
2202230102
2022301022
0223010222
2230102223
2301022233
3010222330
0102223303
1022233032
0222330323
2223303230
2233032301
2330323013
3303230131
3032301312
0323013123
3230131233
2301312332
3013123321
0131233213
1312332131
3123321310
1233213103
2332131032
3321310323
3213103233
2131032333
1310323331
3103233313
1032333132
0323331323
3233313232
2333132320
3331323202
3313232021
3132320211
1323202113
3232021132
2320211323
3202113233
2021132332
0211323321
2113233211
1132332111
1323321113
3233211133
2332111330
3321113302
3211133020
2111330201
1113302010
1133020102
1330201021
3302010211
3020102113
0201021133
2010211331
0102113312
1021133122
0211331220
2113312203
1133122031
1331220310
3312203103
3122031030
1220310300
2203103002
2031030020
0310300202
3103002022
1030020221
0300202210
3002022102
0020221021
0202210211
2022102110
0221021102
2210211023
2102110233
1021102332
0211023323
2110233230
1102332301
1023323010
0233230100
2332301001
3323010013
3230100131
2301001311
3010013110
0100131102
1001311021
0013110213
0131102130
1311021301
3110213012
1102130121
1021301212
0213012121
2130121213
1301212132
3012121322
0121213221
1212132213
2121322132
1213221323
2132213232
1322132321
3221323213
2213232132
2132321322
1323213220
3232132203
2321322030
3213220300
2132203001
1322030010
3220300101
2203001013
2030010131
0300101310
3001013101
0010131012
0101310121
1013101211
0131012112
1310121122
3101211223
1012112231
0121122310
1211223102
2112231022
1122310222
1223102222
2231022221
2310222213
3102222132
1022221320
0222213202
2222132022
2221320220
2213202201
2132022012
1320220121
3202201213
2022012131
0220121311
2201213112
2012131122
0121311221
1213112213
2131122133
1311221331
3112213312
1122133123
1221331230
2213312302
2133123021
1331230211
3312302113
3123021131
1230211310
2302113101
3021131010
0211310102
2113101020
1131010202
1310102020
3101020203
1010202031
0102020311
1020203113
0202031132
2020311321
0203113213
2031132132
0311321322
3113213222
1132132221
1321322212
3213222121
2132221210
1322212102
3222121023
2221210232
2212102323
2121023230
1210232303
2102323030
1023230303
0232303033
2323030333
3230303332
2303033322
3030333222
0303332222
3033322222
0333222220
3332222200
3322222001
3222220011
2222200111
2222001111
2220011111
2200111110
2001111102
0011111021
0111110213
1111102132
1111021323
1110213232
1102132321
1021323213
0213232133
2132321331
1323213311
3232133111
2321331110
3213311102
2133111020
1331110201
3311102011
3111020111
1110201111
1102011111
1020111110
0201111102
2011111020
0111110200
1111102001
1111020010
1110200103
1102001031
1020010310
0200103100
2001031003
0010310033
0103100333
1031003332
0310033320
3100333201
1003332012
0033320122
0333201220
3332012201
3320122010
3201220103
2012201031
0122010313
1220103133
2201031332
2010313322
0103133220
1031332203
0313322032
3133220320
1332203202
3322032021
3220320210
2203202102
2032021020
0320210200
3202102003
2021020032
0210200322
2102003221
1020032211
0200322112
2003221121
0032211212
0322112121
3221121211
2211212110
2112121100
1121211002
1212110022
2121100220
1211002200
2110022001
1100220010
1002200101
0022001011
0220010110
2200101100
2001011001
0010110013
0101100132
1011001321
0110013210
1100132102
1001321021
0013210211
0132102113
1321021131
3210211312
2102113122
1021131221
0211312211
2113122113
1131221131
1312211311
3122113113
1221131130
2211311300
2113113001
1131130013
1311300132
3113001323
1130013231
1300132311
3001323110
0013231100
0132311002
1323110023
3231100233
2311002332
3110023323
1100233233
1002332331
0023323312
0233233121
2332331211
3323312113
3233121132
2331211321
3312113210
3121132103
1211321032
2113210321
1132103212
1321032122
3210321222
2103212220
1032122200
0321222000
3212220000
2122200002
1222000020
2220000203
2200002032
2000020321
0000203213
0002032132
0020321322
0203213222
2032132222
0321322220
3213222202
2132222020
1322220202
3222202020
2222020201
2220202013
2202020131
2020201311
0202013113
2020131131
0201311310
2013113102
0131131022
1311310220
3113102203
1131022033
1310220332
3102203321
1022033211
0220332110
2203321100
2033211000
0332110003
3321100033
3211000331
2110003313
1100033132
1000331320
0003313201
0033132011
0331320111
3313201112
3132011120
1320111202
3201112021
2011120213
0111202130
1112021300
1120213000
1202130003
2021300032
0213000323
2130003232
1300032321
3000323212
0003232123
0032321231
0323212313
3232123132
2321231322
3212313221
2123132213
1231322132
2313221321
3132213211
1322132110
3221321102
2213211021
2132110212
1321102120
3211021203
2110212032
1102120323
1021203230
0212032300
2120323000
1203230002
2032300022
0323000223
3230002231
2300022311
3000223113
0002231131
0022311313
0223113130
2231131301
2311313011
3113130111
1131301110
1313011100
3130111001
1301110012
3011100120
0111001201
1110012013
1100120132
1001201321
0012013213
0120132132
1201321323
2013213231
0132132310
1321323101
3213231011
2132310113
1323101132
3231011321
2310113210
3101132102
1011321023
0113210232
1132102323
1321023232
3210232321
2102323210
1023232102
0232321021
2323210213
3232102132
2321021322
3210213220
2102132203
1021322032
0213220321
2132203210
1322032101
3220321013
2203210132
2032101322
0321013220
3210132201
2101322011
1013220111
0132201110
1322011100
3220111000
2201110002
2011100020
0111000201
1110002013
1100020131
1000201310
0002013102
0020131020
0201310201
2013102013
0131020132
1310201323
3102013231
1020132313
0201323132
2013231322
0132313221
1323132213
3231322133
2313221332
3132213323
1322133231
3221332312
2213323123
2133231231
1332312310
3323123101
3231231013
2312310133
3123101331
1231013310
2310133100
3101331001
1013310012
0133100120
1331001201
3310012010
3100120102
1001201021
0012010212
0120102122
1201021223
2010212232
0102122323
1021223230
0212232303
2122323032
1223230323
2232303230
2323032300
3230323000
2303230002
3032300020
0323000202
3230002020
2300020200
3000202001
0002020013
0020200132
0202001323
2020013231
0200132311
2001323110
0013231101
0132311013
1323110132
3231101321
2311013211
3110132111
1101321110
1013211101
0132111011
1321110110
3211101101
2111011011
1110110113
1101101130
1011011303
0110113032
1101130320
1011303201
0113032011
1130320111
1303201111
3032011112
0320111123
3201111231
2011112310
0111123101
1111231012
1112310123
1123101233
1231012333
2310123331
3101233310
1012333102
0123331023
1233310231
2333102311
3331023111
3310231113
3102311130
1023111303
0231113031
2311130311
3111303110
1113031100
1130311001
1303110011
3031100111
0311001110
3110011101
1100111010
1001110101
0011101012
0111010122
1110101222
1101012220
1010122200
0101222002
1012220023
0122200233
1222002333
2220023330
2200233300
2002333001
0023330013
0233300133
2333001333
3330013332
3300133322
3001333220
0013332202
0133322021
1333220212
3332202120
3322021201
3220212011
2202120113
2021201132
0212011323
2120113232
1201132323
2011323231
0113232310
1132323100
1323231002
3232310020
2323100201
3231002012
2310020123
3100201232
1002012323
0020123231
0201232311
2012323113
0123231133
1232311330
2323113303
3231133030
2311330300
3113303001
1133030013
1330300130
3303001303
3030013031
0300130313
3001303132
0013031322
0130313221
1303132212
3031322123
0313221233
3132212332
1322123322
3221233220
2212332200
2123322002
1233220023
2332200232
3322002322
3220023221
2200232211
2002322113
0023221132
0232211323
2322113230
3221132301
2211323013
2113230133
1132301333
1323013330
3230133303
2301333031
3013330313
0133303133
1333031332
3330313321
3303133211
3031332111
0313321111
3133211111
1332111111
3321111110
3211111100
2111111000
1111110001
1111100010
1111000100
1110001001
1100010011
1000100110
0001001102
0010011022
0100110220
1001102200
0011022002
0110220023
1102200233
1022002332
0220023323
2200233231
2002332312
0023323123
0233231231
2332312310
3323123101
3231231011
2312310111
3123101110
1231011100
2310111001
3101110011
1011100113
0111001132
1110011320
1100113203
1001132032
0011320322
0113203222
1132032220
1320322201
3203222012
2032220122
0322201220
3222012202
2220122020
2201220201
2012202012
0122020121
1220201210
2202012102
2020121020
0201210200
2012102000
0121020003
1210200032
2102000323
1020003232
0200032320
2000323203
0003232030
0032320300
0323203002
3232030023
2320300232
3203002323
2030023232
0300232320
3002323200
0023232002
0232320022
2323200220
3232002202
2320022020
3200220201
2002202013
0022020132
0220201323
2202013231
2020132311
0201323111
2013231110
0132311100
1323111000
3231110002
2311100023
3111000232
1110002323
1100023232
1000232323
0002323233
0023232333
0232323331
2323233312
3232333122
2323331221
3233312211
2333122111
3331221112
3312211120
3122111202
1221112023
2211120230
2111202301
1112023010
1120230102
1202301020
2023010201
0230102010
2301020100
3010201001
0102010010
1020100100
0201001003
2010010032
0100100322
1001003223
0010032232
0100322323
1003223231
0032232310
0322323101
3223231011
2232310112
2323101120
3231011201
2310112010
3101120102
1011201021
0112010210
1120102102
1201021021
2010210210
0102102102
1021021021
0210210210
2102102102
1021021021
0210210210
2102102102
1021021021
0210210210
2102102103
1021021031
0210210312
2102103121
1021031211
0210312112
2103121123
1031211232
0312112322
3121123223
1211232230
2112322300
1123223001
1232230012
2322300121
3223001211
2230012113
2300121133
3001211331
0012113311
0121133110
1211331100
2113311003
1133110032
1331100323
3311003232
3110032322
1100323220
1003232202
0032322022
0323220220
3232202202
2322022023
3220220233
2202202331
2022023310
0220233100
2202331001
2023310010
0233100100
2331001002
3310010023
3100100232
1001002323
0010023230
0100232301
1002323012
0023230120
0232301200
2323012002
3230120020
2301200203
3012002033
0120020333
1200203333
2002033331
0020333312
0203333122
2033331223
0333312230
3333122302
3331223021
3312230211
3122302113
1223021132
2230211322
2302113221
3021132211
0211322113
2113221133
1132211331
1322113311
3221133112
2211331121
2113311213
1133112131
1331121313
3311213132
3112131320
1121313202
1213132020
2131320202
1313202021
3132020213
1320202133
3202021331
2020213313
0202133131
2021331310
0213313103
2133131032
1331310322
3313103222
3131032220
1310322203
3103222031
1032220311
0322203113
3222031132
2220311321
2203113212
2031132120
0311321200
3113212002
1132120020
1321200200
3212002001
2120020010
1200200101
2002001011
0020010113
0200101131
2001011310
0010113102
0101131022
1011310221
0113102211
1131022113
1310221132
3102211320
1022113201
0221132013
2211320133
2113201333
1132013332
1320133322
3201333220
2013332202
0133322021
1333220210
3332202102
3322021021
3220210213
2202102132
2021021320
0210213202
2102132023
1021320232
0213202321
2132023211
1320232113
3202321133
2023211331
0232113310
2321133102
3211331022
2113310220
1133102201
1331022013
3310220131
3102201313
1022013132
0220131322
2201313220
2013132202
0131322022
1313220220
3132202202
1322022020
3220220203
2202202033
2022020330
0220203301
2202033010
2020330102
0203301022
2033010223
0330102233
3301022330
3010223303
0102233031
1022330313
0223303131
2233031313
2330313130
3303131301
3031313010
0313130103
3131301033
1313010332
3130103320
1301033203
3010332032
0103320321
1033203211
0332032113
3320321132
3203211322
2032113221
0321132211
3211322110
2113221102
1132211020
1322110202
3221102021
2211020210
2110202102
1102021023
1020210232
0202102322
2021023220
0210232201
2102322011
1023220110
0232201100
2322011001
3220110011
2201100113
2011001131
0110011310
1100113102
1001131023
0011310232
0113102323
1131023232
1310232323
3102323233
1023232333
0232323332
2323233320
3232333202
2323332020
3233320200
2333202001
3332020011
3320200113
3202001132
2020011320
0200113200
2001132002
0011320022
0113200223
1132002232
1320022320
3200223203
2002232031
0022320310
0223203102
2232031020
2320310202
3203102022
2031020221
0310202210
3102022101
1020221012
0202210120
2022101203
0221012032
2210120321
2101203213
1012032131
0120321313
1203213130
2032131301
0321313010
3213130100
2131301002
1313010022
3130100222
1301002223
3010022232
0100222323
1002223232
0022232323
0222323233
2223232333
2232323333
2323233331
3232333310
2323333101
3233331013
2333310132
3333101322
3331013221
3310132211
3101322110
1013221103
0132211031
1322110311
3221103110
2211031102
2110311020
1103110200
1031102003
0311020031
3110200313
1102003132
1020031321
0200313210
2003132101
0031321010
0313210103
3132101031
1321010312
3210103120
2101031202
1010312023
0103120231
1031202313
0312023131
3120231313
1202313131
2023131312
0231313122
2313131222
3131312223
1313122233
3131222332
1312223321
3122233212
1222332122
2223321223
2233212231
2332122312
3321223121
3212231213
2122312132
1223121321
2231213212
2312132121
3121321210
1213212102
2132121021
1321210212
3212102123
2121021231
1210212310
2102123102
1021231023
0212310232
2123102322
1231023220
2310232202
3102322022
1023220223
0232202233
2322022333
3220223332
2202233322
2022333223
0223332231
2233322313
2333223133
3332231332
3322313320
3223133203
2231332033
2313320333
3133203330
1332033301
3320333010
3203330100
2033301001
0333010010
3330100100
3301001001
3010010010
0100100101
1001001010
0010010101
0100101010
1001010102
0010101021
0101010213
1010102132
0101021323
1010213232
0102132321
1021323213
0213232130
2132321301
1323213010
3232130101
2321301011
3213010110
2130101100
1301011001
3010110013
0101100131
1011001310
0110013102
1100131023
1001310232
0013102321
0131023211
1310232110
3102321103
1023211032
0232110322
2321103221
3211032210
2110322102
1103221020
1032210200
0322102003
3221020031
2210200313
2102003131
1020031311
0200313113
2003131131
0031311311
0313113110
3131131103
1311311031
3113110311
1131103111
1311031110
3110311101
1103111011
1031110111
0311101110
3111011102
1110111022
1101110222
1011102223
0111022231
1110222311
1102223112
1022231121
0222311210
2223112101
2231121011
2311210112
3112101121
1121011210
1210112103
2101121031
1011210312
0112103123
1121031231
1210312310
2103123102
1031231021
0312310211
3123102110
1231021101
2310211010
3102110100
1021101001
0211010011
2110100110
1101001102
1010011022
0100110220
1001102201
0011022011
0110220111
1102201113
1022011132
0220111321
2201113210
2011132102
0111321023
1113210231
1132102313
1321023132
3210231323
2102313232
1023132320
0231323202
2313232020
3132320200
1323202000
3232020002
2320200020
3202000202
2020002020
0200020202
2000202022
0002020220
0020202200
0202022003
2020220032
0202200323
2022003233
0220032333
2200323332
2003233323
0032333231
0323332310
3233323101
2333231013
3332310131
3323101312
3231013121
2310131213
3101312133
1013121333
0131213332
1312133323
3121333230
1213332300
2133323002
1333230022
3332300221
3323002212
3230022122
2300221222
3002212221
0022122213
0221222132
2212221323
2122213233
1222132332
2221323322
2213233222
2132332222
1323322223
3233222231
2332222311
3322223112
3222231122
2222311222
2223112222
2231122221
2311222211
3112222111
1122221110
1222211102
2222111021
2221110211
2211102110
2111021102
1110211023
1102110232
1021102321
0211023212
2110232123
1102321232
1023212323
0232123231
2321232311
3212323113
2123231132
1232311321
2323113211
3231132110
2311321100
3113211000
1132110001
1321100013
3211000133
2110001333
1100013331
1000133311
0001333110
0013331100
0133311001
1333110012
3331100123
3311001232
3110012322
1100123221
1001232210
0012322101
0123221011
1232210112
2322101120
3221011202
2210112023
2101120232
1011202323
0112023232
1120232323
1202323230
2023232302
0232323020
2323230202
3232302021
2323020210
3230202102
2302021023
3020210232
0202102323
2021023232
0210232320
2102323203
1023232031
0232320313
2323203131
3232031313
2320313130
3203131303
2031313031
0313130310
3131303102
1313031022
3130310222
1303102222
3031022221
0310222211
3102222111
1022221112
0222211123
2222111230
2221112301
2211123012
2111230123
1112301232
1123012320
1230123200
2301232003
3012320030
0123200301
1232003010
2320030103
3200301030
2003010302
0030103020
0301030203
3010302032
0103020322
1030203222
0302032223
3020322231
0203222313
2032223130
0322231300
3222313002
2223130023
2231300232
2313002323
3130023232
1300232323
3002323233
0023232332
0232323321
2323233211
3232332113
2323321132
3233211323
2332113232
3321132320
3211323203
2113232031
1132320311
1323203110
3232031101
2320311010
3203110102
2031101023
0311010232
3110102323
1101023231
1010232312
0102323120
1023231201
0232312011
2323120111
3231201111
2312011113
3120111131
1201111310
2011113100
0111131003
1111310032
1113100322
1131003221
1310032213
3100322131
1003221310
0032213102
0322131020
3221310202
2213102023
2131020231
1310202311
3102023113
1020231132
0202311321
2023113211
0231132110
2311321101
3113211012
1132110122
1321101222
3211012221
2110122211
1101222112
1012221122
0122211222
1222112223
2221122232
2211222321
2112223213
1122232131
1222321310
2223213100
2232131001
2321310010
3213100103
2131001033
1310010332
3100103321
1001033210
0010332101
0103321012
1033210122
0332101220
3321012202
3210122023
2101220232
1012202323
0122023231
1220232312
2202323122
2023231220
0232312200
2323122001
3231220013
2312200133
3122001331
1220013311
2200133110
2001331102
0013311022
0133110220
1331102203
3311022032
3110220322
1102203221
1022032212
0220322120
2203221200
2032212000
0322120000
3221200003
2212000033
2120000332
1200003321
2000033212
0000332123
0003321232
0033212322
0332123220
3321232203
3212322031
2123220312
1232203122
2322031223
3220312232
2203122323
2031223231
0312232311
3122323111
1223231110
2232311102
2323111023
3231110232
2311102322
3111023221
1110232212
1102322123
1023221232
0232212320
2322123200
3221232002
2212320022
2123200222
1232002221
2320022212
3200222120
2002221203
0022212031
0222120313
2221203132
2212031321
2120313210
1203132103
2031321030
0313210301
3132103013
1321030132
3210301323
2103013232
1030132323
0301323232
3013232322
0132323220
1323232200
3232322000
2323220003
3232200030
2322000301
3220003010
2200030102
2000301021
0003010210
0030102100
0301021001
3010210012
0102100121
1021001211
0210012110
2100121101
1001211012
0012110122
0121101222
1211012220
2110122201
1101222010
1012220101
0122201013
1222010132
2220101323
2201013231
2010132313
0101323132
1013231321
0132313211
1323132110
3231321103
2313211032
3132110321
1321103210
3211032100
2110321002
1103210020
1032100201
0321002011
3210020110
2100201100
1002011001
0020110013
0201100132
2011001321
0110013210
1100132101
1001321012
0013210121
0132101211
1321012110
3210121101
2101211011
1012110111
0121101113
1211011132
2110111321
1101113210
1011132101
0111321013
1113210132
1132101323
1321013232
3210132320
2101323200
1013232002
0132320022
1323200220
3232002203
2320022032
3200220320
2002203202
0022032021
0220320212
2203202120
2032021202
0320212022
3202120221
2021202213
0212022132
2120221321
1202213211
2022132111
0221321111
2213211110
2132111103
1321111033
3211110332
2111103320
1111033203
1110332030
1103320301
1033203011
0332030110
3320301102
3203011022
2030110220
0301102201
3011022010
0110220102
1102201022
1022010220
0220102201
2201022011
2010220113
0102201132
1022011322
0220113221
2201132210
2011322101
0113221012
1132210123
1322101231
3221012313
2210123130
2101231303
1012313031
0123130312
1231303121
2313031212
3130312122
1303121221
3031212213
0312122132
3121221321
1212213210
2122132102
1221321023
2213210232
2132102322
1321023222
3210232223
2102322232
1023222322
0232223222
2322232222
3222322223
2223222232
2232222322
2322223223
3222232232
2222322321
2223223213
2232232131
2322321313
3223213133
2232131331
2321313310
3213133103
2131331033
1313310330
3133103303
1331033031
3310330311
3103303113
1033031132
0330311321
3303113213
3031132132
0311321322
3113213221
1132132213
1321322131
3213221313
2132213132
1322131321
3221313213
2213132132
2131321322
1313213223
3132132231
1321322313
3213223133
2132231333
1322313333
3223133330
2231333301
2313333013
3133330133
1333301332
3333013320
3330133202
3301332022
3013320220
0133202202
1332022020
3320220201
3202202010
2022020102
0220201020
2202010200
2020102002
0201020020
2010200200
0102002002
1020020021
0200200213
2002002130
0020021300
0200213000
2002130002
0021300020
0213000202
2130002022
1300020220
3000202200
0002022002
0020220022
0202200220
2022002202
0220022020
2200220201
2002202010
0022020100
0220201003
2202010032
2020100320
0201003202
2010032022
0100320220
1003202202
0032022022
0320220220
3202202203
2022022031
0220220311
2202203113
2022031132
0220311321
2203113210
2031132102
0311321022
3113210220
1132102202
1321022021
3210220210
2102202101
1022021012
0220210120
2202101202
2021012021
0210120213
2101202132
1012021322
0120213223
1202132232
2021322322
0213223220
2132232202
1322322021
3223220211
2232202113
2322021133
3220211333
2202113330
2021133300
0211333001
2113330012
1133300121
1333001211
3330012112
3300121120
3001211202
0012112023
0121120232
1211202322
2112023223
1120232232
1202322321
2023223213
0232232133
2322321331
3223213310
2232133101
2321331011
3213310111
2133101110
1331011100
3310111003
3101110031
1011100310
0111003100
1110031002
1100310021
1003100213
0031002131
0310021310
3100213102
1002131020
0021310203
0213102032
2131020321
1310203212
3102032123
1020321230
0203212303
2032123030
0321230303
3212303033
2123030332
1230303320
2303033200
3030332000
0303320002
3033200020
0332000202
3320002020
3200020201
2000202011
0002020112
0020201120
0202011202
2020112021
0201120213
2011202132
0112021320
1120213200
1202132000
2021320000
0213200000
2132000000
1320000001
3200000013
2000000131
0000001310
0000013102
0000131022
0001310222
0013102223
0131022232
1310222321
3102223213
1022232132
0222321322
2223213222
2232132223
2321322233
3213222331
2132223312
1322233122
3222331222
2223312222
2233122222
2331222221
3312222211
3122222113
1222221133
2222211333
2222113332
2221133322
2211333221
2113332210
1133322101
1333221013
3332210132
3322101323
3221013233
2210132333
2101323330
1013233301
0132333010
1323330100
3233301002
2333010022
3330100222
3301002220
3010022200
0100222003
1002220033
0022200333
0222003332
2220033322
2200333222
2003332221
0033322213
0333222131
3332221311
3322213113
3222131132
2221311320
2213113203
2131132032
1311320322
3113203222
1132032222
1320322220
3203222200
2032222000
0322220000
3222200003
2222000032
2220000323
2200003232
2000032320
0000323200
0003232000
0032320000
0323200003
3232000031
2320000311
3200003111
2000031110
0000311102
0003111023
0031110232
0311102322
3111023221
1110232211
1102322110
1023221103
0232211033
2322110330
3221103300
2211033002
2110330022
1103300223
1033002233
0330022333
3300223333
3002233332
0022333321
0223333212
2233332123
2333321232
3333212320
3332123202
3321232020
3212320200
2123202001
1232020010
2320200101
3202001011
2020010113
0200101131
2001011310
0010113101
0101131011
1011310110
0113101100
1131011000
1310110000
3101100002
1011000021
0110000211
1100002110
1000021100
0000211001
0002110010
0021100100
0211001000
2110010002
1100100020
1001000200
0010002000
0100020003
1000200031
0002000311
0020003113
0200031131
2000311312
0003113120
0031131203
0311312032
3113120320
1131203202
1312032022
3120320221
1203202212
2032022123
0320221230
3202212303
2022123032
0221230323
2212303232
2123032320
1230323203
2303232032
3032320322
0323203221
3232032212
2320322122
3203221222
2032212221
0322122212
3221222123
2212221231
2122212312
1222123121
2221231211
2212312110
2123121102
1231211021
2312110211
3121102111
1211021112
2110211123
1102111230
1021112301
0211123012
2111230123
1112301232
1123012323
1230123232
2301232323
3012323231
0123232312
1232323123
2323231231
3232312313
2323123131
3231231311
2312313113
3123131132
1231311322
2313113222
3131132222
1311322220
3113222203
1132222033
1322220333
3222203332
2222033323
2220333231
2203332313
2033323131
0333231310
3332313101
3323131011
3231310113
2313101131
3131011311
1310113110
3101131101
1011311013
0113110132
1131101323
1311013232
3110132321
1101323210
1013232102
0132321021
1323210213
3232102132
2321021322
3210213223
2102132231
1021322310
0213223101
2132231013
1322310131
3223101310
2231013102
2310131021
3101310213
1013102132
0131021320
1310213203
3102132032
1021320321
0213203211
2132032112
1320321123
3203211230
2032112301
0321123012
3211230122
2112301221
1123012213
1230122132
2301221321
3012213211
0122132113
1221321131
2213211311
2132113113
1321131133
3211311332
2113113320
1131133201
1311332013
3113320130
1133201301
1332013012
3320130123
3201301231
2013012310
0130123102
1301231020
3012310202
0123102020
1231020202
2310202020
3102020200
1020202001
0202020010
2020200100
0202001002
2020010022
0200100220
2001002201
0010022011
0100220112
1002201121
0022011210
0220112103
2201121033
2011210332
0112103322
1121033223
1210332233
2103322331
1033223312
0332233121
3322331210
3223312102
2233121023
2331210233
3312102331
3121023311
1210233113
2102331130
1023311301
0233113013
2331130131
3311301310
3113013100
1130131001
1301310013
3013100132
0131001322
1310013223
3100132232
1001322323
0013223232
0132232323
1322323231
3223232311
2232323110
2323231102
3232311020
2323110203
3231102033
2311020332
3110203321
1102033211
1020332110
0203321100
2033211002
0332110022
3321100222
3211002222
2110022220
1100222203
1002222032
0022220320
0222203202
2222032023
2220320233
2203202330
2032023303
0320233031
3202330313
2023303132
0233031322
2330313220
3303132202
3031322022
0313220220
3132202202
1322022022
3220220223
2202202231
2022022311
0220223112
2202231123
2022311233
0223112333
2231123332
2311233322
3112333223
1123332231
1233322311
2333223110
3332231101
3322311010
3223110102
2231101020
2311010202
3110102020
1101020203
1010202033
0102020333
1020203332
0202033322
2020333221
0203332210
2033322102
0333221021
3332210211
3322102111
3221021112
2210211121
2102111210
1021112100
0211121003
2111210032
1112100323
1121003231
1210032311
2100323113
1003231132
0032311322
0323113223
3231132232
2311322320
3113223200
1132232002
1322320020
3223200200
2232002001
2320020011
3200200111
2002001111
0020011110
0200111100
2001111003
0011110031
0111100310
1111003101
1110031012
1100310123
1003101232
0031012320
0310123200
3101232002
1012320020
0123200203
1232002031
2320020310
3200203101
2002031013
0020310132
0203101320
2031013201
0310132013
3101320133
1013201333
0132013332
1320133322
3201333223
2013332231
0133322313
1333223132
3332231322
3322313221
3223132211
2231322111
2313221112
3132211123
1322111231
3221112313
2211123132
2111231321
1112313213
1123132133
1231321332
2313213320
3132133203
1321332030
3213320303
2133203030
1332030302
3320303020
3203030201
2030302012
0303020120
3030201202
0302012020
3020120201
0201202013
2012020132
0120201320
1202013202
2020132023
0201320230
2013202303
0132023031
1320230310
3202303101
2023031012
0230310121
2303101211
3031012112
0310121120
3101211203
1012112032
0121120322
1211203220
2112032202
1120322022
1203220222
2032202220
0322022200
3220222002
2202220022
2022200223
0222002232
2220022321
2200223211
2002232110
0022321100
0223211003
2232110031
2321100310
3211003100
2110031000
1100310003
1003100032
0031000322
0310003220
3100032203
1000322032
0003220322
0032203221
0322032211
3220322113
2203221133
2032211332
0322113322
3221133220
2211332202
2113322023
1133220231
1332202313
3322023130
3220231303
2202313031
2023130311
0231303113
2313031132
3130311321
1303113210
3031132101
0311321010
3113210102
1132101022
1321010220
3210102202
2101022022
1010220223
0102202233
1022022333
0220223330
2202233301
2022333013
0223330131
2233301310
2333013101
3330131011
3301310110
3013101102
0131011020
1310110202
3101102023
1011020232
0110202320
1102023203
1020232032
0202320323
2023203232
0232032323
2320323232
3203232322
2032323220
0323232202
3232322021
2323220213
3232202130
2322021301
3220213012
2202130122
2021301222
0213012222
2130122223
1301222230
3012222300
0122223001
1222230013
2222300132
2223001323
2230013233
2300132333
3001323332
0013233322
0132333222
1323332220
3233322202
2333222021
3332220213
3322202132
3222021320
2220213203
2202132032
2021320320
0213203201
2132032010
1320320103
3203201033
2032010333
0320103332
3201033322
2010333221
0103332213
1033322131
0333221313
3332213130
3322131300
3221313002
2213130021
2131300211
1313002111
3130021113
1300211130
3002111301
0021113012
0211130120
2111301201
1113012010
1130120101
1301201012
3012010120
0120101203
1201012033
2010120331
0101203311
1012033110
0120331102
1203311021
2033110210
0331102100
3311021002
3110210020
1102100202
1021002020
0210020203
2100202030
1002020303
0020203031
0202030311
2020303111
0203031110
2030311102
0303111020
3031110202
0311102022
3111020223
1110202233
1102022333
1020223333
0202233330
2022333302
0223333020
2233330202
2333302022
3333020222
3330202222
3302022222
3020222222
0202222221
2022222212
0222222120
2222221202
2222212021
2222120212
2221202122
2212021221
2120212213
1202122133
2021221331
0212213311
2122133111
1221331111
2213311110
2133111100
1331111001
3311110011
3111100111
1111001111
1110011113
1100111133
1001111330
0011113303
0111133031
1111330313
1113303132
1133031321
1330313210
3303132101
3031321011
0313210110
3132101103
1321011033
3210110332
2101103320
1011033203
0110332032
1103320323
1033203231
0332032313
3320323130
3203231301
2032313010
0323130103
3231301032
2313010320
3130103203
1301032031
3010320310
0103203103
1032031032
0320310322
3203103223
2031032231
0310322310
3103223100
1032231000
0322310003
3223100032
2231000323
2310003233
3100032332
1000323322
0003233220
0032332203
0323322032
3233220320
2332203203
3322032033
3220320332
2203203320
2032033203
0320332031
3203320311
2033203113
0332031132
3320311320
3203113202
2031132020
0311320202
3113202021
1132020210
1320202102
3202021022
2020210221
0202102211
2021022112
0210221120
2102211202
1022112020
0221120203
2211202033
2112020331
1120203310
1202033100
2020331000
0203310002
2033100022
0331000221
3310002211
3100022113
1000221132
0002211322
0022113223
0221132231
2211322310
2113223100
1132231003
1322310032
3223100320
2231003203
2310032033
3100320333
1003203333
0032033330
0320333302
3203333023
2033330232
0333302321
3333023211
3330232110
3302321103
3023211032
0232110322
2321103221
3211032213
2110322130
1103221302
1032213020
0322130202
3221302020
2213020203
2130202031
1302020311
3020203110
0202031101
2020311011
0203110113
2031101131
0311011312
3110113121
1101131213
1011312130
0113121303
1131213032
1312130323
3121303230
1213032302
2130323023
1303230233
3032302330
0323023303
3230233033
2302330331
3023303310
0233033102
2330331020
3303310200
3033102003
0331020032
3310200320
3102003203
1020032032
0200320320
2003203200
0032032002
0320320020
3203200202
2032002020
0320020203
3200202032
2002020320
0020203202
0202032021
2020320210
0203202100
2032021002
0320210023
3202100232
2021002321
0210023210
2100232102
1002321021
0023210211
0232102111
2321021110
3210211102
2102111023
1021110232
0211102322
2111023220
1110232201
1102322010
1023220102
0232201021
2322010212
3220102120
2201021202
2010212023
0102120233
1021202333
0212023333
2120233330
1202333301
2023333010
0233330102
2333301022
3333010220
3330102203
3301022032
3010220321
0102203213
1022032133
0220321331
2203213313
2032133132
0321331320
3213313202
2133132022
1331320222
3313202220
3132022200
1320222002
3202220020
2022200203
0222002032
2220020320
2200203200
2002032000
0020320000
0203200003
2032000030
0320000303
3200003033
2000030332
0000303322
0003033222
0030332222
0303322220
3033222200
0332222000
3322220003
3222200032
2222000320
2220003203
2200032032
2000320322
0003203220
0032032203
0320322031
3203220311
2032203113
0322031132
3220311320
2203113202
2031132022
0311320220
3113202202
1132022023
1320220230
3202202301
2022023011
0220230113
2202301132
2023011322
0230113223
2301132232
3011322321
0113223211
1132232110
1322321100
3223211000
2232110003
2321100030
3211000303
2110003030
1100030300
1000303002
0003030022
0030300220
0303002200
3030022000
0300220002
3002200022
0022000222
0220002222
2200022220
2000222201
0002222012
0022220120
0222201202
2222012021
2220120211
2201202111
2012021111
0120211110
1202111102
2021111022
0211110221
2111102211
1111022110
1110221100
1102211003
1022110032
0221100322
2211003222
2110032221
1100322213
1003222130
0032221303
0322213031
3222130311
2221303110
2213031102
2130311020
1303110201
3031102010
0311020101
3110201011
1102010110
1020101102
0201011023
2010110231
0101102310
1011023103
0110231030
1102310301
1023103010
0231030102
2310301022
3103010221
1030102210
0301022102
3010221020
0102210202
1022102021
0221020210
2210202102
2102021020
1020210202
0202102020
2021020203
0210202031
2102020310
1020203103
0202031030
2020310302
0203103021
2031030213
0310302133
3103021330
1030213302
0302133020
3021330203
0213302030
2133020303
1330203032
3302030322
3020303220
0203032201
2030322011
0303220111
3032201113
0322011133
3220111331
2201113311
2011133110
0111331100
1113311001
1133110010
1331100101
3311001013
3110010132
1100101321
1001013213
0010132132
0101321322
1013213222
0132132221
1321322211
3213222113
2132221131
1322211312
3222113122
2221131220
2211312200
2113122003
1131220031
1312200313
3122003133
1220031331
2200313310
2003133101
0031331013
0313310131
3133101311
1331013113
3310131131
3101311311
1013113111
0131131113
1311311132
3113111320
1131113201
1311132013
3111320132
1113201322
1132013220
1320132200
3201322003
2013220031
0132200310
1322003102
3220031021
2200310211
2003102110
0031021101
0310211010
3102110101
1021101011
0211010111
2110101110
1101011102
1010111023
0101110230
1011102301
0111023011
1110230111
1102301110
1023011100
0230111001
2301110011
3011100113
0111001131
1110011310
1100113101
1001131011
0011310112
0113101120
1131011203
1310112032
3101120322
1011203221
0112032210
1120322102
1203221021
2032210210
0322102100
3221021002
2210210021
2102100212
1021002121
0210021211
2100212113
1002121131
0021211313
0212113130
2121131300
1211313001
2113130010
1131300102
1313001023
3130010232
1300102323
3001023232
0010232323
0102323232
1023232322
0232323221
2323232211
3232322113
2323221131
3232211310
2322113102
3221131023
2211310230
2113102303
1131023031
1310230311
3102303110
1023031100
0230311003
2303110032
3031100321
0311003213
3110032132
1100321322
1003213221
0032132213
0321322131
3213221312
2132213121
1322131210
3221312102
2213121021
2131210210
1312102101
3121021011
1210210113
2102101131
1021011310
0210113102
2101131021
1011310213
0113102132
1131021322
1310213220
3102132202
1021322022
0213220223
2132202231
1322022310
3220223102
2202231023
2022310231
0223102313
2231023132
2310231320
3102313201
1023132013
0231320131
2313201313
3132013132
1320131323
3201313231
2013132313
0131323133
1313231331
3132313311
1323133113
3231331132
2313311322
3133113220
1331132203
3311322032
3113220321
1132203210
1322032101
3220321011
2203210113
2032101130
0321011301
3210113010
2101130102
1011301020
0113010201
1130102012
1301020122
3010201221
0102012211
1020122110
0201221101
2012211013
0122110131
1221101311
2211013113
2110131133
1101311332
1013113322
0131133221
1311332210
3113322101
1133221011
1332210110
3322101102
3221011021
2210110211
2101102110
1011021102
0110211021
1102110211
1021102111
0211021111
2110211112
1102111122
1021111220
0211112201
2111122012
1111220121
1112201213
1122012130
1220121301
2201213010
2012130102
0121301021
1213010210
2130102100
1301021000
3010210002
0102100020
1021000201
0210002011
2100020111
1000201111
0002011110
0020111101
0201111011
2011110113
0111101133
1111011331
1110113311
1101133111
1011331111
0113311110
1133111100
1331111001
3311110012
3111100122
1111001222
1110012220
1100122202
1001222021
0012220210
0122202100
1222021002
2220210022
2202100220
2021002203
0210022032
2100220320
1002203201
0022032011
0220320113
2203201130
2032011302
0320113020
3201130200
2011302000
0113020001
1130200013
1302000132
3020001320
0200013203
2000132032
0001320322
0013203222
0132032223
1320322232
3203222323
2032223230
0322232300
3222323003
2223230032
2232300322
2323003223
3230032233
2300322333
3003223333
0032233331
0322333311
3223333111
2233331111
2333311110
3333111103
3331111031
3311110311
3111103113
1111031133
1110311330
1103113303
1031133031
0311330313
3113303133
1133031331
1330313310
3303133101
3031331011
0313310110
3133101101
1331011013
3310110131
3101101310
1011013101
0110131013
1101310130
1013101301
0131013011
1310130111
3101301111
1013011112
0130111122
1301111221
3011112212
0111122122
1111221220
1112212202
1122122023
1221220231
2212202310
2122023101
1220231012
2202310121
2023101211
0231012110
2310121103
3101211033
1012110331
0121103310
1211033100
2110331000
1103310000
1033100003
0331000031
3310000310
3100003103
1000031031
0000310311
0003103111
0031031111
0310311113
3103111132
1031111321
0311113211
3111132110
1111321102
1113211020
1132110202
1321102023
3211020230
2110202301
1102023012
1020230123
0202301231
2023012310
0230123100
2301231001
3012310011
0123100110
1231001102
2310011022
3100110220
1001102200
0011022000
0110220003
1102200033
1022000331
0220003310
2200033102
2000331022
0003310220
0033102203
0331022031
3310220313
3102203131
1022031310
0220313102
2203131022
2031310221
0313102211
3131022110
1310221102
3102211022
1022110222
0221102223
2211022233
2110222331
1102223311
1022233111
0222331113
2223311132
2233111320
2331113202
3311132021
3111320212
1113202122
1132021221
1320212211
3202122111
2021221110
0212211102
2122111021
1221110210
2211102101
2111021010
1110210101
1102101013
1021010132
0210101321
2101013211
1010132113
0101321131
1013211312
0132113120
1321131200
3211312000
2113120000
1131200003
1312000031
3120000311
1200003110
2000031102
0000311020
0003110200
0031102003
0311020030
3110200302
1102003020
1020030201
0200302011
2003020112
0030201121
0302011211
3020112112
0201121121
2011211211
0112112113
1121121133
1211211331
2112113311
1121133113
1211331130
2113311300
1133113001
1331130012
3311300122
3113001221
1130012211
1300122113
3001221130
0012211300
0122113002
1221130023
2211300233
2113002331
1130023310
1300233102
3002331022
0023310223
0233102231
2331022310
3310223101
3102231010
1022310102
0223101023
2231010232
2310102323
3101023232
1010232322
0102323220
1023232200
0232322000
2323220000
3232200001
2322000011
3220000111
2200001110
2000011102
0000111022
0001110222
0011102223
0111022230
1110222303
1102223033
1022230333
0222303332
2223033320
2230333203
2303332031
3033320311
0333203111
3332031110
3320311102
3203111023
2031110232
0311102320
3111023200
1110232001
1102320013
1023200131
0232001311
2320013110
3200131101
2001311011
0013110113
0131101131
1311011313
3110113131
1101131311
1011313112
0113131122
1131311221
1313112211
3131122113
1311221133
3112211333
1122113332
1221133320
2211333201
2113332010
1133320100
1333201001
3332010011
3320100111
3201001110
2010011103
0100111030
1001110301
0011103013
0111030130
1110301303
1103013031
1030130313
0301303132
3013031322
0130313220
1303132201
3031322011
0313220113
3132201133
1322011332
3220113322
2201133220
2011332201
0113322011
1133220111
1332201110
3322011100
3220111000
2201110002
2011100021
0111000212
1110002120
1100021203
1000212033
0002120331
0021203311
0212033111
2120331112
1203311122
2033111222
0331112222
3311122221
3111222213
1112222132
1122221323
1222213232
2222132322
2221323221
2213232212
2132322122
1323221222
3232212222
2322122222
3221222220
2212222201
2122222012
1222220122
2222201221
2222012211
2220122111
2201221111
2012211110
0122111101
1221111010
2211110102
2111101022
1111010220
1110102201
1101022013
1010220132
0102201322
1022013220
0220132200
2201322000
2013220002
0132200021
1322000210
3220002100
2200021001
2000210012
0002100122
0021001220
0210012202
2100122022
1001220220
0012202202
0122022023
1220220230
2202202300
2022023001
0220230011
2202300110
2023001102
0230011020
2300110201
3001102010
0011020103
0110201030
1102010303
1020103032
0201030320
2010303200
0103032001
1030320012
0303200122
3032001223
0320012233
3200122333
2001223333
0012233332
0122333323
1223333232
2233332320
2333323201
3333232010
3332320101
3323201011
3232010112
2320101120
3201011201
2010112013
0101120132
1011201321
0112013210
1120132102
1201321020
2013210200
0132102000
1321020000
3210200003
2102000031
1020000311
0200003110
2000031102
0000311020
0003110200
0031102003
0311020030
3110200301
1102003013
1020030133
0200301330
2003013302
0030133022
0301330220
3013302203
0133022033
1330220330
3302203302
3022033021
0220330210
2203302102
2033021020
0330210201
3302102010
3021020101
0210201013
2102010133
1020101332
0201013322
2010133220
0101332202
1013322023
0133220232
1332202322
3322023222
3220232221
2202322210
2023222103
0232221030
2322210301
3222103013
2221030133
2210301332
2103013320
1030133202
0301332022
3013320220
0133202201
1332022010
3320220102
3202201022
2022010222
0220102220
2201022201
2010222010
0102220100
1022201003
0222010032
2220100320
2201003202
2010032020
0100320201
1003202013
0032020130
0320201300
3202013000
2020130000
0201300000
2013000002
0130000022
1300000220
3000002202
0000022020
0000220201
0002202012
0022020121
0220201210
2202012102
2020121020
0201210201
2012102012
0121020122
1210201220
2102012202
1020122023
0201220231
2012202313
0122023131
1220231310
2202313101
2023131013
0231310132
2313101320
3131013202
1310132022
3101320222
1013202220
0132022200
1320222000
3202220003
2022200033
0222000332
2220003322
2200033220
2000332202
0003322020
0033220202
0332202023
3322020233
3220202332
2202023322
2020233222
0202332220
2023322200
0233222002
2332220020
3322200203
3222002032
2220020320
2200203200
2002032001
0020320010
0203200103
2032001033
0320010333
3200103330
2001033301
0010333010
0103330103
1033301030
0333010302
3330103021
3301030210
3010302100
0103021000
1030210000
0302100000
3021000003
0210000030
2100000300
1000003002
0000030021
0000300212
0003002122
0030021222
0300212220
3002122203
0021222032
0212220323
2122203232
1222032323
2220323232
2203232323
2032323233
0323232333
3232323331
2323233312
3232333122
2323331220
3233312202
2333122021
3331220213
3312202132
3122021320
1220213202
2202132020
2021320200
0213202001
2132020012
1320200123
3202001232
2020012321
0200123210
2001232100
0012321001
0123210013
1232100132
2321001322
3210013220
2100132200
1001322003
0013220031
0132200313
1322003133
3220031331
2200313313
2003133131
0031331310
0313313101
3133131013
1331310131
3313101313
3131013132
1310131323
3101313231
1013132313
0131323132
1313231322
3132313220
1323132202
3231322020
2313220200
3132202002
1322020021
3220200210
2202002102
2020021021
0200210212
2002102122
0021021221
0210212210
2102122103
1021221031
0212210311
2122103112
1221031120
2210311200
2103112001
1031120013
0311200132
3112001320
1120013203
1200132031
2001320312
0013203120
0132031202
1320312022
3203120223
2031202233
0312022332
3120223323
1202233231
2022332311
0223323111
2233231113
2332311130
3323111300
3231113000
2311130003
3111300032
1113000321
1130003211
1300032110
3000321101
0003211012
0032110123
0321101233
3211012330
2110123303
1101233033
1012330330
0123303302
1233033023
2330330230
3303302301
3033023011
0330230111
3302301110
3023011102
0230111023
2301110233
3011102332
0111023323
1110233230
1102332300
1023323001
0233230010
2332300101
3323001012
3230010121
2300101210
3001012103
0010121032
0101210322
1012103220
0121032201
1210322013
2103220131
1032201310
0322013100
3220131001
2201310010
2013100101
0131001010
1310010102
3100101023
1001010232
0010102323
0101023230
1010232302
0102323021
1023230210
0232302103
2323021033
3230210331
2302103310
3021033100
0210331002
2103310023
1033100232
0331002322
3310023223
3100232232
1002322321
0023223211
0232232113
2322321132
3223211323
2232113232
2321132322
3211323221
2113232210
1132322101
1323221011
3232210110
2322101103
3221011033
2210110333
2101103332
1011033323
0110333230
1103332303
1033323033
0333230331
3332303310
3323033103
3230331032
2303310323
3033103231
0331032313
3310323133
3103231331
1032313311
0323133113
3231331131
2313311313
3133113130
1331131300
3311313000
3113130001
1131300010
1313000100
3130001003
1300010031
3000100313
0001003132
0010031323
0100313232
1003132320
0031323201
0313232013
3132320132
1323201323
3232013233
2320132330
3201323300
2013233001
0132330013
1323300132
3233001321
2330013211
3300132110
3001321100
0013211000
0132110000
1321100000
3211000002
2110000020
1100000200
1000002002
0000020023
0000200233
0002002333
0020023333
0200233331
2002333313
0023333131
0233331313
2333313133
3333131331
3331313313
3313133133
3131331331
1313313313
3133133132
1331331323
3313313230
3133132300
1331323000
3313230003
3132300030
1323000300
3230003001
2300030010
3000300101
0003001011
0030010110
0300101103
3001011030
0010110300
0101103000
1011030001
0110300010
1103000100
1030001000
0300010000
3000100002
0001000020
0010000202
0100002023
1000020233
0000202331
0002023310
0020233100
0202331002
2023310020
0233100200
2331002002
3310020022
3100200223
1002002233
0020022330
0200223303
2002233031
0022330310
0223303103
2233031032
2330310320
3303103203
3031032033
0310320330
3103203303
1032033033
0320330333
3203303333
2033033333
0330333333
3303333330
3033333303
0333333032
3333330322
3333303221
3333032211
3330322110
3303221103
3032211031
0322110313
3221103133
2211031331
2110313313
1103133133
1031331333
0313313333
3133133330
1331333300
3313333002
3133330023
1333300233
3333002332
3330023323
3300233233
3002332333
0023323330
0233233300
2332333003
3323330030
3233300303
2333003031
3330030313
3300303132
3003031323
0030313230
0303132302
3031323020
0313230203
3132302033
1323020333
3230203333
2302033331
3020333311
0203333110
2033331101
0333311013
3333110130
3331101303
3311013030
3110130303
1101303032
1013030323
0130303232
1303032320
3030323200
0303232002
3032320021
0323200213
3232002133
2320021333
3200213333
2002133333
0021333333
0213333330
2133333303
1333333033
3333330333
3333303333
3333033333
3330333332
3303333323
3033333232
0333332321
3333323210
3333232103
3332321033
3323210333
3232103331
2321033311
3210333113
2103331133
1033311331
0333113310
3331133102
3311331023
3113310233
1133102331
1331023311
3310233111
3102331113
1023311132
0233111323
2331113232
3311132322
3111323220
1113232203
1132322030
1323220303
3232203032
2322030321
3220303213
2203032130
2030321301
0303213013
3032130131
0321301310
3213013102
2130131023
1301310232
3013102321
0131023210
1310232102
3102321021
1023210213
0232102132
2321021320
3210213200
2102132001
1021320010
0213200102
2132001023
1320010232
3200102320
2001023200
0010232002
0102320020
1023200200
0232002000
2320020002
3200200020
2002000203
0020002032
0200020323
2000203230
0002032303
0020323030
0203230300
2032303001
0323030010
3230300101
2303001013
3030010133
0300101333
3001013333
0010133332
0101333320
1013333201
0133332010
1333320100
3333201000
3332010002
3320100023
3201000232
2010002320
0100023202
1000232021
0002320211
0023202110
0232021103
2320211032
3202110320
2021103203
0211032032
2110320323
1103203232
1032032321
0320323212
3203232123
2032321233
0323212332
3232123320
2321233200
3212332002
2123320020
1233200203
2332002032
3320020320
3200203203
2002032032
0020320321
0203203213
2032032133
0320321330
3203213302
2032133023
0321330230
3213302303
2133023033
1330230331
3302303313
3023033132
0230331322
2303313223
3033132231
0331322310
3313223102
3132231023
1322310233
3223102333
2231023331
2310233311
3102333111
1023331112
0233311121
2333111210
3331112102
3311121020
3111210201
1112102011
1121020113
1210201132
2102011320
1020113201
0201132012
2011320122
0113201222
1132012222
1320122222
3201222223
2012222231
0122222313
1222223131
2222231311
2222313110
2223131102
2231311021
2313110210
3131102101
1311021013
3110210131
1102101313
1021013131
0210131310
2101313100
1013131000
0131310002
1313100021
3131000211
1310002110
3100021103
1000211033
0002110333
0021103333
0211033332
2110333323
1103333233
1033332333
0333323333
3333233332
3332333322
3323333220
3233332201
2333322010
3333220102
3332201020
3322010202
3220102020
2201020200
2010202002
0102020022
1020200221
0202002211
2020022111
0200221113
2002211132
0022111321
0221113210
2211132102
2111321021
1113210211
1132102111
1321021110
3210211103
2102111031
1021110313
0211103132
2111031322
1110313221
1103132211
1031322113
0313221132
3132211323
1322113230
3221132302
2211323020
2113230201
1132302012
1323020123
3230201232
2302012321
3020123213
0201232131
2012321311
0123213111
1232131113
2321311132
3213111320
2131113200
1311132000
3111320002
1113200020
1132000200
1320002000
3200020002
2000200022
0002000221
0020002210
0200022103
2000221031
0002210311
0022103113
0221031132
2210311323
2103113230
1031132303
0311323032
3113230322
1132303220
1323032202
3230322020
2303220200
3032202002
0322020020
3220200201
2202002010
2020020102
0200201020
2002010202
0020102022
0201020221
2010202210
0102022103
1020221033
0202210332
2022103323
0221033232
2210332321
2103323211
1033232112
0332321121
3323211210
3232112101
2321121013
3211210132
2112101320
1121013203
1210132032
2101320323
1013203230
0132032303
1320323032
3203230323
2032303232
0323032322
3230323223
2303232233
3032322332
0323223323
3232233233
2322332332
3223323322
2233233223
2332332232
3323322320
3233223201
2332232011
3322320112
3223201123
2232011232
2320112322
3201123221
2011232213
0112322132
1123221323
1232213230
2322132302
3221323021
2213230213
2132302130
1323021301
3230213013
2302130133
3021301333
0213013332
2130133323
1301333232
3013332322
0133323223
1333232230
3332322301
3323223012
3232230120
2322301202
3223012023
2230120231
2301202310
3012023103
0120231031
1202310310
2023103102
0231031021
2310310213
3103102130
1031021303
0310213033
3102130332
1021303320
0213033202
2130332022
1303320223
3033202230
0332022301
3320223012
3202230120
2022301202
0223012022
2230120220
2301202202
3012022020
0120220201
1202202010
2022020103
0220201033
2202010333
2020103333
0201033333
2010333330
0103333300
1033333002
0333330021
3333300213
3333002132
3330021321
3300213210
3002132102
0021321020
0213210200
2132102000
1321020003
3210200032
2102000323
1020003231
0200032313
2000323130
0003231300
0032313000
0323130000
3231300000
2313000000
3130000000
1300000003
3000000032
0000000322
0000003222
0000032220
0000322200
0003222003
0032220030
0322200300
3222003002
2220030023
2200300232
2003002322
0030023223
0300232233
3002322330
0023223300
0232233001
2322330013
3223300132
2233001323
2330013233
3300132331
3001323310
0013233102
0132331022
1323310222
3233102220
2331022203
3310222033
3102220333
1022203333
0222033330
2220333302
2203333023
2033330233
0333302333
3333023333
3330233333
3302333331
3023333313
0233333132
2333331320
3333313202
3333132020
3331320200
3313202000
3132020003
1320200030
3202000303
2020003032
0200030322
2000303220
0003032202
0030322020
0303220200
3032202001
0322020013
3220200130
2202001301
2020013013
0200130132
2001301320
0013013201
0130132013
1301320133
3013201333
0132013333
1320133330
3201333300
2013333002
0133330023
1333300231
3333002310
3330023103
3300231030
3002310300
0023103000
0231030000
2310300000
3103000002
1030000020
0300000200
3000002001
0000020010
0000200101
0002001010
0020010101
0200101013
2001010132
0010101323
0101013232
1010132323
0101323230
1013232301
0132323010
1323230103
3232301032
2323010323
3230103231
2301032310
3010323102
0103231020
1032310201
0323102010
3231020100
2310201001
3102010013
1020100131
0201001313
2010013132
0100131323
1001313232
0013132323
0131323232
1313232321
3132323210
1323232101
3232321011
2323210111
3232101112
2321011121
3210111211
2101112110
1011121100
0111211002
1112110021
1121100212
1211002121
2110021210
1100212102
1002121023
0021210230
0212102300
2121023002
1210230021
2102300211
1023002113
0230021133
2300211333
3002113330
0021133302
0211333020
2113330202
1133302022
1333020223
3330202233
3302022333
3020223333
0202233330
2022333302
0223333023
2233330232
2333302322
3333023221
3330232213
3302322133
3023221333
0232213333
2322133331
3221333310
2213333101
2133331013
1333310132
3333101323
3331013232
3310132321
3101323210
1013232100
0132321002
1323210020
3232100200
2321002000
3210020002
2100200021
1002000213
0020002130
0200021303
2000213031
0002130310
0021303102
0213031023
2130310230
1303102300
3031023000
0310230003
3102300030
1023000303
0230003030
2300030303
3000303031
0003030311
0030303111
0303031110
3030311101
0303111010
3031110100
0311101002
3111010020
1110100200
1101002002
1010020023
0100200232
1002002320
0020023200
0200232002
2002320020
0023200200
0232002003
2320020031
3200200313
2002003132
0020031321
0200313210
2003132103
0031321030
0313210300
3132103002
1321030020
3210300203
2103002030
1030020303
0300203030
3002030302
0020303020
0203030201
2030302010
0303020103
3030201030
0302010302
3020103021
0201030211
2010302113
0103021130
1030211303
0302113030
3021130303
0211303033
2113030333
1130303332
1303033323
3030333232
0303332323
3033323232
0333232323
3332323232
3323232323
3232323232
2323232323
3232323232
2323232323
3232323232
2323232323
3232323232
2323232323
3232323232
2323232323
3232323232
2323232323
3232323232
2323232323
3232323232
2323232323
3232323232
2323232323
3232323230
2323232301
3232323010
2323230100
3232301002
2323010021
3230100210
2301002100
3010021003
0100210031
1002100311
0021003110
0210031101
2100311013
1003110130
0031101302
0311013020
3110130201
1101302010
1013020101
0130201013
1302010132
3020101322
0201013220
2010132202
0101322023
1013220232
0132202322
1322023220
3220232203
2202322033
2023220331
0232203313
2322033132
3220331320
2203313202
2033132022
0331320220
3313202202
3132022022
1320220221
3202202212
2022022123
0220221233
2202212332
2022123321
0221233213
2212332133
2123321333
1233213333
2332133332
3321333320
3213333200
2133332003
1333320030
3333200300
3332003003
3320030031
3200300310
2003003100
0030031003
0300310032
3003100321
0031003210
0310032103
3100321032
1003210322
0032103221
0321032213
3210322131
2103221310
1032213100
0322131000
3221310003
2213100033
2131000331
1310003311
3100033110
1000331101
0003311013
0033110131
0331101310
3311013101
3110131013
1101310132
1013101320
0131013202
1310132020
3101320200
1013202001
0132020010
1320200101
3202001010
2020010101
0200101013
2001010132
0010101320
0101013201
1010132010
0101320103
1013201031
0132010311
1320103111
3201031110
2010311102
0103111023
1031110233
0311102330
3111023300
1110233003
1102330030
1023300300
0233003003
2330030030
3300300300
3003003002
0030030021
0300300210
3003002100
0030021002
0300210020
3002100203
0021002033
0210020333
2100203333
1002033333
0020333333
0203333333
2033333333
0333333333
3333333331
3333333313
3333333133
3333331331
3333313310
3333133103
3331331032
3313310323
3133103233
1331032330
3310323300
3103233001
1032330013
0323300132
3233001322
2330013223
3300132232
3001322323
0013223233
0132232332
1322323322
3223233222
2232332223
2323322233
3233222332
2332223320
3322233202
3222332022
2223320220
2233202202
2332022022
3320220223
3202202232
2022022322
0220223222
2202232222
2022322222
0223222223
2232222232
2322222322
3222223220
2222232202
2222322023
2223220232
2232202322
2322023222
3220232222
2202322223
2023222232
0232222323
2322223231
3222232310
2222323100
2223231000
2232310001
2323100013
3231000132
2310001320
3100013202
1000132023
0001320231
0013202310
0132023100
1320231003
3202310032
2023100322
0231003220
2310032202
3100322023
1003220231
0032202310
0322023103
3220231033
2202310332
2023103323
0231033231
2310332313
3103323132
1033231320
0332313201
3323132011
3231320111
2313201113
3132011131
1320111312
3201113123
2011131232
0111312323
1113123231
1131232312
1312323123
3123231231
1232312312
2323123123
3231231231
2312312312
3123123122
1231231220
2312312200
3123122000
1231220002
2312200023
3122000231
1220002310
2200023103
2000231031
0002310312
0023103121
0231031213
2310312131
3103121313
1031213131
0312131311
3121313112
1213131120
2131311200
1313112001
3131120013
1311200131
3112001312
1120013121
1200131212
2001312121
0013121210
0131212101
1312121011
3121210111
1212101110
2121011102
1210111020
2101110202
1011102021
0111020212
1110202122
1102021221
1020212212
0202122120
2021221203
0212212032
2122120323
1221203233
2212032333
2120323332
1203233320
2032333200
0323332000
3233320000
2333200002
3332000020
3320000200
3200002000
2000020002
0000200022
0002000220
0020002202
0200022023
2000220233
0002202332
0022023323
0220233230
2202332302
2023323023
0233230232
2332302322
3323023223
3230232233
2302322331
3023223310
0232233101
2322331013
3223310132
2233101320
2331013202
3310132022
3101320221
1013202213
0132022133
1320221332
3202213323
2022133230
0221332300
2213323003
2133230031
1332300311
3323003113
3230031132
2300311322
3003113220
0031132202
0311322021
3113220212
1132202122
1322021223
3220212231
2202122313
2021223133
0212231332
2122313320
1223133200
2231332000
2313320001
3133200010
1332000100
3320001002
3200010021
2000100210
0001002102
0010021022
0100210221
1002102211
0021022110
0210221102
2102211022
1022110221
0221102211
2211022113
2110221131
1102211313
1022113131
0221131313
2211313133
2113131333
1131313333
1313133333
3131333333
1313333333
3133333333
1333333333
3333333333
3333333333
3333333333
3333333333
3333333333
3333333333
3333333333
3333333333
3333333331
3333333313
3333333133
3333331333
3333313333
3333133333
3331333333
3313333333
3133333333
1333333331
3333333311
3333333111
3333331113
3333311133
3333111331
3331113313
3311133131
3111331313
1113313132
1133131323
1331313231
3313132313
3131323130
1313231302
3132313021
1323130210
3231302103
2313021030
3130210301
1302103013
3021030130
0210301300
2103013000
1030130001
0301300011
3013000110
0130001100
1300011000
3000110001
0001100011
0011000112
0110001121
1100011210
1000112102
0001121021
0011210213
0112102133
1121021333
1210213332
2102133321
1021333210
0213332103
2133321031
1333210311
3332103110
3321031101
3210311011
2103110113
1031101133
0311011330
3110113301
1101133010
1011330100
0113301001
1133010013
1330100130
3301001301
3010013013
0100130130
1001301301
0013013013
0130130132
1301301320
3013013202
0130132023
1301320233
3013202333
0132023332
1320233320
3202333202
2023332022
0233320221
2333202213
3332022131
3320221313
3202213133
2022131333
0221313333
2213133331
2131333310
1313333102
3133331020
1333310203
3333102032
3331020323
3310203230
3102032303
1020323030
0203230300
2032303000
0323030003
3230300033
2303000332
3030003323
0300033231
3000332311
0003323110
0033231101
0332311010
3323110103
3231101030
2311010300
3110103003
1101030032
1010300322
0103003221
1030032213
0300322132
3003221322
0032213220
0322132202
3221322021
2213220210
2132202101
1322021012
3220210120
2202101201
2021012010
0210120103
2101201031
1012010310
0120103102
1201031023
2010310232
0103102322
1031023222
0310232220
3102322201
1023222013
0232220133
2322201333
3222013332
2220133323
2201333232
2013332321
0133323213
1333232132
3332321320
3323213200
3232132000
2321320003
3213200032
2132000320
1320003202
3200032021
2000320212
0003202121
0032021210
0320212102
3202121021
2021210211
0212102111
2121021111
1210211111
2102111113
1021111131
0211111310
2111113103
1111131033
1111310331
1113103310
1131033103
1310331032
3103310323
1033103231
0331032310
3310323102
3103231023
1032310233
0323102333
3231023333
2310233330
3102333301
1023333013
0233330131
2333301313
3333013132
3330131320
3301313200
3013132000
0131320002
1313200023
3132000231
1320002313
3200023133
2000231333
0002313332
0023133321
0231333210
2313332102
3133321023
1333210233
3332102333
3321023333
3210233332
2102333322
1023333223
0233332233
2333322333
3333223333
3332233333
3322333332
3223333323
2233333231
2333332313
3333323133
3333231333
3332313333
3323133330
3231333303
2313333033
3133330333
1333303333
3333033332
3330333320
3303333201
3033332012
0333320123
3333201233
3332012331
3320123313
3201233131
2012331310
0123313103
1233131030
2331310301
3313103012
3131030122
1310301222
3103012223
1030122233
0301222332
3012223323
0122233232
1222332320
2223323200
2233232002
2332320020
3323200202
3232002023
2320020233
3200202333
2002023333
0020233332
0202333323
2023333233
0233332331
2333323311
3333233110
3332331101
3323311010
3233110100
2331101003
3311010030
3110100300
1101003002
1010030020
0100300203
1003002031
0030020313
0300203133
3002031333
0020313330
0203133303
2031333030
0313330300
3133303000
1333030003
3330300030
3303000303
3030003033
0300030330
3000303303
0003033032
0030330321
0303303211
3033032113
0330321132
3303211320
3032113203
0321132033
3211320333
2113203333
1132033333
1320333330
3203333300
2033333000
0333330001
3333300013
3333000130
3330001301
3300013010
3000130102
0001301023
0013010233
0130102333
1301023331
3010233313
0102333133
1023331330
0233313301
2333133010
3331330101
3313301010
3133010101
1330101010
3301010101
3010101010
0101010101
1010101010
0101010103
1010101030
0101010300
1010103000
0101030000
1010300000
0103000003
1030000032
0300000323
3000003230
0000032301
0000323010
0003230103
0032301030
0323010301
3230103013
2301030132
3010301322
0103013220
1030132203
0301322033
3013220333
0132203332
1322033323
3220333233
2203332333
2033323333
0333233330
3332333300
3323333000
3233330000
2333300001
3333000011
3330000111
3300001113
3000011133
0000111330
0001113302
0011133021
0111330213
1113302130
1133021303
1330213031
3302130310
3021303103
0213031030
2130310303
1303103033
3031030330
0310303301
3103033010
1030330101
0303301013
3033010130
0330101300
3301013001
3010130011
0101300113
1013001132
0130011320
1300113203
3001132033
0011320333
0113203330
1132033302
1320333020
3203330200
2033302003
0333020033
3330200330
3302003300
3020033000
0200330002
2003300023
0033000233
0330002333
3300023333
3000233332
0002333320
0023333202
0233332021
2333320212
3333202120
3332021202
3320212022
3202120223
2021202233
0212022333
2120223333
1202233333
2022333330
0223333303
2233333033
2333330333
3333303333
3333033330
3330333303
3303333033
3033330333
0333303333
3333033333
3330333333
3303333332
3033333323
0333333231
3333332310
3333323103
3333231033
3332310333
3323103330
3231033303
2310333033
3103330330
1033303303
0333033030
3330330300
3303303003
3033030032
0330300323
3303003232
3030032322
0300323220
3003232203
0032322030
0323220303
3232203030
2322030301
3220303010
2203030102
2030301023
0303010232
3030102323
0301023232
3010232322
0102323223
1023232232
0232322323
2323223233
3232232333
2322323333
3223233332
2232333322
2323333220
3233332200
2333322003
3333220032
3332200320
3322003200
3220032000
2200320000
2003200001
0032000011
0320000113
3200001133
2000011331
0000113310
0001133103
0011331030
0113310302
1133103022
1331030223
3310302232
3103022323
1030223231
0302232310
3022323103
0223231033
2232310332
2323103321
3231033212
2310332122
3103321223
1033212231
0332122310
3321223103
3212231032
2122310323
1223103232
2231032322
2310323220
3103232200
1032322000
0323220001
3232200011
2322000113
3220001131
2200011310
2000113103
0001131030
0011310303
0113103031
1131030313
1310303131
3103031311
1030313110
0303131101
3031311013
0313110130
3131101300
1311013000
3110130000
1101300002
1013000020
0130000202
1300002021
3000020213
0000202132
0002021320
0020213203
0202132033
2021320330
0213203300
2132033002
1320330022
3203300223
2033002233
0330022331
3300223310
3002233103
0022331033
0223310330
2233103302
2331033022
3310330220
3103302203
1033022031
0330220310
3302203103
3022031033
0220310332
2203103320
2031033203
0310332031
3103320311
1033203113
0332031132
3320311323
3203113233
2031132332
0311323323
3113233230
1132332303
1323323033
3233230333
2332303333
3323033333
3230333332
2303333323
3033333230
0333332300
3333323000
3333230001
3332300013
3323000133
3230001332
2300013320
3000133203
0001332032
0013320323
0133203230
1332032300
3320323000
3203230001
2032300010
0323000103
3230001033
2300010332
3000103320
0001033203
0010332032
0103320323
1033203230
0332032303
3320323030
3203230301
2032303010
0323030103
3230301033
2303010333
3030103332
0301033323
3010333230
0103332303
1033323030
0333230301
3332303010
3323030102
3230301023
2303010233
3030102331
0301023310
3010233102
0102331020
1023310203
0233102033
2331020333
3310203333
3102033333
1020333330
0203333300
2033333002
0333330022
3333300220
3333002202
3330022022
3300220222
3002202221
0022022213
0220222132
2202221322
2022213220
0222132202
2221322023
2213220231
2132202313
1322023130
3220231301
2202313011
2023130111
0231301111
2313011110
3130111102
1301111021
3011110213
0111102132
1111021321
1110213213
1102132132
1021321323
0213213232
2132132322
1321323220
3213232202
2132322020
1323220203
3232202033
2322020332
3220203323
2202033230
2020332300
0203323001
2033230011
0332300113
3323001132
3230011323
2300113232
3001132322
0011323221
0113232212
1132322120
1323221201
3232212011
2322120113
3221201132
2212011323
2120113231
1201132311
2011323110
0113231102
1132311022
1323110222
3231102223
2311022232
3110222323
1102223230
1022232301
0222323013
2223230131
2232301311
2323013112
3230131121
2301311213
3013112130
0131121301
1311213012
3112130120
1121301201
1213012010
2130120102
1301201023
3012010231
0120102310
1201023102
2010231022
0102310220
1023102203
0231022030
2310220302
3102203022
1022030221
0220302213
2203022132
2030221321
0302213210
3022132102
0221321022
2213210221
2132102211
1321022111
3210221111
2102211110
1022111101
0221111011
2211110110
2111101101
1111011010
1110110100
1101101001
1011010011
0110100110
1101001102
1010011020
0100110200
1001102003
0011020033
0110200331
1102003311
1020033110
0200331103
2003311030
0033110300
0331103001
3311030011
3110300110
1103001102
1030011020
0300110200
3001102002
0011020020
0110200200
1102002000
1020020000
0200200003
2002000033
0020000333
0200003330
2000033303
0000333032
0003330322
0033303220
0333032201
3330322013
3303220133
3032201333
0322013331
3220133313
2201333132
2013331322
0133313220
1333132200
3331322002
3313220020
3132200203
1322002033
3220020333
2200203332
2002033322
0020333220
0203332200
2033322000
0333220002
3332200020
3322000200
3220002003
2200020032
2000200323
0002003232
0020032323
0200323233
2003232333
0032323330
0323233303
3232333033
2323330333
3233303333
2333033330
3330333302
3303333020
3033330203
0333302030
3333020303
3330203033
3302030330
3020303300
0203033000
2030330000
0303300001
3033000010
0330000100
3300001000
3000010000
0000100000
0001000000
0010000000
0100000003
1000000031
0000000311
0000003113
0000031132
0000311323
0003113230
0031132300
0311323000
3113230000
1132300000
1323000001
3230000010
2300000102
3000001022
0000010220
0000102202
0001022020
0010220200
0102202003
1022020030
0220200303
2202003032
2020030323
0200303233
2003032333
0030323333
0303233333
3032333332
0323333323
3233333233
2333332333
3333323332
3333233323
3332333233
3323332333
3233323332
2333233323
3332333233
3323332333
3233323333
2333233333
3332333333
3323333330
3233333301
2333333011
3333330110
3333301100
3333011002
3330110021
3301100211
3011002112
0110021123
1100211230
1002112300
0021123003
0211230031
2112300310
1123003103
1230031032
2300310323
3003103232
0031032320
0310323203
3103232030
1032320302
0323203021
3232030210
2320302101
3203021011
2030210112
0302101121
3021011213
0210112131
2101121310
1011213101
0112131012
1121310122
1213101220
2131012203
1310122032
3101220323
1012203233
0122032331
1220323311
2203233113
2032331133
0323311331
3233113311
2331133113
3311331133
3113311332
1133113323
1331133233
3311332333
3113323330
1133233303
1332333032
3323330320
3233303200
2333032003
3330320032
3303200323
3032003230
0320032303
3200323033
2003230330
0032303303
0323033033
3230330333
2303303330
3033033303
0330333031
3303330313
3033303132
0333031322
3330313223
3303132233
3031322332
0313223321
3132233211
1322332112
3223321123
2233211233
2332112330
3321123300
3211233000
2112330001
1123300011
1233000110
2330001101
3300011010
3000110100
0001101001
0011010012
0110100120
1101001203
1010012032
0100120322
1001203221
0012032210
0120322100
1203221003
2032210031
0322100310
3221003103
2210031030
2100310300
1003103000
0031030003
0310300030
3103000300
1030003003
0300030032
3000300320
0003003200
0030032001
0300320013
3003200132
0032001323
0320013230
3200132303
2001323031
0013230313
0132303132
1323031322
3230313220
2303132203
3031322032
0313220320
3132203201
1322032013
3220320131
2203201312
2032013123
0320131232
3201312321
2013123210
0131232102
1312321021
3123210211
1232102113
2321021130
3210211300
2102113000
1021130001
0211300011
2113000111
1130001112
1300011120
3000111201
0001112013
0011120132
0111201321
1112013210
1120132102
1201321020
2013210201
0132102013
1321020131
3210201313
2102013131
1020131313
0201313131
2013131312
0131313122
1313131220
3131312203
1313122032
3131220322
1312203221
3122032212
1220322120
2203221202
2032212022
0322120223
3221202232
2212022320
2120223200
1202232003
2022320032
0223200323
2232003231
2320032312
3200323120
2003231200
0032312000
0323120002
3231200023
2312000231
3120002312
1200023123
2000231232
0002312321
0023123211
0231232113
2312321131
3123211310
1232113100
2321131000
3211310002
2113100021
1131000213
1310002133
3100021333
1000213333
0002133330
0021333302
0213333023
2133330231
1333302310
3333023103
3330231030
3302310302
3023103023
0231030233
2310302332
3103023321
1030233213
0302332133
3023321333
0233213333
2332133331
3321333313
3213333132
2133331320
1333313203
3333132033
3331320332
3313203322
3132033220
1320332200
3203322000
2033220000
0332200000
3322000002
3220000021
2200000213
2000002130
0000021300
0000213000
0002130003
0021300032
0213000323
2130003230
1300032303
3000323030
0003230302
0032303021
0323030210
3230302101
2303021011
3030210110
0302101100
3021011000
0210110003
2101100032
1011000322
0110003221
1100032210
1000322100
0003221001
0032210010
0322100102
3221001021
2210010210
2100102102
1001021023
0010210233
0102102332
1021023321
0210233211
2102332113
1023321131
0233211310
2332113100
3321131000
3211310002
2113100023
1131000232
1310002321
3100023210
1000232102
0002321021
0023210213
0232102133
2321021333
3210213332
2102133322
1021333223
0213332230
2133322300
1333223000
3332230002
3322300020
3223000201
2230002013
2300020131
3000201312
0002013120
0020131201
0201312010
2013120100
0131201001
1312010010
3120100100
1201001003
2010010030
0100100301
1001003010
0010030102
0100301020
1003010202
0030102020
0301020200
3010202000
0102020000
1020200001
0202000011
2020000111
0200001113
2000011132
0000111320
0001113200
0011132000
0111320000
1113200003
1132000031
1320000310
3200003102
2000031020
0000310201
0003102010
0031020100
0310201000
3102010001
1020100011
0201000111
2010001111
0100011113
1000111130
0001111303
0011113032
0111130320
1111303202
1113032021
1130320210
1303202100
3032021002
0320210023
3202100230
2021002303
0210023033
2100230333
1002303332
0023033322
0230333221
2303332212
3033322120
0333221201
3332212010
3322120102
3221201023
2212010232
2120102322
1201023222
2010232222
0102322220
1023222202
0232222022
2322220220
3222202200
2222022000
2220220000
2202200000
2022000001
0220000013
2200000131
2000001311
0000013111
0000131113
0001311133
0013111333
0131113333
1311133330
3111333300
1113333001
1133330010
1333300102
3333001022
3330010220
3300102200
3001022002
0010220020
0102200200
1022002000
0220020000
2200200002
2002000022
0020000221
0200002210
2000022101
0000221010
0002210100
0022101000
0221010000
2210100002
2101000020
1010000200
0100002000
1000020000
0000200003
0002000033
0020000333
0200003332
2000033322
0000333222
0003332221
0033322211
0333222113
3332221131
3322211313
3222113132
2221131321
2211313211
2113132113
1131321132
1313211323
3132113233
1321132333
3211323333
2113233333
1132333330
1323333303
3233333030
2333330302
3333303023
3333030231
3330302312
3303023123
3030231232
0302312323
3023123233
0231232330
2312323302
3123233022
1232330221
2323302210
3233022103
2330221031
3302210310
3022103100
0221031001
2210310013
2103100133
1031001330
0310013300
3100133000
1001330002
0013300021
0133000211
1330002113
3300021132
3000211323
0002113233
0021132332
0211323320
2113233203
1132332030
1323320300
3233203002
2332030023
3320300232
3203002323
2030023231
0300232311
3002323110
0023231102
0232311023
2323110232
3231102321
2311023210
3110232102
1102321021
1023210213
0232102132
2321021320
3210213201
2102132012
1021320121
0213201210
2132012100
1320121002
3201210020
2012100200
0121002001
1210020011
2100200113
1002001132
0020011321
0200113210
2001132103
0011321032
0113210323
1132103233
1321032333
3210323331
2103233310
1032333103
0323331033
3233310332
2333103320
3331033201
3310332010
3103320102
1033201022
0332010223
3320102233
3201022330
2010223300
0102233001
1022330011
0223300110
2233001102
2330011020
3300110200
3001102000
0011020002
0110200022
1102000220
1020002200
0200022002
2000220022
0002200220
0022002200
0220022001
2200220010
2002200102
0022001021
0220010213
2200102130
2001021300
0010213001
0102130013
1021300130
0213001300
2130013001
1300130011
3001300110
0013001102
0130011020
1300110202
3001102023
0011020232
0110202323
1102023232
1020232321
0202323213
2023232132
0232321320
2323213200
3232132002
2321320022
3213200223
2132002233
1320022331
3200223313
2002233132
0022331323
0223313230
2233132300
2331323000
3313230002
3132300023
1323000233
3230002330
2300023300
3000233000
0002330003
0023300030
0233000303
2330003031
3300030313
3000303132
0003031323
0030313230
0303132303
3031323031
0313230310
3132303100
1323031003
3230310030
2303100303
3031003030
0310030303
3100303030
1003030301
0030303010
0303030103
3030301033
0303010333
3030103332
0301033322
3010333220
0103332202
1033322020
0333220202
3332202020
3322020200
3220202000
2202020003
2020200030
0202000303
2020003030
0200030303
2000303031
0003030313
0030303133
0303031333
3030313333
0303133332
3031333323
0313333230
3133332301
1333323013
3333230133
3332301333
3323013332
3230133321
2301333210
3013332103
0133321033
1333210333
3332103330
3321033300
3210333002
2103330021
1033300210
0333002102
3330021020
3300210203
3002102033
0021020332
0210203320
2102033203
1020332031
0203320313
2033203133
0332031333
3320313331
3203133313
2031333132
0313331323
3133313233
1333132332
3331323322
3313233223
3132332231
1323322310
3233223102
2332231023
3322310230
3223102300
2231023000
2310230003
3102300031
1023000310
0230003102
2300031023
3000310232
0003102322
0031023223
0310232230
3102322302
1023223021
0232230213
2322302130
3223021300
2230213003
2302130033
3021300333
0213003332
2130033320
1300333200
3003332003
0033320030
0333200301
3332003010
3320030101
3200301013
2003010130
0030101300
0301013003
3010130032
0101300321
1013003213
0130032131
1300321313
3003213132
0032131321
0321313213
3213132132
2131321323
1313213232
3132132322
1321323222
3213232221
2132322210
1323222102
3232221022
2322210222
3222102220
2221022202
2210222021
2102220210
1022202102
0222021020
2220210202
2202102021
2021020210
0210202100
2102021000
1020210002
0202100023
2021000233
0210002330
2100023303
1000233033
0002330333
0023303331
0233033310
2330333100
3303331002
3033310020
0333100200
3331002002
3310020020
3100200200
1002002000
0020020003
0200200032
2002000322
0020003223
0200032231
2000322310
0003223103
0032231033
0322310333
3223103333
2231033333
2310333330
3103333303
1033333030
0333330303
3333303032
3333030322
3330303220
3303032200
3030322000
0303220003
3032200032
0322000323
3220003233
2200032333
2000323332
0003233321
0032333212
0323332123
3233321230
2333212300
3332123002
3321230023
3212300231
2123002312
1230023120
2300231200
3002312000
0023120001
0231200010
2312000100
3120001003
1200010030
2000100300
0001003000
0010030000
0100300001
1003000010
0030000103
0300001033
3000010333
0000103333
0001033332
0010333320
0103333202
1033332023
0333320232
3333202320
3332023200
3320232000
3202320000
2023200000
0232000001
2320000012
3200000120
