311021223102232
110212231022322
102122310223220
021223102232200
212231022322002
122310223220022
223102232200220
231022322002202
310223220022021
102232200220213
022322002202132
223220022021320
232200220213202
322002202132021
220022021320213
200220213202132
002202132021323
022021320213233
220213202132332
202132021323322
021320213233223
213202132332232
132021323322320
320213233223201
202132332232011
021323322320110
213233223201100
132332232011000
323322320110002
233223201100020
332232011000201
322320110002013
223201100020132
232011000201323
320110002013233
201100020132333
011000201323332
110002013233322
100020132333220
000201323332200
002013233322001
020132333220011
201323332200110
013233322001101
132333220011013
323332200110130
233322001101301
333220011013011
332200110130111
322001101301110
220011013011103
200110130111033
001101301110333
011013011103332
110130111033322
101301110333222
013011103332220
130111033322202
301110333222021
011103332220212
111033322202120
110333222021200
103332220212002
033322202120022
333222021200222
332220212002221
322202120022210
222021200222100
220212002221002
202120022210022
021200222100221
212002221002213
120022210022132
200222100221322
002221002213220
022210022132203
222100221322033
221002213220331
210022132203312
100221322033122
002213220331222
022132203312220
221322033122202
213220331222020
132203312220202
322033122202021
220331222020211
203312220202112
033122202021122
331222020211222
312220202112220
122202021122202
222020211222021
220202112220210
202021122202101
020211222021010
202112220210103
021122202101033
211222021010330
112220210103303
122202101033030
222021010330300
220210103303000
202101033030003
021010330300030
210103303000300
101033030003001
010330300030011
103303000300113
033030003001133
330300030011333
303000300113331
030003001133313
300030011333132
000300113331323
003001133313232
030011333132322
300113331323221
001133313232212
011333132322122
113331323221222
133313232212220
333132322122203
331323221222032
313232212220322
132322122203221
323221222032210
232212220322102
322122203221021
221222032210211
212220322102110
122203221021103
222032210211030
220322102110302
203221021103022
032210211030220
322102110302201
221021103022013
210211030220131
102110302201311
021103022013113
211030220131130
110302201311303
103022013113032
030220131130322
302201311303221
022013113032213
220131130322132
201311303221321
013113032213213
131130322132132
311303221321321
113032213213211
130322132132112
303221321321121
032213213211211
322132132112113
221321321121131
213213211211313
132132112113132
321321121131323
213211211313230
132112113132303
321121131323033
211211313230331
112113132303310
121131323033102
211313230331021
113132303310210
131323033102102
313230331021021
132303310210210
323033102102102
230331021021021
303310210210211
033102102102113
331021021021133
310210210211332
102102102113322
021021021133222
210210211332221
102102113322211
021021133222111
210211332221113
102113322211132
021133222111322
211332221113222
113322211132220
133222111322201
332221113222011
322211132220112
222111322201120
221113222011202
211132220112020
111322201120201
113222011202011
132220112020112
322201120201122
222011202011222
220112020112220
201120201122201
011202011222013
112020112220132
120201122201322
202011222013222
020112220132220
201122201322201
011222013222011
112220132220112
122201322201122
222013222011221
220132220112211
201322201122110
013222011221102
132220112211021
322201122110212
222011221102121
220112211021212
201122110212123
011221102121232
112211021212322
122110212123222
221102121232221
211021212322213
110212123222131
102121232221310
021212322213101
212123222131011
121232221310112
212322213101122
123222131011221
232221310112210
322213101122102
222131011221021
221310112210213
213101122102132
131011221021322
310112210213222
101122102132221
011221021322211
112210213222110
122102132221102
221021322211021
210213222110212
102132221102121
021322211021213
213222110212132
132221102121321
322211021213210
222110212132102
221102121321021
211021213210211
110212132102111
102121321021111
021213210211112
212132102111120
121321021111202
213210211112020
132102111120202
321021111202021
210211112020211
102111120202112
021111202021121
211112020211213
111120202112133
111202021121330
112020211213302
120202112133021
202021121330213
020211213302130
202112133021301
021121330213013
211213302130131
112133021301310
121330213013101
213302130131012
133021301310121
330213013101211
302130131012113
021301310121132
213013101211321
130131012113210
301310121132102
013101211321020
131012113210202
310121132102022
101211321020220
012113210202200
121132102022002
211321020220020
113210202200202
132102022002021
321020220020211
210202200202113
102022002021132
020220020211322
202200202113221
022002021132212
220020211322122
200202113221223
002021132212232
020211322122322
202113221223220
021132212232201
211322122322013
113221223220133
132212232201333
322122322013332
221223220133323
212232201333232
122322013332322
223220133323223
232201333232232
322013332322321
220133323223211
201333232232111
013332322321113
133323223211131
333232232111312
332322321113121
323223211131213
232232111312131
322321113121313
223211131213133
232111312131331
321113121313311
211131213133112
111312131331123
113121313311232
131213133112323
312131331123231
121313311232313
213133112323130
131331123231303
313311232313032
133112323130321
331123231303213
311232313032131
112323130321312
123231303213122
232313032131222
323130321312220
231303213122202
313032131222021
130321312220213
303213122202132
032131222021321
321312220213213
213122202132131
131222021321311
312220213213113
122202132131132
222021321311321
220213213113211
202132131132112
021321311321121
213213113211211
132131132112112
321311321121121
213113211211211
131132112112113
311321121121133
113211211211331
132112112113311
321121121133111
211211211331111
112112113311111
121121133111113
211211331111131
112113311111312
121133111113121
211331111131210
113311111312102
133111113121022
331111131210221
311111312102210
111113121022100
111131210221002
111312102210022
113121022100222
131210221002220
312102210022203
121022100222032
210221002220322
102210022203221
022100222032211
221002220322112
210022203221122
100222032211221
002220322112211
022203221122112
222032211221122
220322112211220
203221122112202
032211221122022
322112211220221
221122112202212
211221122022121
112211220221212
122112202212121
221122022121212
211220221212122
112202212121221
122022121212213
220221212122131
202212121221312
022121212213121
221212122131213
212121221312132
121212213121322
212122131213221
121221312132213
212213121322131
122131213221313
221312132213130
213121322131302
131213221313020
312132213130203
121322131302033
213221313020332
132213130203321
322131302033212
221313020332121
213130203321211
131302033212111
313020332121111
130203321211110
302033212111103
020332121111033
203321211110332
033212111103321
332121111033213
321211110332133
212111103321330
121111033213302
211110332133022
111103321330221
111033213302213
110332133022132
103321330221322
033213302213223
332133022132232
321330221322322
213302213223222
133022132232222
330221322322221
302213223222211
022132232222110
221322322221101
213223222211011
132232222110110
322322221101101
223222211011011
232222110110112
322221101101122
222211011011222
222110110112220
221101101122202
211011011222023
110110112220231
101101122202313
011011222023131
110112220231311
101122202313113
011222023131132
112220231311322
122202313113220
222023131132201
220231311322010
202313113220102
023131132201022
231311322010222
313113220102222
131132201022222
311322010222221
113220102222210
132201022222101
322010222221011
220102222210110
201022222101102
010222221011021
102222210110213
022222101102131
222221011021310
222210110213101
222101102131011
221011021310110
210110213101102
101102131011020
011021310110203
110213101102031
102131011020311
021310110203110
213101102031102
131011020311021
310110203110210
101102031102101
011020311021010
110203110210102
102031102101020
020311021010201
203110210102012
031102101020121
311021010201213
110210102012132
102101020121323
021010201213231
210102012132311
101020121323110
010201213231102
102012132311022
020121323110222
201213231102223
012132311022232
121323110222321
213231102223213
132311022232132
323110222321320
231102223213200
311022232132002
110222321320022
102223213200222
022232132002221
222321320022212
223213200222122
232132002221221
321320022212213
213200222122131
132002221221310
320022212213102
200222122131023
002221221310233
022212213102331
222122131023312
221221310233121
212213102331210
122131023312100
221310233121002
213102331210021
131023312100213
310233121002131
102331210021311
023312100213112
233121002131120
331210021311201
312100213112012
121002131120122
210021311201222
100213112012221
002131120122211
021311201222110
213112012221100
131120122211002
311201222110021
112012221100210
120122211002102
201222110021021
012221100210213
122211002102132
222110021021322
221100210213223
211002102132232
110021021322321
100210213223213
002102132232130
021021322321302
210213223213020
102132232130202
021322321302023
213223213020233
132232130202332
322321302023322
223213020233222
232130202332220
321302023322202
213020233222020
130202332220202
302023322202022
020233222020220
202332220202202
023322202022022
233222020220221
332220202202213
322202022022130
222020220221303
220202202213031
202022022130311
020220221303113
202202213031133
022022130311332
220221303113320
202213031133202
022130311332022
221303113320222
213031133202221
130311332022213
303113320222132
031133202221321
311332022213212
113320222132123
133202221321233
332022213212332
320222132123322
202221321233222
022213212332221
222132123322211
221321233222111
213212332221111
132123322211111
321233222111110
212332221111102
123322211111020
233222111110202
332221111102022
322211111020220
222111110202202
221111102022022
211111020220221
111110202202212
111102022022120
111020220221201
110202202212013
102022022120132
020220221201321
202202212013210
022022120132102
220221201321022
202212013210222
022120132102221
221201321022213
212013210222132
120132102221321
201321022213213
013210222132131
132102221321311
321022213213110
210222132131102
102221321311023
022213213110233
222132131102331
221321311023310
213213110233100
132131102331001
321311023310011
213110233100113
131102331001133
311023310011330
110233100113302
102331001133023
023310011330232
233100113302320
331001133023202
310011330232021
100113302320213
001133023202132
011330232021323
113302320213233
133023202132331
330232021323310
302320213233102
023202132331021
232021323310213
320213233102132
202132331021322
021323310213223
213233102132232
132331021322322
323310213223220
233102132232203
331021322322033
310213223220331
102132232203312
021322322033121
213223220331211
132232203312110
322322033121101
223220331211012
232203312110122
322033121101221
220331211012212
203312110122120
033121101221202
331211012212022
312110122120222
121101221202223
211012212022231
110122120222312
101221202223122
012212022231221
122120222312213
221202223122132
212022231221320
120222312213202
202223122132022
022231221320220
222312213202203
223122132022031
231221320220311
312213202203112
122132022031121
221320220311211
213202203112113
132022031121132
320220311211320
202203112113203
022031121132032
220311211320321
203112113203211
031121132032113
311211320321132
112113203211320
121132032113202
211320321132020
113203211320200
132032113202002
320321132020020
203211320200200
032113202002002
321132020020022
211320200200221
113202002002210
132020020022103
320200200221031
202002002210312
020020022103122
200200221031220
002002210312200
020022103122002
200221031220023
002210312200230
022103122002302
221031220023022
210312200230221
103122002302210
031220023022102
312200230221020
122002302210202
220023022102020
200230221020202
002302210202022
023022102020222
230221020202220
302210202022200
022102020222000
221020202220002
210202022200021
102020222000213
020202220002132
202022200021323
020222000213231
202220002132310
022200021323102
222000213231021
220002132310213
200021323102132
000213231021321
002132310213212
021323102132120
213231021321203
132310213212031
323102132120311
231021321203112
310213212031123
102132120311232
021321203112321
213212031123211
132120311232113
321203112321131
212031123211311
120311232113111
203112321131110
031123211311102
311232113111021
112321131110211
123211311102111
232113111021111
321131110211112
211311102111121
113111021111211
131110211112113
311102111121133
111021111211333
110211112113333
102111121133331
021111211333313
211112113333133
111121133331331
111211333313311
112113333133110
121133331331102
211333313311020
113333133110203
133331331102031
333313311020313
333133110203133
331331102031333
313311020313332
133110203133322
331102031333222
311020313332220
110203133322201
102031333222011
020313332220113
203133322201132
031333222011322
313332220113222
133322201132222
333222011322223
332220113222231
322201132222310
222011322223101
220113222231012
201132222310122
011322223101221
113222231012213
132222310122131
322223101221311
222231012213113
222310122131133
223101221311330
231012213113302
310122131133020
101221311330202
012213113302023
122131133020231
221311330202310
213113302023101
131133020231011
311330202310112
113302023101120
133020231011201
330202310112010
302023101120100
020231011201000
202310112010003
023101120100031
231011201000313
310112010003132
101120100031323
011201000313231
112010003132313
120100031323133
201000313231331
010003132313313
100031323133131
000313231331313
003132313313133
031323133131331
313231331313311
132313313133113
323133131331131
231331313311311
313313133113113
133131331131132
331313311311320
313133113113203
131331131132033
313311311320331
133113113203313
331131132033133
311311320331333
113113203313333
131132033133332
311320331333321
113203313333210
132033133332103
320331333321032
203313333210322
033133332103220
331333321032200
313333210322003
133332103220033
333321032200333
333210322003332
332103220033320
321032200333201
210322003332011
103220033320113
032200333201132
322003332011322
220033320113220
200333201132203
003332011322030
033320113220300
333201132203003
332011322030032
320113220300320
201132203003200
011322030032000
113220300320002
132203003200020
322030032000201
220300320002013
203003200020131
030032000201311
300320002013113
003200020131133
032000201311331
320002013113311
200020131133111
000201311331113
002013113311133
020131133111333
201311331113331
013113311133311
131133111333113
311331113331132
113311133311323
133111333113231
331113331132313
311133311323131
111333113231310
113331132313103
133311323131031
333113231310312
331132313103121
311323131031210
113231310312102
132313103121023
323131031210231
231310312102312
313103121023120
131031210231203
310312102312030
103121023120301
031210231203012
312102312030122
121023120301223
210231203012231
102312030122313
023120301223132
231203012231322
312030122313220
120301223132202
203012231322023
030122313220232
301223132202321
012231322023210
122313220232102
223132202321021
231322023210213
313220232102133
132202321021331
322023210213312
220232102133120
202321021331201
023210213312013
232102133120133
321021331201333
210213312013331
102133120133311
021331201333111
213312013331113
133120133311132
331201333111321
312013331113212
120133311132120
201333111321202
013331113212021
133311132120213
333111321202132
331113212021322
311132120213220
111321202132202
113212021322023
132120213220230
321202132202301
212021322023013
120213220230131
202132202301311
021322023013111
213220230131111
132202301311113
322023013111131
220230131111311
202301311113110
023013111131101
230131111311013
301311113110132
013111131101321
131111311013210
311113110132103
111131101321032
111311013210320
113110132103201
131101321032011
311013210320110
110132103201101
101321032011012
013210320110122
132103201101222
321032011012220
210320110122200
103201101222001
032011012220011
320110122200110
201101222001102
011012220011020
110122200110202
101222001102021
012220011020213
122200110202132
222001102021322
220011020213223
200110202132231
001102021322311
011020213223113
110202132231132
102021322311322
020213223113221
202132231132212
021322311322121
213223113221211
132231132212112
322311322121120
223113221211202
231132212112023
311322121120231
113221211202311
132212112023111
322121120231111
221211202311113
212112023111131
121120231111311
211202311113112
112023111131120
120231111311202
202311113112022
023111131120220
231111311202202
311113112022022
111131120220221
111311202202211
113112022022113
131120220221131
311202202211311
112022022113111
120220221131110
202202211311102
022022113111020
220221131110203
202211311102032
022113111020322
221131110203220
211311102032201
113111020322011
131110203220113
311102032201132
111020322011323
110203220113233
102032201132332
020322011323322
203220113233220
032201132332201
322011323322012
220113233220122
201132332201222
011323322012221
113233220122211
132332201222111
323322012221112
233220122211120
332201222111202
322012221112022
220122211120221
201222111202210
012221112022102
122211120221020
222111202210202
221112022102021
211120221020210
111202210202103
112022102021033
120221020210331
202210202103311
022102021033110
221020210331100
210202103311002
102021033110022
020210331100220
202103311002202
021033110022020
210331100220203
103311002202032
033110022020321
331100220203211
311002202032111
110022020321110
100220203211102
002202032111020
022020321110202
220203211102022
202032111020221
020321110202213
203211102022131
032111020221311
321110202213113
211102022131133
111020221311331
110202213113311
102022131133113
020221311331131
202213113311311
022131133113113
221311331131131
213113311311311
131133113113113
311331131131132
113311311311320
133113113113200
331131131132001
311311311320010
113113113200101
131131132001011
311311320010113
113113200101131
131132001011312
311320010113122
113200101131221
132001011312210
320010113122100
200101131221000
001011312210001
010113122100013
101131221000131
011312210001311
113122100013110
131221000131100
312210001311002
122100013110021
221000131100210
210001311002101
100013110021010
000131100210101
001311002101011
013110021010110
131100210101103
311002101011031
110021010110311
100210101103113
002101011031132
021010110311320
210101103113202
101011031132021
010110311320211
101103113202111
011031132021112
110311320211123
103113202111232
031132021112322
311320211123220
113202111232203
132021112322032
320211123220320
202111232203202
021112322032022
211123220320220
111232203202202
112322032022021
123220320220210
232203202202102
322032022021021
220320220210210
203202202102102
032022021021021
320220210210212
202202102102120
022021021021202
220210210212021
202102102120210
021021021202101
210210212021013
102102120210132
021021202101321
210212021013210
102120210132102
021202101321022
212021013210221
120210132102213
202101321022132
021013210221322
210132102213221
101321022132211
013210221322112
132102213221123
321022132211231
210221322112313
102213221123131
022132211231311
221322112313112
213221123131123
132211231311232
322112313112321
221123131123210
211231311232101
112313112321010
123131123210102
231311232101022
313112321010221
131123210102210
311232101022101
112321010221011
123210102210111
232101022101113
321010221011131
210102210111310
101022101113102
010221011131021
102210111310211
022101113102113
221011131021133
210111310211331
101113102113313
011131021133132
111310211331322
113102113313222
131021133132220
310211331322202
102113313222022
021133132220223
211331322202230
113313222022301
133132220223012
331322202230121
313222022301213
132220223012132
322202230121321
222022301213211
220223012132111
202230121321110
022301213211102
223012132111021
230121321110213
301213211102132
012132111021321
121321110213213
213211102132132
132111021321321
321110213213211
211102132132111
111021321321111
110213213211110
102132132111101
021321321111010
213213211110100
132132111101001
321321111010012
213211110100120
132111101001202
321111010012022
211110100120221
111101001202213
111010012022132
110100120221322
101001202213220
010012022132200
100120221322002
001202213220020
012022132200202
120221322002020
202213220020202
022132200202020
221322002020203
213220020202031
132200202020311
322002020203113
220020202031131
200202020311311
002020203113113
020202031131132
202020311311322
020203113113223
202031131132230
020311311322301
203113113223011
031131132230111
311311322301110
113113223011101
131132230111013
311322301110131
113223011101311
132230111013112
322301110131122
223011101311222
230111013112222
301110131122220
011101311222200
111013112222002
110131122220021
101311222200210
013112222002103
131122220021032
311222200210322
112222002103221
122220021032213
222200210322132
222002103221322
220021032213220
200210322132201
002103221322010
021032213220102
210322132201023
103221322010232
032213220102321
322132201023213
221322010232132
213220102321321
132201023213210
322010232132102
220102321321022
201023213210222
010232132102220
102321321022200
023213210222002
232132102220022
321321022200220
213210222002203
132102220022031
321022200220312
210222002203122
102220022031222
022200220312221
222002203122212
220022031222121
200220312221211
002203122212111
022031222121110
220312221211102
203122212111020
031222121110202
312221211102020
122212111020200
222121110202001
221211102020011
212111020200111
121110202001110
211102020011103
111020200111033
110202001110331
102020011103311
020200111033112
202001110331120
020011103311202
200111033112023
001110331120232
011103311202322
111033112023221
110331120232211
103311202322111
033112023221113
331120232211132
311202322111322
112023221113220
120232211132202
202322111322023
023221113220230
232211132202301
322111322023010
221113220230103
211132202301031
111322023010313
113220230103131
132202301031310
322023010313100
220230103131002
202301031310023
023010313100232
230103131002322
301031310023220
010313100232200
103131002322000
031310023220001
313100232200011
131002322000112
310023220001122
100232200011220
002322000112202
023220001122021
232200011220211
322000112202113
220001122021132
200011220211323
000112202113231
001122021132311
011220211323112
112202113231121
122021132311212
220211323112122
202113231121223
021132311212230
211323112122302
113231121223020
132311212230201
323112122302013
231121223020133
311212230201331
112122302013313
121223020133133
212230201331331
122302013313312
223020133133121
230201331331211
302013313312111
020133133121113
201331331211132
013313312111320
133133121113200
331331211132002
313312111320020
133121113200200
331211132002001
312111320020013
121113200200132
211132002001321
111320020013210
113200200132102
132002001321021
320020013210212
200200132102120
002001321021200
020013210212002
200132102120022
001321021200220
013210212002200
132102120022001
321021200220012
210212002200121
102120022001211
021200220012111
212002200121111
120022001211111
200220012111112
002200121111122
022001211111222
220012111112221
200121111122213
001211111222131
012111112221311
121111122213110
211111222131100
111112221311002
111122213110020
111222131100203
112221311002032
122213110020322
222131100203221
221311002032211
213110020322113
131100203221133
311002032211332
110020322113321
100203221133210
002032211332102
020322113321020
203221133210202
032211332102023
322113321020233
221133210202331
211332102023311
113321020233113
133210202331133
332102023311331
321020233113310
210202331133101
102023311331013
020233113310133
202331133101332
023311331013321
233113310133213
331133101332132
311331013321322
113310133213220
133101332132200
331013321322003
310133213220032
101332132200322
013321322003222
133213220032220
332132200322201
321322003222012
213220032220122
132200322201223
322003222012231
220032220122311
200322201223113
003222012231131
032220122311311
322201223113110
222012231131102
220122311311021
201223113110213
012231131102131
122311311021312
223113110213122
231131102131222
311311021312221
113110213122210
131102131222102
311021312221022
110213122210221
102131222102211
021312221022113
213122210221132
131222102211321
312221022113212
122210221132120
222102211321201
221022113212013
210221132120133
102211321201331
022113212013311
221132120133110
211321201331101
113212013311011
132120133110110
321201331101102
212013311011022
120133110110220
201331101102201
013311011022013
133110110220132
331101102201321
311011022013212
110110220132121
101102201321211
011022013212111
110220132121110
102201321211102
022013212111022
220132121110222
201321211102220
013212111022202
132121110222020
321211102220200
212111022202002
121110222020020
211102220200201
111022202002012
110222020020120
102220200201202
022202002012022
222020020120222
220200201202221
202002012022211
020020120222110
200201202221102
002012022211021
020120222110213
201202221102132
012022211021323
120222110213232
202221102132321
022211021323210
222110213232102
221102132321023
211021323210230
110213232102300
102132321023000
021323210230001
213232102300013
132321023000131
323210230001311
232102300013111
321023000131113
210230001311132
102300013111321
023000131113213
230001311132132
300013111321322
000131113213223
001311132132233
013111321322333
131113213223333
311132132233333
111321322333330
113213223333301
132132233333013
321322333330132
213223333301321
132233333013210
322333330132100
223333301321003
233333013210033
333330132100333
333301321003331
333013210033312
330132100333120
301321003331202
013210033312022
132100333120220
321003331202203
210033312022032
100333120220322
003331202203221
033312022032213
333120220322133
331202203221331
312022032213313
120220322133132
202203221331323
022032213313232
220322133132322
203221331323221
032213313232213
322133132322132
221331323221322
213313232213223
133132322132231
331323221322311
313232213223111
132322132231110
323221322311100
232213223111002
322132231110022
221322311100221
213223111002210
132231110022101
322311100221010
223111002210101
231110022101013
311100221010131
111002210101313
110022101013133
100221010131332
002210101313321
022101013133211
221010131332111
210101313321111
101013133211110
010131332111101
101313321111010
013133211110101
131332111101012
313321111010121
133211110101211
332111101012111
321111010121111
211110101211112
111101012111122
111010121111223
110101211112232
101012111122322
010121111223221
101211112232210
012111122322102
121111223221022
211112232210223
111122322102231
111223221022310
112232210223100
122322102231002
223221022310020
232210223100201
322102231002011
221022310020111
210223100201113
102231002011130
022310020111300
223100201113000
231002011130002
310020111300022
100201113000220
002011130002202
020111300022022
201113000220221
011130002202211
111300022022111
113000220221111
130002202211112
300022022111123
000220221111233
002202211112331
022022111123311
220221111233110
202211112331102
022111123311022
221111233110220
211112331102201
111123311022011
111233110220110
112331102201100
123311022011002
233110220110020
331102201100200
311022011002002
110220110020020
102201100200201
022011002002011
220110020020110
201100200201101
011002002011012
110020020110121
100200201101211
002002011012111
020020110121113
200201101211132
002011012111322
020110121113223
201101211132232
011012111322321
110121113223213
101211132232131
012111322321310
121113223213100
211132232131001
111322321310010
113223213100101
132232131001011
322321310010110
223213100101102
232131001011021
321310010110212
213100101102120
131001011021200
310010110212002
100101102120023
001011021200231
010110212002311
101102120023111
011021200231111
110212002311110
102120023111101
021200231111013
212002311110132
120023111101321
200231111013213
002311110132132
023111101321321
231111013213210
311110132132100
111101321321002
111013213210023
110132132100232
101321321002321
013213210023213
132132100232130
321321002321301
213210023213010
132100232130102
321002321301021
210023213010212
100232130102120
002321301021201
023213010212011
232130102120110
321301021201102
213010212011021
130102120110210
301021201102100
010212011021002
102120110210020
021201102100201
212011021002010
120110210020103
201102100201033
011021002010333
110210020103331
102100201033311
021002010333111
210020103331112
100201033311121
002010333111210
020103331112101
201033311121011
010333111210112
103331112101120
033311121011203
333111210112032
331112101120320
311121011203200
111210112032002
112101120320020
121011203200200
210112032002001
101120320020013
011203200200131
112032002001313
120320020013131
203200200131311
032002001313110
320020013131103
200200131311032
002001313110321
020013131103212
200131311032120
001313110321202
013131103212021
131311032120213
313110321202131
131103212021311
311032120213112
110321202131120
103212021311200
032120213112003
321202131120032
212021311200322
120213112003221
202131120032211
021311200322113
213112003221132
131120032211322
311200322113221
112003221132213
120032211322131
200322113221310
003221132213103
032211322131031
322113221310311
221132213103110
211322131031103
113221310311032
132213103110322
322131031103223
221310311032232
213103110322321
131031103223211
310311032232113
103110322321133
031103223211330
311032232113301
110322321133012
103223211330122
032232113301222
322321133012222
223211330122220
232113301222200
321133012222000
211330122220003
113301222200032
133012222000323
330122220003231
301222200032313
012222000323131
122220003231311
222200032313113
222000323131133
220003231311332
200032313113322
000323131133223
003231311332232
032313113322321
323131133223213
231311332232132
313113322321322
131133223213223
311332232132232
113322321322322
133223213223220
332232132232202
322321322322020
223213223220200
232132232202001
321322322020010
213223220200100
132232202001000
322322020010000
223220200100001
232202001000011
322020010000112
220200100001122
202001000011222
020010000112220
200100001122200
001000011222003
010000112220032
100001122200320
000011222003202
000112220032021
001122200320213
011222003202130
112220032021300
122200320213002
222003202130021
220032021300210
200320213002102
003202130021022
032021300210222
320213002102223
202130021022232
021300210222322
213002102223223
130021022232231
300210222322313
002102223223132
021022232231322
210222322313221
102223223132210
022232231322101
222322313221012
223223132210123
232231322101231
322313221012312
223132210123121
231322101231212
313221012312122
132210123121221
322101231212213
221012312122132
210123121221321
101231212213212
012312122132122
123121221321220
231212213212200
312122132122002
121221321220022
212213212200221
122132122002213
221321220022133
213212200221332
132122002213320
321220022133202
212200221332021
122002213320211
220022133202113
200221332021132
002213320211323
022133202113232
221332021132322
213320211323221
133202113232210
332021132322102
320211323221023
202113232210232
021132322102322
211323221023220
113232210232201
132322102322010
323221023220102
232210232201023
322102322010232
221023220102321
210232201023213
102322010232132
023220102321321
232201023213211
322010232132113
220102321321131
201023213211313
010232132113131
102321321131311
023213211313113
232132113131131
321321131311312
213211313113120
132113131131201
321131311312012
211313113120123
113131131201231
131311312012312
313113120123121
131131201231211
311312012312112
113120123121120
131201231211201
312012312112010
120123121120102
201231211201022
012312112010223
123121120102233
231211201022331
312112010223313
121120102233132
211201022331322
112010223313221
120102233132213
201022331322132
010223313221321
102233132213210
022331322132102
223313221321020
233132213210203
331322132102031
313221321020312
132213210203123
322132102031231
221321020312312
213210203123121
132102031231213
321020312312131
210203123121312
102031231213122
020312312131223
203123121312232
031231213122322
312312131223222
123121312232222
231213122322220
312131223222201
121312232222010
213122322220100
131223222201002
312232222010022
122322220100222
223222201002223
232222010022231
322220100222311
222201002223110
222010022231102
220100222311020
201002223110202
010022231102021
100222311020211
002223110202110
022231102021101
222311020211013
223110202110132
231102021101323
311020211013232
110202110132322
102021101323221
020211013232213
202110132322133
021101323221333
211013232213333
110132322133332
101323221333320
013232213333201
132322133332010
323221333320100
232213333201001
322133332010010
221333320100103
213333201001031
133332010010313
333320100103131
333201001031311
332010010313110
320100103131103
201001031311031
010010313110310
100103131103102
001031311031021
010313110310211
103131103102113
031311031021132
313110310211322
131103102113220
311031021132201
110310211322013
103102113220132
031021132201321
310211322013213
102113220132130
021132201321301
211322013213011
113220132130113
132201321301131
322013213011310
220132130113101
201321301131011
013213011310110
132130113101103
321301131011031
213011310110310
130113101103102
301131011031023
011310110310232
113101103102322
131011031023222
310110310232222
101103102322220
011031023222202
110310232222022
103102322220220
031023222202201
310232222022011
102322220220110
023222202201102
232222022011020
322220220110203
222202201102032
222022011020321
220220110203213
202201102032132
022011020321321
220110203213210
201102032132102
011020321321020
110203213210200
102032132102003
020321321020030
203213210200301
032132102003010
321321020030102
213210200301021
132102003010210
321020030102101
210200301021011
102003010210111
020030102101110
200301021011100
003010210111002
030102101110023
301021011100231
010210111002310
102101110023100
021011100231002
210111002310020
101110023100200
011100231002000
111002310020003
110023100200031
100231002000313
002310020003132
023100200031323
231002000313233
310020003132333
100200031323332
002000313233320
020003132333201
200031323332010
000313233320102
003132333201020
031323332010200
313233320102000
132333201020001
323332010200011
233320102000111
333201020001111
332010200011113
320102000111130
201020001111301
010200011113010
102000111130100
020001111301002
200011113010022
000111130100220
001111301002201
011113010022010
111130100220103
111301002201032
113010022010320
130100220103201
301002201032010
010022010320101
100220103201013
002201032010131
022010320101313
220103201013132
201032010131322
010320101313222
103201013132220
032010131322200
320101313222000
201013132220000
010131322200001
101313222000010
013132220000101
131322200001010
313222000010101
132220000101011
322200001010110
222000010101100
220000101011002
200001010110020
000010101100202
000101011002020
001010110020202
010101100202022
101011002020221
010110020202211
101100202022111
011002020221111
110020202211111
100202022111112
002020221111123
020202211111231
202022111112313
020221111123133
202211111231333
022111112313332
221111123133320
211111231333201
111112313332011
111123133320111
111231333201113
112313332011130
123133320111301
231333201113010
313332011130102
133320111301023
333201113010233
332011130102331
320111301023310
201113010233101
011130102331013
111301023310132
113010233101322
130102331013221
301023310132213
010233101322132
102331013221323
023310132213233
233101322132331
331013221323310
310132213233101
101322132331011
013221323310110
132213233101101
322132331011011
221323310110113
213233101101132
132331011011321
323310110113212
233101101132122
331011011321222
310110113212222
101101132122221
011011321222211
110113212222110
101132122221102
011321222211023
113212222110232
132122221102322
321222211023222
212222110232221
122221102322211
222211023222111
222110232221111
221102322211110
211023222111101
110232221111012
102322211110122
023222111101221
232221111012211
322211110122111
222111101221111
221111012211110
211110122111101
111101221111012
111012211110121
110122111101210
101221111012102
012211110121022
122111101210221
221111012102211
211110121022111
111101210221110
111012102211102
110121022111023
101210221110232
012102211102321
121022111023210
210221110232100
102211102321001
022111023210010
221110232100100
211102321001001
111023210010012
110232100100121
102321001001211
023210010012113
232100100121130
321001001211301
210010012113011
100100121130112
001001211301122
010012113011220
100121130112202
001211301122021
012113011220210
121130112202101
211301122021011
113011220210110
130112202101100
301122021011001
011220210110011
112202101100113
122021011001132
220210110011320
202101100113202
021011001132021
210110011320212
101100113202123
011001132021232
110011320212322
100113202123223
001132021232232
011320212322322
113202123223223
132021232232232
320212322322322
202123223223222
021232232232222
212322322322220
123223223222202
232232232222021
322322322220212
223223222202120
232232222021202
322322220212022
223222202120222
232222021202221
322220212022211
222202120222111
222021202221111
220212022211111
202120222111113
021202221111132
212022211111320
120222111113200
202221111132002
022211111320022
222111113200222
221111132002221
211111320022210
111113200222103
111132002221031
111320022210311
113200222103110
132002221031102
320022210311022
200222103110221
002221031102211
022210311022113
222103110221132
221031102211322
210311022113220
103110221132200
031102211322002
311022113220022
110221132200223
102211322002232
022113220022321
221132200223211
211322002232110
113220022321102
132200223211021
322002232110211
220022321102110
200223211021101
002232110211011
022321102110112
223211021101120
232110211011201
321102110112010
211021101120101
110211011201011
102110112010113
021101120101130
211011201011301
110112010113010
101120101130102
011201011301021
112010113010210
120101130102103
201011301021031
010113010210313
101130102103131
011301021031312
113010210313122
130102103131222
301021031312221
010210313122213
102103131222130
021031312221303
210313122213032
103131222130322
031312221303220
313122213032202
131222130322021
312221303220211
122213032202112
222130322021121
221303220211211
213032202112112
130322021121122
303220211211221
032202112112212
322021121122122
220211211221222
202112112212220
021121122122200
211211221222000
112112212220002
121122122200022
211221222000221
112212220002212
122122200022122
221222000221222
212220002212220
122200022122202
222000221222022
220002212220220
200022122202200
000221222022001
002212220220010
022122202200101
221222022001011
212220220010110
122202200101103
222022001011032
220220010110320
202200101103203
022001011032032
220010110320321
200101103203212
001011032032122
010110320321223
101103203212231
011032032122311
110320321223111
103203212231110
032032122311101
320321223111012
203212231110122
032122311101221
321223111012212
212231110122123
122311101221232
223111012212323
231110122123231
311101221232313
111012212323132
110122123231323
101221232313232
012212323132321
122123231323213
221232313232132
212323132321322
123231323213222
232313232132221
323132321322210
231323213222103
313232132221031
132321322210313
323213222103133
232132221031331
321322210313310
213222103133100
132221031331001
322210313310011
222103133100113
221031331001132
210313310011322
103133100113220
031331001132202
313310011322020
133100113220200
331001132202002
310011322020022
100113220200222
001132202002221
011322020022212
113220200222120
132202002221201
322020022212010
220200222120101
202002221201012
020022212010121
200222120101213
002221201012132
022212010121323
222120101213230
221201012132301
212010121323010
120101213230103
201012132301031
010121323010311
101213230103113
012132301031132
121323010311322
213230103113223
132301031132231
323010311322312
230103113223122
301031132231222
010311322312221
103113223122210
031132231222102
311322312221021
113223122210210
132231222102102
322312221021022
223122210210222
231222102102222
312221021022222
122210210222220
222102102222200
221021022222002
210210222220020
102102222200203
021022222002032
210222220020321
102222200203211
022222002032113
222220020321132
222200203211321
222002032113211
220020321132111
200203211321111
002032113211110
020321132111102
203211321111021
032113211110210
321132111102101
211321111021010
113211110210100
132111102101000
321111021010001
211110210100011
111102101000110
111021010001102
110210100011023
102101000110233
021010001102330
210100011023300
101000110233003
010001102330031
100011023300311
000110233003110
001102330031102
011023300311020
110233003110200
102330031102000
023300311020002
233003110200023
330031102000231
300311020002313
003110200023132
031102000231321
311020002313212
110200023132123
102000231321233
020002313212332
200023132123322
000231321233220
002313212332202
023132123322020
231321233220202
313212332202020
132123322020200
321233220202001
212332202020010
123322020200100
233220202001003
332202020010032
322020200100323
220202001003232
202020010032320
020200100323203
202001003232031
020010032320312
200100323203120
001003232031200
010032320312002
100323203120020
003232031200200
032320312002002
323203120020020
232031200200200
320312002002000
203120020020003
031200200200031
312002002000311
120020020003112
200200200031121
002002000311210
020020003112103
200200031121032
002000311210320
020003112103200
200031121032001
000311210320010
003112103200102
031121032001022
311210320010220
112103200102202
121032001022021
210320010220212
103200102202123
032001022021232
320010220212321
200102202123210
001022021232101
010220212321012
102202123210120
022021232101202
220212321012023
202123210120232
021232101202322
212321012023222
123210120232221
232101202322210
321012023222102
210120232221022
101202322210220
012023222102202
120232221022022
202322210220222
023222102202222
232221022022222
322210220222223
222102202222232
221022022222322
210220222223220
102202222232202
022022222322022
220222223220220
202222232202202
022222322022022
222223220220222
222232202202222
222322022022222
223220220222221
232202202222212
322022022222122
220220222221220
202202222212202
022022222122021
220222221220211
202222212202110
022222122021101
222221220211011
222212202110113
222122021101130
221220211011301
212202110113012
122021101130123
220211011301230
202110113012303
021101130123033
211011301230333
110113012303331
101130123033310
011301230333102
113012303331020
130123033310203
301230333102032
012303331020320
123033310203200
230333102032002
303331020320022
033310203200220
333102032002201
331020320022012
310203200220122
102032002201221
020320022012212
203200220122123
032002201221232
320022012212321
200220122123211
002201221232112
022012212321122
220122123211223
201221232112232
012212321122321
122123211223211
221232112232111
212321122321111
123211223211113
232112232111132
321122321111320
211223211113203
112232111132031
122321111320310
223211113203103
232111132031033
321111320310332
211113203103321
111132031033210
111320310332102
113203103321021
132031033210213
320310332102132
203103321021322
031033210213221
310332102132212
103321021322122
033210213221223
332102132212232
321021322122322
210213221223221
102132212232212
021322122322122
213221223221221
132212232212210
322122322122102
221223221221022
212232212210222
122322122102221
223221221022211
232212210222113
322122102221130
221221022211301
212210222113012
122102221130122
221022211301222
210222113012222
102221130122221
022211301222211
222113012222110
221130122221100
211301222211002
113012222110020
130122221100201
301222211002010
012222110020102
122221100201020
222211002010201
222110020102010
221100201020101
211002010201012
110020102010123
100201020101233
002010201012331
020102010123311
201020101233110
010201012331101
102010123311011
020101233110111
201012331101111
010123311011112
101233110111120
012331101111202
123311011112020
233110111120202
331101111202020
311011112020201
110111120202013
101111202020130
011112020201302
111120202013020
111202020130202
112020201302020
120202013020200
202020130202003
020201302020030
202013020200300
020130202003001
201302020030013
013020200300131
130202003001311
302020030013113
020200300131131
202003001311312
020030013113122
200300131131223
003001311312233
030013113122331
300131131223313
001311312233132
013113122331322
131131223313222
311312233132220
113122331322201
131223313222013
312233132220131
122331322201310
223313222013100
233132220131001
331322201310012
313222013100122
132220131001221
322201310012213
222013100122130
220131001221303
201310012213033
013100122130331
131001221303311
310012213033112
100122130331122
001221303311220
012213033112202
122130331122021
221303311220213
213033112202132
130331122021321
303311220213210
033112202132102
331122021321022
311220213210223
112202132102232
122021321022322
220213210223223
202132102232232
021321022322322
213210223223220
132102232232202
321022322322022
210223223220223
102232232202232
022322322022322
223223220223221
232232202232213
322322022322132
223220223221322
232202232213220
322022322132200
220223221322003
202232213220032
022322132200320
223221322003203
232213220032030
322132200320300
221322003203001
213220032030010
132200320300101
322003203001013
220032030010133
200320300101331
003203001013311
032030010133113
320300101331133
203001013311332
030010133113321
300101331133213
001013311332131
010133113321313
101331133213132
013311332131322
133113321313223
331133213132231
311332131322313
113321313223132
133213132231322
332131322313220
321313223132200
213132231322000
131322313220000
313223132200003
132231322000031
322313220000313
223132200003133
231322000031333
313220000313332
132200003133321
322000031333213
220000313332132
200003133321322
000031333213220
000313332132202
003133321322022
031333213220222
313332132202223
133321322022232
333213220222321
332132202223211
321322022232110
213220222321101
132202223211011
322022232110112
220222321101122
202223211011220
022232110112202
222321101122022
223211011220220
232110112202201
321101122022010
211011220220103
110112202201033
101122022010331
011220220103311
112202201033113
122022010331132
220220103311321
202201033113211
022010331132111
220103311321111
201033113211111
010331132111110
103311321111102
033113211111022
331132111110221
311321111102211
113211111022110
132111110221103
321111102211032
211111022110320
111110221103200
111102211032002
111022110320020
110221103200200
102211032002002
022110320020023
221103200200232
211032002002322
110320020023222
103200200232222
032002002322222
320020023222223
200200232222232
002002322222322
020023222223222
200232222232220
002322222322202
023222223222020
232222232220201
322222322202011
222223222020110
222232220201102
222322202011020
223222020110202
232220201102022
322202011020222
222020110202222
220201102022222
202011020222223
020110202222233
201102022222333
011020222223331
110202222233312
102022222333122
020222223331220
202222233312202
022222333122022
222223331220222
222233312202222
222333122022222
223331220222223
233312202222232
333122022222322
331220222223220
312202222232202
122022222322022
220222223220222
202222232202222
022222322022222
222223220222222
222232202222223
222322022222232
223220222222321
232202222223213
322022222232131
220222222321311
202222223213113
022222232131131
222222321311310
222223213113102
222232131131022
222321311310223
223213113102232
232131131022322
321311310223220
213113102232202
131131022322022
311310223220220
113102232202202
131022322022022
310223220220221
102232202202212
022322022022122
223220220221220
232202202212202
322022022122022
220220221220220
202202212202203
022022122022030
220221220220303
202212202203030
022122022030303
221220220303030
212202203030302
122022030303022
220220303030221
202203030302212
022030303022122
220303030221221
203030302212210
030303022122100
303030221221001
030302212210012
303022122100121
030221221001210
302212210012102
022122100121021
221221001210211
212210012102113
122100121021131
221001210211310
210012102113100
100121021131000
001210211310003
012102113100030
121021131000300
210211310003003
102113100030032
021131000300320
211310003003201
113100030032011
131000300320111
310003003201113
100030032011132
000300320111320
003003201113202
030032011132020
300320111320203
003201113202032
032011132020322
320111320203220
201113202032201
011132020322012
111320203220122
113202032201222
132020322012222
320203220122220
202032201222202
020322012222022
203220122220220
032201222202201
322012222022012
220122220220122
201222202201222
012222022012222
122220220122223
222202201222232
222022012222323
220220122223231
202201222232311
022012222323113
220122223231133
201222232311331
012222323113310
122223231133103
222232311331031
222323113310310
223231133103102
232311331031023
323113310310231
231133103102311
311331031023111
113310310231111
133103102311113
331031023111132
310310231111322
103102311113222
031023111132221
310231111322210
102311113222103
023111132221031
231111322210311
311113222103113
111132221031132
111322210311323
113222103113230
132221031132303
322210311323030
222103113230301
221031132303011
210311323030111
103113230301111
031132303011110
311323030111102
113230301111021
132303011110213
323030111102133
230301111021333
303011110213332
030111102133320
301111021333200
011110213332000
111102133320002
111021333200023
110213332000232
102133320002320
021333200023203
213332000232032
133320002320322
333200023203220
332000232032200
320002320322002
200023203220022
000232032200221
002320322002211
023203220022110
232032200221101
320322002211012
203220022110122
032200221101222
322002211012222
220022110122220
200221101222200
002211012222002
022110122220023
221101222200232
211012222002320
110122220023200
101222200232003
012222002320030
122220023200303
222200232003033
222002320030330
220023200303300
200232003033002
002320030330021
023200303300210
232003033002103
320030330021033
200303300210330
003033002103301
030330021033011
303300210330113
033002103301132
330021033011320
300210330113200
002103301132001
021033011320013
210330113200132
103301132001321
033011320013210
330113200132102
301132001321021
011320013210211
113200132102110
132001321021101
320013210211013
200132102110132
001321021101323
013210211013232
132102110132320
321021101323202
210211013232022
102110132320223
021101323202230
211013232022302
110132320223020
101323202230201
013232022302012
132320223020120
323202230201202
232022302012023
320223020120232
202230201202321
022302012023211
223020120232110
230201202321101
302012023211012
020120232110123
201202321101232
012023211012322
120232110123220
202321101232201
023211012322011
232110123220111
321101232201111
211012322011112
110123220111120
101232201111202
012322011112020
123220111120202
232201111202021
322011112020211
220111120202110
201111202021101
011112020211010
111120202110100
111202021101002
112020211010022
120202110100223
202021101002231
020211010022310
202110100223103
021101002231031
211010022310313
110100223103132
101002231031321
010022310313213
100223103132133
002231031321331
022310313213313
223103132133132
231031321331323
310313213313232
103132133132320
031321331323202
313213313232021
132133132320212
321331323202121
213313232021212
133132320212122
331323202121222
313232021212220
132320212122201
323202121222012
232021212220122
320212122201223
202121222012232
021212220122321
212122201223213
121222012232132
212220122321322
122201223213221
222012232132213
220122321322132
201223213221320
012232132213202
122321322132022
223213221320220
232132213202201
321322132022012
213221320220122
132213202201221
322132022012212
221320220122123
213202201221232
132022012212323
320220122123231
202201221232311
022012212323113
220122123231132
201221232311321
012212323113210
122123231132103
221232311321033
212323113210332
123231132103323
232311321033232
323113210332323
231132103323231
311321033232312
113210332323121
132103323231211
321033232312111
210332323121110
103323231211101
033232312111011
332323121110111
323231211101111
232312111011110
323121110111102
231211101111020
312111011110202
121110111102021
211101111020211
111011110202111
110111102021111
101111020211110
011110202111101
111102021111011
111020211110113
110202111101132
102021111011321
020211110113211
202111101132112
021111011321121
211110113211213
111101132112131
111011321121313
110113211213131
101132112131312
011321121313121
113211213131213
132112131312132
321121313121322
211213131213223
112131312132231
121313121322311
213131213223113
131312132231131
313121322311313
131213223113131
312132231131311
121322311313110
213223113131103
132231131311033
322311313110332
223113131103323
231131311033232
311313110332320
113131103323201
131311033232011
313110332320113
131103323201131
311033232011312
110332320113122
103323201131221
033232011312210
332320113122101
323201131221013
232011312210131
320113122101312
201131221013123
011312210131232
113122101312322
131221013123221
312210131232211
122101312322112
221013123221121
210131232211211
101312322112111
013123221121113
131232211211132
312322112111322
123221121113223
232211211132231
322112111322311
221121113223113
211211132231132
112111322311322
121113223113221
211132231132212
111322311322123
113223113221233
132231132212331
322311322123313
223113221233131
231132212331313
311322123313132
113221233131322
132212331313221
322123313132210
221233131322103
212331313221031
123313132210310
233131322103103
331313221031032
313132210310320
131322103103203
313221031032031
132210310320312
322103103203123
221031032031232
210310320312323
103103203123230
031032031232301
310320312323011
103203123230112
032031232301121
320312323011211
203123230112112
031232301121122
312323011211220
123230112112200
232301121122002
323011211220021
230112112200210
301121122002101
011211220021011
112112200210110
121122002101102
211220021011022
112200210110220
122002101102202
220021011022021
200210110220213
002101102202132
021011022021321
210110220213210
101102202132102
011022021321022
110220213210221
102202132102210
022021321022100
220213210221003
202132102210032
021321022100321
213210221003210
132102210032102
321022100321020
210221003210203
102210032102032
022100321020322
221003210203220
210032102032202
100321020322021
003210203220213
032102032202132
321020322021321
210203220213210
102032202132102
020322021321020
203220213210202
032202132102021
322021321020211
220213210202111
202132102021111
021321020211112
213210202111120
132102021111202
321020211112023
210202111120230
102021111202301
020211112023010
202111120230100
021111202301002
211112023010021
111120230100213
111202301002132
112023010021320
120230100213202
202301002132021
023010021320210
230100213202100
301002132021002
010021320210021
100213202100213
002132021002131
021320210021311
213202100213112
132021002131121
320210021311210
202100213112101
021002131121011
210021311210113
100213112101131
002131121011310
021311210113100
213112101131001
131121011310011
311210113100110
112101131001103
121011310011031
210113100110310
101131001103103
011310011031032
113100110310320
131001103103201
310011031032012
100110310320122
001103103201220
011031032012201
110310320122013
103103201220130
031032012201301
310320122013010
103201220130100
032012201301001
320122013010011
201220130100111
012201301001111
122013010011110
220130100111100
201301001111001
013010011110013
130100111100130
301001111001301
010011110013013
100111100130132
001111001301321
011110013013213
111100130132133
111001301321333
110013013213332
100130132133321
001301321333211
013013213332112
130132133321122
301321333211221
013213332112210
132133321122100
321333211221002
213332112210020
133321122100201
333211221002011
332112210020113
321122100201131
211221002011311
112210020113113
122100201131131
221002011311311
210020113113110
100201131131103
002011311311031
020113113110310
201131131103102
011311311031021
113113110310212
131131103102120
311311031021201
113110310212011
131103102120113
311031021201132
110310212011320
103102120113200
031021201132002
310212011320022
102120113200220
021201132002202
212011320022022
120113200220223
201132002202232
011320022022321
113200220223211
132002202232113
320022022321131
200220223211312
002202232113122
022022321131220
220223211312200
202232113122000
022321131220000
223211312200000
232113122000001
321131220000010
211312200000103
113122000001031
131220000010310
312200000103101
122000001031011
220000010310111
200000103101113
000001031011131
000010310111311
000103101113113
001031011131133
010310111311331
103101113113312
031011131133122
310111311331222
101113113312222
011131133122223
111311331222231
113113312222313
131133122223132
311331222231322
113312222313222
133122223132221
331222231322211
312222313222110
122223132221103
222231322211032
222313222110322
223132221103223
231322211032232
313222110322321
132221103223210
322211032232103
222110322321033
221103223210333
211032232103332
110322321033322
103223210333222
032232103332222
322321033322220
223210333222202
232103332222022
321033322220223
210333222202232
103332222022323
033322220223230
333222202232303
332222022323032
322220223230320
222202232303200
222022323032002
220223230320022
202232303200223
022323032002231
223230320022310
232303200223102
323032002231022
230320022310223
303200223102232
032002231022323
320022310223231
200223102232313
002231022323132
022310223231322
223102232313220
231022323132200
310223231322003
102232313220032
022323132200321
223231322003211
232313220032111
323132200321110
231322003211102
313220032111023
132200321110232
322003211102320
220032111023201
200321110232011
003211102320111
032111023201112
321110232011120
211102320111202
111023201112021
110232011120211
102320111202111
023201112021111
232011120211111
320111202111113
201112021111132
011120211111321
111202111113210
112021111132100
120211111321002
202111113210023
021111132100232
211111321002322
111113210023221
111132100232213
111321002322132
113210023221323
132100232213230
321002322132300
210023221323000
100232213230002
002322132300020
023221323000201
232213230002012
322132300020121
221323000201213
213230002012132
132300020121321
323000201213211
230002012132111
300020121321112
000201213211120
002012132111202
020121321112022
201213211120223
012132111202232
121321112022323
213211120223232
132111202232321
321112022323213
211120223232131
111202232321311
112022323213112
120223232131120
202232321311202
022323213112021
223232131120210
232321311202102
323213112021022
232131120210220
321311202102201
213112021022012
131120210220120
311202102201202
112021022012021
120210220120213
202102201202132
021022012021322
210220120213220
102201202132201
022012021322013
220120213220133
201202132201331
012021322013311
120213220133113
202132201331131
021322013311310
213220133113103
132201331131032
322013311310322
220133113103220
201331131032202
013311310322022
133113103220221
331131032202211
311310322022111
113103220221113
131032202211132
310322022111320
103220221113203
032202211132031
322022111320310
220221113203103
202211132031031
022111320310310
221113203103102
211132031031021
111320310310210
113203103102100
132031031021000
320310310210003
203103102100033
031031021000331
310310210003310
103102100033100
031021000331003
310210003310031
102100033100310
021000331003101
210003310031011
100033100310110
000331003101102
003310031011020
033100310110200
331003101102001
310031011020010
100310110200103
003101102001031
031011020010312
310110200103123
101102001031232
011020010312321
110200103123212
102001031232121
020010312321213
200103123212132
001031232121323
010312321213230
103123212132303
031232121323033
312321213230332
123212132303322
232121323033220
321213230332202
212132303322023
121323033220232
213230332202320
132303322023202
323033220232023
230332202320231
303322023202313
033220232023133
332202320231331
322023202313310
220232023133102
202320231331022
023202313310221
232023133102211
320231331022111
202313310221113
023133102211132
231331022111321
313310221113211
133102211132111
331022111321111
310221113211112
102211132111122
022111321111223
221113211112233
211132111122333
111321111223330
113211112233303
132111122333031
321111223330311
211112233303113
111122333031132
111223330311321
112233303113213
122333031132132
223330311321322
233303113213220
333031132132202
330311321322021
303113213220213
031132132202131
311321322021310
113213220213103
132132202131032
321322021310322
213220213103221
132202131032210
322021310322102
220213103221022
202131032210220
021310322102202
213103221022022
131032210220222
310322102202222
103221022022220
032210220222201
322102202222011
221022022220113
210220222201131
102202222011310
022022220113100
220222201131002
202222011310023
022220113100231
222201131002313
222011310023133
220113100231333
201131002313331
011310023133311
113100231333113
131002313331131
310023133311311
100231333113112
002313331131122
023133311311222
231333113112220
313331131122202
133311311222020
333113112220201
331131122202011
311311222020111
113112220201112
131122202011123
311222020111231
112220201112311
122202011123113
222020111231131
220201112311312
202011123113121
020111231131211
201112311312111
011123113121112
111231131211120
112311312111200
123113121112001
231131211120011
311312111200110
113121112001102
131211120011021
312111200110211
121112001102111
211120011021113
111200110211131
112001102111311
120011021113113
200110211131131
001102111311311
011021113113111
110211131131113
102111311311132
021113113111322
211131131113221
111311311132211
113113111322110
131131113221103
311311132211032
113111322110321
131113221103213
311132211032132
111322110321322
113221103213220
132211032132201
322110321322011
221103213220113
211032132201133
110321322011331
103213220113313
032132201133132
321322011331321
213220113313210
132201133132101
322011331321012
220113313210123
201133132101232
011331321012322
113313210123221
133132101232213
331321012322131
313210123221312
132101232213122
321012322131222
210123221312220
101232213122201
012322131222010
123221312220103
232213122201031
322131222010312
221312220103121
213122201031211
131222010312113
312220103121132
122201031211323
222010312113232
220103121132322
201031211323221
010312113232213
103121132322132
031211323221321
312113232213211
121132322132110
211323221321102
113232213211023
132322132110230
323221321102301
232213211023013
322132110230133
221321102301330
213211023013302
132110230133020
321102301330202
211023013302022
110230133020220
102301330202200
023013302022000
230133020220000
301330202200001
013302022000011
133020220000110
330202200001101
302022000011013
020220000110133
202200001101331
022000011013310
220000110133103
200001101331031
000011013310311
000110133103110
001101331031101
011013310311011
110133103110112
101331031101122
013310311011222
133103110112220
331031101122201
310311011222010
103110112220103
031101122201033
311011222010332
110112220103321
101122201033213
011222010332132
112220103321321
122201033213211
222010332132110
220103321321102
201033213211022
010332132110220
103321321102200
033213211022001
332132110220013
321321102200132
213211022001321
132110220013211
321102200132113
211022001321131
110220013211311
102200132113113
022001321131130
220013211311300
200132113113001
001321131130011
013211311300113
132113113001132
321131130011323
211311300113231
113113001132311
131130011323110
311300113231102
113001132311022
130011323110221
300113231102211
001132311022111
011323110221113
113231102211132
132311022111322
323110221113222
231102211132220
311022111322202
110221113222020
102211132220202
022111322202023
221113222020232
211132220202322
111322202023221
113222020232211
132220202322110
322202023221100
222020232211002
220202322110020
202023221100203
020232211002031
202322110020312
023221100203122
232211002031220
322110020312202
221100203122020
211002031220201
110020312202013
100203122020133
002031220201331
020312202013312
203122020133122
031220201331222
312202013312220
122020133122203
220201331222032
202013312220322
020133122203221
201331222032211
013312220322111
133122203221112
331222032211120
312220322111202
122203221112020
222032211120201
220322111202010
203221112020103
032211120201031
322111202010313
221112020103130
211120201031301
111202010313010
112020103130102
120201031301020
202010313010202
020103130102021
201031301020212
010313010202120
103130102021202
031301020212021
313010202120213
130102021202130
301020212021301
010202120213013
102021202130130
020212021301301
202120213013011
021202130130112
212021301301122
120213013011220
202130130112200
021301301122002
213013011220022
130130112200222
301301122002222
013011220022222
130112200222222
301122002222221
011220022222213
112200222222132
122002222221323
220022222213232
200222222132321
002222221323212
022222213232120
222222132321203
222221323212032
222213232120321
222132321203213
221323212032132
213232120321321
132321203213211
323212032132112
232120321321122
321203213211223
212032132112232
120321321122320
203213211223200
032132112232002
321321122320023
213211223200232
132112232002322
321122320023220
211223200232203
112232002322032
122320023220321
223200232203211
232002322032112
320023220321121
200232203211211
002322032112111
023220321121112
232203211211120
322032112111202
220321121112022
203211211120221
032112111202211
321121112022113
211211120221133
112111202211331
121112022113310
211120221133103
111202211331032
112022113310322
120221133103220
202211331032200
022113310322002
221133103220022
211331032200220
113310322002200
133103220022003
331032200220030
310322002200303
103220022003033
032200220030331
322002200303310
220022003033101
200220030331010
002200303310103
022003033101031
220030331010311
200303310103110
003033101031100
030331010311002
303310103110020
033101031100201
331010311002010
310103110020102
101031100201020
010311002010201
103110020102010
031100201020101
311002010201012
110020102010123
100201020101232
002010201012322
020102010123223
201020101232231
010201012322311
102010123223113
020101232231133
201012322311331
010123223113312
101232231133122
012322311331222
123223113312222
232231133122223
322311331222232
223113312222321
231133122223213
311331222232132
113312222321321
133122223213213
331222232132132
312222321321323
122223213213232
222232132132322
222321321323222
223213213232220
232132132322202
321321323222020
213213232220203
132132322202030
321323222020303
213232220203033
132322202030331
323222020303313
232220203033131
322202030331311
222020303313111
220203033131113
202030331311133
020303313111332
203033131113322
030331311133220
303313111332203
033131113322030
331311133220301
313111332203010
131113322030103
311133220301032
111332203010321
113322030103211
133220301032112
332203010321123
322030103211230
220301032112301
203010321123011
030103211230111
301032112301112
010321123011120
103211230111202
032112301112021
321123011120210
211230111202100
112301112021000
123011120210000
230111202100002
301112021000021
011120210000210
111202100002100
112021000021001
120210000210011
202100002100110
021000021001102
210000210011022
100002100110220
000021001102200
000210011022002
002100110220023
021001102200233
210011022002331
100110220023313
001102200233132
011022002331322
110220023313220
102200233132202
022002331322023
220023313220233
200233132202331
002331322023312
023313220233123
233132202331231
331322023312310
313220233123101
132202331231011
322023312310110
220233123101102
202331231011021
023312310110212
233123101102122
331231011021220
312310110212202
123101102122022
231011021220220
310110212202201
101102122022012
011021220220122
110212202201220
102122022012203
021220220122032
212202201220322
122022012203220
220220122032201
202201220322011
022012203220111
220122032201110
201220322011101
012203220111011
122032201110113
220322011101130
203220111011300
032201110113002
322011101130020
220111011300200
201110113002001
011101130020013
111011300200132
110113002001321
101130020013211
011300200132111
113002001321113
130020013211132
300200132111322
002001321113222
020013211132221
200132111322211
001321113222113
013211132221132
132111322211323
321113222113230
211132221132303
111322211323030
113222113230301
132221132303010
322211323030102
222113230301022
221132303010220
211323030102203
113230301022030
132303010220300
323030102203003
230301022030032
303010220300320
030102203003201
301022030032011
010220300320111
102203003201110
022030032011102
220300320111023
203003201110232
030032011102321
300320111023213
003201110232132
032011102321322
320111023213221
201110232132210
011102321322100
111023213221001
110232132210010
102321322100103
023213221001031
232132210010310
321322100103102
213221001031021
132210010310211
322100103102113
221001031021132
210010310211320
100103102113200
001031021132002
010310211320020
103102113200201
031021132002010
310211320020102
102113200201022
021132002010221
211320020102211
113200201022111
132002010221111
320020102211110
200201022111101
002010221111013
020102211110133
201022111101331
010221111013312
102211110133121
022111101331211
221111013312110
211110133121103
111101331211031
111013312110310
110133121103103
101331211031033
013312110310331
133121103103313
331211031033132
312110310331322
121103103313220
211031033132202
110310331322020
103103313220202
031033132202022
310331322020220
103313220202203
033132202022031
331322020220312
313220202203120
132202022031200
322020220312003
220202203120030
202022031200301
020220312003013
202203120030132
022031200301321
220312003013210
203120030132101
031200301321013
312003013210131
120030132101310
200301321013102
003013210131022
030132101310220
301321013102203
013210131022031
132101310220311
321013102203113
210131022031132
101310220311320
013102203113203
131022031132032
310220311320323
102203113203232
022031132032320
220311320323203
203113203232031
031132032320310
311320323203100
113203232031001
132032320310010
320323203100101
203232031001011
032320310010112
323203100101121
232031001011211
320310010112111
203100101121113
031001011211132
310010112111321
100101121113211
001011211132111
010112111321110
101121113211103
011211132111030
112111321110302
121113211103020
211132111030200
111321110302003
113211103020030
132111030200301
321110302003012
211103020030122
111030200301221
110302003012211
103020030122111
030200301221111
302003012211111
020030122111113
200301221111131
003012211111312
030122111113123
301221111131232
012211111312322
122111113123220
221111131232200
211111312322002
111113123220020
111131232200202
111312322002022
113123220020220
131232200202202
312322002022022
123220020220220
232200202202202
322002022022020
220020220220200
200202202202000
002022022020002
020220220200023
202202202000232
022022020002321
220220200023211
202202000232111
022020002321110
220200023211103
202000232111032
020002321110320
200023211103202
000232111032022
002321110320221
023211103202211
232111032022111
321110320221110
211103202211100
111032022111000
110320221110002
103202211100020
032022111000201
320221110002011
202211100020111
022111000201111
221110002011112
211100020111120
111000201111202
110002011112022
100020111120222
000201111202220
002011112022200
020111120222003
201111202220031
011112022200311
111120222003111
111202220031113
112022200311131
120222003111311
202220031113113
022200311131131
222003111311313
220031113113131
200311131131311
003111311313113
031113113131131
311131131311313
111311313113131
113113131131312
131131311313122
311313113131221
113131131312213
131311313122131
313113131221311
131131312213113
311313122131132
113131221311321
131312213113211
313122131132111
131221311321111
312213113211112
122131132111122
221311321111221
213113211112213
131132111122130
311321111221300
113211112213000
132111122130002
321111221300021
211112213000212
111122130002122
111221300021220
112213000212202
122130002122022
221300021220220
213000212202203
130002122022032
300021220220322
000212202203222
002122022032221
021220220322210
212202203222102
122022032221022
220220322210220
202203222102201
022032221022011
220322210220111
203222102201111
032221022011112
322210220111122
222102201111221
221022011112212
210220111122121
102201111221211
022011112212111
220111122121111
201111221211112
011112212111121
111122121111211
111221211112112
112212111121121
122121111211211
221211112112113
212111121121131
121111211211313
211112112113132
111121121131321
111211211313211
112112113132113
121121131321133
211211313211331
112113132113311
121131321133110
211313211331101
113132113311012
131321133110123
313211331101231
132113311012312
321133110123123
211331101231231
113311012312311
133110123123112
331101231231121
311012312311211
110123123112112
101231231121122
012312311211221
123123112112210
231231121122100
312311211221000
123112112210002
231121122100021
311211221000211
112112210002112
121122100021121
211221000211212
112210002112120
122100021121202
221000211212022
210002112120220
100021121202200
000211212022002
002112120220021
021121202200211
211212022002111
112120220021111
121202200211111
212022002111110
120220021111102
202200211111021
022002111110212
220021111102122
200211111021221
002111110212211
021111102122112
211111021221120
111110212211202
111102122112022
111021221120221
110212211202211
102122112022113
021221120221132
212211202211321
122112022113212
221120221132123
211202211321233
112022113212331
120221132123312
202211321233121
022113212331212
221132123312123
211321233121231
113212331212313
132123312123131
321233121231313
212331212313131
123312123131312
233121231313122
331212313131222
312123131312222
121231313122222
212313131222221
123131312222211
231313122222113
313131222221132
131312222211321
313122222113212
131222221132122
312222211321221
122222113212211
222221132122112
222211321221122
222113212211220
221132122112202
211321221122022
113212211220222
132122112202222
321221122022222
212211220222220
122112202222201
221122022222010
211220222220101
112202222201012
122022222010123
220222220101232
202222201012320
022222010123200
222220101232001
222201012320013
222010123200133
220101232001332
201012320013322
010123200133221
101232001332212
012320013322123
123200133221233
232001332212331
320013322123313
200133221233131
001332212331312
013322123313121
133221233131210
332212331312102
322123313121023
221233131210231
212331312102311
123313121023110
233131210231100
331312102311001
313121023110011
131210231100113
312102311001132
121023110011321
210231100113211
102311001132112
023110011321121
231100113211211
311001132112112
110011321121122
100113211211220
001132112112202
011321121122021
113211211220211
132112112202112
321121122021121
211211220211212
112112202112121
121122021121210
211220211212100
112202112121000
122021121210002
220211212100021
202112121000212
021121210002121
211212100021210
112121000212102
121210002121021
212100021210212
121000212102120
210002121021203
100021210212031
000212102120311
002121021203110
021210212031102
212102120311020
121021203110200
210212031102000
102120311020001
021203110200010
212031102000100
120311020001002
203110200010021
031102000100211
311020001002112
110200010021120
102000100211201
020001002112011
200010021120110
000100211201102
001002112011021
010021120110211
100211201102113
002112011021132
021120110211323
211201102113232
112011021132322
120110211323220
201102113232200
011021132322001
110211323220011
102113232200111
021132322001110
211323220011100
113232200111001
132322001110013
323220011100133
232200111001330
322001110013301
220011100133012
200111001330122
001110013301221
011100133012213
111001330122131
110013301221311
100133012213113
001330122131132
013301221311322
133012213113223
330122131132233
301221311322333
012213113223332
122131132233321
221311322333210
213113223332102
131132233321020
311322333210202
113223332102020
132233321020200
322333210202002
223332102020021
233321020200211
333210202002113
332102020021132
321020200211321
210202002113212
102020021132120
020200211321200
202002113212002
020021132120020
200211321200200
002113212002002
021132120020020
211321200200200
113212002002001
132120020020011
321200200200110
212002002001101
120020020011011
200200200110111
002002001101113
020020011011131
200200110111311
002001101113112
020011011131122
200110111311221
001101113112210
011011131122100
110111311221001
101113112210011
011131122100110
111311221001100
113112210011002
131122100110022
311221001100220
112210011002201
122100110022012
221001100220120
210011002201202
100110022012021
001100220120213
011002201202131
110022012021312
100220120213121
002201202131211
022012021312110
220120213121102
201202131211022
012021312110222
120213121102222
202131211022222
021312110222221
213121102222210
131211022222101
312110222221011
121102222210111
211022222101112
110222221011122
102222210111222
022222101112220
222221011122201
222210111222010
222101112220102
221011122201021
210111222010210
101112220102102
011122201021022
111222010210222
112220102102221
122201021022212
222010210222122
220102102221221
201021022212211
010210222122112
102102221221121
021022212211212
210222122112121
102221221121212
022212211212121
222122112121210
221221121212102
212211212121021
122112121210211
221121212102111
211212121021111
112121210211111
121212102111112
212121021111121
121210211111210
212102111112101
121021111121012
210211111210121
102111112101213
021111121012132
211111210121323
111112101213232
111121012132322
111210121323221
112101213232211
121012132322112
210121323221122
101213232211222
012132322112222
121323221122221
213232211222211
132322112222112
323221122221122
232211222211221
322112222112210
221122221122102
211222211221022
112222112210222
122221122102222
222211221022221
222112210222211
221122102222111
211221022221111
112210222211112
122102222111123
221022221111232
210222211112322
102222111123221
022221111232211
222211112322112
222111123221121
221111232211211
211112322112111
111123221121113
111232211211132
112322112111321
123221121113213
232211211132131
322112111321311
221121113213113
211211132131132
112111321311322
121113213113220
211132131132202
111321311322021
113213113220211
132131132202111
321311322021113
213113220211131
131132202111311
311322021113113
113220211131131
132202111311312
322021113113121
220211131131213
202111311312132
021113113121320
211131131213201
111311312132011
113113121320112
131131213201121
311312132011211
113121320112110
131213201121102
312132011211021
121320112110210
213201121102103
132011211021032
320112110210320
201121102103200
011211021032002
112110210320022
121102103200220
211021032002201
110210320022012
102103200220123
021032002201232
210320022012321
103200220123211
032002201232111
320022012321111
200220123211113
002201232111132
022012321111323
220123211113233
201232111132331
012321111323310
123211113233102
232111132331022
321111323310221
211113233102213
111132331022132
111323310221321
113233102213212
132331022132121
323310221321211
233102213212110
331022132121101
310221321211013
102213212110133
022132121101331
221321211013311
213212110133111
132121101331112
321211013311123
212110133111232
121101331112323
211013311123232
110133111232322
101331112323220
013311123232200
133111232322000
331112323220001
311123232200012
111232322000123
112323220001231
123232200012310
232322000123100
323220001231001
232200012310013
322000123100130
220001231001301
200012310013012
000123100130122
001231001301221
012310013012213
123100130122130
231001301221301
310013012213011
100130122130110
001301221301102
013012213011021
130122130110210
301221301102102
012213011021021
122130110210210
221301102102102
213011021021022
130110210210222
301102102102221
011021021022211
110210210222113
102102102221132
021021022211321
210210222113211
102102221132111
021022211321111
210222113211113
102221132111132
022211321111322
222113211113220
221132111132202
211321111322022
113211113220221
132111132202211
321111322022112
211113220221121
111132202211211
111322022112112
113220221121121
132202211211212
322022112112121
220221121121211
202211211212113
022112112121132
221121121211322
211211212113220
112112121132200
121121211322001
211212113220011
112121132200110
121211322001102
212113220011023
121132200110231
211322001102310
113220011023101
132200110231013
322001102310130
220011023101303
200110231013032
001102310130322
011023101303222
110231013032222
102310130322220
023101303222201
231013032222012
310130322220121
101303222201212
013032222012122
130322220121223
303222201212233
032222012122331
322220121223313
222201212233132
222012122331320
220121223313200
201212233132002
012122331320020
121223313200200
212233132002001
122331320020011
223313200200111
233132002001110
331320020011101
313200200111011
132002001110111
320020011101112
200200111011122
002001110111222
020011101112221
200111011122211
001110111222111
011101112221113
111011122211132
110111222111320
