0111322213
1113222132
1132221322
1322213222
3222132220
2221322202
2213222023
2132220231
1322202312
3222023122
2220231220
2202312202
2023122020
0231220202
2312202021
3122020211
1220202112
2202021120
2020211202
0202112020
2021120202
0211202021
2112020212
1120202121
1202021213
2020212132
0202121321
2021213213
0212132131
2121321312
1213213122
2132131220
1321312200
3213122001
2131220013
1312200132
3122001321
1220013211
2200132113
2001321132
0013211322
0132113220
1321132200
3211322000
2113220001
1132200013
1322000133
3220001331
2200013310
2000133102
0001331023
0013310232
0133102322
1331023222
3310232222
3102322221
1023222212
0232222120
2322221201
3222212010
2222120100
2221201001
2212010013
2120100133
1201001333
2010013333
0100133330
1001333301
0013333011
0133330110
1333301102
3333011023
3330110233
3301102333
3011023331
0110233310
1102333102
1023331023
0233310231
2333102311
3331023110
3310231102
3102311022
1023110220
0231102200
2311022001
3110220013
1102200133
1022001333
0220013333
2200133331
2001333313
0013333133
0133331333
1333313332
3333133321
3331333210
3313332100
3133321002
1333210020
3332100202
3321002020
3210020202
2100202020
1002020201
0020202012
0202020122
2020201222
0202012222
2020122223
0201222232
2012222321
0122223210
1222232100
2222321002
2223210023
2232100232
2321002322
3210023221
2100232211
1002322111
0023221111
0232211112
2322111122
3221111223
2211112233
2111122333
1111223333
1112233332
1122333323
1223333233
2233332331
2333323313
3333233131
3332331313
3323313131
3233131313
2331313131
3313131313
3131313133
1313131331
3131313311
1313133111
3131331113
1313311133
3133111331
1331113311
3311133113
3111331133
1113311331
1133113313
1331133131
3311331311
3113313113
1133131131
1331311311
3313113113
3131131131
1311311313
3113113131
1131131311
1311313112
3113131120
1131311200
1313112003
3131120031
1311200312
3112003121
1120031211
1200312113
2003121133
0031211331
0312113311
3121133111
1211331111
2113311112
1133111122
1331111222
3311112223
3111122233
1111222333
1112223332
1122233322
1222333220
2223332202
2233322021
2333220212
3332202122
3322021222
3220212221
2202122210
2021222102
0212221021
2122210213
1222102132
2221021320
2210213202
2102132023
1021320230
0213202301
2132023011
1320230112
3202301122
2023011220
0230112201
2301122010
3011220101
0112201011
1122010111
1220101110
2201011102
2010111021
0101110212
1011102121
0111021211
1110212113
1102121131
1021211313
0212113132
2121131321
1211313213
2113132130
1131321300
1313213002
3132130023
1321300232
3213002323
2130023231
1300232311
3002323110
0023231101
0232311010
2323110102
3231101023
2311010231
3110102312
1101023121
1010231210
0102312102
1023121021
0231210211
2312102111
3121021112
1210211122
2102111223
1021112232
0211122320
2111223201
1112232012
1122320121
1223201210
2232012101
2320121011
3201210110
2012101100
0121011001
1210110011
2101100113
1011001131
0110011311
1100113111
1001131111
0011311112
0113111122
1131111222
1311112220
3111122202
1111222021
1112220211
1122202112
1222021121
2220211213
2202112131
2021121312
0211213121
2112131213
1121312131
1213121312
2131213122
1312131221
3121312212
1213122123
2131221231
1312212311
3122123112
1221231121
2212311212
2123112123
1231121231
2311212311
3112123112
1121231122
1212311222
2123112221
1231122210
2311222102
3112221021
1122210211
1222102112
2221021120
2210211202
2102112022
1021120222
0211202220
2112022200
1120222002
1202220020
2022200202
0222002022
2220020220
2200202202
2002022021
0020220211
0202202111
2022021113
0220211130
2202111302
2021113021
0211130211
2111302112
1113021121
1130211211
1302112112
3021121121
0211211212
2112112122
1121121221
1211212213
2112122133
1121221331
1212213313
2122133131
1221331312
2213313121
2133131211
1331312113
3313121133
3131211333
1312113331
3121133311
1211333111
2113331110
1133311102
1333111021
3331110211
3311102110
3111021101
1110211011
1102110111
1021101112
0211011121
2110111211
1101112111
1011121111
0111211111
1112111111
1121111113
1211111132
2111111321
1111113211
1111132111
1111321111
1113211112
1132111122
1321111222
3211112221
2111122213
1111222131
1112221312
1122213121
1222131212
2221312123
2213121230
2131212303
1312123032
3121230320
1212303200
2123032003
1230320031
2303200313
3032003131
0320031311
3200313113
2003131132
0031311322
0313113220
3131132201
1311322011
3113220111
1132201111
1322011113
3220111133
2201111331
2011113310
0111133103
1111331032
1113310320
1133103200
1331032002
3310320020
3103200203
1032002032
0320020320
3200203201
2002032011
0020320112
0203201120
2032011201
0320112012
3201120120
2011201202
0112012021
1120120210
1201202102
2012021022
0120210220
1202102202
2021022020
0210220200
2102202002
1022020022
0220200222
2202002221
2020022211
0200222113
2002221132
0022211323
0222113231
2221132311
2211323112
2113231122
1132311221
1323112212
3231122121
2311221211
3112212111
1122121111
1221211113
2212111130
2121111302
1211113021
2111130211
1111302111
1113021111
1130211110
1302111101
3021111011
0211110110
2111101103
1111011032
1110110323
1101103231
1011032311
0110323112
1103231120
1032311202
0323112022
3231120220
2311202201
3112022013
1120220131
1202201312
2022013122
0220131221
2201312213
2013122132
0131221322
1312213221
3122132213
1221322131
2213221312
2132213121
1322131211
3221312111
2213121113
2131211132
1312111321
3121113211
1211132111
2111321111
1113211113
1132111131
1321111312
3211113122
2111131222
1111312221
1113122213
1131222131
1312221312
3122213122
1222131222
2221312221
2213122213
2131222131
1312221311
3122213112
1222131120
2221311201
2213112010
2131120101
1311201012
3112010122
1120101220
1201012202
2010122020
0101220200
1012202001
0122020010
1220200101
2202001012
2020010121
0200101212
2001012120
0010121201
0101212011
1012120111
0121201111
1212011110
2120111102
1201111022
2011110220
0111102202
1111022020
1110220200
1102202001
1022020010
0220200101
2202001012
2020010123
0200101233
2001012331
0010123311
0101233111
1012331111
0123311110
1233111100
2331111002
3311110022
3111100222
1111002221
1110022212
1100222120
1002221202
0022212021
0222120211
2221202112
2212021122
2120211220
1202112203
2021122033
0211220333
2112203332
1122033320
1220333200
2203332002
2033320020
0333200200
3332002002
3320020022
3200200220
2002002202
0020022020
0200220202
2002202021
0022020212
0220202120
2202021200
2020212002
0202120020
2021200200
0212002002
2120020020
1200200201
2002002010
0020020100
0200201002
2002010023
0020100233
0201002333
2010023331
0100233311
1002333111
0023331112
0233311123
2333111232
3331112323
3311123232
3111232321
1112323210
1123232103
1232321031
2323210311
3232103112
2321031121
3210311212
2103112120
1031121202
0311212022
3112120221
1121202212
1212022122
2120221223
1202212231
2022122310
0221223102
2212231021
2122310211
1223102110
2231021102
2310211022
3102110223
1021102232
0211022321
2110223213
1102232132
1022321320
0223213200
2232132002
2321320022
3213200222
2132002221
1320022213
3200222130
2002221301
0022213012
0222130120
2221301201
2213012013
2130120132
1301201322
3012013220
0120132201
1201322012
2013220121
0132201213
1322012132
3220121322
2201213223
2012132232
0121322321
1213223211
2132232111
1322321110
3223211103
2232111032
2321110321
3211103211
2111032112
1110321122
1103211223
1032112232
0321122321
3211223212
2112232121
1122321212
1223212123
2232121231
2321212310
3212123100
2121231001
1212310012
2123100122
1231001221
2310012213
3100122131
1001221311
0012213110
0122131102
1221311021
2213110210
2131102100
1311021002
3110210020
1102100200
1021002001
0210020010
2100200100
1002001002
0020010021
0200100211
2001002110
0010021101
0100211010
1002110103
0021101032
0211010323
2110103231
1101032310
1010323100
0103231002
1032310021
0323100212
3231002122
2310021221
3100212211
1002122111
0021221110
0212211103
2122111032
1221110320
2211103200
2111032001
1110320012
1103200121
1032001211
0320012113
3200121133
2001211331
0012113310
0121133103
1211331032
2113310322
1133103223
1331032232
3310322323
3103223232
1032232322
0322323222
3223232221
2232322212
2323222121
3232221210
2322212102
3222121022
2221210221
2212102213
2121022132
1210221321
2102213210
1022132101
0221321012
2213210123
2132101230
1321012302
3210123022
2101230220
1012302200
0123022002
1230220021
2302200213
3022002132
0220021322
2200213221
2002132212
0021322122
0213221220
2132212201
1322122011
3221220110
2212201102
2122011023
1220110230
2201102301
2011023011
0110230111
1102301112
1023011121
0230111210
2301112103
3011121031
0111210313
1112103132
1121031321
1210313210
2103132101
1031321010
0313210100
3132101001
1321010012
3210100121
2101001211
1010012112
0100121120
1001211202
0012112021
0121120213
1211202131
2112021310
1120213102
1202131021
2021310210
0213102100
2131021002
1310210020
3102100201
1021002013
0210020131
2100201313
1002013132
0020131322
0201313222
2013132221
0131322210
1313222100
3132221002
1322210021
3222100213
2221002131
2210021313
2100213132
1002131322
0021313220
0213132202
2131322020
1313220201
3132202013
1322020132
3220201321
2202013213
2020132132
0201321320
2013213200
0132132001
1321320012
3213200120
2132001202
1320012020
3200120202
2001202021
0012020212
0120202120
1202021202
2020212020
0202120200
2021202002
0212020020
2120200202
1202002020
2020020201
0200202011
2002020111
0020201113
0202011133
2020111331
0201113312
2011133123
0111331232
1113312322
1133123220
1331232202
3312322022
3123220220
1232202202
2322022022
3220220221
2202202212
2022022122
0220221220
2202212202
2022122021
0221220212
2212202122
2122021221
1220212213
2202122132
2021221321
0212213212
2122132121
1221321212
2213212123
2132121232
1321212321
3212123210
2121232102
1212321021
2123210210
1232102101
2321021010
3210210100
2102101002
1021010020
0210100200
2101002000
1010020002
0100200020
1002000201
0020002011
0200020110
2000201101
0002011011
0020110111
0201101111
2011011112
0110111120
1101111203
1011112033
0111120330
1111203301
1112033010
1120330100
1203301002
2033010023
0330100230
3301002301
3010023011
0100230110
1002301102
0023011021
0230110211
2301102110
3011021101
0110211012
1102110122
1021101221
0211012212
2110122122
1101221220
1012212202
0122122022
1221220220
2212202200
2122022002
1220220023
2202200231
2022002312
0220023122
2200231223
2002312232
0023122320
0231223200
2312232002
3122320020
1223200200
2232002001
2320020012
3200200122
2002001222
0020012221
0200122210
2001222102
0012221022
0122210221
1222102210
2221022102
2210221020
2102210202
1022102022
0221020221
2210202211
2102022112
1020221120
0202211202
2022112022
0221120220
2211202202
2112022022
1120220221
1202202211
2022022110
0220221101
2202211012
2022110122
0221101220
2211012200
2110122001
1101220010
1012200102
0122001020
1220010201
2200102013
2001020131
0010201310
0102013101
1020131010
0201310103
2013101031
0131010313
1310103131
3101031313
1010313131
0103131311
1031313113
0313131130
3131311300
1313113001
3131130012
1311300121
3113001211
1130012110
1300121103
3001211031
0012110313
0121103133
1211031331
2110313310
1103133100
1031331002
0313310022
3133100221
1331002212
3310022121
3100221213
1002212132
0022121321
0221213210
2212132100
2121321002
1213210021
2132100211
1321002112
3210021120
2100211201
1002112013
0021120131
0211201311
2112013111
1120131111
1201311112
2013111121
0131111210
1311112101
3111121013
1111210131
1112101311
1121013113
1210131131
2101311311
1013113113
0131131131
1311311311
3113113112
1131131122
1311311221
3113112210
1131122103
1311221032
3112210320
1122103202
1221032021
2210320212
2103202120
1032021202
0320212022
3202120223
2021202232
0212022321
2120223210
1202232103
2022321033
0223210331
2232103311
2321033111
3210331111
2103311110
1033111102
0331111022
3311110221
3111102212
1111022120
1110221202
1102212021
1022120210
0221202101
2212021013
2120210131
1202101311
2021013112
0210131122
2101311222
1013112221
0131122210
1311222100
3112221003
1122210031
1222100313
2221003131
2210031310
2100313102
1003131022
0031310222
0313102223
3131022231
1310222311
3102223110
1022231101
0222311011
2223110112
2231101120
2311011201
3110112011
1101120111
1011201111
0112011110
1120111101
1201111011
2011110111
0111101110
1111011101
1110111011
1101110110
1011101101
0111011013
1110110131
1101101311
1011013111
0110131110
1101311100
1013111000
0131110000
1311100001
3111000011
1110000112
1100001120
1000011201
0000112012
0001120123
0011201232
0112012321
1120123210
1201232100
2012321000
0123210001
1232100013
2321000132
3210001322
2100013221
1000132210
0001322100
0013221000
0132210002
1322100023
3221000233
2210002332
2100023320
1000233201
0002332011
0023320113
0233201132
2332011320
3320113200
3201132002
2011320021
0113200212
1132002120
1320021202
3200212020
2002120202
0021202022
0212020222
2120202222
1202022221
2020222212
0202222121
2022221211
0222212111
2222121113
2221211131
2212111313
2121113132
1211131322
2111313221
1113132210
1131322102
1313221020
3132210202
1322102022
3221020222
2210202222
2102022222
1020222222
0202222221
2022222210
0222222102
2222221020
2222210201
2222102010
2221020102
2210201021
2102010211
1020102111
0201021111
2010211111
0102111111
1021111110
0211111103
2111111031
1111110312
1111103120
1111031201
1110312013
1103120133
1031201331
0312013311
3120133112
1201331121
2013311212
0133112120
1331121201
3311212012
3112120123
1121201232
1212012322
2120123220
1201232201
2012322010
0123220103
1232201031
2322010312
3220103122
2201031223
2010312232
0103122320
1031223202
0312232021
3122320213
1223202132
2232021320
2320213202
3202132021
2021320210
0213202102
2132021021
1320210212
3202102120
2021021201
0210212012
2102120123
1021201231
0212012310
2120123103
1201231031
2012310313
0123103131
1231031311
2310313110
3103131100
1031311001
0313110010
3131100103
1311001031
3110010312
1100103120
1001031202
0010312020
0103120201
1031202011
0312020113
3120201133
1202011333
2020113332
0201133320
2011333201
0113332012
1133320123
1333201231
3332012310
3320123100
3201231003
2012310032
0123100320
1231003202
2310032023
3100320233
1003202333
0032023332
0320233320
3202333201
2023332011
0233320110
2333201100
3332011003
3320110030
3201100301
2011003013
0110030133
1100301332
1003013321
0030133211
0301332112
3013321121
0133211211
1332112111
3321121110
3211211100
2112111001
1121110012
1211100122
2111001221
1110012211
1100122110
1001221101
0012211011
0122110111
1221101112
2211011122
2110111222
1101112222
1011122222
0111222223
1112222232
1122222321
1222223211
2222232112
2222321122
2223211221
2232112211
2321122110
3211221101
2112211010
1122110101
1221101010
2211010101
2110101012
1101010122
1010101222
0101012221
1010122210
0101222102
1012221022
0122210223
1222102231
2221022310
2210223101
2102231011
1022310113
0223101130
2231011301
2310113010
3101130101
1011301013
0113010132
1130101322
1301013221
3010132210
0101322102
1013221021
0132210213
1322102130
3221021301
2210213012
2102130122
1021301221
0213012210
2130122103
1301221031
3012210310
0122103102
1221031021
2210310210
2103102102
1031021021
0310210210
3102102101
1021021011
0210210112
2102101121
1021011210
0210112102
2101121021
1011210211
0112102110
1121021101
1210211011
2102110111
1021101111
0211011113
2110111132
1101111321
1011113211
0111132110
1111321101
1113211011
1132110112
1321101121
3211011213
2110112132
1101121322
1011213221
0112132211
1121322110
1213221101
2132211012
1322110123
3221101232
2211012323
2110123232
1101232322
1012323220
0123232203
1232322032
2323220323
3232203231
2322032310
3220323100
2203231000
2032310002
0323100021
3231000210
2310002102
3100021021
1000210210
0002102102
0021021022
0210210221
2102102212
1021022121
0210221211
2102212113
1022121131
0221211311
2212113111
2121131111
1211311111
2113111113
1131111131
1311111311
3111113113
1111131131
1111311311
1113113112
1131131121
1311311210
3113112102
1131121021
1311210210
3112102102
1121021021
1210210211
2102102111
1021021111
0210211111
2102111112
1021111121
0211111210
2111112102
1111121022
1111210221
1112102211
1121022111
1210221111
2102211112
1022111121
0221111210
2211112100
2111121002
1111210021
1112100211
1121002111
1210021111
2100211112
1002111121
0021111210
0211112102
2111121022
1111210221
1112102212
1121022121
1210221211
2102212113
1022121131
0221211311
2212113112
2121131121
1211311210
2113112102
1131121021
1311210211
3112102112
1121021121
1210211210
2102112102
1021121022
0211210221
2112102211
1121022111
1210221111
2102211111
1022111111
0221111111
2211111112
2111111121
1111111210
1111112102
1111121021
1111210210
1112102102
1121021021
1210210210
2102102102
1021021021
0210210210
2102102102
1021021022
0210210221
2102102210
1021022101
0210221011
2102210111
1022101111
0221011110
2210111102
2101111021
1011110210
0111102102
1111021021
1110210210
1102102102
1021021021
0210210210
2102102102
1021021022
0210210221
2102102210
1021022101
0210221010
2102210101
1022101010
0221010101
2210101012
2101010121
1010101213
0101012131
1010121310
0101213101
1012131011
0121310110
1213101101
2131011011
1310110111
3101101113
1011011132
0110111320
1101113202
1011132021
0111320210
1113202102
1132021021
1320210212
3202102120
2021021202
0210212021
2102120211
1021202112
0212021122
2120211222
1202112221
2021122211
0211222110
2112221102
1122211023
1222110231
2221102311
2211023111
2110231110
1102311102
1023111020
0231110202
2311102020
3111020200
1110202001
1102020012
1020200121
0202001210
2020012101
0200121010
2001210103
0012101031
0121010310
1210103100
2101031002
1010310020
0103100201
1031002012
0310020122
3100201220
1002012202
0020122021
0201220210
2012202102
0122021021
1220210213
2202102132
2021021320
0210213202
2102132021
1021320211
0213202111
2132021111
1320211110
3202111102
2021111021
0211110211
2111102110
1111021101
1110211013
1102110130
1021101301
0211013010
2110130102
1101301021
1013010212
0130102120
1301021202
3010212021
0102120210
1021202102
0212021021
2120210210
1202102102
2021021021
0210210210
2102102102
1021021021
0210210210
2102102101
1021021013
0210210131
2102101313
1021013131
0210131311
2101313112
1013131121
0131311210
1313112102
3131121021
1311210210
3112102102
1121021020
1210210203
2102102031
1021020312
0210203121
2102031211
1020312113
0203121130
2031211301
0312113010
3121130102
1211301021
2113010211
1130102111
1301021111
3010211113
0102111133
1021111331
0211113310
2111133100
1111331001
1113310011
1133100113
1331001133
3310011331
3100113311
1001133112
0011331121
0113311210
1133112101
1331121013
3311210130
3112101301
1121013010
1210130102
2101301021
1013010211
0130102111
1301021111
3010211113
0102111131
1021111311
0211113113
2111131130
1111311301
1113113011
1131130111
1311301112
3113011121
1130111211
1301112111
3011121110
0111211103
1112111031
1121110310
1211103101
2111031012
1110310121
1103101212
1031012121
0310121213
3101212131
1012121312
0121213121
1212131210
2121312102
1213121023
2131210230
1312102301
3121023012
1210230120
2102301201
1023012013
0230120130
2301201301
3012013010
0120130101
1201301011
2013010112
0130101120
1301011201
3010112011
0101120110
1011201101
0112011011
1120110110
1201101102
2011011020
0110110200
1101102001
1011020013
0110200131
1102001311
1020013112
0200131122
2001311221
0013112213
0131122131
1311221311
3112213113
1122131130
1221311301
2213113013
2131130130
1311301301
3113013010
1130130102
1301301021
3013010211
0130102110
1301021101
3010211012
0102110121
1021101210
0211012102
2110121021
1101210212
1012102122
0121021222
1210212221
2102122211
1021222110
0212221102
2122211022
1222110222
2221102221
2211022213
2110222131
1102221312
1022213122
0222131222
2221312222
2213122221
2131222213
1312222132
3122221323
1222213230
2222132301
2221323013
2213230131
2132301311
1323013110
3230131101
2301311010
3013110103
0131101033
1311010331
3110103310
1101033101
1010331013
0103310133
1033101330
0331013301
3310133010
3101330103
1013301032
0133010320
1330103200
3301032001
3010320011
0103200111
1032001111
0320011112
3200111121
2001111212
0011112121
0111121210
1111212102
1112121021
1121210212
1212102121
2121021211
1210212111
2102121111
1021211110
0212111103
2121111032
1211110323
2111103230
1111032301
1110323010
1103230101
1032301011
0323010111
3230101111
2301011111
3010111110
0101111103
1011111031
0111110312
1111103121
1111031213
1110312132
1103121320
1031213201
0312132010
3121320101
1213201011
2132010113
1320101131
3201011311
2010113112
0101131122
1011311222
0113112222
1131122223
1311222231
3112222311
1122223111
1222231113
2222311133
2223111331
2231113311
2311133110
3111331103
1113311031
1133110311
1331103111
3311031112
3110311121
1103111210
1031112102
0311121020
3111210201
1112102011
1121020111
1210201110
2102011101
1020111010
0201110102
2011101021
0111010211
1110102111
1101021112
1010211121
0102111210
1021112102
0211121021
2111210210
1112102103
1121021033
1210210332
2102103322
1021033222
0210332220
2103322200
1033222001
0332220010
3322200100
3222001001
2220010011
2200100112
2001001122
0010011223
0100112231
1001122313
0011223130
0112231301
1122313010
1223130101
2231301010
2313010101
3130101010
1301010102
3010101021
0101010213
1010102131
0101021310
1010213101
0102131011
1021310110
0213101102
2131011020
1310110201
3101102011
1011020111
0110201113
1102011132
1020111320
0201113202
2011132022
0111320220
1113202202
1132022021
1320220211
3202202111
2022021113
0220211133
2202111332
2021113320
0211133200
2111332002
1113320020
1133200202
1332002022
3320020222
3200202220
2002022203
0020222032
0202220322
2022203223
0222032232
2220322320
2203223202
2032232022
0322320222
3223202220
2232022202
2320222021
3202220213
2022202132
0222021320
2220213203
2202132031
2021320310
0213203103
2132031033
1320310330
3203103300
2031033000
0310330000
3103300000
1033000000
0330000000
3300000000
3000000000
0000000000
0000000000
0000000000
0000000000
0000000000
0000000000
0000000000
0000000002
0000000020
0000000200
0000002002
0000020020
0000200200
0002002002
0020020020
0200200200
2002002002
0020020020
0200200200
2002002002
0020020020
0200200200
2002002000
0020020000
0200200000
2002000002
0020000020
0200000200
2000002002
0000020020
0000200200
0002002002
0020020020
0200200200
2002002000
0020020002
0200200020
2002000200
0020002000
0200020002
2000200020
0002000200
0020002000
0200020002
2000200020
0002000200
0020002000
0200020003
2000200030
0002000302
0020003021
0200030211
2000302112
0003021120
0030211200
0302112002
3021120020
0211200200
2112002000
1120020003
1200200031
2002000310
0020003100
0200031002
2000310020
0003100200
0031002001
0310020011
3100200110
1002001100
0020011003
0200110033
2001100332
0011003320
0110033200
1100332000
1003320003
0033200033
0332000331
3320003311
3200033113
2000331133
0003311333
0033113332
0331133322
3311333220
3113332201
1133322010
1333220101
3332201013
3322010133
3220101333
2201013333
2010133333
0101333333
1013333333
0133333333
1333333333
3333333333
3333333333
3333333333
3333333333
3333333333
3333333333
3333333333
3333333332
3333333323
3333333231
3333332312
3333323123
3333231233
3332312332
3323123323
3231233231
2312332311
3123323111
1233231113
2332311130
3323111303
3231113033
2311130333
3111303331
1113033313
1130333133
1303331330
3033313300
0333133000
3331330002
3313300020
3133000201
1330002010
3300020103
3000201032
0002010323
0020103230
0201032300
2010323002
0103230021
1032300212
0323002120
3230021200
2300212002
3002120022
0021200223
0212002230
2120022300
1200223001
2002230013
0022300130
0223001302
2230013023
2300130232
3001302321
0013023213
0130232132
1302321320
3023213202
0232132020
2321320203
3213202033
2132020331
1320203311
3202033110
2020331102
0203311020
2033110202
0331102020
3311020202
3110202020
1102020202
1020202020
0202020201
2020202010
0202020103
2020201033
0202010332
2020103322
0201033222
2010332220
0103322201
1033222013
0332220133
3322201333
3222013330
2220133303
2201333031
2013330311
0133303112
1333031120
3330311202
3303112021
3031120211
0311202111
3112021110
1120211103
1202111032
2021110321
0211103211
2111032110
1110321100
1103211001
1032110011
0321100113
3211001130
2110011303
1100113033
1001130332
0011303321
0113033210
1130332100
1303321000
3033210003
0332100030
3321000302
3210003023
2100030231
1000302312
0003023122
0030231222
0302312223
3023122231
0231222310
2312223101
3122231013
1222310131
2223101310
2231013103
2310131032
3101310322
1013103221
0131032211
1310322110
3103221102
1032211020
0322110203
3221102032
2211020322
2110203220
1102032201
1020322011
0203220111
2032201110
0322011101
3220111011
2201110113
2011101132
0111011320
1110113200
1101132003
1011320031
0113200310
1132003103
1320031031
3200310312
2003103120
0031031202
0310312022
3103120220
1031202200
0312022002
3120220022
1202200220
2022002201
0220022013
2200220133
2002201332
0022013322
0220133222
2201332223
2013322231
0133222311
1332223113
3322231133
3222311331
2223113310
2231133102
2311331020
3113310202
1133102023
1331020231
3310202310
3102023100
1020231001
0202310012
2023100123
0231001232
2310012322
3100123220
1001232202
0012322022
0123220220
1232202201
2322022012
3220220120
2202201203
2022012033
0220120332
2201203322
2012033220
0120332202
1203322020
2033220200
0332202003
3322020031
3220200313
2202003131
2020031311
0200313111
2003131113
0031311132
0313111321
3131113211
1311132113
3111321132
1113211323
1132113233
1321132333
3211323332
2113233322
1132333220
1323332201
3233322013
2333220131
3332201313
3322013132
3220131323
2201313230
2013132300
0131323003
1313230033
3132300330
1323003303
3230033033
2300330333
3003303333
0033033333
0330333333
3303333330
3033333302
0333333021
3333330211
3333302112
3333021123
3330211230
3302112300
3021123003
0211230033
2112300330
1123003300
1230033000
2300330002
3003300020
0033000200
0330002000
3300020000
3000200000
0002000000
0020000000
0200000000
2000000000
0000000000
0000000002
0000000023
0000000231
0000002311
0000023113
0000231131
0002311313
0023113132
0231131323
2311313232
3113132320
1131323202
1313232022
3132320220
1323202200
3232022003
2320220030
3202200303
2022003033
0220030331
2200303313
2003033131
0030331313
0303313130
3033131303
0331313033
3313130333
3131303333
1313033330
3130333300
1303333000
3033330003
0333300030
3333000301
3330003013
3300030133
3000301333
0003013333
0030133330
0301333302
3013333023
0133330230
1333302303
3333023032
3330230323
3302303230
3023032301
0230323013
2303230132
3032301323
0323013232
3230132323
2301323230
3013232303
0132323032
1323230320
3232303203
2323032033
3230320331
2303203310
3032033103
0320331033
3203310330
2033103301
0331033011
3310330110
3103301103
1033011033
0330110333
3301103333
3011033332
0110333320
1103333202
1033332022
0333320222
3333202222
3332022220
3320222203
3202222033
2022220333
0222203330
2222033303
2220333030
2203330301
2033303010
0333030103
3330301030
3303010303
3030103033
0301030333
3010303333
0103033330
1030333302
0303333020
3033330203
0333302032
3333020321
3330203210
3302032100
3020321000
0203210000
2032100003
0321000033
3210000330
2100003300
1000033000
0000330003
0003300032
0033000321
0330003213
3300032131
3000321313
0003213133
0032131330
0321313303
3213133033
2131330333
1313303333
3133033333
1330333331
3303333311
3033333110
0333331100
3333311001
3333110010
3331100102
3311001021
3110010213
1100102133
1001021330
0010213300
0102133001
1021330013
0213300130
2133001301
1330013013
3300130131
3001301310
0013013103
0130131030
1301310302
3013103023
0131030233
1310302331
3103023310
1030233100
0302331001
3023310010
0233100102
2331001023
3310010232
3100102322
1001023221
0010232211
0102322111
1023221111
0232211110
2322111100
3221111002
2211110021
2111100211
1111002113
1110021133
1100211331
1002113311
0021133113
0211331133
2113311332
1133113321
1331133210
3311332100
3113321001
1133210011
1332100110
3321001102
3210011020
2100110200
1001102003
0011020030
0110200303
1102003033
1020030333
0200303332
2003033323
0030333232
0303332323
3033323230
0333232301
3332323010
3323230102
3232301020
2323010203
3230102033
2301020333
3010203332
0102033321
1020333213
0203332133
2033321333
0333213331
3332133313
3321333131
3213331311
2133313113
1333131130
3331311300
3313113000
3131130001
1311300010
3113000100
1130001000
1300010001
3000100010
0001000100
0010001000
0100010001
1000100010
0001000100
0010001000
0100010000
1000100000
0001000000
0010000000
0100000001
1000000010
0000000100
0000001000
0000010000
0000100000
0001000000
0010000001
0100000010
1000000100
0000001000
0000010000
0000100000
0001000000
0010000000
0100000000
1000000000
0000000000
0000000000
0000000000
0000000001
0000000010
0000000102
0000001020
0000010200
0000102000
0001020000
0010200000
0102000000
1020000002
0200000020
2000000200
0000002000
0000020000
0000200000
0002000002
0020000020
0200000200
2000002000
0000020000
0000200000
0002000000
0020000000
0200000000
2000000002
0000000023
0000000232
0000002323
0000023232
0000232323
0002323233
0023232332
0232323323
2323233233
3232332330
2323323303
3233233030
2332330302
3323303023
3233030230
2330302300
3303023001
3030230010
0302300103
3023001030
0230010300
2300103000
3001030000
0010300000
0103000000
1030000000
0300000003
3000000030
0000000301
0000003010
0000030101
0000301010
0003010102
0030101020
0301010200
3010102003
0101020033
1010200333
0102003333
1020033332
0200333323
2003333233
0033332330
0333323301
3333233010
3332330103
3323301031
3233010310
2330103103
3301031031
3010310310
0103103102
1031031023
0310310233
3103102333
1031023333
0310233332
3102333322
1023333222
0233332222
2333322222
3333222223
3332222232
3322222320
3222223202
2222232021
2222320213
2223202133
2232021333
2320213332
3202133322
2021333223
0213332233
2133322330
1333223300
3332233003
3322330033
3223300331
2233003313
2330033131
3300331311
3003313110
0033131102
0331311022
3313110221
3131102213
1311022131
3110221313
1102213131
1022131312
0221313122
2213131220
2131312203
1313122033
3131220333
1312203331
3122033310
1220333102
2203331022
2033310220
0333102202
3331022021
3310220210
3102202102
1022021021
0220210213
2202102132
2021021321
0210213211
2102132113
1021321133
0213211330
2132113300
1321133000
3211330000
2113300000
1133000000
1330000000
3300000000
3000000000
0000000000
0000000000
0000000002
0000000020
0000000200
0000002000
0000020002
0000200020
0002000200
0020002000
0200020002
2000200020
0002000200
0020002000
0200020002
2000200020
0002000200
0020002000
0200020002
2000200020
0002000202
0020002020
0200020200
2000202000
0002020000
0020200000
0202000002
2020000020
0200000200
2000002000
0000020002
0000200021
0002000211
0020002113
0200021133
2000211330
0002113303
0021133033
0211330333
2113303333
1133033332
1330333321
3303333210
3033332100
0333321003
3333210030
3332100300
3321003002
3210030022
2100300222
1003002222
0030022222
0300222220
3002222203
0022222030
0222220300
2222203000
2222030003
2220300030
2203000303
2030003030
0300030302
3000303020
0003030202
0030302020
0303020200
3030202001
0302020010
3020200103
0202001033
2020010332
0200103322
2001033223
0010332232
0103322320
1033223201
0332232011
3322320113
3223201133
2232011333
2320113330
3201133303
2011333031
0113330310
1133303103
1333031030
3330310300
3303103000
3031030003
0310300030
3103000303
1030003030
0300030301
3000303010
0003030103
0030301030
0303010303
3030103030
0301030303
3010303030
0103030303
1030303030
0303030303
3030303033
0303030333
3030303333
0303033333
3030333333
0303333332
3033333320
0333333200
3333332001
3333320010
3333200100
3332001002
3320010020
3200100200
2001002002
0010020020
0100200200
1002002000
0020020000
0200200000
2002000001
0020000010
0200000101
2000001011
0000010113
0000101133
0001011332
0010113320
0101133202
1011332021
0113320211
1133202113
1332021133
3320211330
3202113300
2021133000
0211330000
2113300001
1133000011
1330000111
3300001111
3000011111
0000111112
0001111121
0011111213
0111112132
1111121321
1111213213
1112132132
1121321322
1213213222
2132132220
1321322200
3213222000
2132220000
1322200003
3222000030
2220000301
2200003010
2000030100
0000301000
0003010003
0030100032
0301000321
3010003213
0100032132
1000321323
0003213233
0032132331
0321323311
3213233113
2132331130
1323311302
3233113020
2331130200
3311302001
3113020010
1130200103
1302001033
3020010331
0200103310
2001033101
0010331010
0103310103
1033101032
0331010322
3310103223
3101032232
1010322321
0103223211
1032232113
0322321133
3223211333
2232113332
2321133321
3211333213
2113332133
1133321332
1333213321
3332133211
3321332112
3213321122
2133211221
1332112213
3321122132
3211221321
2112213210
1122132102
1221321021
2213210211
2132102113
1321021131
3210211310
2102113102
1021131020
0211310200
2113102002
1131020022
1310200220
3102002200
1020022000
0200220002
2002200021
0022000211
0220002110
2200021100
2000211002
0002110020
0021100202
0211002021
2110020210
1100202100
1002021002
0020210021
0202100212
2021002120
0210021200
2100212002
1002120022
0021200220
0212002202
2120022020
1200220201
2002202011
0022020111
0220201110
2202011100
2020111003
0201110031
2011100313
0111003133
1110031331
1100313313
1003133133
0031331332
0313313322
3133133222
1331332222
3313322220
3133222200
1332222002
3322220020
3222200203
2222002033
2220020333
2200203333
2002033333
0020333333
0203333333
2033333333
0333333333
3333333333
3333333331
3333333310
3333333100
3333331002
3333310021
3333100210
3331002102
3310021021
3100210211
1002102113
0021021132
0210211323
2102113230
1021132300
0211323002
2113230023
1132300232
1323002321
3230023211
2300232111
3002321112
0023211120
0232111202
2321112021
3211120210
2111202101
1112021010
1120210103
1202101033
2021010332
0210103321
2101033211
1010332111
0103321111
1033211111
0332111113
3321111132
3211111322
2111113223
1111132233
1111322332
1113223321
1132233211
1322332113
3223321132
2233211321
2332113211
3321132113
3211321132
2113211322
1132113222
1321132221
3211322211
2113222111
1132221111
1322211110
3222111103
2221111032
2211110323
2111103232
1111032321
1110323210
1103232101
1032321010
0323210102
3232101021
2321010210
3210102102
2101021020
1010210203
0102102032
1021020321
0210203213
2102032132
1020321322
0203213220
2032132202
0321322021
3213220210
2132202100
1322021000
3220210000
2202100002
2021000022
0210000222
2100002221
1000022211
0000222111
0002221113
0022211132
0222111321
2221113213
2211132131
2111321310
1113213102
1132131020
1321310201
3213102013
2131020132
1310201323
3102013231
1020132310
0201323101
2013231011
0132310113
1323101132
3231011323
2310113232
3101132321
1011323211
0113232113
1132321131
1323211311
3232113111
2321131113
3211311132
2113111320
1131113200
1311132001
3111320010
1113200101
1132001011
1320010110
3200101102
2001011021
0010110210
0101102103
1011021033
0110210333
1102103330
1021033300
0210333001
2103330011
1033300112
0333001123
3330011231
3300112310
3001123100
0011231002
0112310020
1123100201
1231002010
2310020103
3100201033
1002010331
0020103311
0201033110
2010331101
0103311012
1033110123
0331101232
3311012321
3110123213
1101232130
1012321300
0123213000
1232130000
2321300003
3213000033
2130000330
1300003303
3000033033
0000330333
0003303330
0033033303
0330333033
3303330333
3033303333
0333033332
3330333323
3303333230
3033332300
0333323002
3333230022
3332300220
3323002202
3230022022
2300220220
3002202202
0022022023
0220220233
2202202333
2022023333
0220233331
2202333310
2023333103
0233331033
2333310333
3333103333
3331033333
3310333333
3103333330
1033333300
0333333002
3333330020
3333300200
3333002000
3330020000
3300200000
3002000000
0020000000
0200000000
2000000000
0000000003
0000000031
0000000313
0000003131
0000031311
0000313113
0003131133
0031311331
0313113311
3131133113
1311331133
3113311333
1133113333
1331133333
3311333333
3113333333
1133333333
1333333331
3333333311
3333333113
3333331133
3333311333
3333113333
3331133333
3311333333
3113333333
1133333333
1333333331
3333333313
3333333133
3333331333
3333313333
3333133333
3331333333
3313333331
3133333313
1333333133
3333331333
3333313333
3333133331
3331333313
3313333133
3133331333
1333313333
3333133333
3331333333
3313333333
3133333333
1333333333
3333333333
3333333333
3333333333
3333333333
3333333333
3333333333
3333333333
3333333330
3333333300
3333333003
3333330033
3333300333
3333003330
3330033301
3300333013
3003330132
0033301323
0333013231
3330132313
3301323133
3013231333
0132313330
1323133300
3231333002
2313330022
3133300223
1333002230
3330022302
3300223020
3002230203
0022302033
0223020332
2230203323
2302033233
3020332332
0203323322
2033233220
0332332202
3323322021
3233220211
2332202113
3322021133
3220211331
2202113311
2021133113
0211331131
2113311310
1133113100
1331131000
3311310002
3113100022
1131000222
1310002223
3100022230
1000222303
0002223032
0022230322
0222303223
2223032231
2230322310
2303223103
3032231031
0322310313
3223103132
2231031323
2310313233
3103132330
1031323300
0313233000
3132330003
1323300033
3233000330
2330003303
3300033032
3000330323
0003303233
0033032331
0330323313
3303233133
3032331330
0323313300
3233133001
2331330013
3313300130
3133001303
1330013030
3300130300
3001303001
0013030011
0130300110
1303001103
3030011033
0300110333
3001103333
0011033333
0110333333
1103333330
1033333300
0333333003
3333330033
3333300333
3333003330
3330033303
3300333031
3003330313
0033303133
0333031333
3330313330
3303133300
3031333003
0313330031
3133300313
1333003133
3330031333
3300313333
3003133333
0031333333
0313333330
3133333303
1333333033
3333330330
3333303303
3333033033
3330330330
3303303300
3033033000
0330330000
3303300002
3033000021
0330000210
3300002100
3000021002
0000210023
0002100231
0021002313
0210023131
2100231313
1002313133
0023131333
0231313332
2313133320
3131333200
1313332003
3133320033
1333200332
3332003323
3320033233
3200332331
2003323310
0033233103
0332331033
3323310331
3233103313
2331033130
3310331302
3103313020
1033130203
0331302033
3313020333
3130203332
1302033323
3020333232
0203332321
2033323210
0333232100
3332321000
3323210003
3232100032
2321000321
3210003213
2100032133
1000321333
0003213333
0032133333
0321333333
3213333332
2133333323
1333333231
3333332311
3333323112
3333231123
3332311231
3323112311
3231123113
2311231133
3112311332
1123113323
1231133232
2311332320
3113323203
1133232032
1332320323
3323203233
3232032333
2320323333
3203233331
2032333311
0323333111
3233331111
2333311111
3333111111
3331111113
3311111131
3111111311
1111113111
1111131110
1111311103
1113111033
1131110333
1311103333
3111033333
1110333333
1103333332
1033333323
0333333233
3333332332
3333323323
3333233233
3332332333
3323323333
3233233333
2332333333
3323333330
3233333303
2333333033
3333330332
3333303323
3333033233
3330332332
3303323322
3033233223
0332332230
3323322300
3233223001
2332230010
3322300100
3223001000
2230010001
2300100013
3001000132
0010001322
0100013220
1000132200
0001322000
0013220001
0132200011
1322000113
3220001132
2200011323
2000113233
0001132333
0011323331
0113233313
1132333131
1323331313
3233313131
2333131313
3331313132
3313131323
3131313231
1313132313
3131323133
1313231332
3132313323
1323133230
3231332301
2313323010
3133230100
1332301000
3323010003
3230100032
2301000320
3010003202
0100032020
1000320202
0003202022
0032020223
0320202233
3202022330
2020223301
0202233011
2022330110
0223301100
2233011003
2330110032
3301100321
3011003210
0110032102
1100321022
1003210220
0032102203
0321022032
3210220323
2102203230
1022032301
0220323010
2203230103
2032301031
0323010310
3230103101
2301031013
3010310132
0103101320
1031013202
0310132023
3101320231
1013202312
0132023123
1320231233
3202312333
2023123332
0231233321
2312333210
3123332102
1233321020
2333210202
3332102023
3321020233
3210202333
2102023333
1020233331
0202333313
2023333132
0233331321
2333313211
3333132110
3331321101
3313211010
3132110102
1321101022
3211010221
2110102211
1101022113
1010221133
0102211333
1022113332
0221133322
2211333222
2113332221
1133322213
1333222132
3332221321
3322213211
3222132112
2221321122
2213211222
2132112220
1321122201
3211222013
2112220132
1122201320
1222013200
2220132003
2201320032
2013200323
0132003232
1320032320
3200323200
2003232000
0032320002
0323200023
3232000232
2320002323
3200023233
2000232331
0002323312
0023233121
0232331212
2323312122
3233121220
2331212203
3312122033
3121220332
1212203323
2122033232
1220332320
2203323201
2033232010
0332320100
3323201002
3232010022
2320100220
3201002200
2010022001
0100220010
1002200102
0022001021
0220010212
2200102121
2001021211
0010212110
0102121102
1021211021
0212110211
2121102111
1211021111
2110211113
1102111132
1021111321
0211113210
2111132100
1111321002
1113210021
1132100212
1321002123
3210021232
2100212323
1002123232
0021232323
0212323231
2123232310
1232323103
2323231032
3232310322
2323103220
3231032203
2310322030
3103220300
1032203002
0322030021
3220300211
2203002111
2030021111
0300211113
3002111132
0021111321
0211113211
2111132113
1111321132
1113211321
1132113213
1321132131
3211321313
2113213131
1132131311
1321313113
3213131130
2131311301
1313113010
3131130102
1311301020
3113010202
1130102020
1301020202
3010202020
0102020201
1020202013
0202020133
2020201331
0202013310
2020133101
0201331010
2013310103
0133101031
1331010312
3310103120
3101031200
1010312001
0103120010
1031200102
0312001020
3120010201
1200102011
2001020113
0010201133
0102011330
1020113300
0201133003
2011330033
0113300331
1133003313
1330033133
3300331331
3003313311
0033133113
0331331131
3313311310
3133113101
1331131013
3311310132
3113101321
1131013213
1310132132
3101321323
1013213232
0132132320
1321323201
3213232013
2132320132
1323201320
3232013200
2320132002
3201320020
2013200202
0132002021
1320020210
3200202103
2002021032
0020210320
0202103202
2021032022
0210320220
2103202203
1032022033
0320220332
3202203321
2022033213
0220332133
2203321333
2033213333
0332133333
3321333333
3213333333
2133333330
1333333300
3333333002
3333330020
3333300201
3333002012
3330020120
3300201201
3002012010
0020120102
0201201021
2012010210
0120102102
1201021020
2010210201
0102102013
1021020133
0210201333
2102013333
1020133333
0201333333
2013333333
0133333333
1333333333
3333333333
3333333330
3333333300
3333333003
3333330033
3333300333
3333003330
3330033300
3300333000
3003330000
0033300000
0333000000
3330000000
3300000000
3000000002
0000000020
0000000203
0000002030
0000020303
0000203030
0002030303
0020303033
0203030330
2030303300
0303033001
3030330010
0303300102
3033001023
0330010233
3300102333
3001023333
0010233330
0102333302
1023333020
0233330200
2333302002
3333020023
3330200231
3302002310
3020023102
0200231023
2002310230
0023102302
0231023020
2310230200
3102302003
1023020030
0230200300
2302003000
3020030000
0200300001
2003000011
0030000113
0300001133
3000011330
0000113300
0001133000
0011330002
0113300021
1133000210
1330002103
3300021033
3000210331
0002103313
0021033133
0210331330
2103313303
1033133030
0331330300
3313303003
3133030030
1330300303
3303003032
3030030322
0300303221
3003032210
0030322103
0303221031
3032210313
0322103133
3221031333
2210313331
2103133312
1031333120
0313331203
3133312033
1333120333
3331203331
3312033313
3120333132
1203331323
2033313230
0333132303
3331323030
3313230300
3132303000
1323030000
3230300000
2303000001
3030000010
0300000102
3000001020
0000010201
0000102011
0001020113
0010201133
0102011333
1020113333
0201133330
2011333300
0113333000
1133330000
1333300000
3333000000
3330000002
3300000023
3000000230
0000002303
0000023033
0000230333
0002303331
0023033313
0230333132
2303331323
3033313230
0333132300
3331323001
3313230013
3132300133
1323001330
3230013300
2300133002
3001330020
0013300200
0133002000
1330020001
3300200011
3002000113
0020001132
0200011320
2000113201
0001132010
0011320103
0113201033
1132010333
1320103330
3201033300
2010333002
0103330023
1033300231
0333002310
3330023103
3300231030
3002310303
0023103033
0231030333
2310303333
3103033331
1030333313
0303333131
3033331313
0333313133
3333131333
3331313330
3313133302
3131333022
1313330223
3133302230
1333022302
3330223022
3302230222
3022302223
0223022233
2230222333
2302223332
3022233322
0222333223
2223332233
2233322333
2333223332
3332233323
3322333232
3223332323
2233323233
2333232333
3332323332
3323233323
3232333232
2323332323
3233323233
2333232333
3332323333
3323233332
3232333323
2323333233
3233332333
2333323332
3333233323
3332333233
3323332333
3233323331
2333233311
3332333113
3323331133
3233311331
2333113313
3331133131
3311331311
3113313110
1133131100
1331311000
3313110001
3131100013
1311000133
3110001333
1100013333
1000133333
0001333332
0013333323
0133333233
1333332331
3333323313
3333233131
3332331313
3323313132
3233131323
2331313232
3313132322
3131323220
1313232200
3132322001
1323220013
3232200131
2322001310
3220013101
2200131011
2001310113
0013101133
0131011333
1310113331
3101133313
1011333133
0113331333
1133313331
1333133311
3331333113
3313331133
3133311331
1333113311
3331133113
3311331133
3113311333
1133113331
1331133313
3311333133
3113331333
1133313333
1333133333
3331333333
3313333332
3133333323
1333333230
3333332303
3333323030
3333230303
3332303033
3323030330
3230303303
2303033033
3030330332
0303303323
3033033233
0330332333
3303323330
3033233301
0332333010
3323330100
3233301003
2333010030
3330100300
3301003000
3010030003
0100300030
1003000303
0030003030
0300030301
3000303010
0003030103
0030301033
0303010332
3030103321
0301033210
3010332103
0103321033
1033210330
0332103300
3321033000
3210330002
2103300023
1033000232
0330002320
3300023200
3000232000
0002320000
