2220020203
2200202032
2002020322
0020203220
0202032201
2020322013
0203220133
2032201331
0322013311
3220133111
2201331113
2013311132
0133111321
1331113210
3311132102
3111321023
1113210233
1132102332
1321023322
3210233220
2102332202
1023322023
0233220231
2332202311
3322023110
3220231102
2202311022
2023110220
0231102202
2311022022
3110220223
1102202233
1022022331
0220223310
2202233100
2022331002
0223310022
2233100221
2331002212
3310022123
3100221232
1002212323
0022123233
0221232332
2212323322
2123233221
1232332211
2323322112
3233221120
2332211201
3322112010
3221120103
2211201032
2112010321
1120103210
1201032102
2010321020
0103210200
1032102002
0321020020
3210200200
2102002003
1020020033
0200200333
2002003332
0020033322
0200333220
2003332202
0033322023
0333220232
3332202323
3322023231
3220232311
2202323110
2023231100
0232311003
2323110031
3231100313
2311003132
3110031321
1100313211
1003132113
0031321132
0313211322
3132113220
1321132200
3211322003
2113220033
1132200332
1322003320
3220033203
2200332031
2003320310
0033203102
0332031020
3320310202
3203102020
2031020202
0310202021
3102020211
1020202112
0202021122
2020211223
0202112232
2021122323
0211223231
2112232311
1122323110
1223231101
2232311011
2323110110
3231101100
2311011002
3110110023
1101100232
1011002321
0110023212
1100232120
1002321201
0023212011
0232120110
2321201101
3212011010
2120110103
1201101031
2011010313
0110103133
1101031331
1010313313
0103133132
1031331321
0313313210
3133132100
1331321002
3313210023
3132100233
1321002333
3210023333
2100233332
1002333321
0023333210
0233332103
2333321031
3333210313
3332103133
3321031332
3210313320
2103133200
1031332002
0313320021
3133200213
1332002133
3320021331
3200213313
2002133131
0021331311
0213313112
2133131121
1331311210
3313112100
3131121002
1311210020
3112100200
1121002002
1210020020
2100200200
1002002000
0020020002
0200200022
2002000221
0020002211
0200022111
2000221113
0002211133
0022111331
0221113311
2211133111
2111331110
1113311102
1133111023
1331110232
3311102321
3111023211
1110232111
1102321113
1023211133
0232111333
2321113330
3211133303
2111333032
1113330321
1133303210
1333032100
3330321000
3303210000
3032100000
0321000003
3210000032
2100000320
1000003201
0000032012
0000320123
0003201230
0032012300
0320123001
3201230011
2012300110
0123001102
1230011022
2300110220
3001102202
0011022022
0110220220
1102202202
1022022023
0220220231
2202202313
2022023131
0220231311
2202313110
2023131102
0231311022
2313110220
3131102202
1311022020
3110220202
1102202021
1022020211
0220202111
2202021111
2020211110
0202111102
2021111022
0211110223
2111102233
1111022331
1110223311
1102233110
1022331100
0223311001
2233110010
2331100100
3311001001
3110010013
1100100132
1001001322
0010013223
0100132232
1001322322
0013223220
0132232200
1322322002
3223220022
2232200221
2322002211
3220022113
2200221132
2002211321
0022113212
0221132122
2211321221
2113212210
1132122101
1321221010
3212210101
2122101011
1221010110
2210101103
2101011031
1010110311
0101103112
1011031123
0110311232
1103112321
1031123211
0311232113
3112321133
1123211333
1232113332
2321133320
3211333200
2113332001
1133320012
1333200121
3332001212
3320012120
3200121201
2001212010
0012120101
0121201012
1212010122
2120101222
1201012221
2010122210
0101222103
1012221031
0122210311
1222103110
2221031102
2210311023
2103110233
1031102333
0311023333
3110233331
1102333313
1023333130
0233331302
2333313021
3333130210
3331302102
3313021021
3130210211
1302102110
3021021102
0210211022
2102110220
1021102202
0211022023
2110220231
1102202312
1022023120
0220231202
2202312021
2023120212
0231202122
2312021223
3120212230
1202122302
2021223023
0212230231
2122302311
1223023111
2230231111
2302311111
3023111113
0231111131
2311111311
3111113113
1111131130
1111311300
1113113002
1131130021
1311300210
3113002101
1130021012
1300210121
3002101210
0021012100
0210121000
2101210002
1012100022
0121000220
1210002200
2100022002
1000220020
0002200201
0022002011
0220020113
2200201132
2002011321
0020113211
0201132111
2011321110
0113211101
1132111011
1321110112
3211101123
2111011233
1110112331
1101123312
1011233122
0112331220
1123312201
1233122013
2331220133
3312201331
3122013312
1220133122
2201331222
2013312223
0133122233
1331222330
3312223301
3122233012
1222330122
2223301222
2233012220
2330122202
3301222021
3012220210
0122202102
1222021020
2220210202
2202102021
2021020211
0210202111
2102021110
1020211102
0202111020
2021110200
0211102002
2111020022
1110200220
1102002201
1020022011
0200220110
2002201100
0022011002
0220110021
2201100211
2011002110
0110021100
1100211001
1002110010
0021100102
0211001021
2110010211
1100102110
1001021100
0010211002
0102110022
1021100220
0211002202
2110022022
1100220223
1002202231
0022022311
0220223110
2202231102
2022311021
0223110213
2231102130
2311021301
3110213012
1102130122
1021301220
0213012200
2130122002
1301220021
3012200211
0122002110
1220021102
2200211021
2002110213
0021102133
0211021330
2110213301
1102133012
1021330122
0213301222
2133012221
1330122213
3301222131
3012221311
0122213111
1222131111
2221311112
2213111122
2131111220
1311112202
3111122023
1111220233
1112202331
1122023310
1220233102
2202331020
2023310202
0233102020
2331020202
3310202022
3102020220
1020202202
0202022022
2020220220
0202202200
2022022002
0220220021
2202200210
2022002101
0220021011
2200210111
2002101113
0021011131
0210111312
2101113122
1011131221
0111312211
1113122113
1131221132
1312211321
3122113211
1221132111
2211321110
2113211102
1132111022
1321110220
3211102201
2111022011
1110220111
1102201113
1022011132
0220111321
2201113211
2011132111
0111321112
1113211122
1132111222
1321112220
3211122201
2111222011
1112220110
1122201102
1222011020
2220110200
2201102001
2011020012
0110200120
1102001203
1020012032
0200120323
2001203231
0012032313
0120323132
1203231321
2032313210
0323132103
3231321031
2313210312
3132103120
1321031202
3210312021
2103120210
1031202103
0312021032
3120210321
1202103213
2021032132
0210321320
2103213201
1032132012
0321320121
3213201210
2132012102
1320121020
3201210202
2012102021
0121020210
1210202102
2102021021
1020210211
0202102111
2021021112
0210211120
2102111202
1021112022
0211120222
2111202222
1112022221
1120222213
1202222131
2022221312
0222213123
2222131232
2221312322
2213123221
2131232212
1312322122
3123221222
1232212222
2322122220
3221222203
2212222031
2122220312
1222203120
2222031203
2220312032
2203120321
2031203211
0312032111
3120321110
1203211102
2032111021
0321110211
3211102112
2111021123
1110211231
1102112313
1021123132
0211231322
2112313221
1123132211
1231322110
2313221101
3132211012
1322110120
3221101202
2211012022
2110120222
1101202223
1012022233
0120222331
1202223310
2022233100
0222331000
2223310001
2233100013
2331000131
3310001311
3100013110
1000131101
0001311010
0013110102
0131101020
1311010200
3110102002
1101020020
1010200202
0102002021
1020020210
0200202100
2002021002
0020210022
0202100222
2021002222
0210022221
2100222211
1002222112
0022221120
0222211202
2222112022
2221120222
2211202222
2112022221
1120222212
1202222123
2022221231
0222212313
2222123132
2221231322
2212313221
2123132213
1231322130
2313221300
3132213002
1322130020
3221300203
2213002031
2130020311
1300203111
3002031112
0020311122
0203111220
2031112202
0311122020
3111220202
1112202023
1122020231
1220202311
2202023111
2020231112
0202311123
2023111233
0231112331
2311123311
3111233110
1112331100
1123311000
1233110003
2331100032
3311000322
3110003222
1100032223
1000322231
0003222311
0032223110
0322231102
3222311022
2223110221
2231102212
2311022121
3110221211
1102212112
1022121122
0221211222
2212112221
2121122211
1211222110
2112221101
1122211013
1222110131
2221101312
2211013122
2110131222
1101312221
1013122211
0131222110
1312221102
3122211021
1222110213
2221102131
2211021313
2110213132
1102131323
1021313231
0213132311
2131323113
1313231132
3132311321
1323113211
3231132113
2311321132
3113211322
1132113222
1321132222
3211322220
2113222201
1132222011
1322220111
3222201111
2222011112
2220111122
2201111221
2011112211
0111122111
1111221113
1112211131
1122111313
1221113130
2211131301
2111313011
1113130111
1131301110
1313011100
3130111001
1301110010
3011100101
0111001013
1110010132
1100101323
1001013231
0010132313
0101323132
1013231321
0132313211
1323132110
3231321102
2313211020
3132110201
1321102011
3211020112
2110201122
1102011222
1020112222
0201122221
2011222211
0112222112
1122221120
1222211202
2222112022
2221120223
2211202233
2112022333
1120223332
1202233321
2022333211
0223332111
2233321112
2333211122
3332111223
3321112233
3211122332
2111223321
1112233213
1122332132
1223321322
2233213222
2332132221
3321322212
3213222123
2132221232
1322212322
3222123222
2221232221
2212322210
2123222102
1232221020
2322210202
3222102023
2221020231
2210202312
2102023121
1020231211
0202312112
2023121120
0231211200
2312112002
3121120021
1211200210
2112002100
1120021000
1200210002
2002100020
0021000202
0210002022
2100020220
1000202201
0002022010
0020220102
0202201020
2022010202
0220102022
2201020221
2010202210
0102022102
1020221020
0202210200
2022102002
0221020022
2210200220
2102002202
1020022022
0200220221
2002202210
0022022102
0220221020
2202210202
2022102020
0221020202
2210202022
2102020223
1020202230
0202022302
2020223020
0202230201
2022302013
0223020132
2230201322
2302013220
3020132201
0201322011
2013220111
0132201112
1322011122
3220111220
2201112201
2011122011
0111220113
1112201132
1122011322
1220113222
2201132222
2011322222
0113222220
1132222202
1322222022
3222220220
2222202202
2222022022
2220220221
2202202212
2022022122
0220221220
2202212202
2022122022
0221220223
2212202232
2122022322
1220223220
2202232202
2022322022
0223220221
2232202213
2322022132
3220221322
2202213221
2022132211
0221322113
2213221131
2132211311
1322113111
3221131112
2211311122
2113111222
1131112222
1311122220
3111222202
1112222023
1122220233
1222202331
2222023311
2220233112
2202331122
2023311221
0233112211
2331122110
3311221103
3112211031
1122110310
1221103102
2211031022
2110310221
1103102211
1031022112
0310221120
3102211201
1022112010
0221120103
2211201031
2112010311
1120103111
1201031113
2010311132
0103111321
1031113210
0311132103
3111321031
1113210313
1132103132
1321031322
3210313222
2103132220
1031322200
0313222002
3132220020
1322200200
3222002002
2220020021
2200200213
2002002132
0020021320
0200213200
2002132000
0021320001
0213200010
2132000102
1320001020
3200010202
2000102021
0001020212
0010202123
0102021231
1020212311
0202123112
2021231120
0212311200
2123112000
1231120002
2311200022
3112000223
1120002232
1200022320
2000223202
0002232021
0022320212
0223202120
2232021202
2320212023
3202120232
2021202322
0212023221
2120232213
1202322133
2023221333
0232213332
2322133321
3221333212
2213332122
2133321222
1333212222
3332122221
3321222211
3212222112
2122221123
1222211232
2222112322
2221123220
2211232202
2112322021
1123220211
1232202110
2322021102
3220211021
2202110212
2021102122
0211021220
2110212202
1102122021
1021220211
0212202112
2122021122
1220211220
2202112200
2021122002
0211220021
2112200211
1122002112
1220021120
2200211202
2002112023
0021120231
0211202311
2112023111
1120231111
1202311112
2023111123
0231111232
2311112322
3111123221
1111232213
1112322132
1123221320
1232213202
2322132021
3221320212
2213202120
2132021203
1320212030
3202120300
2021203000
0212030002
2120300020
1203000202
2030002023
0300020231
3000202311
0002023112
0020231120
0202311201
2023112012
0231120121
2311201213
3112012133
1120121331
1201213311
2012133112
0121331120
1213311202
2133112022
1331120220
3311202200
3112022001
1120220011
1202200111
2022001112
0220011120
2200111201
2001112012
0011120123
0111201232
1112012320
1120123200
1201232002
2012320022
0123200221
1232002212
2320022122
3200221223
2002212230
0022122302
0221223021
2212230211
2122302111
1223021113
2230211132
2302111322
3021113222
0211132223
2111322233
1113222331
1132223311
1322233110
3222331102
2223311020
2233110201
2331102011
3311020111
3110201111
1102011111
1020111112
0201111122
2011111220
0111112202
1111122020
1111220202
1112202021
1122020210
1220202102
2202021022
2020210220
0202102203
2021022031
0210220312
2102203120
1022031202
0220312022
2203120220
2031202201
0312022011
3120220110
1202201100
2022011002
0220110023
2201100232
2011002323
0110023233
1100232333
1002323332
0023233322
0232333222
2323332220
3233322200
2333222000
3332220000
3322200001
3222000011
2220000113
2200001130
2000011303
0000113031
0001130312
0011303122
0113031220
1130312202
1303122020
3031220200
0312202002
3122020022
1220200222
2202002221
2020022210
0200222101
2002221011
0022210111
0222101111
2221011113
2210111132
2101111320
1011113202
0111132020
1111320202
1113202020
1132020202
1320202022
3202020221
2020202213
0202022132
2020221321
0202213211
2022132112
0221321121
2213211211
2132112113
1321121131
3211211311
2112113112
1121131122
1211311221
2113112213
1131122133
1311221333
3112213331
1122133311
1221333113
2213331131
2133311310
1333113102
3331131022
3311310221
3113102211
1131022111
1310221112
3102211122
1022111221
0221112211
2211122111
2111221111
1112211110
1122111101
1221111011
2211110112
2111101122
1111011220
1110112202
1101122022
1011220222
0112202221
1122022211
1220222112
2202221121
2022211212
0222112123
2221121233
2211212331
2112123313
1121233133
1212331332
2123313322
1233133222
2331332221
3313322211
3133222113
1332221132
3322211321
3222113210
2221132100
2211321001
2113210011
1132100111
1321001110
3210011102
2100111022
1001110222
0011102220
0111022203
1110222033
1102220333
1022203333
0222033330
2220333303
2203333032
2033330320
0333303200
3333032002
3330320020
3303200201
3032002012
0320020120
3200201202
2002012020
0020120202
0201202021
2012020213
0120202132
1202021321
2020213211
0202132113
2021321131
0213211313
2132113132
1321131321
3211313211
2113132110
1131321102
1313211021
3132110213
1321102132
3211021321
2110213211
1102132112
1021321122
0213211221
2132112210
1321122102
3211221022
2112210220
1122102201
1221022010
2210220100
2102201000
1022010003
0220100032
2201000321
2010003211
0100032111
1000321111
0003211112
0032111123
0321111233
3211112330
2111123301
1111233013
1112330132
1123301322
1233013222
2330132220
3301322202
3013222022
0132220222
1322202221
3222022211
2220222111
2202221110
2022211102
0222111022
2221110220
2211102201
2111022011
1110220112
1102201122
1022011221
0220112211
2201122113
2011221132
0112211321
1122113211
1221132110
2211321103
2113211031
1132110312
1321103122
3211031220
2110312202
1103122022
1031220223
0312202230
3122022301
1220223012
2202230122
2022301220
0223012200
2230122002
2301220020
3012200201
0122002013
1220020131
2200201311
2002013111
0020131110
0201311102
2013111022
0131110220
1311102202
3111022022
1110220220
1102202202
1022022022
0220220221
2202202210
2022022102
0220221020
2202210200
2022102002
0221020021
2210200211
2102002110
1020021102
0200211020
2002110200
0021102002
0211020023
2110200231
1102002310
1020023101
0200231012
2002310122
0023101222
0231012222
2310122221
3101222211
1012222112
0122221120
1222211200
2222112002
2221120021
2211200213
2112002130
1120021300
1200213002
2002130021
0021300210
0213002103
2130021032
1300210320
3002103202
0021032020
0210320201
2103202011
1032020110
0320201102
3202011021
2020110211
0201102111
2011021111
0110211111
1102111111
1021111112
0211111122
2111111222
1111112221
1111122211
1111222112
1112221120
1122211202
1222112022
2221120222
2211202220
2112022201
1120222012
1202220120
2022201201
0222012011
2220120111
2201201111
2012011112
0120111122
1201111222
2011112222
0111122220
1111222202
1112222021
1122220210
1222202100
2222021000
2220210000
2202100002
2021000021
0210000210
2100002100
1000021002
0000210022
0002100221
0021002211
0210022111
2100221112
1002211122
0022111221
0221112210
2211122102
2111221023
1112210231
1122102311
1221023111
2210231110
2102311101
1023111010
0231110102
2311101022
3111010222
1110102222
1101022221
1010222210
0102222100
1022221002
0222210021
2222100211
2221002112
2210021120
2100211202
1002112021
0021120211
0211202112
2112021123
1120211232
1202112322
2021123222
0211232222
2112322221
1123222211
1232222111
2322221111
3222211111
2222111112
2221111121
2211111211
2111112110
1111121100
1111211002
1112110022
1121100221
1211002211
2110022112
1100221121
1002211213
0022112131
0221121312
2211213122
2112131222
1121312221
1213122211
2131222111
1312221113
3122211132
1222111322
2221113220
2211132202
2111322021
1113220213
1132202132
1322021322
3220213222
2202132223
2021322232
0213222323
2132223232
1322232322
3222323221
2223232211
2232322110
2323221102
3232211021
2322110210
3221102101
2211021013
2110210131
1102101311
1021013111
0210131110
2101311102
1013111021
0131110211
1311102111
3111021111
1110211111
1102111111
1021111113
0211111132
2111111320
1111113200
1111132003
1111320032
1113200322
1132003221
1320032211
3200322111
2003221112
0032211120
0322111202
3221112021
2211120213
2111202131
1112021311
1120213110
1202131102
2021311020
0213110203
2131102033
1311020332
3110203322
1102033223
1020332230
0203322302
2033223023
0332230233
3322302333
3223023331
2230233311
2302333111
3023331111
0233311110
2333111102
3331111021
3311110210
3111102102
1111021021
1110210212
1102102120
1021021202
0210212022
2102120220
1021202202
0212022021
2120220212
1202202120
2022021201
0220212013
2202120132
2021201322
0212013222
2120132220
1201322203
2013222033
0132220331
1322203311
3222033112
2220331122
2203311220
2033112202
0331122022
3311220222
3112202222
1122022221
1220222211
2202222110
2022221102
0222211022
2222110220
2221102202
2211022021
2110220212
1102202122
1022021221
0220212213
2202122131
2021221311
0212213111
2122131110
1221311100
2213111002
2131110021
1311100212
3111002120
1110021202
1100212022
1002120220
0021202200
0212022002
2120220023
1202200232
2022002320
0220023201
2200232011
2002320110
0023201102
0232011023
2320110232
3201102322
2011023223
0110232230
1102322301
1023223013
0232230131
2322301310
3223013102
2230131021
2301310211
3013102110
0131021101
1310211010
3102110102
1021101022
0211010222
2110102222
1101022220
1010222201
0102222011
1022220110
0222201103
2222011030
2220110302
2201103022
2011030222
0110302220
1103022202
1030222020
0302220202
3022202021
0222020211
2220202111
2202021112
2020211121
0202111211
2021112113
0211121132
2111211322
1112113221
1121132211
1211322113
2113221131
1132211311
1322113111
3221131111
2211311112
2113111122
1131111222
1311112220
3111122202
1111222022
1112220220
1122202202
1222022020
2220220201
2202202012
2022020122
0220201222
2202012223
2020122231
0201222310
2012223102
0122231021
1222310213
2223102132
2231021322
2310213222
3102132222
1021322220
0213222203
2132222032
1322220322
3222203223
2222032230
2220322301
2203223011
2032230112
0322301120
3223011201
2230112010
2301120101
3011201012
0112010122
1120101222
1201012221
2010122211
0101222113
1012221131
0122211312
1222113121
2221131211
2211312110
2113121101
1131211011
1312110111
3121101111
1211011111
2110111110
1101111100
1011111002
0111110022
1111100220
1111002202
1110022023
1100220233
1002202333
0022023332
0220233321
2202333213
2023332132
0233321322
2333213221
3332132211
3321322111
3213221111
2132211110
1322111101
3221111011
2211110111
2111101113
1111011131
1110111311
1101113110
1011131101
0111311010
1113110100
1131101001
1311010011
3110100110
1101001100
1010011002
0100110021
1001100211
0011002111
0110021111
1100211112
1002111122
0021111220
0211112202
2111122021
1111220210
1112202102
1122021022
1220210222
2202102222
2021022223
0210222233
2102222332
1022223322
0222233221
2222332211
2223322112
2233221121
2332211211
3322112110
3221121101
2211211011
2112110111
1121101111
1211011113
2110111130
1101111302
1011113020
0111130202
1111302022
1113020223
1130202230
1302022300
3020223000
0202230002
2022300020
0223000202
2230002020
2300020200
3000202001
0002020013
0020200131
0202001311
2020013111
0200131110
2001311102
0013111022
0131110222
1311102223
3111022232
1110222322
1102223222
1022232222
0222322223
2223222232
2232222321
2322223211
3222232110
2222321103
2223211031
2232110312
2321103122
3211031222
2110312220
1103122202
1031222020
0312220202
3122202020
1222020201
2220202011
2202020111
2020201111
0202011110
2020111100
0201111002
2011110021
0111100212
1111002120
1110021201
1100212013
1002120131
0021201310
0212013102
2120131023
1201310232
2013102322
0131023223
1310232231
3102322311
1023223111
0232231111
2322311112
3223111120
2231111201
2311112010
3111120101
1111201010
1112010102
1120101020
1201010201
2010102013
0101020132
1010201323
0102013232
1020132320
0201323202
2013232020
0132320201
1323202010
3232020101
2320201010
3202010102
2020101022
0201010220
2010102202
0101022020
1010220202
0102202021
1022020210
0220202102
2202021022
2020210220
0202102201
2021022012
0210220121
2102201213
1022012132
0220121321
2201213210
2012132102
0121321021
1213210211
2132102111
1321021112
3210211121
2102111211
1021112113
0211121131
2111211313
1112113132
1121131322
1211313222
2113132220
1131322201
1313222012
3132220122
1322201222
3222012222
2220122221
2201222211
2012222112
0122221121
1222211210
2222112101
2221121011
2211210111
2112101110
1121011101
1210111013
2101110131
1011101310
0111013102
1110131022
1101310220
1013102202
0131022023
1310220230
3102202301
1022023011
0220230111
2202301110
2023011102
0230111022
2301110221
3011102211
0111022113
1110221131
1102211310
1022113102
0221131021
2211310211
2113102113
1131021131
1310211312
3102113123
1021131231
0211312311
2113123110
1131231102
1312311021
3123110211
1231102113
2311021131
3110211313
1102113133
1021131332
0211313320
2113133201
1131332011
1313320110
3133201102
1332011023
3320110231
3201102311
2011023113
0110231130
1102311301
1023113011
0231130111
2311301111
3113011111
1130111112
1301111120
3011111200
0111112002
1111120022
1111200223
1112002232
1120022321
1200223211
2002232110
0022321102
0223211020
2232110201
2321102011
3211020111
2110201112
1102011122
1020111223
0201112231
2011122311
0111223112
1112231122
1122311221
1223112211
2231122110
2311221102
3112211021
1122110211
1221102111
2211021110
2110211101
1102111013
1021110131
0211101311
2111013111
1110131110
1101311102
1013111021
0131110211
1311102110
3111021102
1110211021
1102110210
1021102102
0211021020
2110210200
1102102001
1021020011
0210200113
2102001133
1020011332
0200113322
2001133222
0011332222
0113322222
1133222221
1332222211
3322222110
3222221102
2222211020
2222110200
2221102001
2211020011
2110200110
1102001102
1020011021
0200110210
2001102103
0011021032
0110210322
1102103220
1021032202
0210322022
2103220220
1032202201
0322022010
3220220102
2202201023
2022010232
0220102320
2201023200
2010232001
0102320013
1023200132
0232001322
2320013220
3200132201
2001322013
0013220131
0132201313
1322013131
3220131310
2201313102
2013131023
0131310230
1313102301
3131023011
1310230113
3102301132
1023011321
0230113210
2301132102
3011321020
0113210200
1132102003
1321020031
3210200313
2102003130
1020031301
0200313013
2003130131
0031301311
0313013112
3130131122
1301311221
3013112211
0131122113
1311221132
3112211321
1122113211
1221132110
2211321101
2113211011
1132110111
1321101112
3211011121
2110111211
1101112112
1011121121
0111211213
1112112131
1121121313
1211213133
2112131333
1121313333
1213133332
2131333321
1313333213
3133332131
1333321313
3333213132
3332131321
3321313210
3213132103
2131321033
1313210331
3132103311
1321033110
3210331102
2103311021
1033110211
0331102111
3311021110
3110211102
1102111022
1021110222
0211102220
2111022200
1110222002
1102220022
1022200222
0222002222
2220022221
2200222212
2002222122
0022221221
0222212211
2222122111
2221221110
2212211101
2122111011
1221110112
2211101121
2111011211
1110112113
1101121131
1011211310
0112113103
1121131031
1211310310
2113103102
1131031021
1310310213
3103102130
1031021301
0310213013
3102130132
1021301322
0213013220
2130132202
1301322021
3013220213
0132202131
1322021311
3220213113
2202131132
2021311322
0213113222
2131132220
1311322202
3113222020
1132220201
1322202013
3222020131
2220201311
2202013110
2020131102
0201311021
2013110211
0131102113
1311021131
3110211311
1102113113
1021131132
0211311321
2113113210
1131132100
1311321002
3113210023
1132100232
1321002321
3210023211
2100232110
1002321101
0023211011
0232110110
2321101100
3211011002
2110110020
1101100200
1011002002
0110020023
1100200233
1002002332
0020023322
0200233223
2002332232
0023322322
0233223222
2332232223
3322322232
3223222320
2232223200
2322232002
3222320020
2223200202
2232002022
2320020220
3200202200
2002022000
0020220003
0202200032
2022000322
0220003221
2200032211
2000322110
0003221102
0032211023
0322110232
3221102322
2211023221
2110232213
1102322132
1023221322
0232213220
2322132200
3221322001
2213220010
2132200101
1322001011
3220010110
2200101102
2001011022
0010110221
0101102211
1011022111
0110221110
1102211102
1022111022
0221110221
2211102211
2111022111
1110221110
1102211101
1022111011
0221110110
2211101102
2111011020
1110110201
1101102013
1011020132
0110201320
1102013202
1020132023
0201320231
2013202311
0132023111
1320231111
3202311110
2023111100
0231111002
2311110022
3111100222
1111002222
1110022223
1100222230
1002222302
0022223022
0222230221
2222302210
2223022102
2230221021
2302210211
3022102111
0221021113
2210211131
2102111311
1021113110
0211131102
2111311022
1113110222
1131102220
1311022203
3110222030
1102220302
1022203020
0222030203
2220302032
2203020322
2030203222
0302032222
3020322220
0203222201
2032222011
0322220110
3222201102
2222011022
2220110223
2201102231
2011022311
0110223111
1102231113
1022311132
0223111322
2231113222
2311132222
3111322220
1113222202
1132222023
1322220231
3222202311
2222023110
2220231101
2202311010
2023110101
0231101011
2311010111
3110101110
1101011101
1010111010
0101110101
1011101011
0111010111
1110101111
1101011110
1010111102
0101111022
1011110220
0111102202
1111022021
1110220211
1102202110
1022021102
0220211023
2202110231
2021102311
0211023110
2110231101
1102311013
1023110131
0231101313
2311013132
3110131321
1101313212
1013132122
0131321220
1313212202
3132122020
1321220202
3212202021
2122020211
1220202110
2202021102
2020211022
0202110220
2021102201
0211022010
2110220103
1102201031
1022010311
0220103111
2201031113
2010311132
0103111322
1031113222
0311132220
3111322202
1113222022
1132220222
1322202220
3222022201
2220222010
2202220101
2022201011
0222010111
2220101111
2201011112
2010111122
0101111222
1011112221
0111122210
1111222102
1112221022
1122210222
1222102222
2221022220
2210222203
2102222031
1022220313
0222203131
2222031311
2220313111
2203131113
2031311133
0313111332
3131113322
1311133223
3111332231
1113322310
1133223102
1332231021
3322310211
3223102111
2231021111
2310211113
3102111132
1021111322
0211113223
2111132231
1111322311
1113223110
1132231102
1322311021
3223110211
2231102111
2311021113
3110211131
1102111310
1021113102
0211131021
2111310211
1113102112
1131021122
1310211221
3102112211
1021122112
0211221120
2112211200
1122112002
1221120022
2211200222
2112002222
1120022221
1200222213
2002222131
0022221312
0222213122
2222131222
2221312221
2213122211
2131222113
1312221131
3122211313
1222113131
2221131310
2211313102
2113131022
1131310221
1313102213
3131022132
1310221322
3102213222
1022132223
0221322231
2213222311
2132223112
1322231120
3222311202
2223112020
2231120201
2311202011
3112020111
1120201111
1202011111
2020111110
0201111100
2011111001
0111110012
1111100120
1111001201
1110012013
1100120132
1001201322
0012013221
0120132213
1201322132
2013221322
0132213222
1322132220
3221322202
2213222022
2132220222
1322202222
3222022220
2220222201
2202222010
2022220103
0222201032
2222010321
2220103210
2201032102
2010321022
0103210223
1032102232
0321022320
3210223202
2102232022
1022320222
0223202220
2232022200
2320222001
3202220010
2022200102
0222001022
2220010221
2200102213
2001022132
0010221320
0102213201
1022132011
0221320113
2213201133
2132011333
1320113333
3201133332
2011333322
0113333220
1133332200
1333322000
3333220000
3332200003
3322000032
3220000320
2200003203
2000032032
0000320321
0003203211
0032032110
0320321100
3203211000
2032110002
0321100020
3211000202
2110002020
1100020203
1000202030
0002020303
0020203031
0202030312
2020303122
0203031221
2030312210
0303122102
3031221023
0312210231
3122102313
1221023133
2210231333
2102313332
1023133322
0231333222
2313332221
3133322212
1333222122
3332221222
3322212221
3222122211
2221222110
2212221102
2122211021
1222110212
2221102122
2211021222
2110212220
1102122201
1021222011
0212220111
2122201111
1222011113
2220111132
2201111323
2011113233
0111132331
1111323311
1113233113
1132331132
1323311322
3233113222
2331132221
3311322212
3113222122
1132221222
1322212222
3222122221
2221222211
2212222112
2122221122
1222211221
2222112212
2221122122
2211221220
2112212202
1122122020
1221220201
2212202010
2122020100
1220201002
2202010021
2020100211
0201002111
2010021113
0100211132
1002111320
0021113200
0211132002
2111320021
1113200213
1132002133
1320021332
3200213321
2002133212
0021332123
0213321231
2133212313
1332123133
3321231331
3212313311
2123133112
1231331120
2313311200
3133112002
1331120020
3311200202
3112002022
1120020220
1200202201
2002022013
0020220133
0202201330
2022013303
0220133031
2201330311
2013303110
0133031102
1330311023
3303110232
3031102320
0311023202
3110232022
1102320220
1023202201
0232022012
2320220120
3202201201
2022012012
0220120120
2201201202
2012012021
0120120213
1201202132
2012021321
0120213211
1202132112
2021321123
0213211232
2132112321
1321123213
3211232133
2112321331
1123213311
1232133110
2321331102
3213311022
2133110220
1331102202
3311022021
3110220213
1102202132
1022021321
0220213213
2202132131
2021321311
0213213112
2132131123
1321311232
3213112322
2131123222
1311232221
3112322210
1123222102
1232221022
2322210221
3222102212
2221022122
2210221223
2102212231
1022122310
0221223102
2212231021
2122310210
1223102101
2231021013
2310210131
3102101311
1021013112
0210131122
2101311221
1013112211
0131122111
1311221112
3112211122
1122111221
1221112211
2211122111
2111221112
1112211121
1122111212
1221112122
2211121220
2111212202
1112122020
1121220201
1212202013
2122020131
1220201311
2202013112
2020131122
0201311221
2013112211
0131122111
1311221111
3112211110
1122111100
1221111002
2211110022
2111100220
1111002200
1110022001
1100220012
1002200122
0022001221
0220012210
2200122102
2001221021
0012210210
0122102102
1221021021
2210210211
2102102110
1021021101
0210211010
2102110102
1021101022
0211010222
2110102220
1101022201
1010222012
0102220123
1022201231
0222012311
2220123110
2201231101
2012311011
0123110111
1231101112
2311011122
3110111221
1101112211
1011122110
0111221101
1112211010
1122110103
1221101033
2211010330
2110103301
1101033011
1010330111
0103301110
1033011102
0330111023
3301110232
3011102322
0111023222
1110232222
1102322221
1023222211
0232222113
2322221131
3222211311
2222113111
2221131111
2211311112
2113111122
1131111222
1311112222
3111122221
1111222211
1112222110
1122221102
1222211020
2222110202
2221102021
2211020213
2110202131
1102021310
1020213102
0202131021
2021310211
0213102110
2131021102
1310211022
3102110220
1021102202
0211022023
2110220231
1102202312
1022023122
0220231220
2202312200
2023122002
0231220022
2312200221
3122002213
1220022131
2200221312
2002213122
0022131220
0221312202
2213122020
2131220202
1312202021
3122020211
1220202113
2202021132
2020211323
0202113233
2021132333
0211323333
2113233331
1132333311
1323333113
3233331131
2333311313
3333113132
3331131322
3311313221
3113132213
1131322131
1313221312
3132213123
1322131233
3221312332
2213123320
2131233200
1312332001
3123320013
1233200132
2332001323
3320013232
3200132320
2001323202
0013232022
0132320220
1323202203
3232022033
2320220331
3202203310
2022033102
0220331021
2203310210
2033102101
0331021011
3310210111
3102101110
1021011102
0210111020
2101110202
1011102021
0111020211
1110202112
1102021122
1020211222
0202112222
2021122222
0211222221
2112222211
1122222113
1222221132
2222211322
2222113222
2221132220
2211322200
2113222002
1132220021
1322200211
3222002110
2220021102
2200211021
2002110210
0021102100
0211021000
2110210002
1102100021
1021000213
0210002131
2100021311
1000213111
0002131112
0021311122
0213111222
2131112221
1311122213
3111222132
1112221321
1122213211
1222132111
2221321112
2213211122
2132111222
1321112221
3211122211
2111222112
1112221122
1122211222
1222112221
2221122211
2211222111
2112221112
1122211123
1222111232
2221112322
2211123220
2111232203
1112322032
1123220320
1232203201
2322032011
3220320112
2203201122
2032011222
0320112221
3201122211
2011222112
0112221120
1122211202
1222112022
2221120222
2211202222
2112022222
1120222220
1202222200
2022222002
0222220023
2222200232
2222002322
2220023220
2200232201
2002322012
0023220121
0232201211
2322012112
3220121122
2201211221
2012112211
0121122111
1211221113
2112211132
1122111322
1221113220
2211132202
2111322022
1113220220
1132202201
1322022012
3220220120
2202201200
2022012002
0220120021
2201200211
2012002110
0120021103
1200211032
2002110322
0021103223
0211032232
2110322320
1103223203
1032232031
0322320310
3223203102
2232031022
2320310220
3203102200
2031022002
0310220021
3102200210
1022002102
0220021022
2200210221
2002102211
0021022111
0210221110
2102211100
1022111000
0221110003
2211100033
2111000331
1110003310
1100033102
1000331022
0003310223
0033102232
0331022320
3310223200
3102232002
1022320021
0223200213
2232002133
2320021331
3200213313
2002133132
0021331320
0213313202
2133132023
1331320231
3313202312
3132023122
1320231221
3202312210
2023122100
0231221002
2312210021
3122100212
1221002120
2210021202
2100212022
1002120221
0021202211
0212022110
2120221102
1202211021
2022110211
0221102110
2211021100
2110211001
1102110011
1021100113
0211001132
2110011320
1100113200
1001132002
0011320020
0113200201
1132002013
1320020131
3200201311
2002013113
0020131131
0201311312
2013113122
0131131221
1311312212
3113122121
1131221213
1312212132
3122121323
1221213231
2212132313
2121323130
1213231301
2132313010
1323130101
3231301010
2313010102
3130101023
1301010232
3010102321
0101023212
1010232120
0102321201
1023212010
0232120103
2321201031
3212010311
2120103113
1201031130
2010311300
0103113001
1031130011
0311300110
3113001101
1130011013
1300110131
3001101310
0011013102
0110131021
1101310210
1013102102
0131021020
1310210200
3102102000
1021020000
0210200000
2102000001
1020000012
0200000121
2000001211
0000012110
0000121103
0001211032
0012110321
0121103210
1211032100
2110321002
1103210020
1032100201
0321002010
3210020100
2100201001
1002010011
0020100113
0201001132
2010011320
0100113200
1001132000
0011320000
0113200000
1132000002
1320000021
3200000213
2000002132
0000021321
0000213210
0002132102
0021321021
0213210210
2132102102
1321021022
3210210220
2102102200
1021022000
0210220003
2102200032
1022000322
0220003221
2200032211
2000322112
0003221121
0032211213
0322112131
3221121313
2211213132
2112131322
1121313220
1213132202
2131322022
1313220221
3132202211
1322022112
3220221123
2202211232
2022112321
0221123213
2211232132
2112321322
1123213220
1232132202
2321322022
3213220222
2132202222
1322022221
3220222210
2202222101
2022221012
0222210120
2222101202
2221012020
2210120202
2101202021
1012020211
0120202111
1202021110
2020211102
0202111021
2021110211
0211102112
2111021121
1110211211
1102112113
1021121131
0211211311
2112113110
1121131101
1211311011
2113110113
1131101131
1311011313
3110113132
1101131321
1011313211
0113132113
1131321133
1313211331
3132113313
1321133131
3211331312
2113313123
1133131232
1331312322
3313123221
3131232211
1312322110
3123221102
1232211020
2322110203
3221102033
2211020331
2110203311
1102033110
1020331102
0203311023
2033110231
0331102311
3311023112
3110231121
1102311210
1023112102
0231121021
2311210210
3112102102
1121021021
1210210210
2102102101
1021021011
0210210112
2102101120
1021011201
0210112011
2101120111
1011201112
0112011122
1120111220
1201112202
2011122022
0111220220
1112202202
1122022020
1220220200
2202202000
2022020002
0220200022
2202000220
2020002201
0200022011
2000220111
0002201113
0022011132
0220111322
2201113223
2011132230
0111322301
1113223011
1132230111
1322301112
3223011122
2230111220
2301112201
3011122012
0111220122
1112201220
1122012200
1220122002
2201220021
2012200211
0122002112
1220021120
2200211201
2002112011
0021120111
0211201110
2112011100
1120111001
1201110011
2011100111
0111001113
1110011131
1100111311
1001113110
0011131101
0111311013
1113110132
1131101320
1311013201
3110132013
1101320131
1013201312
0132013122
1320131220
3201312200
2013122001
0131220011
1312200111
3122001112
1220011120
2200111201
2001112011
0011120111
0111201111
1112011110
1120111102
1201111020
2011110202
0111102022
1111020220
1110202200
1102022000
1020220001
0202200012
2022000122
0220001220
2200012202
2000122022
0001220223
0012202231
0122022311
1220223111
2202231110
2022311100
0223111001
2231110011
2311100111
3111001113
1110011131
1100111311
1001113112
0011131122
0111311221
1113112211
1131122113
1311221131
3112211312
1122113120
1221131201
2211312013
2113120133
1131201331
1312013312
3120133123
1201331231
2013312311
0133123111
1331231112
3312311121
3123111211
1231112112
2311121121
3111211210
1112112102
1121121021
1211210211
2112102111
1121021110
1210211101
2102111011
1021110112
0211101120
2111011202
1110112022
1101120222
1011202223
0112022231
1120222311
1202223111
2022231111
0222311110
2223111102
2231111022
2311110220
3111102202
1111022021
1110220211
1102202110
1022021102
0220211021
2202110211
2021102110
0211021102
2110211021
1102110211
1021102110
0211021101
2110211012
1102110122
1021101223
0211012233
2110122333
1101223330
1012233301
0122333013
1223330131
2233301311
2333013112
3330131122
3301311222
3013112221
0131122211
1311222110
3112221102
1122211022
1222110222
2221102222
2211022220
2110222201
1102222012
1022220122
0222201221
2222012212
2220122123
2201221232
2012212320
0122123201
1221232011
2212320111
2123201110
1232011100
2320111002
3201110020
2011100202
0111002021
1110020212
1100202122
1002021221
0020212211
0202122113
2021221132
0212211322
2122113220
1221132202
2211322023
2113220233
1132202333
1322023331
3220233312
2202333122
2023331220
0233312202
2333122020
3331220202
3312202022
3122020220
1220202202
2202022021
2020220211
0202202110
2022021102
0220211022
2202110222
2021102220
0211022202
2110222021
1102220212
1022202121
0222021211
2220212111
2202121110
2021211102
0212111020
2121110201
1211102011
2111020111
1110201110
1102011102
1020111023
0201110232
2011102322
0111023221
1110232212
1102322122
1023221222
0232212220
2322122202
3221222020
2212220200
2122202003
1222020032
2220200323
2202003231
2020032311
0200323110
2003231103
0032311033
0323110332
3231103323
2311033232
3110332322
1103323221
1033232210
0332322103
3323221031
3232210310
2322103102
3221031022
2210310222
2103102221
1031022213
0310222132
3102221320
1022213201
0222132010
2221320101
2213201010
2132010100
1320101001
3201010011
2010100112
0101001122
1010011220
0100112202
1001122021
0011220213
0112202132
1122021322
1220213223
2202132232
2021322321
0213223213
2132232132
1322321322
3223213223
2232132232
2321322321
3213223210
2132232102
1322321020
3223210200
2232102002
2321020023
3210200233
2102002333
1020023332
0200233321
2002333211
0023332110
0233321102
2333211020
3332110200
3321102000
3211020000
2110200000
1102000001
1020000011
0200000111
2000001110
0000011102
0000111020
0001110202
0011102021
0111020212
1110202123
1102021233
1020212331
0202123313
2021233132
0212331323
2123313231
1233132311
2331323110
3313231102
3132311023
1323110231
3231102310
2311023102
3110231023
1102310233
1023102331
0231023310
2310233101
3102331013
1023310132
0233101321
2331013210
3310132102
3101321022
1013210222
0132102220
1321022201
3210222010
2102220100
1022201001
0222010010
2220100101
2201001010
2010010103
0100101032
1001010323
0010103233
0101032332
1010323323
0103233231
1032332310
0323323103
3233231032
2332310320
3323103200
3231032000
2310320000
3103200001
1032000010
0320000102
3200001020
2000010203
0000102032
0001020321
0010203213
0102032132
1020321320
0203213202
2032132023
0321320233
3213202333
2132023332
1320233323
3202333232
2023332323
0233323232
2333232321
3332323212
3323232120
3232321202
2323212021
3232120212
2321202122
3212021220
2120212201
1202122010
2021220101
0212201013
2122010132
1220101320
2201013200
2010132002
0101320023
1013200230
0132002301
1320023013
3200230133
2002301333
0023013331
0230133313
2301333132
3013331322
0133313222
1333132221
3331322212
3313222123
3132221232
1322212322
3222123221
2221232211
2212322112
2123221122
1232211220
2322112202
3221122022
2211220220
2112202201
1122022012
1220220121
2202201213
2022012132
0220121322
2201213222
2012132223
0121322232
1213222322
2132223223
1322232231
3222322310
2223223102
2232231021
2322310211
3223102110
2231021103
2310211031
3102110313
1021103132
0211031323
2110313232
1103132322
1031323222
0313232223
3132322231
1323222310
3232223101
2322231011
3222310111
2223101110
2231011101
2310111013
3101110131
1011101313
0111013133
1110131333
1101313333
1013133331
0131333310
1313333100
3133331002
1333310020
3333100200
3331002002
3310020022
3100200221
1002002210
0020022100
0200221002
2002210022
0022100223
0221002232
2210022321
2100223213
1002232132
0022321322
0223213221
2232132213
2321322132
3213221320
2132213202
1322132021
3221320212
2213202122
2132021222
1320212220
3202122201
2021222013
0212220133
2122201333
1222013332
2220133320
2201333202
2013332022
0133320223
1333202232
3332022320
3320223202
3202232020
2022320202
0223202022
2232020222
2320202222
3202022220
2020222201
0202222012
2022220123
0222201231
2222012312
2220123123
2201231232
2012312320
0123123200
1231232001
2312320012
3123200122
1232001222
2320012220
3200122202
2001222022
0012220220
0122202202
1222022021
2220220211
2202202110
2022021101
0220211012
2202110122
2021101220
0211012202
2110122022
1101220221
1012202211
0122022111
1220221112
2202211121
2022111212
0221112122
2211121221
2111212212
1112122122
1121221222
1212212221
2122122212
1221222120
2212221202
2122212022
1222120222
2221202223
2212022232
2120222322
1202223221
2022232212
0222322121
2223221210
2232212102
2322121022
3221210220
2212102201
2121022011
1210220112
2102201120
1022011202
0220112020
2201120202
2011202021
0112020213
1120202131
1202021313
2020213133
0202131333
2021313332
0213133321
2131333210
1313332102
3133321022
1333210221
3332102211
3321022113
3210221132
2102211322
1022113221
0221132211
2211322110
2113221103
1132211031
1322110313
3221103132
2211031321
2110313213
1103132132
1031321321
0313213213
3132132130
1321321301
3213213012
2132130122
1321301222
3213012221
2130122211
1301222111
3012221113
0122211133
1222111331
2221113310
2211133101
2111331011
1113310112
1133101120
1331011201
3310112010
3101120103
1011201032
0112010321
1120103210
1201032103
2010321033
0103210331
1032103312
0321033122
3210331220
2103312203
1033122031
0331220310
3312203101
3122031011
1220310113
2203101132
2031011322
0310113220
3101132200
1011322003
0113220032
1132200322
1322003220
3220032203
2200322032
2003220322
0032203223
0322032232
3220322322
2203223220
2032232202
0322322021
3223220213
2232202130
2322021302
3220213022
2202130220
2021302202
0213022022
2130220220
1302202202
3022022021
0220220212
2202202123
2022021233
0220212332
2202123321
2021233213
0212332132
2123321322
1233213223
2332132232
3321322320
3213223200
2132232002
1322320020
3223200200
2232002002
2320020021
3200200211
2002002110
0020021103
0200211031
2002110313
0021103133
0211031333
2110313332
1103133323
1031333233
0313332331
3133323311
1333233111
3332331110
3323311102
3233111021
2331110211
3311102110
3111021102
1110211020
1102110202
1021102021
0211020210
2110202102
1102021022
1020210222
0202102222
2021022223
0210222231
2102222310
1022223101
0222231011
2222310111
2223101112
2231011122
2310111222
3101112223
1011122233
0111222331
1112223313
1122233132
1222331322
2223313223
2233132233
2331322332
3313223323
3132233232
1322332322
3223323220
2233232202
2332322021
3323220211
3232202111
2322021112
3220211120
2202111200
2021112002
0211120021
2111200211
1112002113
1120021132
1200211322
2002113222
0021132220
0211322201
2113222012
1132220120
1322201202
3222012022
2220120220
2201202203
2012022032
0120220322
1202203221
2022032210
0220322102
2203221023
2032210233
0322102333
3221023331
2210233311
2102333110
1023331100
0233311002
2333110022
3331100223
3311002230
3110022303
1100223031
1002230310
0022303100
0223031002
2230310023
2303100232
3031002322
0310023222
3100232221
1002322210
0023222103
0232221032
2322210321
3222103211
2221032113
2210321132
2103211322
1032113221
0321132212
3211322120
2113221201
1132212012
1322120122
3221201223
2212012232
2120122322
1201223223
2012232232
0122322320
1223223201
2232232011
2322320111
3223201112
2232011122
2320111222
3201112220
2011122202
0111222023
1112220232
1122202322
1222023222
2220232223
2202322232
2023222321
0232223213
2322232132
3222321322
2223213220
2232132201
2321322010
3213220102
2132201021
1322010212
3220102123
2201021232
2010212322
0102123221
1021232211
0212322111
2123221112
1232211121
2322111213
3221112130
2211121303
2111213032
1112130320
1121303202
1213032021
2130320212
1303202121
3032021211
0320212110
3202121102
2021211022
0212110220
2121102202
1211022023
2110220233
1102202333
1022023332
0220233320
2202333203
2023332031
0233320311
2333203111
3332031113
3320311130
3203111303
2031113031
0311130313
3111303133
1113031332
1130313323
1303133232
3031332322
0313323221
3133232211
1332322111
3323221110
3232211101
2322111011
3221110113
2211101131
2111011311
1110113113
1101131132
1011311320
0113113201
1131132011
1311320111
3113201111
1132011110
1320111103
3201111031
2011110311
0111103111
1111031111
1110311110
1103111101
1031111011
0311110112
3111101123
1111011232
1110112320
1101123203
1011232031
0112320311
1123203110
1232031103
2320311032
3203110323
2031103232
0311032321
3110323211
1103232111
1032321113
0323211132
3232111322
2321113222
3211132221
2111322211
1113222112
1132221123
1322211232
3222112322
2221123220
2211232202
2112322022
1123220222
1232202222
2322022222
3220222221
2202222212
2022222122
0222221220
2222212203
2222122033
2221220331
2212203310
2122033100
1220331002
2203310020
2033100200
0331002002
3310020021
3100200213
1002002132
0020021322
0200213220
2002132203
0021322031
0213220311
2132203110
1322031103
3220311031
2203110311
2031103111
0311031113
3110311131
1103111310
1031113101
0311131011
3111310111
1113101113
1131011132
1310111321
3101113213
1011132131
0111321311
1113213113
1132131131
1321311311
3213113111
2131131111
1311311113
3113111131
1131111312
1311113122
3111131221
1111312211
1113122111
1131221111
1312211110
3122111102
1221111021
2211110211
2111102111
1111021111
1110211112
1102111122
1021111221
0211112211
2111122111
1111221111
1112211112
1122111121
1221111213
2211112131
2111121311
1111213111
1112131111
1121311110
1213111100
2131111000
1311110002
3111100022
1111000222
1110002220
1100022202
1000222021
0002220211
0022202110
0222021102
2220211022
2202110223
2021102232
0211022320
2110223202
1102232020
1022320201
0223202011
2232020113
2320201132
3202011323
2020113231
0201132313
2011323132
0113231321
1132313213
1323132132
3231321320
2313213203
3132132032
1321320321
3213203211
2132032110
1320321100
3203211000
2032110002
0321100021
3211000211
2110002110
1100021102
1000211021
0002110211
0021102111
0211021110
2110211100
1102111001
1021110011
0211100111
2111001111
1110011110
1100111101
1001111010
0011110102
0111101022
1111010220
1110102201
1101022010
1010220102
0102201022
1022010222
0220102220
2201022200
2010222002
0102220022
1022200222
0222002221
2220022212
2200222122
2002221222
0022212221
0222122212
2221222120
2212221203
2122212032
1222120322
2221203222
2212032222
2120322220
1203222203
2032222032
0322220322
3222203220
2222032202
2220322022
2203220221
2032202210
0322022101
3220221010
