3111132321
1111323211
1113232111
1132321111
1323211111
3232111113
2321111131
3211111311
2111113111
1111131113
1111311132
1113111321
1131113210
1311132102
3111321022
1113210220
1132102200
1321022002
3210220023
2102200232
1022002321
0220023211
2200232113
2002321132
0023211323
0232113232
2321132323
3211323230
2113232302
1132323022
1323230220
3232302200
2323022003
3230220032
2302200320
3022003200
0220032002
2200320021
2003200212
0032002122
0320021222
3200212222
2002122221
0021222210
0212222102
2122221021
1222210213
2222102130
2221021301
2210213010
2102130101
1021301010
0213010102
2130101022
1301010221
3010102210
0101022100
1010221001
0102210013
1022100132
0221001320
2210013202
2100132020
1001320200
0013202001
0132020013
1320200133
3202001331
2020013313
0200133133
2001331333
0013313331
0133133311
1331333111
3313331112
3133311122
1333111220
3331112202
3311122021
3111220210
1112202102
1122021020
1220210202
2202102020
2021020200
0210202003
2102020031
1020200310
0202003102
2020031022
0200310221
2003102210
0031022102
0310221022
3102210222
1022102222
0221022222
2210222222
2102222221
1022222211
0222222112
2222221122
2222211221
2222112213
2221122132
2211221322
2112213221
1122132210
1221322102
2213221021
2132210210
1322102102
3221021022
2210210222
2102102222
1021022222
0210222222
2102222221
1022222213
0222222132
2222221322
2222213221
2222132210
2221322103
2213221032
2132210322
1322103221
3221032210
2210322101
2103221013
1032210132
0322101321
3221013212
2210132122
2101321222
1013212222
0132122222
1321222221
3212222210
2122222101
1222221013
2222210132
2222101320
2221013201
2210132010
2101320101
1013201013
0132010130
1320101303
3201013032
2010130322
0101303222
1013032222
0130322223
1303222233
3032222330
0322223301
3222233012
2222330122
2223301221
2233012211
2330122110
3301221103
3012211032
0122110322
1221103221
2211032213
2110322131
1103221313
1032213132
0322131322
3221313222
2213132222
2131322222
1313222221
3132222213
1322222131
3222221313
2222213132
2222131321
2221313212
2213132121
2131321211
1313212111
3132121113
1321211132
3212111321
2121113213
1211132132
2111321321
1113213213
1132132131
1321321311
3213213113
2132131130
1321311301
3213113013
2131130132
1311301320
3113013202
1130132022
1301320222
3013202222
0132022220
1320222201
3202222012
2022220121
0222201212
2222012121
2220121211
2201212112
2012121121
0121211211
1212112112
2121121120
1211211202
2112112022
1121120220
1211202200
2112022002
1120220023
1202200230
2022002300
0220023003
2200230032
2002300322
0023003222
0230032222
2300322222
3003222220
0032222202
0322222022
3222220223
2222202233
2222022333
2220223332
2202233321
2022333210
0223332101
2233321013
2333210132
3332101322
3321013221
3210132210
2101322101
1013221011
0132210112
1322101120
3221011203
2210112030
2101120303
1011203032
0112030320
1120303200
1203032002
2030320021
0303200213
3032002132
0320021321
3200213213
2002132133
0021321331
0213213310
2132133103
1321331031
3213310311
2133103111
1331031113
3310311133
3103111331
1031113310
0311133102
3111331021
1113310211
1133102110
1331021102
3310211020
3102110202
1021102020
0211020200
2110202000
1102020001
1020200011
0202000110
2020001101
0200011013
2000110130
0001101303
0011013032
0110130320
1101303202
1013032020
0130320201
1303202013
3032020131
0320201313
3202013131
2020131313
0201313131
2013131313
0131313130
1313131301
3131313013
1313130130
3131301303
1313013031
3130130313
1301303130
3013031301
0130313011
1303130112
3031301123
0313011232
3130112320
1301123201
3011232013
0112320132
1123201321
1232013211
2320132110
3201321100
2013211002
0132110023
1321100231
3211002310
2110023103
1100231031
1002310311
0023103110
0231031100
2310311002
3103110022
1031100222
0311002220
3110022200
1100222003
1002220033
0022200333
0222003330
2220033302
2200333020
2003330202
0033302020
0333020203
3330202030
3302020300
3020203001
0202030011
2020300113
0203001130
2030011301
0300113011
3001130113
0011301130
0113011300
1130113003
1301130030
3011300302
0113003020
1130030200
1300302002
3003020020
0030200203
0302002030
3020020300
0200203003
2002030032
0020300320
0203003201
2030032012
0300320123
3003201230
0032012303
0320123031
3201230311
2012303113
0123031133
1230311333
2303113331
3031133313
0311333133
3113331330
1133313300
1333133002
3331330022
3313300220
3133002201
1330022010
3300220103
3002201033
0022010330
0220103300
2201033000
2010330002
0103300020
1033000200
0330002002
3300020023
3000200230
0002002301
0020023010
0200230102
2002301022
0023010222
0230102221
2301022213
3010222130
0102221303
1022213032
0222130323
2221303231
2213032311
2130323113
1303231130
3032311300
0323113003
3231130033
2311300332
3113003321
1130033212
1300332121
3003321210
0033212103
0332121030
3321210300
3212103001
2121030011
1210300113
2103001132
1030011323
0300113233
3001132332
0011323320
0113233202
1132332023
1323320233
3233202330
2332023303
3320233032
3202330323
2023303232
0233032321
2330323211
3303232111
3032321113
0323211133
3232111332
2321113322
3211133220
2111332202
1113322020
1133220200
1332202003
3322020033
3220200333
2202003330
2020033301
0200333012
2003330122
0033301220
0333012203
3330122033
3301220330
3012203303
0122033031
1220330311
2203303112
2033031123
0330311232
3303112322
3031123221
0311232210
3112322101
1123221013
1232210131
2322101310
3221013102
2210131021
2101310213
1013102132
0131021323
1310213230
3102132301
1021323011
0213230110
2132301102
1323011022
3230110220
2301102200
3011022001
0110220012
1102200120
1022001203
0220012030
2200120301
2001203012
0012030121
0120301211
1203012111
2030121113
0301211131
3012111312
0121113121
1211131211
2111312112
1113121123
1131211230
1312112301
3121123013
1211230132
2112301323
1123013231
1230132311
2301323110
3013231100
0132311003
1323110033
3231100331
2311003310
3110033102
1100331020
1003310201
0033102011
0331020111
3310201111
3102011110
1020111102
0201111023
2011110232
0111102322
1111023222
1110232220
1102322201
1023222010
0232220102
2322201021
3222010211
2220102112
2201021122
2010211221
0102112211
1021122113
0211221132
2112211321
1122113212
1221132122
2211321222
2113212220
1132122200
1321222001
3212220013
2122200132
1222001321
2220013212
2200132121
2001321210
0013212103
0132121032
1321210320
3212103200
2121032002
1210320020
2103200200
1032002001
0320020011
3200200113
2002001130
0020011300
0200113001
2001130010
0011300102
0113001020
1130010200
1300102000
3001020003
0010200031
0102000311
1020003113
0200031130
2000311300
0003113000
0031130000
0311300002
3113000022
1130000221
1300002212
3000022122
0000221221
0002212212
0022122123
0221221232
2212212320
2122123203
1221232031
2212320310
2123203103
1232031032
2320310322
3203103220
2031032202
0310322020
3103220200
1032202003
0322020030
3220200300
2202003001
2020030010
0200300101
2003001011
0030010111
0300101110
3001011102
0010111023
0101110233
1011102330
0111023303
1110233032
1102330323
1023303233
0233032333
2330323331
3303233311
3032333110
0323331102
3233311022
2333110220
3331102201
3311022010
3110220101
1102201010
1022010102
0220101023
2201010231
2010102313
0101023133
1010231332
0102313323
1023133232
0231332322
2313323222
3133232221
1332322210
3323222102
3232221020
2322210203
3222102030
2221020303
2210203031
2102030311
1020303113
0203031132
2030311320
0303113202
3031132021
0311320211
3113202110
1132021100
1320211000
3202110002
2021100021
0211000210
2110002100
1100021001
1000210010
0002100102
0021001021
0210010211
2100102110
1001021102
0010211020
0102110202
1021102020
0211020200
2110202000
1102020003
1020200032
0202000320
2020003202
0200032022
2000320223
0003202232
0032022322
0320223223
3202232231
2022322311
0223223113
2232231130
2322311302
3223113022
2231130221
2311302213
3113022131
1130221311
1302213110
3022131102
0221311021
2213110210
2131102100
1311021001
3110210011
1102100112
1021001121
0210011211
2100112110
1001121100
0011211003
0112110032
1121100321
1211003211
2110032111
1100321110
1003211100
0032111001
0321110011
3211100113
2111001132
1110011321
1100113213
1001132131
0011321311
0113213111
1132131111
1321311113
3213111132
2131111322
1311113220
3111132203
1111322032
1113220323
1132203232
1322032322
3220323221
2203232213
2032322131
0323221311
3232213111
2322131113
3221311133
2213111331
2131113311
1311133111
3111331113
1113311131
1133111310
1331113102
3311131022
3111310221
1113102210
1131022100
1310221000
3102210003
1022100031
0221000313
2210003132
2100031322
1000313220
0003132203
0031322033
0313220333
3132203333
1322033332
3220333323
2203333233
2033332332
0333323322
3333233222
3332332222
3323322220
3233222202
2332222020
3322220202
3222202022
2222020222
2220202220
2202022201
2020222010
0202220102
2022201022
0222010220
2220102202
2201022023
2010220230
0102202301
1022023013
0220230132
2202301323
2023013231
0230132310
2301323102
3013231020
0132310203
1323102031
3231020313
2310203133
3102031330
1020313300
0203133001
2031330011
0313300110
3133001102
1330011021
3300110210
3001102101
0011021013
0110210130
1102101303
1021013031
0210130313
2101303132
1013031321
0130313210
1303132100
3031321001
0313210010
3132100102
1321001023
3210010232
2100102322
1001023220
0010232203
0102322032
1023220321
0232203211
2322032110
3220321102
2203211020
2032110202
0321102020
3211020203
2110202032
1102020323
1020203230
0202032300
2020323000
0203230002
2032300022
0323000222
3230002220
2300022200
3000222001
0002220011
0022200110
0222001103
2220011033
2200110331
2001103313
0011033130
0110331301
1103313013
1033130131
0331301310
3313013101
3130131013
1301310132
3013101321
0131013213
1310132132
3101321323
1013213231
0132132310
1321323103
3213231032
2132310320
1323103202
3231032021
2310320210
3103202102
1032021023
0320210232
3202102323
2021023232
0210232321
2102323213
1023232132
0232321321
2323213210
3232132102
2321321022
3213210221
2132102213
1321022132
3210221321
2102213210
1022132101
0221321013
2213210132
2132101322
1321013220
3210132201
2101322011
1013220111
0132201110
1322011100
3220111002
2201110020
2011100200
0111002001
1110020013
1100200131
1002001313
0020013132
0200131320
2001313201
0013132013
0131320132
1313201321
3132013211
1320132113
3201321132
2013211322
0132113221
1321132211
3211322113
2113221132
1132211321
1322113211
3221132113
2211321133
2113211331
1132113310
1321133101
3211331013
2113310133
1133101333
1331013330
3310133300
3101333001
1013330011
0133300110
1333001101
3330011010
3300110100
3001101003
0011010032
0110100322
1101003220
1010032202
0100322023
1003220233
0032202333
0322023332
3220233323
2202333232
2023332322
0233323222
2333232223
3332322233
3323222332
3232223321
2322233210
3222332101
2223321013
2233210132
2332101321
3321013211
3210132111
2101321112
1013211121
0132111211
1321112113
3211121131
2111211313
1112113131
1121131310
1211313102
2113131020
1131310200
1313102001
3131020011
1310200113
3102001130
1020011301
0200113010
2001130100
0011301003
0113010031
1130100311
1301003110
3010031102
0100311020
1003110202
0031102020
0311020201
3110202011
1102020113
1020201130
0202011301
2020113012
0201130120
2011301202
0113012023
1130120231
1301202313
3012023132
0120231323
1202313230
2023132301
0231323010
2313230101
3132301010
1323010100
3230101001
2301010012
3010100120
0101001202
1010012022
0100120222
1001202223
0012022232
0120222322
1202223221
2022232211
0222322112
2223221122
2232211223
2322112230
3221122301
2211223010
2112230101
1122301013
1223010133
2230101333
2301013333
3010133332
0101333322
1013333223
0133332232
1333322321
3333223210
3332232100
3322321002
3223210021
2232100213
2321002132
3210021323
2100213232
1002132323
0021323231
0213232310
2132323101
1323231011
3232310113
2323101131
3231011313
2310113133
3101131332
1011313321
0113133211
1131332111
1313321110
3133211103
1332111030
3321110303
3211103030
2111030300
1110303001
1103030013
1030300130
0303001301
3030013011
0300130113
3001301133
0013011332
0130113321
1301133211
3011332110
0113321101
1133211011
1332110112
3321101120
3211011202
2110112022
1101120223
1011202233
0112022332
1120223322
1202233221
2022332213
0223322131
2233221312
2332213123
3322131232
3221312321
2213123210
2131232101
1312321010
3123210101
1232101013
2321010131
3210101313
2101013133
1010131333
0101313333
1013133332
0131333321
1313333211
3133332111
1333321113
3333211131
3332111310
3321113102
3211131022
2111310220
1113102203
1131022030
1310220300
3102203003
1022030031
0220300310
2203003102
2030031022
0300310220
3003102200
0031022002
0310220023
3102200232
1022002320
0220023203
2200232033
2002320332
0023203323
0232033232
2320332322
3203323222
2033232221
0332322210
3323222100
3232221003
2322210032
3222100323
2221003232
2210032321
2100323210
1003232100
0032321000
0323210000
3232100000
2321000003
3210000032
2100000323
1000003232
0000032320
0000323202
0003232020
0032320200
0323202000
3232020003
2320200032
3202000323
2020003232
0200032320
2000323201
0003232010
0032320100
0323201002
3232010021
2320100210
3201002102
2010021023
0100210232
1002102321
0021023210
0210232102
2102321023
1023210230
0232102300
2321023000
3210230002
2102300023
1023000232
0230002323
2300023232
3000232323
0002323233
0023232330
0232323303
2323233032
3232330322
2323303220
3233032201
2330322013
3303220133
3032201332
0322013322
3220133220
2201332200
2013322002
0133220022
1332200222
3322002220
3220022201
2200222013
2002220133
0022201331
0222013313
2220133133
2201331332
2013313320
0133133202
1331332020
3313320200
3133202001
1332020012
3320200120
3202001201
2020012010
0200120101
2001201010
0012010100
0120101002
1201010021
2010100210
0101002102
1010021023
0100210233
1002102330
0021023300
0210233003
2102330032
1023300321
0233003211
2330032113
3300321131
3003211313
0032113130
0321131303
3211313031
2113130310
1131303103
1313031031
3130310311
1303103110
3031031103
0310311031
3103110310
1031103103
0311031033
3110310333
1103103331
1031033311
0310333110
3103331100
1033311002
0333110022
3331100221
3311002213
3110022132
1100221321
1002213210
0022132101
0221321013
2213210130
2132101300
1321013002
3210130020
2101300203
1013002031
0130020313
1300203133
3002031333
0020313332
0203133322
2031333222
0313332220
3133322202
1333222021
3332220211
3322202113
3222021132
2220211322
2202113223
2021132230
0211322303
2113223033
1132230331
1322303311
3223033113
2230331133
2303311333
3033113331
0331133311
3311333112
3113331120
1133311202
1333112023
3331120231
3311202311
3112023113
1120231133
1202311331
2023113310
0231133100
2311331000
3113310001
1133100011
1331000110
3310001102
3100011020
1000110203
0001102031
0011020311
0110203111
1102031110
1020311100
0203111001
2031110010
0311100100
3111001000
1110010001
1100100011
1001000111
0010001110
0100011100
1000111001
0001110013
0011100131
0111001310
1110013102
1100131023
1001310231
0013102311
0131023113
1310231131
3102311310
1023113100
0231131003
2311310032
3113100321
1131003210
1310032101
3100321010
1003210102
0032101020
0321010202
3210102021
2101020211
1010202113
0102021133
1020211332
0202113320
2021133202
0211332022
2113320223
1133202231
1332022313
3320223133
3202231331
2022313310
0223133100
2231331002
2313310020
3133100201
1331002011
3310020111
3100201113
1002011133
0020111332
0201113320
2011133200
0111332002
1113320020
1133200200
1332002000
3320020003
3200200031
2002000310
0020003101
0200031010
2000310102
0003101022
0031010220
0310102203
3101022030
1010220303
0102203030
1022030303
0220303030
2203030303
2030303030
0303030303
3030303030
0303030303
3030303033
0303030332
3030303320
0303033202
3030332023
0303320231
3033202313
0332023133
3320231332
3202313322
2023133221
0231332211
2313322110
3133221102
1332211020
3322110200
3221102002
2211020020
2110200200
1102002001
1020020013
0200200131
2002001310
0020013100
0200131002
2001310020
0013100202
0131002021
1310020211
3100202113
1002021131
0020211310
0202113100
2021131003
0211310032
2113100323
1131003233
1310032333
3100323333
1003233331
0032333312
0323333120
3233331200
2333312000
3333120000
3331200001
3312000011
3120000113
1200001132
2000011321
0000113212
0001132122
0011321222
0113212223
1132122232
1321222320
3212223203
2122232033
1222320331
2223203310
2232033101
2320331012
3203310122
2033101220
0331012201
3310122012
3101220120
1012201200
0122012003
1220120032
2201200321
2012003213
0120032130
1200321301
2003213010
0032130102
0321301020
3213010200
2130102001
1301020012
3010200122
0102001222
1020012222
0200122221
2001222212
0012222123
0122221230
1222212303
2222123033
2221230331
2212303310
2123033103
1230331033
2303310332
3033103322
0331033223
3310332231
3103322311
1033223113
0332231132
3322311320
3223113202
2231132022
2311320220
3113202200
1132022001
1320220011
3202200113
2022001133
0220011333
2200113331
2001133310
0011333100
0113331003
1133310031
1333100313
3331003131
3310031310
3100313101
1003131010
0031310101
0313101011
3131010113
1310101133
3101011332
1010113322
0101133221
1011332213
0113322133
1133221332
1332213321
3322133212
3221332121
2213321213
2133212131
1332121311
3321213111
3212131113
2121311132
1213111320
2131113201
1311132012
3111320122
1113201220
1132012200
1320122002
3201220023
2012200231
0122002310
1220023102
2200231021
2002310210
0023102102
0231021021
2310210212
3102102122
1021021222
0210212223
2102122233
1021222332
0212223322
2122233223
1222332232
2223322321
2233223213
2332232132
3322321320
3223213203
2232132030
2321320302
3213203020
2132030200
1320302002
3203020022
2030200223
0302002230
3020022300
0200223001
2002230011
0022300111
0223001110
2230011102
2300111020
3001110201
0011102011
0111020113
1110201132
1102011323
1020113232
0201132321
2011323213
0113232133
1132321333
1323213333
3232133333
2321333332
3213333322
2133333220
1333332200
3333322000
3333220002
3332200021
3322000212
3220002121
2200021213
2000212131
0002121311
0021213112
0212131123
2121311232
1213112322
2131123222
1311232221
3112322213
1123222133
1232221331
2322213310
3222133101
2221331013
2213310131
2133101313
1331013133
3310131333
3101313330
1013133302
0131333020
1313330200
3133302000
1333020001
3330200011
3302000111
3020001110
0200011100
2000111002
0001110020
0011100201
0111002010
1110020100
1100201000
1002010001
0020100013
0201000130
2010001303
0100013030
1000130301
0001303013
0013030132
0130301320
1303013200
3030132002
0301320020
3013200201
0132002010
1320020100
3200201003
2002010031
0020100310
0201003100
2010031001
0100310010
1003100100
0031001000
0310010001
3100100011
1001000111
0010001111
0100011110
1000111102
0001111022
0011110220
0111102200
1111022002
1110220021
1102200211
1022002113
0220021132
2200211321
2002113212
0021132120
0211321201
2113212011
1132120110
1321201100
3212011002
2120110020
1201100200
2011002002
0110020022
1100200222
1002002221
0020022210
0200222102
2002221020
0022210200
0222102003
2221020033
2210200332
2102003321
1020033213
0200332133
2003321331
0033213310
0332133102
3321331023
3213310231
2133102312
1331023121
3310231213
3102312132
1023121323
0231213232
2312132320
3121323203
1213232032
2132320322
1323203221
3232032210
2320322100
3203221001
2032210010
0322100100
3221001000
2210010003
2100100032
1001000321
0010003213
0100032132
1000321322
0003213222
0032132222
0321322223
3213222231
2132222311
1322223113
3222231132
2222311322
2223113222
2231132221
2311322211
3113222110
1132221103
1322211031
3222110311
2221103111
2211031110
2110311100
1103111003
1031110032
0311100323
3111003232
1110032323
1100323233
1003232331
0032323312
0323233122
3232331223
2323312232
3233122321
2331223210
3312232100
3122321003
1223210032
2232100322
2321003220
3210032203
2100322033
1003220333
0032203331
0322033313
3220333132
2203331320
2033313202
0333132020
3331320202
3313202022
3132020221
1320202211
3202022110
2020221103
0202211032
2022110320
0221103201
2211032013
2110320132
1103201321
1032013210
0320132103
3201321033
2013210332
0132103320
1321033202
3210332023
2103320231
1033202313
0332023133
3320231332
3202313321
2023133210
0231332100
2313321003
3133210032
1332100323
3321003233
3210032331
2100323313
1003233132
0032331322
0323313220
3233132201
2331322012
3313220122
3132201220
1322012203
3220122030
2201220301
2012203011
0122030111
1220301110
2203011100
2030111002
0301110020
3011100202
0111002020
1110020202
1100202021
1002020210
0020202101
0202021012
2020210123
0202101233
2021012330
0210123300
2101233003
1012330032
0123300322
1233003220
2330032200
3300322002
3003220023
0032200231
0322002310
3220023102
2200231023
2002310232
0023102323
0231023232
2310232323
3102323232
1023232321
0232323211
2323232113
3232321133
2323211332
3232113321
2321133211
3211332110
2113321101
1133211011
1332110111
3321101113
3211011131
2110111310
1101113102
1011131023
0111310232
1113102321
1131023211
1310232113
3102321131
1023211311
0232113111
2321131110
3211311101
2113111010
1131110102
1311101020
3111010200
1110102003
1101020032
1010200322
0102003220
1020032200
0200322001
2003220013
0032200131
0322001313
3220013132
2200131320
2001313201
0013132010
0131320103
1313201032
3132010321
1320103210
3201032100
2010321003
0103210032
1032100322
0321003221
3210032210
2100322101
1003221012
0032210122
0322101220
3221012200
2210122002
2101220021
1012200213
0122002131
1220021310
2200213101
2002131011
0021310110
0213101102
2131011023
1310110232
3101102323
1011023230
0110232303
1102323032
1023230322
0232303220
2323032202
3230322023
2303220232
3032202323
0322023232
3220232321
2202323213
2023232131
0232321310
2323213101
3232131013
2321310130
3213101303
2131013033
1310130333
3101303332
1013033322
0130333220
1303332201
3033322012
0333220122
3332201220
3322012202
3220122020
2201220200
2012202002
0122020020
1220200201
2202002013
2020020132
0200201323
2002013232
0020132323
0201323232
2013232322
0132323220
1323232202
3232322021
2323220210
3232202100
2322021003
3220210032
2202100321
2021003211
0210032111
2100321113
1003211130
0032111302
0321113023
3211130232
2111302322
1113023222
1130232222
1302322223
3023222232
0232222320
2322223200
3222232002
2222320022
2223200222
2232002220
2320022200
3200222000
2002220003
0022200033
0222000331
2220003311
2200033113
2000331133
0003311333
0033113332
0331133323
3311333230
3113332301
1133323011
1333230111
3332301110
3323011103
3230111033
2301110333
3011103332
0111033322
1110333220
1103332200
1033322000
0333220003
3332200030
3322000301
3220003011
2200030111
2000301113
0003011132
0030111320
0301113201
3011132010
0111320100
1113201002
1132010022
1320100220
3201002203
2010022031
0100220312
1002203122
0022031220
0220312203
2203122031
2031220313
0312203132
3122031321
1220313211
2203132110
2031321102
0313211023
3132110233
1321102330
3211023303
2110233032
1102330321
1023303210
0233032100
2330321003
3303210032
3032100323
0321003231
3210032310
2100323100
1003231001
0032310013
0323100132
3231001321
2310013213
3100132131
1001321311
0013213111
0132131110
1321311103
3213111033
2131110331
1311103312
3111033123
1110331232
1103312321
1033123210
0331232100
3312321003
3123210031
1232100310
2321003102
3210031021
2100310213
1003102132
0031021322
0310213220
3102132203
1021322032
0213220320
2132203200
1322032000
3220320002
2203200022
2032000222
0320002222
3200022221
2000222213
0002222132
0022221321
0222213211
2222132111
2221321110
2213211100
2132111003
1321110033
3211100333
2111003333
1110033330
1100333301
1003333011
0033330110
0333301102
3333011020
3330110201
3301102010
3011020100
0110201001
1102010010
1020100102
0201001021
2010010211
0100102110
1001021100
0010211002
0102110023
1021100232
0211002323
2110023230
1100232301
1002323010
0023230103
0232301032
2323010322
3230103223
2301032230
3010322302
0103223021
1032230213
0322302133
3223021331
2230213310
2302133100
3021331003
0213310033
2133100332
1331003323
3310033232
3100332320
1003323203
0033232033
0332320330
3323203302
3232033021
2320330210
3203302103
2033021033
0330210331
3302103313
3021033132
0210331320
2103313203
1033132033
0331320332
3313203323
3132033232
1320332320
3203323203
2033232030
0332320300
3323203001
3232030011
2320300110
3203001103
2030011030
0300110303
3001103031
0011030310
0110303100
1103031001
1030310013
0303100132
3031001321
0310013211
3100132110
1001321103
0013211033
0132110332
1321103323
3211033232
2110332321
1103323213
1033232132
0332321323
3323213230
3232132303
2321323030
3213230303
2132303031
1323030311
3230303112
2303031122
3030311221
0303112212
3031122121
0311221211
3112212112
1122121120
1221211200
2212112000
2121120002
1211200021
2112000210
1120002102
1200021021
2000210213
0002102132
0021021320
0210213200
2102132002
1021320020
0213200200
2132002002
1320020020
3200200200
2002002002
0020020021
0200200210
2002002101
0020021010
0200210101
2002101011
0021010110
0210101103
2101011032
1010110321
0101103212
1011032121
0110321211
1103212112
1032121121
0321211211
3212112113
2121121133
1211211333
2112113333
1121133330
1211333301
2113333010
1133330102
1333301022
3333010220
3330102203
3301022032
3010220320
0102203202
1022032021
0220320213
2203202133
2032021332
0320213323
3202133232
2021332322
0213323220
2133232200
1332322001
3323220011
3232200112
2322001121
3220011213
2200112132
2001121320
0011213201
0112132013
1121320131
1213201311
2132013110
1320131100
3201311002
2013110023
0131100232
1311002322
3110023222
1100232222
1002322221
0023222213
0232222130
2322221303
3222213033
2222130331
2221303311
2213033111
2130331110
1303311100
3033111001
0331110011
3311100110
3111001100
1110011002
1100110021
1001100211
0011002111
0110021110
1100211102
1002111020
0021110203
0211102032
2111020320
1110203202
1102032022
1020320220
0203202203
2032022031
0320220311
3202203113
2022031133
0220311330
2203113300
2031133002
0311330022
3113300220
1133002202
1330022020
3300220201
3002202010
0022020102
0220201020
2202010200
2020102001
0201020013
2010200133
0102001330
1020013300
0200133002
2001330020
0013300200
0133002000
1330020000
3300200003
3002000032
0020000320
0200003203
2000032032
0000320320
0003203203
0032032031
0320320311
3203203113
2032031130
0320311302
3203113022
2031130220
0311302203
3113022031
1130220313
1302203132
3022031322
0220313222
2203132222
2031322221
0313222210
3132222103
1322221033
3222210333
2222103332
2221033322
2210333223
2103332230
1033322301
0333223013
3332230132
3322301323
3223013232
2230132323
2301323230
3013232301
0132323010
1323230100
3232301002
2323010022
3230100222
2301002223
3010022230
0100222303
1002223033
0022230333
0222303332
2223033322
2230333220
2303332203
3033322033
0333220331
3332203311
3322033110
3220331102
2203311020
2033110203
0331102032
3311020322
3110203223
1102032232
1020322320
0203223200
2032232000
0322320000
3223200001
2232000010
2320000103
3200001031
2000010310
0000103100
0001031000
0010310000
0103100003
1031000031
0310000311
3100003111
1000031110
0000311102
0003111023
0031110233
0311102332
3111023321
1110233211
1102332110
1023321103
0233211031
2332110310
3321103100
3211031000
2110310002
1103100023
1031000233
0310002333
3100023333
1000233332
0002333320
0023333202
0233332022
2333320222
3333202220
3332022202
3320222020
3202220200
2022202001
0222020010
2220200101
2202001012
2020010123
0200101231
2001012310
0010123101
0101231011
1012310113
0123101130
1231011300
2310113000
3101130002
1011300021
0113000211
1130002110
1300021100
3000211001
0002110010
0021100100
0211001000
2110010002
1100100020
1001000202
0010002020
0100020203
1000202031
0002020311
0020203113
0202031133
2020311332
0203113320
2031133203
0311332032
3113320320
1133203200
1332032002
3320320021
3203200211
2032002113
0320021130
3200211303
2002113032
0021130323
0211303232
2113032320
1130323203
1303232032
3032320322
0323203221
3232032210
2320322102
3203221022
2032210222
0322102222
3221022223
2210222232
2102222322
1022223222
0222232221
2222322210
2223222102
2232221021
2322210211
3222102111
2221021113
2210211133
2102111330
1021113301
0211133012
2111330123
1113301233
1133012333
1330123332
3301233323
3012333231
0123332312
1233323122
2333231221
3332312213
3323122132
3231221321
2312213213
3122132130
1221321302
2213213022
2132130222
1321302220
3213022203
2130222031
1302220313
3022203132
0222031321
2220313211
2203132113
2031321133
0313211330
3132113301
1321133010
3211330103
2113301031
1133010311
1330103110
3301031101
3010311011
0103110112
1031101123
0311011230
3110112301
1101123010
1011230102
0112301021
1123010213
1230102133
2301021332
3010213323
0102133231
1021332310
0213323101
2133231011
1332310111
3323101110
3231011100
2310111001
3101110013
1011100131
0111001310
1110013103
1100131032
1001310321
0013103211
0131032112
1310321123
3103211230
1032112301
0321123012
3211230122
2112301221
1123012213
1230122132
2301221321
3012213213
0122132133
1221321330
2213213301
2132133013
1321330132
3213301322
2133013220
1330132201
3301322013
3013220130
0132201303
1322013032
3220130323
2201303232
2013032320
0130323202
1303232022
3032320222
0323202220
3232022202
2320222020
3202220200
2022202001
0222020010
2220200100
2202001000
2020010002
0200100020
2001000201
0010002011
0100020112
1000201121
0002011210
0020112103
0201121033
2011210332
0112103321
1121033213
1210332133
2103321331
1033213311
0332133110
3321331102
3213311020
2133110202
1331102020
3311020203
3110202031
1102020313
1020203131
0202031311
2020313113
0203131131
2031311310
0313113100
3131131001
1311310013
3113100132
1131001322
1310013223
3100132232
1001322323
0013223232
0132232323
1322323232
3223232321
2232323210
2323232102
3232321020
2323210203
3232102030
2321020302
3210203021
2102030210
1020302100
0203021000
2030210002
0302100022
3021000222
0210002222
2100022220
1000222203
0002222032
0022220320
0222203201
2222032011
2220320113
2203201130
2032011301
0320113011
3201130113
2011301132
0113011322
1130113220
1301132202
3011322022
0113220220
1132202203
1322022032
3220220323
2202203232
2022032321
0220323212
2203232121
2032321213
0323212133
3232121332
2321213322
3212133223
2121332232
1213322321
2133223210
1332232101
3322321010
3223210102
2232101020
2321010202
3210102020
2101020201
1010202011
0102020113
1020201130
0202011302
2020113021
0201130213
2011302132
0113021321
1130213210
1302132101
3021321012
0213210121
2132101210
1321012100
3210121003
2101210032
1012100323
0121003230
1210032301
2100323013
1003230132
0032301322
0323013223
3230132232
2301322320
3013223200
0132232002
1322320020
3223200202
2232002021
2320020211
3200202111
2002021112
0020211123
0202111231
2021112310
0211123101
2111231010
1112310103
1123101032
1231010323
2310103232
3101032320
1010323200
0103232000
1032320000
0323200003
3232000031
2320000310
3200003101
2000031010
0000310102
0003101020
0031010201
0310102013
3101020133
1010201333
0102013332
1020133322
0201333221
2013332211
0133322113
1333221132
3332211322
3322113221
3221132211
2211322111
2113221112
1132211120
1322111201
3221112013
2211120130
2111201303
1112013033
1120130332
1201303322
2013033220
0130332203
1303322032
3033220323
0332203232
3322032322
3220323220
2203232203
2032322032
0323220320
3232203202
2322032020
3220320201
2203202013
2032020132
0320201320
3202013202
2020132023
0201320230
2013202301
0132023011
1320230110
3202301101
2023011012
0230110121
2301101213
3011012132
0110121320
1101213203
1012132032
0121320322
1213203223
2132032232
1320322322
3203223220
2032232200
0322322000
3223220002
2232200022
2322000223
3220002231
2200022311
2000223111
0002231111
0022311110
0223111103
2231111031
2311110310
3111103100
1111031000
1110310003
1103100032
1031000322
0310003220
3100032203
1000322032
0003220322
0032203221
0322032213
3220322133
2203221333
2032213330
0322133302
3221333020
2213330202
2133302023
1333020231
3330202311
3302023110
3020231103
0202311033
2023110333
0231103333
2311033332
3110333321
1103333210
1033332103
0333321030
3333210302
3332103020
3321030200
3210302002
2103020020
1030200203
0302002033
3020020331
0200203310
2002033101
0020331011
0203310111
2033101110
0331011101
3310111011
3101110110
1011101102
0111011020
1110110202
1101102023
1011020232
0110202320
1102023203
1020232032
0202320323
2023203231
0232032313
2320323132
3203231322
2032313220
0323132202
3231322021
2313220213
3132202130
1322021301
3220213012
2202130122
2021301223
0213012232
2130122323
1301223230
3012232300
0122323001
1223230010
2232300102
2323001023
3230010233
2300102333
3001023332
0010233322
0102333222
1023332220
0233322202
2333222021
3332220213
3322202131
3222021310
2220213103
2202131032
2021310320
0213103201
2131032011
1310320113
3103201133
1032011333
0320113332
3201133322
2011333222
0113332222
1133322221
1333222210
3332222100
3322221000
3222210000
2222100001
2221000011
2210000111
2100001113
1000011130
0000111301
0001113012
0011130120
0111301203
1113012032
1130120322
1301203220
3012032200
0120322003
1203220031
2032200311
0322003111
3220031112
2200311122
2003111221
0031112211
0311122111
3111221112
1112211120
1122111202
1221112020
2211120200
2111202000
1112020003
1120200031
1202000311
2020003111
0200031112
2000311122
0003111220
0031112201
0311122011
3111220113
1112201133
1122011333
1220113333
2201133332
2011333322
0113333220
1133332200
1333322000
3333220000
3332200000
3322000002
3220000022
2200000222
2000002222
0000022220
0000222202
0002222020
0022220202
0222202022
2222020221
2220202213
2202022133
2020221331
0202213311
2022133110
0221331101
2213311010
2133110102
1331101021
3311010211
3110102112
1101021121
1010211211
0102112110
1021121102
0211211023
2112110231
1121102313
1211023132
2110231321
1102313210
1023132101
0231321011
2313210110
3132101103
1321011030
3210110302
2101103020
1011030203
0110302032
1103020323
1030203233
0302032333
3020323330
0203233303
2032333030
0323330303
3233303032
2333030320
3330303203
3303032031
3030320310
0303203103
3032031032
0320310322
3203103223
2031032233
0310322330
3103223300
1032233002
0322330023
3223300232
2233002321
2330023213
3300232132
3002321322
0023213220
0232132203
2321322032
3213220320
2132203203
1322032030
3220320302
2203203020
2032030201
0320302013
3203020131
2030201310
0302013102
3020131020
0201310200
2013102003
0131020033
1310200331
3102003310
1020033102
0200331020
2003310201
0033102011
0331020111
3310201110
3102011100
1020111002
0201110023
2011100233
0111002333
1110023331
1100233312
1002333122
0023331222
0233312220
2333122201
3331222011
3312220113
3122201131
1222011312
2220113123
2201131233
2011312332
0113123322
1131233223
1312332232
3123322320
1233223200
2332232001
3322320013
3223200131
2232001313
2320013131
3200131313
2001313131
0013131312
0131313123
1313131230
3131312303
1313123032
3131230322
1312303221
3123032213
1230322131
2303221312
3032213122
0322131222
3221312220
2213122203
2131222031
1312220311
3122203112
1222031123
2220311231
2203112310
2031123101
0311231012
3112310123
1123101233
1231012330
2310123303
3101233032
1012330323
0123303232
1233032322
2330323223
3303232231
3032322310
0323223103
3232231033
2322310332
3223103320
2231033202
2310332020
3103320200
1033202003
0332020032
3320200320
3202003200
2020032002
0200320020
2003200202
0032002023
0320020233
3200202331
2002023311
0020233113
0202331132
2023311322
0233113221
2331132213
3311322131
3113221310
1132213102
1322131022
3221310221
2213102212
2131022120
1310221202
3102212021
1022120211
0221202111
2212021112
2120211120
1202111203
2021112032
0211120320
2111203201
1112032011
1120320110
1203201101
2032011011
0320110111
3201101110
2011011102
0110111023
1101110233
1011102333
0111023333
1110233330
1102333301
1023333010
0233330102
2333301023
3333010232
3330102321
3301023211
3010232113
0102321133
1023211332
0232113321
2321133213
3211332132
2113321321
1133213210
1332132102
3321321022
3213210220
2132102200
1321022002
3210220023
2102200231
1022002312
0220023122
2200231222
2002312220
0023122203
0231222032
2312220322
3122203220
1222032203
2220322032
2203220320
2032203201
0322032011
3220320113
2203201132
2032011322
0320113223
3201132232
2011322322
0113223220
1132232203
1322322032
3223220321
2232203210
2322032102
3220321020
2203210202
2032102022
0321020220
3210202200
2102022003
1020220030
0202200303
2022003031
0220030313
2200303132
2003031322
0030313223
0303132232
3031322321
0313223211
3132232111
1322321111
3223211110
2232111102
2321111020
3211110202
2111102022
1111020222
1110202222
1102022220
1020222203
0202222033
2022220331
0222203313
2222033133
2220331331
2203313311
2033133111
0331331110
3313311103
3133111031
1331110310
3311103102
3111031020
1110310202
1103102022
1031020220
0310202203
3102022032
1020220323
0202203233
2022032330
0220323301
2203233013
2032330133
0323301331
3233013311
2330133112
3301331120
3013311202
0133112021
1331120210
3311202103
3112021031
1120210312
1202103121
2021031210
0210312102
2103121021
1031210210
0312102102
3121021022
1210210220
2102102203
1021022033
0210220333
2102203331
1022033310
0220333103
2203331031
2033310310
0333103100
3331031001
3310310012
3103100121
1031001212
0310012122
3100121220
1001212202
0012122023
0121220232
1212202321
2122023213
1220232130
2202321301
2023213010
0232130102
2321301020
3213010202
2130102020
1301020203
3010202032
0102020321
1020203210
0202032102
2020321022
0203210221
2032102210
0321022102
3210221020
2102210202
1022102021
0221020210
2210202102
2102021022
1020210221
0202102212
2021022121
0210221213
2102212132
1022121321
0221213213
2212132132
2121321321
1213213210
2132132102
1321321022
3213210220
2132102202
1321022020
3210220201
2102202013
1022020132
0220201321
2202013211
2020132111
0201321111
2013211111
0132111110
1321111102
3211111023
2111110232
1111102322
1111023223
1110232232
1102322321
1023223213
0232232132
2322321321
3223213210
2232132101
2321321013
3213210132
2132101322
1321013221
3210132213
2101322131
1013221312
0132213123
1322131230
3221312301
2213123011
2131230110
1312301103
3123011032
1230110323
2301103231
3011032310
0110323102
1103231020
1032310202
0323102020
3231020202
2310202022
3102020223
1020202231
0202022312
2020223122
0202231222
2022312222
0223122222
2231222222
2312222221
3122222210
1222222102
2222221023
2222210232
2222102322
2221023221
2210232213
2102322131
1023221310
0232213102
2322131020
3221310203
2213102032
2131020321
1310203210
3102032103
1020321033
0203210330
2032103300
0321033002
3210330021
2103300212
1033002120
0330021200
3300212002
3002120022
0021200222
0212002222
2120022220
1200222200
2002222003
0022220030
0222200303
2222003032
2220030323
2200303232
2003032323
0030323233
0303232333
3032323332
0323233320
3232333201
2323332011
3233320111
2333201110
3332011101
3320111011
3201110111
2011101111
0111011110
1110111100
1101111000
1011110000
0111100003
1111000032
1110000320
1100003200
1000032002
0000320020
0003200202
0032002020
0320020202
3200202021
2002020212
0020202122
0202021221
2020212213
0202122131
2021221313
0212213131
2122131311
1221313110
2213131101
2131311010
1313110101
3131101010
1311010102
3110101020
1101010203
1010102030
0101020303
1010203030
0102030301
1020303013
0203030132
2030301320
0303013203
3030132032
0301320320
3013203201
0132032011
1320320111
3203201110
2032011101
0320111013
3201110132
2011101321
0111013210
1110132101
1101321013
1013210131
0132101311
1321013112
3210131122
2101311221
1013112212
0131122120
1311221202
3112212022
1122120220
1221202203
2212022032
2120220320
1202203202
2022032020
0220320201
2203202013
2032020132
0320201320
3202013201
2020132010
0201320102
2013201023
0132010233
1320102332
3201023323
2010233233
0102332333
1023323331
0233233313
2332333133
3323331333
3233313332
2333133320
3331333200
3313332002
3133320022
1333200220
3332002202
3320022020
3200220201
2002202013
0022020132
0220201321
2202013210
2020132103
0201321033
2013210333
0132103331
1321033311
3210333111
2103331111
1033311110
0333111100
3331111002
3311110021
3111100210
1111002103
1110021033
1100210331
1002103311
0021033111
0210331111
2103311113
1033111130
0331111301
3311113010
3111130101
1111301011
1113010113
1130101130
1301011301
3010113011
0101130110
1011301102
0113011021
1130110213
1301102132
3011021320
0110213202
1102132023
1021320230
0213202301
2132023012
1320230123
3202301232
2023012320
0230123200
2301232001
3012320011
0123200110
1232001100
2320011000
3200110000
2001100002
0011000022
0110000220
1100002201
1000022012
0000220122
0002201220
0022012202
0220122020
2201220200
2012202000
0122020002
1220200022
2202000220
2020002200
0200022001
2000220011
0002200110
0022001103
0220011033
2200110331
2001103312
0011033121
0110331211
1103312113
1033121132
0331211323
3312113230
3121132300
1211323000
2113230000
1132300003
1323000031
3230000311
2300003111
3000031110
0000311102
0003111020
0031110202
0311102020
3111020200
1110202001
1102020010
1020200103
0202001031
2020010313
0200103132
2001031323
0010313233
0103132333
1031323331
0313233312
3132333120
1323331201
3233312011
2333120111
3331201113
3312011130
3120111302
1201113020
2011130202
0111302020
1113020202
1130202022
1302020221
3020202210
0202022102
2020221020
0202210200
2022102002
0221020023
2210200231
2102002311
1020023110
0200231101
2002311012
0023110121
0231101210
2311012102
3110121022
1101210220
1012102202
0121022020
1210220202
2102202022
1022020221
0220202210
2202022103
2020221030
0202210300
2022103002
0221030023
2210300231
2103002311
1030023110
0300231101
3002311012
0023110121
0231101213
2311012132
3110121322
1101213220
1012132202
0121322020
1213220202
2132202022
1322020221
3220202210
2202022103
2020221030
0202210300
2022103002
0221030023
2210300231
2103002311
1030023110
0300231101
3002311012
0023110121
0231101213
2311012132
3110121322
1101213220
1012132202
0121322020
1213220202
2132202022
1322020221
3220202210
2202022102
2020221020
0202210200
2022102002
0221020023
2210200231
2102002311
1020023110
0200231101
2002311012
0023110121
0231101210
2311012102
3110121022
1101210220
1012102202
0121022020
1210220202
2102202022
1022020221
0220202210
2202022102
2020221020
0202210200
2022102002
0221020020
2210200200
2102002001
1020020010
0200200101
2002001012
0020010121
0200101213
2001012132
0010121322
0101213220
1012132202
0121322020
1213220202
2132202022
1322020221
3220202210
2202022102
2020221020
0202210200
2022102002
0221020023
2210200231
2102002311
1020023110
0200231101
2002311012
0023110121
0231101213
2311012132
3110121322
1101213220
1012132202
0121322020
1213220202
2132202020
1322020201
3220202010
2202020102
2020201020
0202010200
2020102002
0201020023
2010200231
0102002311
1020023110
0200231102
2002311023
0023110233
0231102333
2311023332
3110233322
1102333220
1023332203
0233322030
2333220302
3332203020
3322030201
3220302010
2203020100
2030201000
0302010000
3020100002
0201000023
2010000231
0100002311
1000023110
0000231101
0002311011
0023110111
0231101113
2311011133
3110111332
1101113320
1011133200
0111332000
1113320002
1133200022
1332000221
3320002210
3200022102
2000221020
0002210200
0022102002
0221020023
2210200231
2102002311
1020023110
0200231101
2002311010
0023110103
0231101033
2311010330
3110103302
1101033020
1010330202
0103302020
1033020202
0330202022
3302020221
3020202210
0202022102
2020221020
0202210200
2022102002
0221020022
2210200221
2102002213
1020022131
0200221310
2002213102
0022131021
0221310210
2213102102
2131021023
1310210232
3102102321
1021023210
0210232100
2102321002
1023210020
0232100200
2321002001
3210020012
2100200122
1002001221
0020012211
0200122113
2001221133
0012211332
0122113323
1221133231
2211332311
2113323112
1133231120
1332311202
3323112020
3231120202
2311202021
3112020213
1120202132
1202021320
2020213202
0202132022
2021320220
0213202202
2132022021
1320220211
3202202111
2022021113
0220211131
2202111311
2021113113
0211131132
2111311321
1113113211
1131132113
1311321133
3113211332
1132113323
1321133231
3211332313
2113323133
1133231331
1332313313
3323133131
3231331313
2313313132
3133131322
1331313220
3313132201
3131322010
1313220100
3132201003
1322010031
3220100311
2201003111
2010031112
0100311120
1003111201
0031112013
0311120130
3111201301
1112013011
1120130113
1201301132
2013011321
0130113211
1301132111
3011321111
0113211111
1132111110
1321111101
3211111011
2111110112
1111101122
1111011222
1110112220
1101122201
1011222013
0112220131
1122201310
1222013103
2220131031
2201310311
2013103113
0131031132
1310311321
3103113211
1031132110
0311321100
3113211000
1132110001
1321100012
3211000122
2110001221
1100012213
1000122133
0001221333
0012213331
0122133311
1221333111
2213331111
2133311110
1333111102
3331111022
3311110221
3111102211
1111022113
1110221133
1102211331
1022113312
0221133120
2211331201
2113312010
1133120100
1331201003
3312010031
3120100311
1201003111
2010031113
0100311130
1003111303
0031113033
0311130330
3111303301
1113033013
1130330132
1303301322
3033013220
0330132200
3301322001
3013220011
0132200110
1322001103
3220011032
2200110320
2001103200
0011032001
0110320013
1103200131
1032001310
0320013100
3200131001
2001310013
0013100133
0131001332
1310013322
3100133221
1001332213
0013322130
0133221300
1332213002
3322130022
3221300221
2213002213
2130022132
1300221320
3002213201
0022132012
0221320122
2213201222
2132012222
1320122220
3201222203
2012222031
0122220311
1222203113
2222031132
2220311321
2203113212
2031132121
0311321210
3113212102
1132121022
1321210222
3212102220
2121022201
1210222010
2102220103
1022201030
0222010300
2220103001
2201030012
2010300122
0103001220
1030012203
0300122033
3001220331
0012203310
0122033101
1220331011
2203310110
2033101101
0331011010
3310110101
3101101011
1011010111
0110101110
1101011101
1010111010
0101110102
1011101021
0111010211
1110102112
1101021120
1010211200
0102112000
1021120000
0211200001
2112000011
1120000111
1200001111
2000011112
0000111120
0001111202
0011112023
0111120230
1111202301
1112023013
1120230133
1202301332
2023013322
0230133222
2301332222
3013322221
0133222213
1332222132
3322221322
3222213220
2222132203
2221322032
2213220320
2132203200
1322032000
3220320001
2203200011
2032000110
0320001103
3200011032
2000110320
0001103203
0011032031
0110320311
1103203112
1032031120
0320311201
3203112011
2031120113
0311201131
3112011312
1120113122
1201131222
2011312220
0113122201
1131222010
1312220103
3122201030
1222010300
2220103001
2201030013
2010300132
0103001323
1030013232
0300132323
3001323230
0013232300
0132323000
1323230001
3232300012
2323000120
3230001201
2300012010
3000120100
0001201000
0012010000
0120100002
1201000020
2010000202
0100002020
1000020202
0000202020
0002020200
0020202001
0202020013
2020200133
0202001332
2020013323
0200133233
2001332331
0013323311
0133233110
1332331103
3323311030
3233110303
2331103030
3311030303
3110303030
1103030301
1030303011
0303030112
3030301122
0303011221
3030112210
0301122102
3011221021
0112210213
1122102133
1221021333
2210213333
2102133333
1021333333
0213333333
2133333331
1333333311
3333333110
3333331103
3333311030
3333110300
3331103002
3311030020
3110300202
1103002020
1030020202
0300202021
3002020210
0020202103
0202021031
2020210310
0202103102
2021031022
0210310222
2103102220
1031022200
0310222000
3102220003
1022200030
0222000300
2220003001
2200030012
2000300122
0003001222
0030012222
0300122221
3001222210
0012222100
0122221003
1222210030
2222100303
2221003033
2210030333
2100303330
1003033302
0030333023
0303330233
3033302332
0333023321
3330233210
3302332100
3023321000
0233210000
2332100003
3321000032
3210000320
2100003201
1000032012
0000320120
0003201202
0032012021
0320120210
3201202103
2012021033
0120210330
1202103300
2021033003
0210330033
2103300333
1033003333
0330033330
3300333301
3003333011
0033330111
0333301111
3333011113
3330111132
3301111322
3011113222
0111132221
1111322210
1113222102
1132221020
1322210200
3222102001
2221020013
2210200132
2102001322
1020013223
0200132231
2001322311
0013223112
0132231123
1322311232
3223112323
2231123230
2311232300
3112323000
1123230002
1232300023
2323000233
3230002332
2300023320
3000233201
0002332013
0023320131
0233201313
2332013131
3320131313
3201313133
2013131333
0131313332
1313133323
3131333230
1313332303
3133323033
1333230331
3332303313
3323033133
3230331331
2303313313
3033133133
0331331333
3313313332
3133133323
1331333233
3313332330
3133323303
1333233030
3332330301
3323303011
3233030112
2330301122
3303011222
3030112223
0301122233
3011222330
0112223300
1122233000
1222330000
2223300002
2233000022
2330000223
3300002233
3000022331
0000223311
0002233111
0022331110
0223311100
2233111003
2331110030
3311100303
3111003032
1110030320
1100303202
1003032022
0030320222
0303202223
3032022233
0320222331
3202223310
2022233103
0222331033
2223310333
2233103330
2331033301
3310333010
3103330100
1033301000
0333010001
3330100010
3301000101
3010001010
0100010100
1000101000
0001010003
0010100032
0101000321
1010003210
0100032100
1000321000
0003210002
0032100021
0321000210
3210002101
2100021010
1000210100
0002101000
0021010000
0210100003
2101000031
1010000313
0100003130
1000031303
0000313033
0003130332
0031303321
0313033211
3130332110
1303321100
3033211000
0332110000
3321100003
3211000032
2110000321
1100003212
1000032120
0000321201
0003212013
0032120132
0321201320
3212013203
2120132030
1201320300
2013203000
0132030002
1320300022
3203000223
2030002230
0300022303
3000223033
0002230333
0022303332
0223033321
2230333210
2303332101
3033321011
0333210111
3332101113
3321011133
3210111330
2101113301
1011133010
0111330101
1113301010
1133010101
1330101013
3301010130
3010101301
0101013013
1010130133
0101301332
1013013321
0130133210
1301332100
3013321001
0133210011
1332100110
3321001102
3210011021
2100110213
1001102133
0011021330
0110213303
1102133032
1021330321
0213303211
2133032111
1330321110
3303211102
3032111023
0321110232
3211102321
2111023211
1110232110
1102321100
1023211001
0232110010
2321100101
3211001011
2110010111
1100101111
1001011112
0010111122
0101111223
1011112231
0111122311
1111223113
1112231132
1122311321
1223113211
2231132113
2311321132
3113211321
1132113213
1321132133
3211321332
2113213322
1132133220
1321332203
3213322032
2133220320
1332203201
3322032013
3220320133
2203201333
2032013331
0320133310
3201333103
2013331030
0133310300
1333103000
3331030000
3310300000
3103000002
1030000022
0300000223
3000002232
0000022321
0000223210
0002232100
0022321000
0223210002
2232100023
2321000230
3210002302
2100023020
1000230202
0002302022
0023020221
0230202211
2302022113
3020221130
0202211302
2022113020
0221130202
2211302020
2113020203
1130202030
1302020301
3020203010
0202030100
2020301002
0203010022
2030100222
0301002220
3010022202
0100222021
1002220211
0022202111
0222021113
2220211130
2202111300
2021113000
0211130000
2111300003
1113000032
1130000320
1300003200
3000032001
0000320013
0003200131
0032001311
0320013111
3200131112
2001311121
0013111211
0131112113
1311121133
3111211331
1112113310
1121133102
1211331022
2113310220
1133102202
1331022020
3310220200
3102202001
1022020012
0220200121
2202001211
2020012110
0200121101
2001211013
0012110131
0121101311
1211013111
2110131111
1101311112
1013111123
0131111232
1311112321
3111123213
1111232132
1112321321
1123213211
1232132113
2321321133
3213211333
2132113332
1321133321
3211333210
2113332101
1133321012
1333210121
3332101213
3321012132
3210121321
2101213211
1012132111
0121321113
1213211133
2132111332
1321113321
3211133210
2111332101
1113321010
1133210100
1332101002
3321010023
3210100230
2101002300
1010023001
0100230011
1002300112
0023001120
0230011201
2300112013
3001120133
0011201332
0112013321
1120133210
1201332101
2013321011
0133210110
1332101102
3321011023
3210110232
2101102321
1011023211
0110232113
1102321130
1023211301
0232113010
2321130103
3211301031
2113010310
1130103103
1301031033
3010310330
0103103300
1031033003
0310330030
3103300301
1033003010
0330030102
3300301023
3003010230
0030102303
0301023033
3010230333
0102303333
1023033332
0230333320
2303333202
3033332021
0333320212
3333202123
3332021232
3320212323
3202123233
2021232333
0212323332
2123233321
1232333213
2323332130
3233321303
2333213033
3332130330
3321303300
3213033000
2130330002
1303300023
3033000232
0330002322
3300023220
3000232200
0002322003
0023220033
0232200331
2322003313
3220033132
2200331322
2003313222
0033132220
0331322200
3313222000
3132220000
1322200001
3222000010
2220000101
2200001010
2000010101
0000101010
0001010101
0010101013
0101010130
1010101301
0101013010
1010130103
0101301033
1013010332
0130103323
1301033232
3010332321
0103323211
1033232113
0332321130
3323211300
3232113000
2321130001
3211300010
2113000100
1130001000
1300010000
3000100000
0001000001
0010000013
0100000130
1000001303
0000013033
0000130333
0001303332
0013033321
0130333210
1303332101
3033321011
0333210110
3332101102
3321011023
3210110230
2101102303
1011023033
0110230333
1102303333
1023033332
0230333321
2303333210
3033332101
0333321013
3333210133
3332101333
3321013332
3210133321
2101333210
1013332101
0133321013
1333210132
3332101321
3321013211
3210132113
2101321133
1013211330
0132113302
1321133023
3211330230
2113302300
1133023000
1330230003
3302300032
3023000320
0230003202
2300032021
3000320211
0003202111
0032021111
0320211110
3202111100
2021111003
0211110030
2111100302
1111003020
1110030203
1100302032
1003020323
0030203233
0302032332
3020323323
0203233232
2032332320
0323323203
3233232033
2332320333
3323203330
3232033300
2320333003
3203330031
2033300310
0333003102
3330031021
3300310213
3003102130
0031021303
0310213032
3102130322
1021303223
0213032232
2130322322
1303223221
3032232213
0322322130
3223221300
2232213003
2322130030
3221300303
2213003030
2130030303
1300303031
3003030310
0030303101
0303031011
3030310111
0303101111
3031011111
0310111113
3101111131
1011111310
0111113103
1111131031
1111310311
1113103110
1131031103
1310311033
3103110330
1031103300
0311033001
3110330013
1103300133
1033001331
0330013313
3300133130
3001331303
0013313033
0133130333
1331303331
3313033311
3130333110
1303331102
3033311021
0333110210
3331102103
3311021033
3110210331
1102103311
1021033111
0210331111
2103311110
1033111102
0331111021
3311110210
3111102102
1111021021
1110210210
1102102103
1021021030
0210210303
2102103032
1021030322
0210303220
2103032200
1030322003
0303220033
3032200330
0322003303
3220033030
2200330302
2003303023
0033030233
0330302331
3303023310
3030233102
0302331021
3023310210
0233102100
2331021001
3310210010
3102100102
1021001021
0210010211
2100102112
1001021122
0010211220
0102112202
1021122021
0211220212
2112202122
1122021221
1220212213
2202122133
2021221332
0212213322
2122133222
1221332222
2213322220
2133222203
1332222030
3322220301
3222203011
2222030110
2220301101
2203011011
2030110110
0301101101
3011011013
0110110130
1101101300
1011013000
0110130002
1101300023
1013000233
0130002333
1300023333
3000233332
0002333323
0023333230
0233332303
2333323031
3333230313
3332303132
3323031321
3230313213
2303132131
3031321313
0313213132
3132131321
1321313210
3213132102
2131321020
1313210200
3132102003
1321020032
3210200323
2102003233
1020032330
0200323303
2003233032
0032330322
0323303223
3233032230
2330322302
3303223021
3032230210
0322302100
3223021003
2230210030
2302100303
3021003033
0210030333
2100303331
1003033310
0030333102
0303331023
3033310232
0333102323
3331023230
3310232300
3102323003
1023230033
0232300330
2323003303
3230033032
2300330321
3003303213
0033032131
0330321310
3303213100
3032131000
0321310000
3213100002
2131000020
1310000203
3100002032
1000020322
0000203221
0002032210
0020322102
0203221023
2032210233
0322102333
3221023331
2210233311
2102333110
1023331102
0233311022
2333110221
3331102212
3311022122
3110221221
1102212210
1022122101
0221221012
2212210122
2122101223
1221012230
2210122301
2101223012
1012230122
0122301221
1223012211
2230122113
2301221130
3012211302
0122113022
1221130222
2211302223
2113022233
1130222333
1302223333
3022233330
0222333303
2223333030
2233330303
2333303032
3333030322
3330303223
3303032231
3030322313
0303223131
3032231312
0322313123
3223131233
2231312330
2313123301
3131233013
1312330132
3123301322
1233013223
2330132231
3301322310
3013223102
0132231023
1322310233
3223102333
2231023332
2310233320
3102333203
1023332030
0233320300
2333203000
3332030001
3320300010
3203000102
2030001020
0300010203
3000102030
0001020302
0010203020
0102030203
1020302030
0203020300
2030203003
0302030030
3020300303
0203003032
2030030320
0300303200
3003032002
0030320020
0303200201
3032002011
0320020110
3200201100
2002011002
0020110022
0201100222
2011002222
0110022223
1100222231
1002222312
0022223122
0222231222
2222312222
2223122220
2231222201
2312222010
3122220100
1222201000
2222010002
2220100020
2201000200
2010002003
0100020032
1000200322
0002003221
0020032213
0200322132
2003221320
0032213200
0322132002
3221320021
2213200210
2132002100
1320021003
3200210030
2002100302
0021003023
0210030232
2100302323
1003023233
0030232330
0302323302
3023233022
0232330221
2323302210
3233022102
2330221023
3302210233
3022102330
0221023302
2210233021
2102330210
1023302100
0233021000
2330210003
3302100030
3021000303
0210003033
2100030331
1000303311
0003033110
0030331103
0303311031
3033110313
0331103133
3311031333
3110313332
1103133323
1031333233
0313332332
3133323322
1333233221
3332332213
3323322132
3233221323
2332213230
3322132303
3221323030
2213230300
2132303003
1323030033
3230300333
2303003330
3030033303
0300333032
3003330322
0033303220
0333032202
3330322022
3303220221
3032202211
0322022113
3220221133
2202211330
2022113300
0221133002
2211330022
2113300222
1133002220
1330022201
3300222011
3002220110
0022201102
0222011022
2220110222
2201102222
2011022222
0110222222
1102222222
1022222223
0222222231
2222222310
2222223103
2222231030
2222310300
2223103000
2231030000
2310300000
3103000003
1030000031
0300000311
3000003111
0000031113
0000311131
0003111313
0031113130
0311131301
3111313013
1113130132
1131301322
1313013220
3130132203
1301322030
3013220300
0132203001
1322030010
3220300101
2203001013
2030010132
0300101322
3001013221
0010132211
0101322113
1013221132
0132211323
1322113232
3221132323
2211323232
2113232323
1132323232
1323232320
3232323203
2323232030
3232320301
2323203010
3232030103
2320301032
3203010320
2030103203
0301032030
3010320301
0103203011
1032030113
0320301130
3203011300
2030113000
0301130001
3011300010
0113000103
1130001033
1300010333
3000103332
0001033323
0010333230
0103332302
1033323022
0333230220
3332302200
3323022000
3230220003
2302200030
3022000302
0220003021
2200030211
2000302113
0003021133
0030211332
0302113321
3021133211
0211332110
2113321101
1133211011
1332110113
3321101133
3211011333
2110113330
1101133303
1011333033
0113330330
1133303300
1333033001
3330330013
3303300130
3033001303
0330013030
3300130301
3001303013
0013030132
0130301322
1303013221
3030132211
0301322110
3013221102
0132211022
1322110222
3221102222
2211022223
2110222232
1102222322
1022223222
0222232223
2222322232
2223222320
2232223202
2322232023
3222320231
2223202310
2232023102
2320231022
3202310223
2023102230
0231022302
2310223022
3102230222
1022302222
0223022221
2230222212
2302222122
3022221222
0222212222
2222122222
2221222223
2212222233
2122222330
1222223303
2222233032
2222330320
2223303201
2233032010
2330320101
3303201010
3032010100
0320101002
3201010020
2010100202
0101002022
1010020222
0100202222
1002022222
0020222221
0202222210
2022222102
0222221020
2222210203
2222102032
2221020323
2210203232
2102032320
1020323203
0203232032
2032320322
0323203222
3232032222
2320322221
3203222210
2032222102
0322221023
3222210233
2222102333
2221023331
2210233312
2102333120
1023331200
0233312003
2333120032
3331200322
3312003220
3120032203
1200322031
2003220313
0032203132
0322031322
3220313221
2203132213
2031322130
0313221300
3132213003
1322130032
3221300323
2213003233
2130032330
1300323303
3003233030
0032330302
0323303020
3233030200
2330302003
3303020030
3030200303
0302003033
3020030333
0200303333
2003033330
0030333303
0303333032
3033330322
0333303222
3333032222
3330322220
3303222200
3032222000
0322220002
3222200020
2222000202
2220002021
2200020210
2000202102
0002021023
0020210230
0202102303
2021023031
0210230312
2102303123
1023031232
0230312322
2303123220
3031232202
0312322022
3123220220
1232202201
2322022010
3220220102
2202201022
2022010222
0220102221
2201022211
2010222112
0102221120
1022211203
0222112031
2221120313
2211203130
2112031302
1120313022
1203130221
2031302213
0313022132
3130221322
1302213223
3022132230
0221322300
2213223000
2132230000
1322300003
3223000030
2230000301
2300003013
3000030132
0000301322
0003013221
0030132210
0301322100
3013221002
0132210022
1322100223
3221002232
2210022322
2100223221
1002232210
0022322100
0223221001
2232210010
2322100101
3221001010
2210010100
2100101002
1001010023
0010100230
0101002302
1010023022
0100230220
1002302200
0023022000
0230220000
2302200002
3022000022
0220000222
2200002220
2000022200
0000222000
0002220001
0022200010
0222000100
2220001000
2200010000
2000100001
0001000010
0010000100
0100001001
1000010013
0000100132
0001001322
0010013223
0100132232
1001322320
0013223203
0132232032
1322320322
3223203222
2232032223
2320322233
3203222333
2032223332
0322233322
3222333221
2223332211
2233322113
2333221132
3332211322
3322113220
3221132201
2211322013
2113220132
1132201322
1322013223
3220132232
2201322323
2013223232
0132232320
1322323202
3223232021
2232320210
2323202101
3232021013
2320210130
3202101302
2021013023
0210130233
2101302330
1013023301
0130233013
1302330132
3023301322
0233013222
2330132223
3301322233
3013222332
0132223321
1322233210
3222332100
2223321000
2233210001
2332100013
3321000132
3210001322
2100013220
1000132200
0001322003
0013220030
0132200303
1322003032
3220030323
2200303232
2003032321
0030323210
0303232103
3032321033
0323210332
3232103322
2321033220
3210332202
2103322023
1033220230
0332202300
3322023001
3220230011
2202300113
2023001130
0230011303
2300113033
3001130333
0011303330
0113033303
1130333032
1303330320
3033303203
0333032033
3330320333
3303203332
3032033322
0320333220
3203332201
2033322010
0333220103
3332201031
3322010310
3220103103
2201031032
2010310323
0103103232
1031032320
0310323203
3103232030
1032320300
0323203003
3232030032
2320300320
3203003202
2030032023
0300320233
3003202332
0032023321
0320233210
3202332101
2023321013
0233210130
2332101302
3321013020
3210130200
2101302000
1013020003
0130200030
1302000302
3020003021
0200030210
2000302101
0003021011
0030210110
0302101102
3021011020
0210110202
2101102021
1011020211
0110202110
1102021100
1020211003
0202110033
2021100333
0211003330
2110033301
1100333013
1003330132
0033301320
0333013200
3330132001
3301320010
3013200101
0132001012
1320010121
3200101213
2001012130
0010121303
0101213031
1012130310
0121303103
1213031033
2130310333
1303103331
3031033311
0310333111
3103331113
1033311130
0333111300
3331113003
3311130032
3111300321
1113003210
1130032103
1300321030
3003210302
0032103020
0321030203
3210302032
2103020320
1030203203
0302032033
3020320333
0203203333
2032033332
0320333321
3203333213
2033332133
0333321330
3333213301
3332133013
3321330130
3213301303
2133013031
1330130311
3301303111
3013031110
0130311101
1303111011
3031110111
0311101110
3111011103
1110111032
1101110321
1011103210
0111032103
1110321033
1103210332
1032103323
0321033230
3210332300
2103323003
1033230030
0332300302
3323003023
3230030233
2300302331
3003023311
0030233111
0302331110
3023311102
0233111022
2331110223
3311102230
3111022303
1110223032
1102230322
1022303221
0223032211
2230322113
2303221131
3032211310
0322113103
3221131033
2211310331
2113103313
1131033131
1310331311
3103313111
1033131111
0331311110
3313111103
3131111030
1311110302
3111103021
1111030210
1110302102
1103021021
1030210213
0302102131
3021021313
0210213131
2102131313
1021313132
0213131321
2131313211
1313132111
3131321111
1313211110
3132111102
1321111022
3211110222
2111102223
1111022232
1110222322
1102223222
1022232222
0222322223
2223222233
2232222331
2322223311
3222233113
2222331132
2223311321
2233113213
2331132133
3311321331
3113213310
1132133102
1321331022
3213310221
2133102212
1331022122
3310221223
3102212230
1022122300
0221223001
2212230010
2122300103
1223001031
2230010310
2300103103
3001031032
0010310323
0103103232
1031032323
0310323232
3103232323
1032323233
0323232331
3232323311
2323233113
3232331130
2323311302
3233113020
2331130202
3311302021
3113020210
1130202100
1302021001
3020210012
0202100122
2021001221
0210012210
2100122101
1001221011
0012210111
0122101113
1221011133
2210111332
2101113322
1011133223
0111332230
1113322301
1133223010
1332230102
3322301023
3223010231
2230102312
2301023121
3010231211
0102312113
1023121131
0231211311
2312113113
3121131133
1211311331
2113113311
1131133112
1311331122
3113311221
1133112213
1331122132
3311221322
3112213222
1122132220
1221322201
2213222010
2132220100
1322201000
3222010003
2220100030
2201000300
2010003001
0100030011
1000300110
0003001102
0030011020
0300110200
3001102001
0011020013
0110200132
1102001320
1020013201
0200132013
2001320132
0013201320
0132013201
1320132011
3201320113
2013201132
0132011322
1320113222
3201132222
2011322221
0113222210
1132222102
1322221021
3222210210
2222102103
2221021030
2210210301
2102103012
1021030122
0210301223
2103012233
1030122330
0301223302
3012233023
0122330233
1223302332
2233023323
2330233230
3302332303
3023323030
0233230302
2332303022
3323030222
3230302221
2303022213
3030222132
0302221321
3022213213
0222132132
2221321323
2213213230
2132132301
1321323010
3213230102
2132301022
1323010220
3230102202
2301022020
3010220200
0102202002
1022020021
0220200210
2202002101
2020021013
0200210132
2002101321
0021013210
0210132102
2101321021
1013210210
0132102102
1321021021
3210210211
2102102110
1021021100
0210211003
2102110032
1021100321
0211003211
2110032113
1100321133
1003211331
0032113310
0321133100
3211331000
2113310001
1133100013
1331000130
3310001303
3100013033
1000130330
0001303303
0013033033
0130330331
1303303313
3033033130
0330331300
3303313001
3033130011
0331300110
3313001103
3130011033
1300110330
3001103300
0011033001
0110330013
1103300133
1033001333
0330013332
3300133322
3001333221
0013332213
0133322133
1333221333
3332213330
3322133302
3221333023
2213330233
2133302333
1333023331
3330233311
3302333110
3023331103
0233311032
2333110323
3331103230
3311032300
3110323002
1103230023
1032300233
0323002331
3230023313
2300233132
3002331320
0023313200
0233132002
2331320023
3313200230
3132002303
1320023032
3200230323
2002303232
0023032323
0230323230
2303232303
3032323032
0323230322
3232303223
2323032233
3230322332
2303223320
3032233200
0322332001
3223320013
2233200132
2332001321
3320013210
3200132103
2001321032
0013210321
0132103211
1321032113
3210321130
2103211303
1032113033
0321130332
3211303321
2113033210
1130332103
1303321033
3033210331
0332103310
3321033103
3210331033
2103310332
1033103321
0331033213
3310332130
3103321301
1033213013
0332130132
3321301320
3213013202
2130132022
1301320221
3013202211
0132022111
1320221110
3202211103
2022111030
0221110303
2211103031
2111030313
1110303130
1103031301
1030313010
0303130101
3031301012
0313010122
3130101223
1301012230
3010122301
0101223011
1012230112
0122301123
1223011232
2230112321
2301123213
3011232131
0112321313
1123213131
1232131313
2321313131
3213131310
2131313101
1313131011
3131310112
1313101121
3131011211
1310112112
3101121123
1011211231
0112112310
1121123101
1211231010
2112310100
1123101003
1231010031
2310100313
3101003131
1010031310
0100313101
1003131010
0031310101
0313101010
3131010102
1310101022
3101010222
1010102222
0101022220
1010222202
0102222020
1022220202
0222202022
2222020220
2220202200
2202022000
2020220001
0202200011
2022000111
0220001110
2200011103
2000111030
0001110302
0011103020
0111030201
1110302010
1103020101
1030201013
0302010132
3020101322
0201013223
2010132233
0101322331
1013223313
0132233132
1322331322
3223313220
2233132200
2331322002
3313220023
3132200232
1322002321
3220023210
2200232100
2002321000
0023210000
0232100001
2321000010
3210000103
2100001031
1000010313
0000103131
0001031310
0010313102
0103131023
1031310233
0313102331
3131023310
1310233103
3102331032
1023310323
0233103230
2331032302
3310323021
3103230210
1032302103
0323021031
3230210311
2302103113
3021031132
0210311323
2103113233
1031132333
0311323331
3113233313
1132333133
1323331333
3233313331
2333133313
3331333131
3313331310
3133313102
1333131023
3331310231
3313102310
3131023102
1310231022
3102310223
1023102232
0231022320
2310223202
3102232021
1022320213
0223202132
2232021320
2320213201
3202132010
2021320100
0213201003
2132010031
1320100313
3201003130
2010031303
0100313031
1003130310
0031303103
0313031030
3130310302
1303103021
3031030212
0310302121
3103021211
1030212113
0302121133
3021211332
0212113322
2121133223
1211332233
2113322333
1133223331
1332233310
3322333102
3223331022
2233310222
2333102222
3331022220
3310222200
3102222000
1022220000
0222200001
2222000010
2220000101
2200001013
2000010133
0000101333
0001013331
0010133312
0101333120
1013331203
0133312032
1333120323
3331203232
3312032321
3120323210
1203232100
2032321000
0323210003
3232100031
2321000313
3210003131
2100031311
1000313111
0003131111
0031311112
0313111123
3131111231
1311112312
3111123122
1111231221
1112312210
1123122102
1231221022
2312210223
3122102233
1221022333
2210223333
2102233332
1022333323
0223333230
2233332303
2333323030
3333230300
3332303000
3323030000
3230300003
2303000032
3030000323
0300003232
3000032323
0000323230
0003232303
0032323030
0323230303
3232303033
2323030333
3230303333
2303033333
3030333332
0303333322
3033333223
0333332233
3333322333
3333223333
3332233332
3322333323
3223333230
2233332301
2333323011
3333230113
3332301132
3323011322
3230113220
2301132200
3011322000
0113220003
1132200030
1322000303
3220003032
2200030323
2000303233
0003032332
0030323323
0303233232
3032332323
0323323232
3233232323
2332323233
3323232333
3232323333
2323233333
3232333330
2323333303
3233333030
2333330300
3333303002
3333030021
3330300212
3303002123
3030021233
0300212333
3002123333
0021233330
0212333303
2123333033
1233330333
2333303331
3333033311
3330333113
3303331132
3033311323
0333113233
3331132332
3311323323
3113233233
1132332331
1323323311
3233233113
2332331131
3323311311
3233113111
2331131111
3311311113
3113111133
1131111331
1311113311
3111133111
1111331113
1113311131
1133111311
1331113111
3311131111
3111311111
1113111111
1131111111
1311111111
3111111111
1111111111
1111111111
1111111111
1111111111
1111111111
1111111111
1111111111
1111111111
1111111112
1111111120
1111111200
1111112003
1111120032
1111200323
1112003232
1120032321
1200323210
2003232101
0032321013
0323210133
3232101333
2321013331
3210133313
2101333130
1013331300
0133313003
1333130033
3331300331
3313003311
3130033112
1300331120
3003311203
0033112031
0331120313
3311203131
3112031310
1120313101
1203131012
2031310122
0313101223
3131012232
1310122322
3101223222
1012232221
0122322212
1223222120
2232221201
2322212011
3222120113
2221201133
2212011332
2120113321
1201133210
2011332100
0113321002
1133210022
1332100220
3321002200
3210022001
2100220013
1002200131
0022001313
0220013130
2200131300
2001313003
0013130033
0131300332
1313003323
3130033232
1300332323
3003323233
0033232333
0332323330
3323233303
3232333030
2323330301
3233303013
2333030133
3330301333
3303013330
3030133303
0301333033
3013330333
0133303333
1333033331
3330333310
3303333100
3033331002
0333310022
3333100223
3331002233
3310022330
3100223303
1002233033
0022330330
0223303300
2233033000
2330330000
3303300001
3033000010
0330000101
3300001013
3000010130
0000101300
0001013000
0010130000
0101300001
1013000011
0130000110
1300001100
3000011000
