1132022101
1320221010
3202210103
2022101031
0221010312
2210103121
2101031211
1010312113
0103121131
1031211311
0312113112
3121131121
1211311213
2113112132
1131121321
1311213212
3112132121
1121321213
1213212131
2132121313
1321213133
3212131331
2121313312
1213133122
2131331221
1313312211
3133122112
1331221122
3312211220
3122112201
1221122013
2211220132
2112201322
1122013221
1220132211
2201322110
2013221101
0132211012
1322110122
3221101221
2211012211
2110122112
1101221122
1012211220
0122112202
1221122021
2211220211
2112202110
1122021101
1220211012
2202110122
2021101221
0211012212
2110122121
1101221210
1012212102
0122121021
1221210211
2212102111
2121021112
1210211122
2102111221
1021112210
0211122103
2111221031
1112210312
1122103121
1221031212
2210312121
2103121213
1031212131
0312121311
3121213113
1212131131
2121311312
1213113122
2131131221
1311312211
3113122112
1131221122
1312211220
3122112200
1221122001
2211220010
2112200102
1122001021
1220010211
2200102111
2001021112
0010211122
0102111221
1021112212
0211122121
2111221210
1112212102
1122121021
1221210210
2212102101
2121021013
1210210131
2102101313
1021013131
0210131311
2101313112
1013131122
0131311221
1313112210
3131122102
1311221021
3112210211
1122102112
1221021122
2210211221
2102112211
1021122111
0211221112
2112211122
1122111221
1221112212
2211122121
2111221212
1112212120
1122121201
1221212012
2212120123
2121201230
1212012302
2120123022
1201230220
2012302201
0123022012
1230220122
2302201222
3022012222
0220122221
2201222212
2012222121
0122221213
1222212132
2222121321
2221213211
2212132112
2121321122
1213211221
2132112210
1321122102
3211221021
2112210212
1122102122
1221021222
2210212221
2102122212
1021222122
0212221222
2122212221
1222122212
2221222122
2212221222
2122212223
1222122232
2221222320
2212223203
2122232032
1222320322
2223203221
2232032212
2320322122
3203221222
2032212222
0322122222
3221222222
2212222221
2122222210
1222222102
2222221020
2222210201
2222102013
2221020132
2210201322
2102013221
1020132211
0201322112
2013221121
0132211211
1322112111
3221121112
2211211121
2112111213
1121112133
1211121333
2111213331
1112133313
1121333132
1213331322
2133313221
1333132211
3331322112
3313221121
3132211211
1322112112
3221121121
2211211211
2112112113
1121121132
1211211321
2112113213
1121132133
1211321331
2113213312
1132133121
1321331211
3213312111
2133121113
1331211132
3312111320
3121113202
1211132021
2111320213
1113202133
1132021332
1320213322
3202133221
2021332213
0213322131
2133221311
1332213112
3322131122
3221311221
2213112212
2131122122
1311221223
3112212232
1122122322
1221223221
2212232211
2122322112
1223221122
2232211222
2322112221
3221122211
2211222112
2112221121
1122211212
1222112122
2221121222
2211212220
2112122202
1121222020
1212220202
2122202021
1222020211
2220202111
2202021111
2020211112
0202111122
2021111221
0211112211
2111122113
1111221131
1112211313
1122113131
1221131312
2211313121
2113131212
1131312122
1313121221
3131212213
1312122132
3121221321
1212213210
2122132102
1221321020
2213210202
2132102022
1321020220
3210202202
2102022022
1020220220
0202202202
2022022021
0220220211
2202202113
2022021132
0220211322
2202113221
2021132212
0211322123
2113221233
1132212332
1322123322
3221233220
2212332201
2123322013
1233220133
2332201333
3322013332
3220133323
2201333233
2013332332
0133323323
1333233232
3332332321
3323323211
3233232111
2332321113
3323211131
3232111312
2321113121
3211131213
2111312132
1113121323
1131213233
1312132333
3121323331
1213233312
2132333121
1323331210
3233312101
2333121011
3331210113
3312101130
3121011301
1210113012
2101130123
1011301232
0113012321
1130123212
1301232122
3012321222
0123212220
1232122202
2321222021
3212220213
2122202132
1222021322
2220213223
2202132232
2021322321
0213223213
2132232132
1322321322
3223213222
2232132220
2321322201
3213222011
2132220112
1322201121
3222011211
2220112112
2201121122
2011211222
0112112222
1121122221
1211222212
2112222121
1122221212
1222212121
2222121211
2221212112
2212121121
2121211210
1212112102
2121121021
1211210212
2112102121
1121021212
1210212120
2102121203
1021212032
0212120321
2121203211
1212032112
2120321121
1203211213
2032112133
0321121332
3211213321
2112133212
1121332122
1213321221
2133212213
1332122132
3321221322
3212213220
2122132201
1221322013
2213220132
2132201321
1322013212
3220132121
2201321212
2013212121
0132121211
1321212111
3212121111
2121211113
1212111132
2121111321
1211113213
2111132131
1111321311
1113213112
1132131121
1321311212
3213112121
2131121211
1311212112
3112121121
1121211211
1212112111
2121121112
1211211121
2112111212
1121112122
1211121221
2111212212
1112122122
1121221222
1212212221
2122122213
1221222132
2212221321
2122213211
1222132110
2221321101
2213211012
2132110122
1321101222
3211012222
2110122221
1101222212
1012222121
0122221212
1222212121
2222121211
2221212112
2212121121
2121211211
1212112111
2121121112
1211211121
2112111213
1121112131
1211121311
2111213111
1112131111
1121311111
1213111113
2131111131
1311111310
3111113103
1111131032
1111310321
1113103211
1131032111
1310321111
3103211111
1032111112
0321111122
3211111221
2111112212
1111122122
1111221221
1112212212
1122122122
1221221222
2212212221
2122122211
1221222111
2212221113
2122211131
1222111310
2221113102
2211131021
2111310212
1113102122
1131021221
1310212211
3102122112
1021221122
0212211222
2122112221
1221122212
2211222122
2112221221
1122212212
1222122122
2221221221
2212212213
2122122132
1221221321
2212213212
2122132122
1221321221
2213212212
2132122121
1321221212
3212212121
2122121211
1221212110
2212121100
2121211002
1212110021
2121100210
1211002102
2110021021
1100210213
1002102132
0021021322
0210213223
2102132232
1021322321
0213223213
2132232132
1322321322
3223213220
2232132200
2321322002
3213220023
2132200232
1322002322
3220023222
2200232221
2002322212
0023222120
0232221202
2322212022
3222120222
2221202221
2212022210
2120222102
1202221021
2022210211
0222102113
2221021132
2210211321
2102113212
1021132122
0211321222
2113212220
1132122201
1321222012
3212220122
2122201221
1222012213
2220122132
2201221321
2012213212
0122132121
1221321211
2213212112
2132121122
1321211221
3212112212
2121122120
1211221200
2112212001
1122120011
1221200112
2212001121
2120011211
1200112112
2001121121
0011211211
0112112112
1121121122
1211211222
2112112221
1121122213
1211222131
2112221311
1122213112
1222131122
2221311221
2213112212
2131122122
1311221222
3112212222
1122122221
1221222212
2212222121
2122221210
1222212102
2222121021
2221210213
2212102132
2121021322
1210213220
2102132202
1021322023
0213220233
2132202331
1322023310
3220233100
2202331001
2023310011
0233100113
2331001131
3310011310
3100113101
1001131011
0011310112
0113101120
1131011202
1310112021
3101120213
1011202130
0112021303
1120213033
1202130331
2021303312
0213033121
2130331211
1303312113
3033121132
0331211322
3312113223
3121132232
1211322322
2113223221
1132232213
1322322131
3223221311
2232213112
2322131121
3221311213
2213112131
2131121311
1311213112
3112131122
1121311221
1213112212
2131122120
1311221203
3112212032
1122120322
1221203222
2212032221
2120322212
1203222122
2032221221
0322212213
3222122132
2221221321
2212213212
2122132122
1221321222
2213212223
2132122232
1321222321
3212223212
2122232121
1222321211
2223212113
2232121132
2321211320
3212113203
2121132032
1211320321
2113203211
1132032111
1320321112
3203211120
2032111202
0321112021
3211120212
2111202121
1112021211
1120212112
1202121122
2021211222
0212112222
2121122220
1211222202
2112222021
1122220211
1222202111
2222021113
2220211132
2202111320
2021113201
0211132012
2111320122
1113201222
1132012221
1320122210
3201222102
2012221021
0122210212
1222102120
2221021202
2210212021
2102120212
1021202123
0212021232
2120212322
1202123222
2021232221
0212322213
2123222132
1232221323
2322213231
3222132312
2221323122
2213231223
2132312232
1323122322
3231223221
2312232211
3122322110
1223221103
2232211031
2322110311
3221103112
2211031121
2110311212
1103112121
1031121211
0311212112
3112121121
1121211211
1212112111
2121121112
1211211121
2112111211
1121112111
1211121110
2111211101
1112111012
1121110123
1211101231
2111012313
1110123131
1101231311
1012313113
0123131131
1231311313
2313113133
3131131331
1311313311
3113133110
1131331101
1313311012
3133110123
1331101231
3311012313
3110123131
1101231311
1012313112
0123131121
1231311212
2313112122
3131121221
1311212210
3112122102
1121221022
1212210223
2122102231
1221022312
2210223122
2102231220
1022312202
0223122021
2231220210
2312202101
3122021012
1220210123
2202101231
2021012312
0210123122
2101231220
1012312203
0123122031
1231220313
2312203131
3122031311
1220313111
2203131110
2031311102
0313111021
3131110210
1311102100
3111021002
1110210021
1102100210
1021002102
0210021021
2100210211
1002102111
0021021113
0210211131
2102111311
1021113113
0211131131
2111311310
1113113103
1131131031
1311310311
3113103113
1131031131
1310311311
3103113113
1031131132
0311311321
3113113213
1131132131
1311321310
3113213101
1132131011
1321310111
3213101113
2131011132
1310111321
3101113213
1011132133
0111321332
1113213322
1132133220
1321332200
3213322003
2133220033
1332200333
3322003332
3220033320
2200333201
2003332011
0033320113
0333201132
3332011322
3320113222
3201132223
2011322231
0113222310
1132223103
1322231032
3222310320
2223103202
2231032020
2310320202
3103202020
1032020203
0320202030
3202020301
2020203010
0202030103
2020301031
0203010311
2030103111
0301031111
3010311113
0103111133
1031111333
0311113331
3111133313
1111333133
1113331331
1133313313
1333133131
3331331311
3313313111
3133131110
1331311103
3313111030
3131110302
1311103020
3111030202
1110302022
1103020220
1030202201
0302022012
3020220120
0202201201
2022012010
0220120101
2201201010
2012010103
0120101030
1201010303
2010103033
0101030333
1010303332
0103033320
1030333201
0303332013
3033320132
0333201321
3332013210
3320132100
3201321003
2013210033
0132100333
1321003333
3210033332
2100333320
1003333200
0033332003
0333320031
3333200310
3332003101
3320031011
3200310113
2003101133
0031011332
0310113323
3101133232
1011332320
0113323202
1133232021
1332320213
3323202132
3232021322
2320213220
3202132200
2021322003
0213220030
2132200303
1322003033
3220030331
2200303311
2003033111
0030331113
0303311133
3033111331
0331113311
3311133111
3111331111
1113311110
1133111102
1331111020
3311110200
3111102000
1111020002
1110200020
1102000203
1020002031
0200020310
2000203100
0002031002
0020310023
0203100230
2031002300
0310023001
3100230011
1002300111
0023001111
0230011111
2300111110
3001111100
0011111001
0111110010
1111100100
1111001003
1110010032
1100100321
1001003211
0010032113
0100321132
1003211322
0032113221
0321132213
3211322131
2113221310
1132213102
1322131021
3221310211
2213102113
2131021132
1310211320
3102113200
1021132003
0211320032
2113200321
1132003210
1320032102
3200321020
2003210202
0032102022
0321020220
3210202200
2102022000
1020220003
0202200031
2022000313
0220003131
2200031310
2000313101
0003131010
0031310102
0313101021
3131010213
1310102130
3101021300
1010213000
0102130001
1021300011
0213000113
2130001131
1300011311
3000113111
0001131112
0011311122
0113111220
1131112203
1311122032
3111220322
1112203222
1122032221
1220322211
2203222110
2032221102
0322211020
3222110201
2221102010
2211020102
2110201020
1102010202
1020102020
0201020203
2010202031
0102020310
1020203101
0202031013
2020310131
0203101313
2031013132
0310131320
3101313202
1013132020
0131320200
1313202003
3132020030
1320200301
3202003010
2020030103
0200301031
2003010313
0030103130
0301031300
3010313000
0103130002
1031300022
0313000223
3130002233
1300022331
3000223310
0002233103
0022331033
0223310333
2233103331
2331033313
3310333132
3103331323
1033313233
0333132333
3331323331
3313233313
3132333131
1323331310
3233313100
2333131003
3331310032
3313100321
3131003210
1310032103
3100321031
1003210310
0032103102
0321031020
3210310202
2103102020
1031020202
0310202022
3102020221
1020202211
0202022110
2020221100
0202211003
2022110031
0221100311
2211003111
2110031113
1100311132
1003111323
0031113231
0311132310
3111323103
1113231031
1132310311
1323103113
3231031132
2310311320
3103113202
1031132023
0311320231
3113202311
1132023111
1320231113
3202311132
2023111322
0231113221
2311132213
3111322130
1113221300
1132213002
1322130020
3221300200
2213002002
2130020021
1300200210
3002002102
0020021021
0200210210
2002102102
0021021021
0210210212
2102102120
1021021201
0210212011
2102120110
1021201103
0212011033
2120110332
1201103323
2011033232
0110332323
1103323232
1033232322
0332323223
3323232233
3232322331
2323223310
3232233100
2322331002
3223310023
2233100232
2331002322
3310023221
3100232213
1002322132
0023221323
0232213233
2322132333
3221323333
2213233333
2132333330
1323333300
3233333002
2333330023
3333300233
3333002333
3330023331
3300233310
3002333101
0023331011
0233310110
2333101102
3331011021
3310110210
3101102102
1011021020
0110210202
1102102023
1021020232
0210202322
2102023220
1020232202
0202322020
2023220200
0232202003
2322020030
3220200301
2202003010
2020030103
0200301033
2003010332
0030103321
0301033213
3010332131
0103321312
1033213123
0332131232
3321312323
3213123231
2131232311
1312323113
3123231133
1232311331
2323113311
3231133111
2311331110
3113311103
1133111033
1331110332
3311103320
3111033202
1110332022
1103320220
1033202200
0332022000
3320220002
3202200021
2022000210
0220002102
2200021021
2000210212
0002102122
0021021223
0210212232
2102122320
1021223200
0212232000
2122320003
1223200031
2232000313
2320003133
3200031330
2000313302
0003133021
0031330210
0313302102
3133021023
1330210232
3302102322
3021023220
0210232202
2102322022
1023220222
0232202220
2322022201
3220222011
2202220110
2022201102
0222011020
2220110202
2201102020
2011020200
0110202000
1102020001
1020200010
0202000103
2020001032
0200010322
2000103220
0001032203
0010322032
0103220322
1032203222
0322032223
3220322232
2203222323
2032223233
0322232332
3222323321
2223233213
2232332133
2323321331
3233213310
2332133100
3321331000
3213310002
2133100022
1331000220
3310002202
3100022020
1000220202
0002202023
0022020233
0220202332
2202023322
2020233220
0202332201
2023322010
0233220103
2332201031
3322010313
3220103130
2201031302
2010313020
0103130200
1031302000
0313020000
3130200000
1302000001
3020000011
0200000110
2000001103
0000011033
0000110333
0001103331
0011033312
0110333122
1103331220
1033312203
0333122031
3331220313
3312203131
3122031310
1220313102
2203131023
2031310232
0313102322
3131023220
1310232202
3102322023
1023220230
0232202301
2322023012
3220230123
2202301231
2023012312
0230123121
2301231213
3012312131
0123121310
1231213103
2312131032
3121310322
1213103222
2131032220
1310322200
3103222001
1032220010
0322200100
3222001002
2220010020
2200100202
2001002023
0010020232
0100202323
1002023230
0020232302
0202323021
2023230210
0232302102
2323021021
3230210213
2302102132
3021021323
0210213232
2102132322
1021323220
0213232203
2132322033
1323220331
3232203311
2322033113
3220331133
2203311333
2033113332
0331133321
3311333211
3113332110
1133321103
1333211032
3332110320
3321103200
3211032002
2110320020
1103200200
1032002001
0320020013
3200200132
2002001321
0020013210
0200132102
2001321021
0013210210
0132102101
1321021010
3210210102
2102101022
1021010220
0210102203
2101022031
1010220313
0102203132
1022031321
0220313213
2203132133
2031321331
0313213313
3132133132
1321331322
3213313221
2133132213
1331322131
3313221311
3132213110
1322131100
3221311002
2213110020
2131100203
1311002032
3110020322
1100203221
1002032213
0020322131
0203221313
2032213132
0322131322
3221313220
2213132202
2131322022
1313220222
3132202223
1322022233
3220222331
2202223311
2022233113
0222331133
2223311331
2233113310
2331133102
3311331021
3113310213
1133102132
1331021321
3310213213
3102132132
1021321322
0213213220
2132132200
1321322003
3213220032
2132200322
1322003220
3220032200
2200322001
2003220010
0032200102
0322001021
3220010210
2200102100
2001021003
0010210031
0102100310
1021003102
0210031022
2100310221
1003102213
0031022132
0310221322
3102213222
1022132222
0221322221
2213222210
2132222102
1322221022
3222210223
2222102232
2221022323
2210223232
2102232323
1022323232
0223232320
2232323201
2323232013
3232320133
2323201331
3232013310
2320133103
3201331031
2013310310
0133103102
1331031022
3310310222
3103102220
1031022201
0310222013
3102220132
1022201323
0222013232
2220132321
2201323211
2013232112
0132321120
1323211202
3232112022
2321120222
3211202220
2112022202
1120222020
1202220200
2022202002
0222020020
2220200203
2202002032
2020020320
0200203202
2002032022
0020320222
0203202220
2032022202
0320222020
3202220203
2022202031
0222020313
2220203132
2202031323
2020313232
0203132323
2031323232
0313232320
3132323200
1323232000
3232320002
2323200022
3232000221
2320002213
3200022133
2000221331
0002213311
0022133112
0221331123
2213311231
2133112313
1331123132
3311231322
3112313221
1123132213
1231322133
2313221333
3132213333
1322133330
3221333301
2213333013
2133330132
1333301323
3333013233
3330132331
3301323312
3013233123
0132331233
1323312333
3233123332
2331233320
3312333200
3123332002
1233320020
2333200200
3332002002
3320020022
3200200221
2002002212
0020022120
0200221201
2002212013
0022120132
0221201323
2212013232
2120132322
1201323221
2013232213
0132322132
1323221322
3232213222
2322132223
3221322232
2213222321
2132223210
1322232102
3222321020
2223210202
2232102021
2321020213
3210202131
2102021313
1020213132
0202131323
2021313232
0213132323
2131323231
1313232311
3132323111
1323231110
3232311101
2323111011
3231110111
2311101113
3111011133
1110111331
1101113311
1011133111
0111331111
1113311110
1133111103
1331111032
3311110322
3111103221
1111032212
1110322122
1103221220
1032212203
0322122033
3221220332
2212203322
2122033221
1220332210
2203322102
2033221021
0332210211
3322102111
3221021112
2210211122
2102111220
1021112202
0211122021
2111220210
1112202101
1122021010
1220210102
2202101021
2021010211
0210102112
2101021123
1010211231
0102112313
1021123131
0211231311
2112313111
1123131113
1231311133
2313111331
3131113310
1311133102
3111331023
1113310230
1133102302
1331023020
3310230202
3102302022
1023020222
0230202223
2302022233
3020222332
0202223323
2022233232
0222332321
2223323211
2233232111
2332321113
3323211131
3232111311
2321113113
3211131132
2111311321
1113113213
1131132133
1311321330
3113213300
1132133001
1321330010
3213300101
2133001011
1330010110
3300101102
3001011021
0010110210
0101102100
1011021000
0110210002
1102100023
1021000230
0210002301
2100023011
1000230110
0002301102
0023011021
0230110210
2301102102
3011021021
0110210210
1102102102
1021021021
0210210210
2102102101
1021021010
0210210101
2102101010
1021010101
0210101013
2101010132
1010101323
0101013231
1010132310
0101323103
1013231032
0132310320
1323103201
3231032011
2310320110
3103201102
1032011021
0320110210
3201102101
2011021013
0110210132
1102101321
1021013210
0210132103
2101321033
1013210333
0132103331
1321033311
3210333110
2103331102
1033311021
0333110213
3331102131
3311021311
3110213113
1102131133
1021311333
0213113332
2131133320
1311333202
3113332022
1133320220
1333202200
3332022001
3320220013
3202200131
2022001311
0220013111
2200131111
2001311111
0013111113
0131111132
1311111323
3111113232
1111132320
1111323202
1113232021
1132320213
1323202130
3232021301
2320213012
3202130120
2021301200
0213012003
2130120032
1301200323
3012003231
0120032310
1200323103
2003231032
0032310322
0323103221
3231032213
2310322131
3103221310
1032213103
0322131031
3221310311
2213103112
2131031123
1310311232
3103112322
1031123220
0311232202
3112322023
1123220231
1232202313
2322023133
3220231332
2202313321
2023133213
0231332132
2313321322
3133213222
1332132220
3321322200
3213222000
2132220003
1322200030
3222000303
2220003031
2200030313
2000303131
0003031311
0030313111
0303131113
3031311132
0313111322
3131113223
1311132232
3111322321
1113223213
1132232132
1322321322
3223213223
2232132232
2321322322
3213223220
2132232202
1322322020
3223220200
2232202001
2322020010
3220200100
2202001002
2020010020
0200100201
2001002010
0010020102
0100201022
1002010220
0020102200
0201022000
2010220002
0102200022
1022000220
0220002202
2200022021
2000220210
0002202102
0022021020
0220210202
2202102021
2021020211
0210202112
2102021120
1020211200
0202112003
2021120032
0211200323
2112003233
1120032331
1200323313
2003233132
0032331322
0323313221
3233132210
2331322103
3313221033
3132210331
1322103310
3221033102
2210331020
2103310200
1033102000
0331020002
3310200021
3102000210
1020002102
0200021021
2000210212
0002102120
0021021200
0210212002
2102120022
1021200223
0212002233
2120022333
1200223332
2002233322
0022333222
0223332220
2233322200
2333222003
3332220030
3322200303
3222003032
2220030322
2200303221
2003032210
0030322102
0303221023
3032210232
0322102322
3221023220
2210232201
2102322012
1023220120
0232201201
2322012011
3220120113
2201201133
2012011332
0120113321
1201133211
2011332113
0113321131
1133211313
1332113131
3321131311
3211313111
2113131110
1131311102
1313111020
3131110203
1311102032
3111020323
1110203230
1102032301
1020323013
0203230132
2032301322
0323013220
3230132203
2301322030
3013220302
0132203022
1322030223
3220302233
2203022333
2030223333
0302233332
3022333322
0223333223
2233332233
2333322333
3333223331
3332233310
3322333102
3223331020
2233310203
2333102031
3331020312
3310203123
3102031231
1020312312
0203123121
2031231213
0312312133
3123121331
1231213310
2312133103
3121331032
1213310322
2133103222
1331032220
3310322200
3103222002
1032220020
0322200200
3222002002
2220020022
2200200220
2002002203
0020022031
0200220311
2002203112
0022031120
0220311203
2203112032
2031120321
0311203211
3112032113
1120321133
1203211333
2032113330
0321133303
3211333033
2113330332
1133303321
1333033213
3330332133
3303321333
3033213333
0332133332
3321333320
3213333201
2133332010
1333320100
3333201003
3332010032
3320100323
3201003231
2010032313
0100323131
1003231311
0032313111
0323131113
3231311133
2313111330
3131113302
1311133021
3111330211
1113302113
1133021132
1330211322
3302113220
3021132201
0211322013
2113220132
1132201321
1322013213
3220132130
2201321303
2013213033
0132130333
1321303330
3213033300
2130333001
1303330010
3033300100
0333001003
3330010031
3300100310
3001003102
0010031023
0100310232
1003102322
0031023220
0310232202
3102322020
1023220202
0232202020
2322020200
3220202002
2202020020
2020200201
0202002010
2020020101
0200201011
2002010113
0020101130
0201011302
2010113020
0101130200
1011302002
0113020023
1130200230
1302002301
3020023011
0200230110
2002301101
0023011013
0230110133
2301101331
3011013310
0110133102
1101331020
1013310201
0133102013
1331020131
3310201310
3102013100
1020131002
0201310021
2013100210
0131002100
1310021003
3100210031
1002100313
0021003132
0210031321
2100313213
1003132133
0031321330
0313213300
3132133001
1321330010
3213300102
2133001023
1330010230
3300102302
3001023020
0010230202
0102302022
1023020223
0230202232
2302022322
3020223221
0202232211
2022322110
0223221102
2232211020
2322110200
3221102002
2211020020
2110200200
1102002002
1020020023
0200200233
2002002333
0020023332
0200233322
2002333222
0023332223
0233322232
2333222322
3332223222
3322232222
3222322220
2223222201
2232222010
2322220102
3222201020
2222010200
2220102002
2201020021
2010200213
0102002133
1020021331
0200213313
2002133132
0021331322
0213313222
2133132220
1331322200
3313222000
3132220003
1322200031
3222000313
2220003132
2200031321
2000313210
0003132100
0031321001
0313210013
3132100131
1321001310
3210013100
2100131001
1001310010
0013100101
0131001013
1310010132
3100101323
1001013231
0010132311
0101323111
1013231111
0132311110
1323111103
3231111033
2311110333
3111103331
1111033313
1110333132
1103331322
1033313223
0333132231
3331322311
3313223110
3132231102
1322311021
3223110210
2231102102
2311021020
3110210203
1102102031
1021020310
0210203101
2102031013
1020310132
0203101322
2031013223
0310132233
3101322330
1013223303
0132233033
1322330331
3223303310
2233033101
2330331010
3303310100
3033101001
0331010010
3310100103
3101001032
1010010323
0100103232
1001032322
0010323223
0103232232
1032322321
0323223211
3232232110
2322321102
3223211021
2232110212
2321102122
3211021220
2110212201
1102122011
1021220111
0212201113
2122011130
1220111303
2201113032
2011130322
0111303221
1113032211
1130322111
1303221111
3032211110
0322111101
3221111010
2211110101
2111101010
1111010102
1110101020
1101010202
1010102021
0101020211
1010202110
0102021102
1020211023
0202110232
2021102321
0211023210
2110232100
1102321003
1023210032
0232100320
2321003203
3210032032
2100320321
1003203211
0032032113
0320321130
3203211301
2032113010
0321130102
3211301022
2113010220
1130102200
1301022001
3010220013
0102200131
1022001311
0220013110
2200131100
2001311001
0013110011
0131100113
1311001131
3110011310
1100113102
1001131023
0011310232
0113102323
1131023232
1310232321
3102323213
1023232133
0232321332
2323213323
3232133230
2321332302
3213323022
2133230220
1332302202
3323022021
3230220213
2302202132
3022021320
0220213200
2202132002
2021320022
0213200222
2132002220
1320022203
3200222033
2002220331
0022203313
0222033131
2220331311
2203313110
2033131100
0331311002
3313110022
3131100221
1311002210
3110022103
1100221033
1002210331
0022103310
0221033102
2210331020
2103310203
1033102031
0331020313
3310203132
3102031322
1020313220
0203132202
2031322020
0313220202
3132202023
1322020230
3220202301
2202023011
2020230110
0202301102
2023011021
0230110210
2301102100
3011021001
0110210011
1102100110
1021001100
0210011001
2100110010
1001100101
0011001010
0110010103
1100101030
1001010301
0010103010
0101030102
1010301021
0103010210
1030102103
0301021031
3010210313
0102103131
1021031310
0210313102
2103131022
1031310221
0313102213
3131022130
1310221303
3102213032
1022130322
0221303220
2213032202
2130322021
1303220210
3032202102
0322021021
3220210213
2202102132
2021021322
0210213223
2102132232
1021322322
0213223222
2132232220
1322322200
3223222000
2232220002
2322200022
3222000220
2220002202
2200022022
2000220222
0002202220
0022022200
0220222002
2202220020
2022200200
0222002001
2220020010
2200200101
2002001011
0020010110
0200101103
2001011032
0010110322
0101103223
1011032232
0110322321
1103223212
1032232122
0322321223
3223212231
2232122311
2321223111
3212231110
2122311101
1223111012
2231110122
2311101221
3111012212
1110122123
1101221232
1012212323
0122123231
1221232313
2212323132
2123231323
1232313232
2323132321
3231323213
2313232132
3132321322
1323213222
3232132220
2321322200
3213222003
2132220033
1322200333
3222003333
2220033333
2200333332
2003333320
0033333201
0333332011
3333320113
3333201131
3332011311
3320113110
3201131102
2011311020
0113110200
1131102002
1311020022
3110200220
1102002203
1020022032
0200220320
2002203203
0022032030
0220320301
2203203013
2032030133
0320301333
3203013332
2030133323
0301333230
3013332303
0133323030
1333230303
3332303031
3323030313
3230303133
2303031332
3030313322
0303133223
3031332232
0313322322
3133223222
1332232220
3322322201
3223222010
2232220102
2322201021
3222010210
2220102100
2201021002
2010210022
0102100220
1021002202
0210022020
2100220200
1002202002
0022020020
0220200203
2202002032
2020020321
0200203213
2002032133
0020321332
0203213321
2032133211
0321332111
3213321113
2133211130
1332111302
3321113023
3211130230
2111302301
1113023013
1130230130
1302301300
3023013003
0230130032
2301300320
3013003203
0130032032
1300320323
3003203233
0032032330
0320323303
3203233030
2032330301
0323303010
3233030102
2330301020
3303010200
3030102000
0301020002
3010200023
0102000231
1020002313
0200023132
2000231321
0002313210
0023132103
0231321033
2313210332
3132103322
1321033220
3210332202
2103322020
1033220200
0332202000
3322020000
3220200001
2202000010
2020000100
0200001003
2000010032
0000100323
0001003232
0010032320
0100323203
1003232033
0032320332
0323203320
3232033200
2320332002
3203320020
2033200200
0332002002
3320020020
3200200202
2002002020
0020020203
0200202030
2002020301
0020203012
0202030123
2020301232
0203012323
2030123232
0301232320
3012323200
0123232001
1232320010
2323200102
3232001020
2320010200
3200102002
2001020023
0010200232
0102002323
1020023231
0200232310
2002323100
0023231003
0232310032
2323100320
3231003202
2310032023
3100320232
1003202322
0032023222
0320232221
3202322210
2023222102
0232221022
2322210220
3222102202
2221022022
2210220220
2102202202
1022022022
0220220223
2202202232
2022022322
0220223220
2202232202
2022322022
0223220221
2232202212
2322022122
3220221222
2202212222
2022122222
0221222220
2212222202
2122222022
1222220223
2222202232
2222022321
2220223210
2202232100
2022321001
0223210013
2232100133
2321001330
3210013301
2100133010
1001330103
0013301030
0133010303
1330103033
3301030333
3010303330
0103033300
1030333002
0303330020
3033300203
0333002032
3330020322
3300203220
3002032202
0020322020
0203220200
2032202003
0322020032
3220200322
2202003220
2020032202
0200322020
2003220200
0032202001
0322020011
3220200110
2202001102
2020011023
0200110231
2001102311
0011023111
0110231111
1102311113
1023111133
0231111332
2311113320
3111133203
1111332030
1113320300
1133203003
1332030033
3320300332
3203003321
2030033210
0300332102
3003321021
0033210210
0332102102
3321021022
3210210220
2102102202
1021022022
0210220223
2102202232
1022022322
0220223223
2202232232
2022322322
0223223220
2232232200
2322322002
3223220022
2232200222
2322002221
3220022211
2200222113
2002221130
0022211301
0222113010
2221130102
2211301022
2113010222
1130102221
1301022211
3010222110
0102221100
1022211000
0222110000
2221100001
2211000010
2110000102
1100001020
1000010201
0000102010
0001020101
0010201010
0102010103
1020101033
0201010333
2010103331
0101033310
1010333101
0103331011
1033310111
0333101110
3331011102
3310111020
3101110200
1011102000
0111020002
1110200020
1102000201
1020002013
0200020132
2000201322
0002013220
0020132202
0201322020
2013220200
0132202003
1322020032
3220200320
2202003203
2020032033
0200320331
2003203311
0032033113
0320331131
3203311313
2033113130
0331131303
3311313031
3113130311
1131303111
1313031110
3130311102
1303111022
3031110222
0311102221
3111022213
1110222132
1102221320
1022213200
0222132003
2221320032
2213200322
2132003220
1320032200
3200322000
2003220003
0032200033
0322000331
3220003310
2200033102
2000331022
0003310220
0033102202
0331022021
3310220213
3102202132
1022021321
0220213210
2202132102
2021321022
0213210223
2132102232
1321022322
3210223223
2102232232
1022322322
0223223220
2232232202
2322322022
3223220223
2232202232
2322022322
3220223221
2202232213
2022322132
0223221322
2232213220
2322132200
3221322003
2213220032
2132200320
1322003203
3220032030
2200320300
2003203001
0032030010
0320300101
3203001013
2030010133
0300101331
3001013311
0010133113
0101331133
1013311331
0133113311
1331133113
3311331132
3113311323
1133113232
1331132322
3311323223
3113232231
1132322310
1323223102
3232231022
2322310220
3223102200
2231022000
2310220000
3102200003
1022000031
0220000311
2200003113
2000031133
0000311332
0003113321
0031133213
0311332132
3113321322
1133213220
1332132200
3321322002
3213220022
2132200223
1322002232
3220022321
2200223213
2002232130
0022321301
0223213013
2232130132
2321301322
3213013220
2130132202
1301322022
3013220220
0132202200
1322022002
3220220020
2202200203
2022002031
0220020311
2200203113
2002031132
0020311321
0203113211
2031132111
0311321111
3113211111
1132111110
1321111102
3211111022
2111110221
1111102211
1111022110
1110221103
1102211032
1022110320
0221103200
2211032002
2110320020
1103200200
1032002002
0320020023
3200200232
2002002322
0020023222
0200232222
2002322222
0023222223
0232222232
2322222322
3222223222
2222232220
2222322202
2223222020
2232220201
2322202010
3222020100
2220201002
2202010020
2020100202
0201002022
2010020222
0100202222
1002022222
0020222223
0202222233
2022222333
0222223331
2222233312
2222333122
2223331220
2233312202
2333122022
3331220222
3312202222
3122022222
1220222223
2202222232
2022222322
0222223220
2222232202
2222322022
2223220222
2232202222
2322022222
3220222222
2202222223
2022222232
0222222321
2222223213
2222232131
2222321311
2223213113
2232131131
2321311310
3213113102
2131131022
1311310223
3113102232
1131022322
1310223220
3102232202
1022322022
0223220220
2232202202
2322022022
3220220221
2202202212
2022022122
0220221220
2202212202
2022122022
0221220220
2212202203
2122022030
1220220303
2202203030
2022030303
0220303030
2203030302
2030303022
0303030223
3030302232
0303022322
3030223221
0302232210
3022322100
0223221003
2232210032
2322100321
3221003213
2210032132
2100321321
1003213210
0032132100
0321321003
3213210032
2132100322
1321003220
3210032201
2100322010
1003220100
0032201003
0322010032
3220100320
2201003201
2010032011
0100320111
1003201110
0032011102
0320111020
3201110202
2011102020
0111020203
1110202032
1102020322
1020203220
0202032203
2020322032
0203220322
2032203222
0322032222
3220322220
2203222202
2032222022
0322220220
3222202203
2222022032
2220220322
2202203223
2022032232
0220322323
2203223232
2032232323
0322323231
3223232311
2232323113
2323231133
3232311333
2323113330
3231133303
2311333033
3113330330
1133303300
1333033003
3330330031
3303300311
3033003111
0330031110
3300311103
3003111033
0031110332
0311103322
3111033223
1110332230
1103322301
1033223013
0332230133
3322301333
3223013330
2230133303
2301333030
3013330301
0133303010
1333030101
3330301013
3303010131
3030101311
0301013110
3010131102
0101311021
1013110210
0131102101
1311021013
3110210133
1102101330
1021013300
0210133000
2101330002
1013300023
0133000232
1330002320
3300023201
3000232013
0002320132
0023201320
0232013202
2320132022
3201320222
2013202222
0132022221
1320222210
3202222101
2022221012
0222210122
2222101220
2221012202
2210122020
2101220202
1012202022
0122020223
1220202232
2202022322
2020223220
0202232201
2022322010
0223220103
2232201033
2322010330
3220103302
2201033022
2010330221
0103302213
1033022132
0330221321
3302213210
3022132101
0221321011
2213210113
2132101133
1321011330
3210113300
2101133001
1011330013
0113300132
1133001321
1330013210
3300132102
3001321023
0013210231
0132102310
1321023101
3210231013
2102310132
1023101323
0231013232
2310132320
3101323202
1013232020
0132320203
1323202032
3232020322
2320203220
3202032201
2020322012
0203220120
2032201202
0322012023
3220120232
2201202321
2012023211
0120232112
1202321123
2023211232
0232112323
2321123230
3211232302
2112323020
1123230201
1232302011
2323020113
3230201133
2302011332
3020113320
0201133202
2011332020
0113320201
1133202013
1332020131
3320201310
3202013100
2020131000
0201310000
2013100001
0131000012
1310000123
3100001231
1000012310
0000123103
0001231033
0012310333
0123103332
1231033321
2310333213
3103332133
1033321333
0333213333
3332133332
3321333323
3213333232
2133332320
1333323202
3333232021
3332320211
3323202110
3232021102
2320211022
3202110221
2021102210
0211022101
2110221010
1102210102
1022101020
0221010202
2210102023
2101020233
1010202332
0102023322
1020233221
0202332213
2023322132
0233221320
2332213202
3322132022
3221320220
2213202203
2132022032
1320220322
3202203223
2022032232
0220322323
2203223232
2032232323
0322323231
3223232311
2232323113
2323231132
3232311321
2323113210
3231132103
2311321030
3113210302
1132103021
1321030213
3210302132
2103021320
1030213202
0302132021
3021320211
0213202110
2132021102
1320211023
3202110232
2021102322
0211023223
2110232233
1102322331
1023223310
0232233103
2322331031
3223310313
2233103133
2331031331
3310313311
3103133113
1031331131
0313311313
3133113131
1331131313
3311313131
3113131311
1131313111
1313131113
3131311132
1313111322
3131113223
1311132231
3111322313
1113223133
1132231332
1322313323
3223133231
2231332313
2313323132
3133231323
1332313230
3323132302
3231323023
2313230232
3132302320
1323023201
3230232013
2302320133
3023201331
0232013310
2320133102
3201331021
2013310210
0133102103
1331021033
3310210332
3102103322
1021033223
0210332232
2103322322
1033223221
0332232213
3322322132
3223221321
2232213213
2322132133
3221321333
2213213330
2132133300
1321333003
3213330033
2133300333
1333003333
3330033332
3300333322
3003333221
0033332213
0333322133
3333221333
3332213333
3322133333
3221333331
2213333310
2133333102
1333331022
3333310221
3333102210
3331022103
3310221031
3102210310
1022103103
0221031032
2210310320
2103103203
1031032030
0310320302
3103203023
1032030230
0320302303
3203023030
2030230303
0302303031
3023030312
0230303123
2303031230
3030312302
0303123022
3031230220
0312302200
3123022002
1230220021
2302200210
3022002101
0220021011
2200210110
2002101102
0021011022
0210110220
2101102202
1011022021
0110220213
1102202132
1022021321
0220213210
2202132100
2021321002
0213210021
2132100211
1321002110
3210021103
2100211032
1002110321
0021103210
0211032102
2110321020
1103210203
1032102032
0321020322
3210203220
2102032200
1020322003
0203220033
2032200330
0322003301
3220033010
2200330102
2003301020
0033010202
0330102021
3301020211
3010202111
0102021110
1020211102
0202111020
2021110200
0211102003
2111020030
1110200301
1102003010
1020030100
0200301000
2003010001
0030100013
0301000131
3010001310
0100013102
1000131021
0001310210
0013102100
0131021002
1310210021
3102100213
1021002132
0210021321
2100213212
1002132123
0021321230
0213212301
2132123011
1321230113
3212301131
2123011311
1230113110
2301131101
3011311011
0113110110
1131101103
1311011031
3110110310
1101103103
1011031032
0110310320
1103103201
1031032010
0310320102
3103201020
1032010201
0320102013
3201020130
2010201301
0102013010
1020130100
0201301001
2013010011
0130100111
1301001111
3010011110
0100111100
1001111001
0011110013
0111100130
1111001301
1110013013
1100130132
1001301321
0013013213
0130132133
1301321333
3013213332
0132133321
1321333210
3213332102
2133321022
1333210222
3332102220
3321022200
3210222002
2102220020
1022200201
0222002011
2220020110
2200201101
2002011010
0020110103
0201101031
2011010311
0110103110
1101031103
1010311033
0103110330
1031103302
0311033023
3110330232
1103302320
1033023201
0330232011
3302320113
3023201131
0232011310
2320113100
3201131000
2011310002
0113100020
1131000202
1310002022
3100020223
1000202232
0002022321
0020223211
0202232113
2022321131
0223211312
2232113122
2321131220
3211312200
2113122000
1131220000
1312200000
3122000001
1220000010
2200000103
2000001031
0000010313
0000103131
0001031311
0010313111
0103131113
1031311131
0313111310
3131113103
1311131031
3111310311
1113103112
1131031122
1310311222
3103112222
1031122223
0311222233
3112222333
1122223332
1222233322
2222333222
2223332221
2233322211
2333222110
3332221101
3322211012
3222110122
2221101220
2211012202
2110122021
1101220211
1012202113
0122021133
1220211333
2202113332
2021133322
0211333223
2113332232
1133322320
1333223202
3332232022
3322320223
3223202230
2232022303
2320223030
3202230303
2022303032
0223030320
2230303200
2303032002
3030320022
0303200223
3032002231
0320022310
3200223102
2002231022
0022310223
0223102232
2231022322
2310223221
3102232210
1022322102
0223221022
2232210222
2322102220
3221022203
2210222033
2102220331
1022203311
0222033111
2220331110
2203311102
2033111021
0331110212
3311102120
3111021201
1110212011
1102120111
1021201111
0212011110
2120111101
1201111013
2011110131
0111101311
1111013111
1110131113
1101311133
1013111332
0131113321
1311133210
3111332102
1113321022
1133210223
1332102232
3321022322
3210223221
2102232213
1022322132
0223221323
2232213232
2322132320
3221323200
2213232000
2132320000
1323200001
3232000010
2320000103
3200001033
2000010332
0000103321
0001033211
0010332110
0103321102
1033211020
0332110200
3321102002
3211020023
2110200232
1102002323
1020023232
0200232323
2002323233
0023232331
0232323310
2323233102
3232331020
2323310202
3233102021
2331020210
3310202100
3102021002
1020210020
0202100203
2021002032
0210020320
2100203202
1002032021
0020320213
0203202132
2032021322
0320213220
3202132201
2021322013
0213220133
2132201331
1322013311
3220133113
2201331131
2013311310
0133113103
1331131032
3311310322
3113103220
1131032200
1310322002
3103220021
1032200213
0322002131
3220021313
2200213131
2002131310
0021313103
0213131033
2131310330
1313103303
3131033031
1310330310
3103303102
1033031021
0330310210
3303102100
3031021002
0310210023
3102100233
1021002331
0210023310
2100233100
1002331001
0023310011
0233100110
2331001101
3310011011
3100110110
1001101102
0011011020
0110110200
1101102001
1011020010
0110200103
1102001033
1020010332
0200103323
2001033232
0010332321
0103323212
1033232121
0332321213
3323212132
3232121321
2321213210
3212132103
2121321031
1213210312
2132103122
1321031222
3210312222
2103122223
1031222232
0312222320
3122223202
1222232021
2222320213
2223202133
2232021332
2320213321
3202133210
2021332102
0213321022
2133210221
1332102210
3321022101
3210221013
2102210132
1022101321
0221013211
2210132111
2101321111
1013211112
0132111123
1321111233
3211112333
2111123331
1111233310
1112333103
1123331033
1233310331
2333103313
3331033132
3310331321
3103313213
1033132131
0331321312
3313213120
3132131202
1321312021
3213120213
2131202131
1312021310
3120213103
1202131032
2021310322
0213103221
2131032213
1310322132
3103221322
1032213220
0322132202
3221322022
2213220222
2132202222
1322022220
3220222201
2202222011
2022220113
0222201132
2222011320
2220113200
2201132002
2011320023
0113200231
1132002311
1320023113
3200231133
2002311331
0023113311
0231133113
2311331132
3113311320
1133113202
1331132022
3311320222
3113202220
1132022202
1320222020
3202220201
2022202010
0222020101
2220201012
2202010122
2020101221
0201012211
2010122113
0101221130
1012211302
0122113020
1221130201
2211302011
2113020112
1130201120
1302011200
3020112001
0201120011
2011200110
0112001102
1120011021
1200110211
2001102111
0011021113
0110211131
1102111311
1021113113
0211131131
2111311312
1113113121
1131131213
1311312133
3113121333
1131213331
1312133311
3121333110
1213331103
2133311032
1333110321
3331103213
3311032132
3110321322
1103213220
1032132201
0321322013
3213220133
2132201332
1322013321
3220133213
2201332132
2013321321
0133213210
1332132101
3321321012
3213210123
2132101232
1321012322
3210123221
2101232213
1012322131
0123221312
1232213123
2322131232
3221312320
2213123201
2131232010
1312320103
3123201033
1232010332
2320103321
3201033213
2010332133
0103321332
1033213323
0332133232
3321332322
3213323222
2133232223
1332322232
3323222323
3232223231
2322232310
3222323102
2223231023
2232310230
2323102301
3231023011
2310230113
3102301132
1023011322
0230113220
2301132202
3011322022
0113220220
1132202202
1322022020
3220220200
2202202001
2022020011
0220200110
2202001101
2020011013
0200110133
2001101331
0011013310
0110133103
1101331033
1013310331
0133103310
1331033101
3310331010
3103310102
1033101022
0331010222
3310102220
3101022203
1010222030
0102220303
1022203033
0222030332
2220303321
2203033213
2030332132
0303321321
3033213211
0332132110
3321321102
3213211022
2132110220
1321102200
3211022001
2110220013
1102200132
1022001321
0220013211
2200132113
2001321131
0013211311
0132113113
1321131133
3211311330
2113113301
1131133011
1311330113
3113301132
1133011323
1330113231
3301132312
3011323120
0113231202
1132312022
1323120222
3231202221
2312022211
3120222113
1202221132
2022211322
0222113222
2221132220
2211322202
2113222020
1132220202
1322202023
3222020232
2220202322
2202023221
2020232213
0202322130
2023221300
0232213000
2322130000
3221300003
2213000033
2130000332
1300003322
3000033220
0000332202
0003322020
0033220201
0332202013
3322020133
3220201333
2202013332
2020133322
0201333220
2013332200
0133322003
1333220032
3332200322
3322003221
3220032211
2200322111
2003221112
0032211122
0322111222
3221112220
2211122203
2111222030
1112220303
1122203030
1222030303
2220303030
2203030301
2030303010
0303030102
3030301020
0303010202
3030102021
0301020211
3010202110
0102021102
1020211021
0202110213
2021102130
0211021301
2110213013
1102130130
1021301303
0213013031
2130130312
1301303122
3013031220
0130312200
1303122002
3031220022
0312200222
3122002223
1220022232
2200222322
2002223222
0022232223
0222322232
2223222323
2232223232
2322232321
3222323211
2223232110
2232321103
2323211032
3232110323
2321103233
3211032332
2110323321
1103233211
1032332111
0323321112
3233211123
2332111231
3321112310
3211123100
2111231000
1112310003
1123100032
1231000322
2310003220
3100032203
1000322032
0003220321
0032203211
0322032113
3220321131
2203211311
2032113113
0321131132
3211311320
2113113202
1131132022
1311320221
3113202213
1132022133
1320221333
3202213331
2022133310
0221333103
2213331032
2133310322
1333103220
3331032200
3310322002
3103220022
1032200220
0322002200
3220022003
2200220030
2002200303
0022003033
0220030333
2200303330
2003033301
0030333011
0303330113
3033301131
0333011311
3330113110
3301131100
3011311000
0113110000
1131100001
1311000010
3110000102
1100001020
1000010201
0000102010
0001020101
0010201010
0102010103
1020101032
0201010322
2010103223
0101032231
1010322311
0103223113
1032231133
0322311333
3223113332
2231133322
2311333223
3113332232
1133322323
1333223232
3332232321
3322323213
3223232132
2232321321
2323213213
3232132132
2321321323
3213213232
2132132322
1321323222
3213232220
2132322202
1323222020
3232220203
2322202030
3222020303
2220203033
2202030331
2020303313
0203033131
2030331313
0303313133
3033131333
0331313332
3313133322
3131333222
1313332220
3133322203
1333222030
3332220301
3322203010
3222030103
2220301032
2203010321
2030103211
0301032111
3010321113
0103211130
1032111301
0321113011
3211130111
2111301113
1113011130
1130111302
1301113021
3011130210
0111302100
1113021000
1130210000
1302100002
3021000023
0210000230
2100002300
1000023001
0000230011
0002300110
0023001102
0230011022
2300110220
3001102202
0011022022
0110220223
1102202233
1022022331
0220223313
2202233132
2022331322
0223313220
2233132202
2331322023
3313220233
3132202333
1322023332
3220233323
2202333231
2023332310
0233323101
2333231011
3332310110
3323101100
3231011003
2310110032
3101100322
1011003220
0110032202
1100322022
1003220220
0032202200
0322022002
3220220022
2202200220
2022002203
0220022032
2200220322
2002203220
0022032203
0220322031
2203220311
2032203110
0322031101
3220311011
2203110113
2031101130
0311011300
3110113000
1101130000
1011300000
0113000001
1130000013
1300000132
3000001321
0000013211
0000132111
0001321113
0013211132
0132111322
1321113221
3211132211
2111322111
1113221113
1132211132
1322111323
3221113230
2211132303
2111323030
1113230301
1132303011
1323030112
3230301121
2303011210
3030112103
0301121031
3011210310
0112103103
1121031032
1210310320
2103103201
1031032011
0310320111
3103201110
1032011102
0320111023
3201110232
2011102323
0111023233
1110232332
1102323322
1023233221
0232332210
2323322102
3233221021
2332210210
3322102101
3221021011
2210210110
2102101102
1021011021
0210110211
2101102113
1011021132
0110211320
1102113200
1021132002
0211320020
2113200201
1132002011
1320020112
3200201122
2002011221
0020112211
0201122110
2011221100
0112211000
1122110003
1221100033
2211000333
2110003333
1100033332
1000333321
0003333211
0033332110
0333321103
3333211031
3332110310
3321103103
3211031031
2110310311
1103103113
1031031132
0310311322
3103113220
1031132202
0311322020
3113220202
1132202022
1322020220
3220202203
2202022033
2020220332
0202203320
2022033202
0220332023
2203320230
2033202301
0332023013
3320230132
3202301321
2023013210
0230132101
2301321011
3013210111
0132101110
1321011102
3210111022
2101110220
1011102203
0111022031
1110220311
1102203110
1022031102
0220311020
2203110203
2031102032
0311020323
3110203231
1102032310
1020323103
0203231031
2032310310
0323103100
3231031001
2310310010
3103100101
1031001013
0310010132
3100101321
1001013213
0010132133
0101321333
1013213332
0132133321
1321333211
3213332110
2133321102
1333211023
3332110230
3321102302
3211023020
2110230200
1102302003
1023020030
0230200303
2302003032
3020030322
0200303221
2003032211
0030322111
0303221110
3032211103
0322111031
3221110310
2211103102
2111031021
1110310213
1103102132
1031021320
0310213202
3102132022
1021320220
0213202202
2132022022
1320220220
3202202202
2022022022
0220220220
2202202202
2022022020
0220220200
2202202002
2022020022
0220200223
2202002230
2020022302
0200223021
2002230210
0022302102
0223021023
2230210232
2302102321
3021023212
0210232123
2102321231
1023212311
0232123111
2321231112
3212311120
2123111203
1231112032
2311120320
3111203201
1112032011
1120320111
1203201110
2032011102
0320111020
3201110200
2011102002
0111020022
1110200220
1102002200
1020022003
0200220033
2002200331
0022003311
0220033113
2200331131
2003311311
0033113113
0331131131
3311311313
3113113131
1131131311
1311313113
3113131132
1131311322
1313113223
3131132231
1311322313
3113223131
1132231311
1322313110
3223131103
2231311032
2313110321
3131103210
1311032101
3110321011
1103210110
1032101100
0321011002
3210110020
2101100201
1011002010
0110020102
1100201020
1002010200
0020102000
0201020002
2010200022
0102000220
1020002203
0200022032
2000220320
0002203202
0022032020
0220320200
2203202002
2032020021
0320200210
3202002100
2020021000
0200210001
2002100013
0021000131
0210001313
2100013132
1000131321
0001313211
0013132112
0131321123
1313211231
3132112312
1321123121
3211231211
2112312110
1123121101
1231211011
2312110110
3121101101
1211011011
2110110111
1101101111
1011011111
0110111112
1101111121
1011111211
0111112110
1111121103
1111211031
1112110310
1121103102
1211031021
2110310211
1103102110
1031021103
0310211031
3102110312
1021103121
0211031213
2110312132
1103121321
1031213213
0312132132
3121321322
1213213220
2132132200
1321322000
3213220000
2132200001
1322000011
3220000113
2200001131
2000011313
0000113130
0001131302
0011313022
0113130222
1131302220
1313022200
3130222000
1302220000
3022200003
0222000032
2220000322
2200003222
2000032220
0000322202
0003222021
0032220213
0322202133
3222021333
2220213330
2202133302
2021333020
0213330200
2133302001
1333020011
3330200110
3302001101
3020011011
0200110110
2001101102
0011011022
0110110222
1101102221
1011022213
0110222132
1102221322
1022213222
0222132222
2221322220
2213222200
2132222002
1322220022
3222200223
2222002232
2220022321
2200223210
2002232102
0022321022
0223210221
2232102210
2321022102
3210221021
2102210211
1022102113
0221021131
2210211310
2102113102
1021131021
0211310210
2113102102
1131021022
1310210222
3102102222
1021022222
0210222220
2102222201
1022222010
0222220101
2222201010
2222010103
2220101031
2201010310
2010103100
0101031001
1010310010
0103100103
1031001032
0310010322
3100103221
1001032211
0010322113
0103221130
1032211303
0322113032
3221130321
2211303211
2113032111
1130321110
1303211102
3032111023
0321110231
3211102311
2111023110
1110231100
1102311003
1023110031
0231100311
2311003111
3110031111
1100311111
1003111113
0031111133
0311111331
3111113313
1111133132
1111331320
1113313202
1133132021
1331320213
3313202132
3132021321
1320213210
3202132101
2021321010
0213210100
2132101000
1321010000
3210100002
2101000023
1010000231
0100002312
1000023120
0000231202
0002312022
0023120221
0231202213
2312022131
3120221311
1202213110
2022131102
0221311022
2213110220
2131102200
1311022001
3110220010
1102200100
1022001002
0220010021
2200100211
2001002111
0010021110
0100211101
1002111011
0021110110
0211101100
2111011001
1110110011
1101100113
1011001131
0110011313
1100113132
1001131322
0011313220
0113132200
1131322003
1313220031
3132200311
1322003110
3220031100
2200311001
2003110011
0031100113
0311001130
3110011301
1100113012
1001130122
0011301221
0113012213
1130122131
1301221311
3012213113
0122131132
1221311322
2213113223
2131132233
1311322333
3113223332
1132233321
1322333212
3223332122
2233321220
2333212202
3332122020
3321220200
3212202002
2122020021
1220200210
2202002102
2020021022
0200210221
2002102211
0021022110
0210221102
2102211021
1022110210
0221102100
2211021002
2110210020
1102100202
1021002021
0210020210
2100202102
1002021023
0020210233
0202102331
2021023313
0210233131
2102331313
1023313132
0233131321
2331313213
3313132132
3131321322
1313213220
3132132202
1321322020
3213220200
2132202002
1322020022
3220200220
2202002202
2020022020
0200220203
2002202032
0022020321
0220203211
2202032111
2020321112
0203211120
2032111202
0321112020
3211120202
2111202022
1112020222
1120202220
1202022202
2020222020
0202220200
2022202003
0222020033
2220200333
2202003330
2020033302
0200333022
2003330220
0033302201
0333022010
3330220102
3302201022
3022010220
0220102200
2201022002
2010220022
0102200222
1022002220
0220022200
2200222001
2002220013
0022200132
0222001323
2220013230
2200132301
2001323013
0013230132
0132301323
1323013232
3230132322
2301323222
3013232222
0132322221
1323222211
3232222111
2322221110
3222211100
2222111001
2221110010
2211100103
2111001033
1110010332
1100103323
1001033232
0010332320
0103323201
1033232013
0332320132
3323201322
3232013221
2320132210
3201322102
2013221022
0132210221
1322102213
3221022132
2210221321
2102213211
1022132110
0221321102
2213211022
2132110221
1321102213
3211022131
2110221311
1102213113
1022131131
0221311311
2213113111
2131131113
1311311132
3113111321
1131113213
1311132130
3111321303
1113213033
1132130330
1321303302
3213033020
2130330202
1303302021
3033020211
0330202110
3302021103
3020211031
0202110313
2021103133
0211031331
2110313311
1103133111
1031331113
0313311130
3133111300
1331113001
3311130010
3111300102
1113001021
1130010210
1300102100
3001021002
0010210021
0102100212
1021002123
0210021233
2100212330
1002123300
0021233000
0212330002
2123300020
1233000200
2330002002
3300020023
3000200232
0002002321
0020023211
0200232113
2002321131
0023211313
0232113133
2321131333
3211313333
2113133333
1131333330
1313333302
3133333022
1333330221
3333302213
3333022132
3330221321
3302213212
3022132121
0221321211
2213212110
2132121101
1321211013
3212110133
2121101331
1211013311
2110133111
1101331111
1013311113
0133111132
1331111323
3311113232
3111132322
1111323222
1113232220
1132322200
1323222001
3232220012
2322200123
3222001231
2220012310
2200123100
2001231001
0012310013
0123100130
1231001301
2310013012
3100130122
1001301220
0013012203
0130122030
1301220301
3012203011
0122030110
1220301100
2203011001
2030110010
0301100102
3011001021
0110010210
1100102102
1001021022
0010210222
0102102221
1021022213
0210222133
2102221330
1022213301
0222133011
2221330111
2213301113
2133011133
1330111332
3301113322
3011133220
0111332202
1113322022
1133220221
1332202211
3322022113
3220221131
2202211311
2022113112
0221131121
2211311213
2113112131
1131121311
1311213110
3112131101
1121311011
1213110113
2131101133
1311011332
3110113321
1101133210
1011332101
0113321013
1133210130
1332101302
3321013021
3210130210
2101302102
1013021023
0130210233
1302102330
3021023303
0210233032
2102330320
1023303202
0233032022
2330320220
3303202201
3032022011
0320220111
3202201113
2022011132
0220111323
2201113231
2011132311
0111323113
1113231133
1132311330
1323113302
3231133020
2311330200
3113302000
1133020001
1330200010
3302000100
3020001002
0200010020
2000100202
0001002023
0010020231
0100202310
1002023101
0020231010
0202310103
2023101030
0231010300
2310103001
3101030011
1010300111
0103001110
1030011102
0300111021
3001110210
0011102102
0111021022
1110210222
1102102222
1021022221
0210222213
2102222132
1022221323
0222213232
2222132320
2221323202
2213232020
2132320201
1323202011
3232020111
2320201111
3202011113
2020111131
0201111313
2011113131
0111131313
1111313130
1113131301
1131313011
1313130113
3131301133
1313011331
3130113313
1301133133
3011331332
0113313320
1133133201
1331332013
3313320133
3133201333
1332013333
3320133333
3201333331
2013333311
0133333111
1333331111
3333311113
3333111133
3331111333
3311113332
3111133323
1111333232
1113332322
1133323221
1333232211
3332322111
3323221111
3232211113
2322111132
3221111320
2211113202
2111132021
1111320211
1113202113
1132021133
1320211332
3202113320
2021133200
0211332002
2113320020
1133200202
1332002020
3320020203
3200202032
2002020323
0020203231
0202032311
2020323113
0203231132
2032311323
0323113233
3231132330
2311323301
3113233011
1132330111
1323301110
3233011100
2330111003
3301110030
3011100301
0111003010
1110030101
1100301011
1003010112
0030101121
0301011210
3010112100
0101121002
1011210021
0112100210
1121002100
1210021002
2100210022
1002100222
0021002220
0210022203
2100222031
1002220313
0022203132
0222031320
2220313201
2203132010
2031320102
0313201021
3132010210
1320102103
3201021033
2010210332
0102103322
1021033223
0210332233
2103322330
1033223301
0332233011
3322330113
3223301133
2233011331
2330113311
3301133111
3011331113
0113311133
1133111333
1331113333
3311133332
3111333323
1113333232
1133332321
1333323211
3333232110
3332321100
3323211001
3232110013
2321100133
3211001332
2110013321
1100133213
1001332131
0013321311
0133213110
1332131100
3321311000
3213110000
2131100002
1311000023
3110000232
1100002321
1000023211
0000232110
0002321101
0023211011
0232110111
2321101113
3211011131
2110111310
1101113102
1011131020
0111310202
1113102021
1131020213
1310202132
3102021323
1020213231
0202132310
2021323103
0213231033
2132310333
1323103331
3231033310
2310333100
3103331001
1033310013
0333100130
3331001300
3310013001
3100130011
1001300111
0013001112
0130011120
1300111202
3001112020
0011120202
0111202020
1112020202
1120202020
1202020202
2020202022
0202020221
2020202213
0202022133
2020221331
0202213312
2022133120
0221331200
2213312003
2133120031
1331200310
3312003101
3120031011
1200310110
2003101102
0031011020
0310110202
3101102021
1011020211
0110202111
1102021111
1020211110
0202111100
2021111001
0211110010
2111100102
1111001022
1110010221
1100102213
1001022131
0010221310
0102213100
1022131000
0221310002
2213100020
2131000200
1310002000
3100020001
1000200010
0002000100
0020001002
0200010022
2000100222
0001002222
0010022222
0100222220
1002222202
0022222022
0222220222
2222202220
2222022202
2220222022
2202220220
2022202203
0222022030
2220220301
2202203010
2022030102
0220301022
2203010220
2030102200
0301022000
3010220001
0102200010
1022000100
0220001000
2200010003
2000100032
0001000323
0010003233
0100032330
1000323300
0003233001
0032330013
0323300133
3233001332
2330013323
3300133232
3001332320
0013323202
0133232022
1332320221
3323202211
3232022111
2320221110
3202211102
2022111021
0221110213
2211102132
2111021321
1110213210
1102132103
1021321031
0213210310
2132103100
1321031001
3210310013
2103100131
1031001310
0310013103
3100131030
1001310300
0013103001
0131030012
1310300121
3103001210
1030012103
0300121032
3001210322
0012103223
0121032233
1210322332
2103223323
1032233233
0322332332
3223323323
2233233231
2332332310
3323323103
3233231032
2332310321
3323103211
3231032111
2310321113
3103211133
1032111331
0321113311
3211133113
2111331132
1113311323
1133113232
1331132320
3311323202
3113232021
1132320213
1323202133
3232021332
2320213323
3202133231
2021332313
0213323131
2133231310
1332313102
3323131023
3231310233
2313102332
3131023323
1310233232
3102332323
1023323232
0233232323
2332323233
3323232331
3232323313
2323233131
3232331313
2323313132
3233131321
2331313213
3313132133
3131321330
1313213300
3132133002
1321330023
3213300232
2133002323
1330023231
3300232310
3002323100
0023231000
0232310002
2323100021
3231000211
2310002112
3100021121
1000211212
0002112122
0021121221
0211212213
2112122131
1121221311
1212213112
2122131121
1221311213
2213112132
2131121321
1311213211
3112132113
1121321133
1213211332
2132113320
1321133202
3211332023
2113320232
1133202323
1332023233
3320232333
3202323331
2023233310
0232333103
2323331032
3233310323
2333103231
3331032313
3310323132
3103231322
1032313222
0323132222
3231322222
2313222223
3132222233
1322222333
3222223333
2222233331
2222333311
2223333110
2233331100
2333311003
3333110032
3331100321
3311003211
3110032110
1100321100
1003211000
0032110001
0321100013
3211000131
2110001312
1100013123
1000131232
0001312322
0013123223
0131232233
1312322332
3123223321
1232233213
2322332132
3223321323
2233213232
2332132322
3321323220
3213232200
2132322001
1323220010
3232200101
2322001011
3220010113
2200101132
2001011322
0010113220
0101132202
1011322020
0113220202
1132202021
1322020213
3220202131
2202021311
2020213113
0202131132
2021311321
0213113210
2131132102
1311321021
3113210213
1132102132
1321021322
3210213221
2102132210
1021322100
0213221002
2132210020
1322100202
3221002022
2210020223
2100202233
1002022332
0020223323
0202233232
2022332322
0223323223
2233232232
2332322322
3323223222
3232232223
2322322233
3223222333
2232223332
2322233322
3222333222
2223332222
2233322220
2333222200
3332222000
3322220002
3222200021
2222000210
2220002103
2200021031
2000210311
0002103113
0021031131
0210311313
2103113130
1031131300
0311313002
3113130021
1131300211
1313002110
3130021100
1300211000
3002110001
0021100013
0211000132
2110001322
1100013220
1000132202
0001322022
0013220222
0132202222
1322022220
3220222200
2202222000
2022220000
0222200000
2222000001
2220000013
2200000130
2000001300
0000013000
0000130000
0001300001
0013000010
0130000100
1300001000
3000010000
0000100000
0001000000
0010000000
0100000002
1000000021
0000000210
0000002100
0000021000
0000210000
0002100002
0021000021
0210000210
2100002100
1000021002
0000210021
0002100210
0021002100
0210021000
2100210000
1002100000
0021000002
0210000021
2100000210
1000002100
0000021000
0000210002
0002100022
0021000223
0210002231
2100022311
1000223110
0002231103
0022311031
0223110312
2231103120
2311031201
3110312010
1103120102
1031201021
0312010212
3120102123
1201021233
2010212332
0102123320
1021233200
0212332003
2123320032
1233200322
2332003222
3320032222
3200322221
2003222213
0032222132
0322221321
3222213212
2222132122
2221321223
2213212232
2132122322
1321223221
3212232210
2122322101
1223221010
2232210102
2322101021
3221010211
2210102111
2101021111
1010211112
0102111120
1021111202
0211112021
2111120213
1111202132
1112021323
1120213232
1202132323
2021323231
0213232311
2132323110
1323231102
3232311021
2323110213
3231102130
2311021301
3110213010
1102130102
1021301023
0213010231
2130102311
1301023110
3010231102
0102311023
1023110231
0231102313
2311023133
3110231331
1102313312
1023133122
0231331220
2313312202
3133122020
1331220203
3312202031
3122020311
1220203113
2202031133
2020311332
0203113320
2031133200
0311332003
3113320032
1133200321
1332003210
3320032101
3200321010
2003210102
0032101023
0321010232
3210102322
2101023223
1010232231
0102322312
1023223123
0232231232
2322312322
3223123222
2231232222
2312322222
3123222223
1232222232
2322222321
3222223213
2222232132
2222321322
2223213221
2232132210
2321322102
3213221022
2132210222
1322102221
3221022210
2210222100
2102221003
1022210030
0222100302
2221003022
2210030220
2100302202
1003022022
0030220220
0302202201
3022022010
0220220101
2202201013
2022010132
0220101322
2201013223
2010132231
0101322312
1013223123
0132231232
1322312321
3223123213
2231232132
2312321321
3123213210
1232132103
2321321033
3213210332
2132103321
1321033213
3210332133
2103321332
1033213320
0332133200
3321332000
3213320002
2133200020
1332000202
3320002020
3200020202
2000202022
0002020220
0020202202
0202022020
2020220202
0202202022
2022020220
0220202200
2202022000
2020220001
0202200010
2022000101
0220001010
2200010102
2000101020
0001010202
0010102021
0101020210
1010202103
0102021032
1020210322
0202103222
2021032223
0210322231
2103222313
1032223130
0322231302
3222313020
2223130203
2231302032
2313020321
3130203213
1302032132
3020321323
0203213232
2032132320
0321323202
3213232022
2132320221
1323202212
3232022123
2320221233
3202212331
2022123313
0221233133
2212331332
2123313322
1233133223
2331332233
3313322332
3133223322
1332233220
3322332202
3223322022
2233220222
2332202222
3322022220
3220222202
2202222022
2022220222
0222202223
2222022233
2220222332
2202223323
2022233231
0222332313
2223323132
2233231322
2332313221
3323132213
3231322132
2313221322
3132213223
1322132233
3221322333
2213223333
2132233333
1322333333
3223333332
2233333323
2333333233
3333332333
3333323333
3333233332
3332333323
3323333233
3233332333
2333323333
3333233331
3332333313
3323333133
3233331333
2333313333
3333133331
3331333313
3313333133
3133331333
1333313333
3333133331
3331333313
3313333133
3133331333
1333313333
3333133333
3331333332
3313333321
3133333213
1333332132
3333321323
3333213232
3332132321
3321323213
3213232133
2132321330
1323213300
3232133002
2321330020
3213300200
2133002001
1330020011
3300200110
3002001102
0020011020
0200110202
2001102021
0011020211
0110202111
1102021110
1020211102
0202111023
2021110232
0211102320
2111023200
1110232002
1102320021
1023200211
0232002111
2320021113
3200211133
2002111333
0021113331
0211133310
2111333100
1113331000
1133310003
1333100033
3331000331
3310003310
3100033103
1000331033
0003310331
0033103311
0331033110
3310331103
3103311031
1033110311
0331103113
3311031130
3110311301
1103113010
1031130100
0311301000
3113010000
1130100002
1301000021
3010000210
0100002102
1000021020
0000210200
0002102000
0021020003
0210200031
2102000313
1020003131
0200031313
2000313131
0003131311
0031313111
0313131110
3131311101
1313111011
3131110110
1311101102
3111011022
1110110220
1101102200
1011022001
0110220013
1102200131
1022001312
0220013122
2200131222
2001312221
0013122210
0131222103
1312221032
3122210323
1222103231
2221032312
2210323121
2103231210
1032312103
0323121032
3231210322
2312103220
3121032200
1210322001
2103220011
1032200110
0322001100
3220011002
2200110022
2001100223
0011002232
0110022320
1100223200
1002232002
0022320022
0223200223
2232002233
2320022333
3200223330
2002233300
0022333000
0223330002
2233300022
2333000220
3330002201
3300022011
3000220112
0002201123
0022011232
0220112320
2201123202
2011232020
0112320202
1123202020
1232020200
2320202002
3202020021
2020200213
0202002131
2020021313
0200213131
2002131310
0021313101
0213131011
2131310110
1313101101
3131011010
1310110101
3101101011
1011010111
0110101113
1101011132
1010111320
0101113201
1011132010
0111320100
1113201003
1132010032
1320100322
3201003222
2010032222
0100322221
1003222210
0032222102
0322221021
3222210213
2222102132
2221021321
2210213211
2102132113
1021321132
0213211321
2132113210
1321132103
3211321030
2113210301
1132103011
1321030113
3210301131
2103011310
1030113102
0301131020
3011310202
0113102022
1131020222
1310202223
3102022233
1020222330
0202223301
2022233010
0222330100
2223301001
2233010010
2330100102
3301001021
3010010211
0100102113
1001021133
0010211333
0102113332
1021133322
0211333221
2113332210
1133322103
1333221030
3332210301
3322103011
3221030111
2210301113
2103011132
1030111323
0301113230
3011132301
0111323010
1113230102
1132301020
1323010202
3230102020
2301020202
3010202023
0102020232
1020202323
0202023232
2020232323
0202323230
2023232300
0232323000
2323230002
3232300020
2323000202
3230002022
2300020220
3000202202
0002022020
0020220203
0202202031
2022020312
0220203123
2202031232
2020312321
0203123211
2031232110
0312321101
3123211010
1232110100
2321101003
3211010031
2110100311
1101003110
1010031102
0100311020
1003110203
0031102032
0311020321
3110203211
1102032110
1020321102
0203211020
2032110203
0321102030
3211020301
2110203013
1102030132
1020301323
0203013231
2030132313
0301323132
3013231323
0132313231
1323132313
3231323132
2313231323
3132313232
1323132320
3231323202
2313232022
3132320222
1323202222
3232022223
2320222233
3202222333
2022223330
0222233302
2222333020
2223330202
2233302021
2333020211
3330202111
3302021113
3020211133
0202111332
2021113323
0211133233
2111332331
1113323313
1133233133
1332331331
3323313313
3233133133
2331331331
3313313312
3133133123
1331331232
3313312322
3133123223
1331232232
3312322323
3123223231
1232232310
2322323100
3223231002
2232310020
2323100201
3231002010
2310020100
3100201000
1002010001
0020100010
0201000101
2010001013
0100010132
1000101321
0001013210
0010132102
0101321023
1013210232
0132102320
1321023201
3210232013
2102320131
1023201310
0232013103
2320131033
3201310331
2013103313
0131033132
1310331323
3103313230
1033132301
0331323010
3313230101
3132301011
1323010113
3230101131
2301011312
3010113123
0101131232
1011312321
0113123210
1131232103
1312321032
3123210320
1232103202
2321032020
3210320200
2103202000
1032020003
0320200030
3202000301
2020003013
0200030131
2000301311
0003013110
0030131102
0301311023
3013110233
0131102330
1311023300
3110233002
1102330023
1023300232
0233002323
2330023230
3300232303
3002323033
0023230332
0232303323
2323033231
3230332310
2303323100
3033231000
0332310000
3323100002
3231000023
2310000230
3100002303
1000023030
0000230302
0002303020
0023030203
0230302032
2303020323
3030203230
0302032302
3020323022
0203230220
2032302200
0323022000
3230220003
2302200030
3022000300
0220003003
2200030033
2000300331
0003003310
0030033103
0300331032
3003310323
0033103232
0331032323
3310323230
3103232300
1032323000
0323230002
3232300020
2323000203
3230002032
2300020320
3000203203
0002032032
0020320323
0203203232
2032032321
0320323210
3203232102
2032321023
0323210230
3232102302
2321023023
3210230230
2102302300
1023023001
0230230013
2302300133
3023001331
0230013310
2300133102
3001331021
0013310213
0133102133
1331021330
3310213302
3102133022
1021330222
0213302223
2133022233
1330222332
3302223321
3022233210
0222332100
2223321002
2233210022
2332100222
3321002223
3210022233
2100222331
1002223312
0022233121
0222331212
2223312123
2233121233
2331212333
3312123333
3121233331
1212333312
2123333121
1233331212
2333312123
3333121232
3331212320
3312123200
3121232002
1212320022
2123200221
1232002213
2320022130
3200221303
2002213031
0022130311
0221303110
2213031101
2130311012
1303110122
3031101220
0311012202
3110122021
1101220210
1012202103
0122021031
1220210310
2202103102
2021031021
0210310210
2103102102
1031021020
0310210202
3102102021
1021020210
0210202100
2102021003
1020210032
0202100323
2021003232
0210032320
2100323200
1003232002
0032320022
0323200223
3232002232
2320022323
3200223231
2002232311
0022323113
0223231133
2232311331
2323113310
3231133102
2311331021
3113310211
1133102111
1331021111
3310211110
3102111100
1021111002
0211110020
2111100201
1111002013
1110020131
1100201313
1002013133
0020131331
0201313312
2013133123
0131331233
1313312333
3133123331
1331233310
3312333102
3123331023
1233310232
2333102320
3331023200
3310232002
3102320023
1023200232
0232002320
2320023201
3200232013
2002320131
0023201313
0232013132
2320131320
3201313200
2013132003
0131320031
1313200313
3132003132
1320031322
3200313221
2003132211
0031322111
0313221113
3132211132
1322111320
3221113200
2211132003
2111320031
1113200311
1132003110
1320031100
3200311000
2003110001
0031100010
0311000103
3110001033
1100010332
1000103320
0001033202
0010332023
0103320232
1033202322
0332023220
3320232200
3202322000
2023220000
0232200002
2322000021
3220000210
2200002102
2000021022
0000210220
0002102200
0021022002
0210220021
2102200210
1022002102
0220021023
2200210232
2002102323
0021023232
0210232320
2102323203
1023232031
0232320313
2323203130
3232031301
2320313010
3203130102
2031301022
0313010220
3130102203
1301022032
3010220323
0102203230
1022032300
0220323000
2203230002
2032300021
0323000210
3230002101
2300021011
3000210110
0002101101
0021011013
0210110132
2101101322
1011013222
0110132220
1101322200
1013222000
0132220000
1322200003
3222000031
2220000311
2200003113
2000031131
0000311313
0003113132
0031131321
0311313213
3113132130
1131321301
1313213011
3132130110
1321301101
3213011013
2130110131
1301101311
3011013113
0110131130
1101311303
1013113030
0131130301
1311303011
3113030113
1130301132
1303011322
3030113220
0301132200
3011322000
0113220003
1132200032
1322000322
3220003221
2200032213
2000322133
0003221331
0032213313
0322133133
3221331333
2213313331
2133133311
1331333110
3313331103
3133311032
1333110323
3331103232
3311032322
3110323220
1103232203
1032322032
0323220323
3232203233
2322032330
3220323301
2203233011
2032330113
0323301132
3233011323
2330113233
3301132333
3011323331
0113233311
1132333113
1323331130
3233311302
2333113020
3331130202
3311302020
3113020200
1130202002
1302020023
3020200233
0202002330
2020023302
0200233022
2002330223
0023302230
0233022302
2330223022
3302230223
3022302231
0223022313
2230223131
2302231313
3022313132
0223131320
2231313203
2313132033
3131320331
1313203313
3132033132
1320331323
3203313230
2033132300
0331323002
3313230021
3132300213
1323002132
3230021321
2300213213
3002132132
0021321320
0213213200
2132132002
1321320022
3213200223
2132002230
1320022300
3200223000
2002230001
0022300013
0223000130
2230001302
2300013022
3000130223
0001302233
0013022332
0130223322
1302233222
3022332220
0223322203
2233222032
2332220321
3322203211
3222032113
2220321132
2203211323
2032113233
0321132333
3211323332
2113233323
1132333231
1323332313
3233323132
2333231321
3332313211
3323132113
3231321133
2313211333
3132113331
1321133311
3211333110
2113331102
1133311023
1333110233
3331102333
3311023333
3110233331
1102333313
1023333131
0233331313
2333313133
3333131331
3331313310
3313133103
3131331031
1313310313
3133103133
1331031331
3310313311
3103133113
1031331133
0313311333
3133113331
1331133312
3311333122
3113331221
1133312213
1333122130
3331221301
3312213013
3122130132
1221301320
2213013201
2130132011
1301320111
3013201113
0132011133
1320111332
3201113323
2011133233
0111332333
1113323331
1133233313
1332333131
3323331311
3233313110
2333131103
3331311031
3313110310
3131103101
1311031010
3110310103
1103101032
1031010321
0310103211
3101032113
1010321132
0103211322
1032113220
0321132200
3211322002
2113220023
1132200232
1322002320
3220023200
2200232002
2002320021
0023200210
0232002100
2320021002
3200210022
2002100221
0021002210
0210022100
2100221002
1002210020
0022100202
0221002022
2210020223
2100202231
1002022313
0020223132
0202231322
2022313222
0223132223
2231322232
2313222322
3132223221
1322232213
3222322131
2223221313
2232213132
2322131321
3221313213
2213132133
2131321331
1313213311
3132133113
1321331133
3213311332
2133113320
1331133202
3311332022
3113320220
1133202202
1332022021
3320220210
3202202102
2022021021
0220210210
2202102102
2021021022
0210210220
2102102200
1021022002
0210220020
2102200202
1022002023
0220020232
2200202322
2002023221
0020232210
0202322102
2023221023
0232210232
2322102322
3221023222
2210232220
2102322202
1023222020
0232220202
2322202022
3222020220
2220202202
2202022021
2020220210
0202202103
2022021033
0220210332
2202103321
2021033213
0210332132
2103321323
1033213230
0332132300
3321323001
3213230010
2132300103
1323001032
3230010322
2300103220
3001032202
0010322022
0103220222
1032202222
0322022222
3220222222
2202222223
2022222233
0222222330
2222223301
2222233010
2222330102
2223301022
2233010223
2330102230
3301022301
3010223011
0102230110
1022301101
0223011010
2230110102
2301101022
3011010221
0110102213
1101022132
1010221320
0102213201
1022132010
0221320103
2213201033
2132010330
1320103302
3201033022
2010330220
0103302200
1033022002
0330220022
3302200221
3022002213
0220022132
2200221321
2002213210
0022132103
0221321032
2213210322
2132103221
1321032213
3210322132
2103221323
1032213232
0322132322
3221323221
2213232213
2132322132
1323221320
3232213202
2322132023
3221320231
2213202310
2132023102
1320231021
3202310211
2023102113
0231021131
2310211313
3102113131
1021131311
0211313111
2113131110
1131311102
1313111020
3131110202
1311102022
3111020221
1110202210
1102022101
1020221013
0202210130
2022101301
0221013010
2210130102
2101301022
1013010222
0130102223
1301022231
3010222310
0102223101
1022231013
0222310132
2223101322
2231013223
2310132233
3101322333
1013223331
0132233313
1322333131
3223331313
2233313131
2333131311
3331313111
3313131113
3131311132
1313111323
3131113232
1311132323
3111323232
1113232323
1132323232
1323232321
3232323210
2323232101
3232321010
2323210100
3232101002
2321010020
3210100202
2101002022
1010020222
0100202222
1002022220
0020222201
0202222010
2022220102
0222201022
2222010221
2220102213
2201022131
2010221310
0102213102
1022131021
0221310211
2213102111
2131021111
1310211110
3102111102
1021111020
0211110202
2111102021
1111020210
1110202102
1102021021
1020210213
0202102132
2021021321
0210213210
2102132102
1021321021
0213210210
2132102102
1321021021
3210210210
2102102101
1021021013
0210210132
2102101322
1021013222
0210132221
2101322210
1013222101
0132221010
1322210102
3222101023
2221010231
2210102310
2101023102
1010231023
0102310233
1023102332
0231023321
2310233210
3102332101
1023321010
0233210101
2332101013
3321010130
3210101303
2101013030
1010130303
0101303032
1013030320
0130303201
1303032012
3030320122
0303201220
3032012200
0320122002
3201220020
2012200202
0122002021
1220020213
2200202131
2002021313
0020213132
0202131320
2021313200
0213132000
2131320001
1313200010
3132000102
1320001022
3200010221
2000102213
0001022132
0010221323
0102213230
1022132300
0221323000
2213230002
2132300022
1323000220
3230002203
2300022033
3000220332
0002203320
0022033200
0220332001
2203320013
2033200133
0332001332
3320013322
3200133223
2001332231
0013322313
0133223132
1332231323
3322313231
3223132313
2231323132
2313231321
3132313213
1323132131
3231321311
2313213113
3132131132
1321311323
3213113230
2131132301
1311323011
3113230113
1132301130
1323011300
3230113002
2301130021
3011300211
0113002113
1130021133
1300211332
3002113321
0021133211
0211332113
2113321133
1133211331
1332113313
3321133132
3211331322
2113313222
1133132223
1331322232
3313222322
3132223221
1322232210
3222322100
2223221002
2232210021
2322100210
3221002102
2210021021
2100210213
1002102133
0021021332
0210213320
2102133201
1021332010
0213320101
2133201010
1332010102
3320101022
3201010220
2010102200
0101022003
1010220030
0102200302
1022003021
0220030210
2200302101
2003021010
0030210100
0302101000
3021010000
0210100001
2101000010
1010000102
0100001021
1000010211
0000102113
0001021133
0010211333
0102113331
1021133310
0211333101
2113331010
1133310102
1333101021
3331010210
3310102102
3101021021
1010210210
0102102100
1021021000
0210210000
2102100000
1021000000
0210000002
2100000021
1000000211
0000002110
0000021102
0000211020
0002110201
0021102010
0211020103
2110201031
1102010310
1020103101
0201031011
2010310111
0103101113
1031011133
0310111333
3101113332
1011133323
0111333231
1113332313
1133323132
1333231323
3332313231
3323132311
3231323111
2313231110
3132311100
1323111000
3231110002
2311100023
3111000233
1110002330
1100023300
1000233000
0002330001
0023300011
0233000111
2330001110
3300011103
3000111031
0001110310
0011103101
0111031010
1110310102
1103101022
1031010220
0310102200
3101022000
1010220000
0102200001
1022000013
0220000132
2200001323
2000013231
0000132311
0001323111
0013231110
0132311100
1323111001
3231110013
2311100132
3111001323
1110013231
1100132313
1001323132
0013231321
0132313210
1323132103
3231321031
2313210313
3132103132
1321031322
3210313221
2103132213
1031322133
0313221331
3132213313
1322133133
3221331333
2213313333
2133133330
1331333301
3313333013
3133330130
1333301300
3333013001
3330130010
3301300100
3013001002
0130010021
1300100213
3001002133
0010021331
0100213310
1002133103
0021331033
0213310330
2133103302
1331033020
3310330202
3103302022
1033020220
0330202202
3302022023
3020220232
0202202323
2022023231
0220232313
2202323132
2023231323
0232313231
2323132313
3231323131
2313231310
3132313103
1323131032
3231310323
2313103230
3131032301
1310323010
3103230102
1032301021
0323010210
3230102103
2301021033
3010210333
0102103333
1021033331
0210333313
2103333132
1033331321
0333313210
3333132101
3331321011
3313210110
3132101103
1321011033
3210110332
2101103323
1011033233
0110332333
1103323332
1033233323
0332333230
3323332301
3233323010
2333230102
3332301022
3323010220
3230102200
2301022002
3010220022
0102200222
1022002221
0220022211
2200222113
2002221132
0022211323
0222113232
2221132321
2211323210
2113232101
1132321013
1323210133
3232101331
2321013310
3210133102
2101331022
1013310222
0133102220
1331022203
3310222030
3102220301
1022203012
0222030120
2220301203
2203012032
2030120320
0301203200
3012032002
0120320020
1203200202
2032002020
0320020200
3200202000
2002020003
0020200030
0202000301
2020003013
0200030130
2000301300
0003013003
0030130031
0301300313
3013003130
0130031303
1300313032
3003130322
0031303223
0313032231
3130322310
1303223103
3032231033
0322310332
3223103320
2231033202
2310332023
3103320230
1033202303
0332023033
3320230333
3202303333
2023033332
0230333323
2303333230
3033332303
0333323033
3333230332
3332303320
3323033200
3230332003
2303320030
3033200302
0332003023
3320030232
3200302323
2003023231
0030232313
0302323133
3023231333
0232313332
2323133323
3231333230
2313332303
3133323033
1333230332
3332303323
3323033230
3230332300
2303323000
3033230001
0332300010
3323000100
3230001002
2300010023
3000100232
0001002323
0010023230
0100232302
1002323023
0023230232
0232302320
2323023200
3230232001
2302320011
3023200110
0232001101
2320011012
3200110120
2001101202
0011012022
0110120221
1101202210
1012022103
0120221032
1202210320
2022103200
0221032002
2210320020
2103200201
1032002010
0320020100
3200201000
2002010003
0020100030
0201000300
2010003000
0100030000
1000300003
0003000032
0030000322
0300003221
3000032213
0000322132
0003221323
0032213230
0322132302
3221323021
2213230213
2132302132
1323021322
3230213221
2302132213
3021322133
0213221333
2132213331
1322133313
3221333131
2213331313
2133313132
1333131323
3331313232
3313132323
3131323233
1313232332
3132323322
1323233222
3232332221
2323322213
3233222130
2332221303
3322213031
3222130313
2221303131
2213031310
2130313103
1303131032
3031310320
0313103201
3131032013
1310320132
3103201322
1032013220
0320132203
3201322031
2013220311
0132203110
1322031101
3220311010
2203110102
2031101021
0311010210
3110102102
1101021020
1010210202
0102102022
1021020222
0210202220
2102022202
1020222022
0202220223
2022202231
0222022313
2220223131
2202231313
2022313132
0223131321
