2122233111
1222331112
2223311120
2233111202
2331112021
3311120211
3111202111
1112021113
1120211130
1202111300
2021113000
0211130002
2111300023
1113000233
1130002332
1300023322
3000233221
0002332213
0023322132
0233221320
2332213202
3322132020
3221320200
2213202000
2132020002
1320200020
3202000200
2020002000
0200020002
2000200020
0002000200
0020002000
0200020002
2000200020
0002000200
0020002000
0200020000
2000200000
0002000002
0020000020
0200000200
2000002000
0000020002
0000200020
0002000202
0020002020
0200020202
2000202020
0002020202
0020202020
0202020202
2020202020
0202020202
2020202022
0202020222
2020202222
0202022222
2020222222
0202222223
2022222232
0222222322
2222223221
2222232213
2222322133
2223221333
2232213333
2322133333
3221333331
2213333313
2133333133
1333331333
3333313333
3333133333
3331333333
3313333333
3133333331
1333333311
3333333113
3333331133
3333311333
3333113333
3331133333
3311333333
3113333333
1133333332
1333333323
3333333233
3333332331
3333323311
3333233111
3332331111
3323311113
3233111133
2331111331
3311113310
3111133101
1111331012
1113310122
1133101220
1331012200
3310122002
3101220023
1012200233
0122002330
1220023300
2200233000
2002330001
0023300010
0233000100
2330001003
3300010030
3000100300
0001003000
0010030000
0100300000
1003000000
0030000002
0300000023
3000000230
0000002300
0000023003
0000230032
0002300320
0023003203
0230032030
2300320301
3003203013
0032030132
0320301323
3203013230
2030132300
0301323001
3013230010
0132300102
1323001022
3230010222
2300102220
3001022200
0010222000
0102220002
1022200020
0222000202
2220002022
2200020221
2000202213
0002022132
0020221322
0202213220
2022132202
0221322022
2213220220
2132202202
1322022023
3220220233
2202202332
2022023322
0220233222
2202332220
2023322200
0233222002
2332220021
3322200210
3222002102
2220021022
2200210220
2002102200
0021022000
0210220002
2102200020
1022000200
0220002000
2200020001
2000200013
0002000133
0020001333
0200013333
2000133332
0001333322
0013333220
0133332200
1333322001
3333220010
3332200102
3322001023
3220010233
2200102332
2001023323
0010233233
0102332332
1023323322
0233233220
2332332200
3323322000
3233220002
2332200020
3322000202
3220002022
2200020220
2000202200
0002022002
0020220020
0202200202
2022002020
0220020200
2200202000
2002020002
0020200020
0202000202
2020002022
0200020222
2000202220
0002022200
0020222002
0202220022
2022200222
0222002222
2220022220
2200222200
2002222000
0022220000
0222200000
2222000002
2220000020
2200000200
2000002000
0000020002
0000200020
0002000200
0020002002
0200020020
2000200202
0002002023
0020020231
0200202313
2002023131
0020231313
0202313131
2023131313
0231313131
2313131313
3131313133
1313131331
3131313310
1313133102
3131331023
1313310233
3133102333
1331023333
3310233333
3102333332
1023333323
0233333233
2333332333
3333323333
3333233333
3332333332
3323333322
3233333222
2333332220
3333322201
3333222013
3332220130
3322201300
3222013000
2220130002
2201300022
2013000220
0130002203
1300022032
3000220320
0002203202
0022032021
0220320213
2203202132
2032021322
0320213222
3202132221
2021322213
0213222133
2132221332
1322213322
3222133221
2221332210
2213322100
2133221003
1332210032
3322100322
3221003223
2210032230
2100322302
1003223020
0032230200
0322302000
3223020000
2230200002
2302000021
3020000211
0200002110
2000021103
0000211032
0002110322
0021103222
0211032223
2110322232
1103222321
1032223211
0322232113
3222321133
2223211331
2232113311
2321133113
3211331131
2113311310
1133113102
1331131021
3311310211
3113102111
1131021111
1310211110
3102111102
1021111021
0211110213
2111102132
1111021322
1110213221
1102132213
1021322133
0213221333
2132213332
1322133321
3221333213
2213332133
2133321332
1333213322
3332133222
3321332222
3213322222
2133222222
1332222222
3322222221
3222222211
2222222113
2222221131
2222211311
2222113113
2221131132
2211311322
2113113223
1131132231
1311322313
3113223131
1132231311
1322313113
3223131133
2231311331
2313113313
3131133132
1311331322
3113313223
1133132231
1331322311
3313223112
3132231122
1322311223
3223112232
2231122323
2311223233
3112232333
1122323331
1223233311
2232333110
2323331102
3233311021
2333110210
3331102101
3311021013
3110210132
1102101320
1021013200
0210132002
2101320023
1013200231
0132002313
1320023132
3200231321
2002313210
0023132101
0231321012
2313210122
3132101222
1321012222
3210122220
2101222201
1012222011
0122220112
1222201120
2222011201
2220112010
2201120103
2011201032
0112010320
1120103200
1201032002
2010320021
0103200213
1032002132
0320021321
3200213210
2002132100
0021321001
0213210012
2132100123
1321001231
3210012311
2100123111
1001231113
0012311131
0123111311
1231113110
2311131102
3111311021
1113110211
1131102111
1311021110
3110211102
1102111020
1021110200
0211102000
2111020000
1110200001
1102000011
1020000110
0200001101
2000011011
0000110110
0001101103
0011011032
0110110321
1101103211
1011032110
0110321101
1103211011
1032110111
0321101113
3211011131
2110111311
1101113112
1011131121
0111311211
1113112112
1131121122
1311211221
3112112213
1121122133
1211221333
2112213330
1122133303
1221333032
2213330320
2133303200
1333032003
3330320030
3303200301
3032003013
0320030132
3200301323
2003013231
0030132310
0301323100
3013231002
0132310023
1323100233
3231002332
2310023323
3100233232
1002332321
0023323210
0233232100
2332321002
3323210022
3232100221
2321002210
3210022100
2100221001
1002210011
0022100113
0221001132
2210011322
2100113220
1001132202
0011322020
0113220203
1132202031
1322020310
3220203101
2202031010
2020310101
0203101010
2031010103
0310101031
3101010313
1010103130
0101031301
1010313011
0103130110
1031301102
0313011021
3130110210
1301102103
3011021030
0110210303
1102103032
1021030321
0210303213
2103032132
1030321320
0303213203
3032132030
0321320301
3213203010
2132030103
1320301031
3203010311
2030103113
0301031133
3010311331
0103113311
1031133113
0311331131
3113311310
1133113100
1331131002
3311310022
3113100220
1131002201
1310022010
3100220103
1002201031
0022010310
0220103102
2201031020
2010310202
0103102020
1031020200
0310202002
3102020023
1020200231
0202002311
2020023110
0200231102
2002311022
0023110222
0231102222
2311022223
3110222230
1102222301
1022223012
0222230123
2222301233
2223012331
2230123313
2301233132
3012331320
0123313203
1233132033
2331320332
3313203321
3132033211
1320332110
3203321100
2033211002
0332110020
3321100200
3211002001
2110020011
1100200110
1002001103
0020011032
0200110323
2001103232
0011032321
0110323212
1103232123
1032321231
0323212310
3232123101
2321231013
3212310133
2123101332
1231013321
2310133210
3101332103
1013321031
0133210313
1332103132
3321031322
3210313220
2103132202
1031322020
0313220200
3132202001
1322020011
3220200113
2202001131
2020011310
0200113103
2001131030
0011310300
0113103003
1131030031
1310300310
3103003103
1030031033
0300310331
3003103312
0031033123
0310331232
3103312322
1033123222
0331232220
3312322201
3123222011
1232220111
2322201110
3222011102
2220111021
2201110213
2011102132
0111021323
1110213230
1102132303
1021323032
0213230320
2132303202
1323032022
3230320220
2303202200
3032022000
0320220000
3202200002
2022000023
0220000230
2200002303
2000023032
0000230321
0002303210
0023032101
0230321013
2303210132
3032101322
0321013221
3210132213
2101322132
1013221323
0132213231
1322132311
3221323113
2213231133
2132311332
1323113320
3231133201
2311332010
3113320100
1133201001
1332010012
3320100123
3201001231
2010012312
0100123120
1001231201
0012312011
0123120110
1231201101
2312011010
3120110102
1201101023
2011010232
0110102322
1101023222
1010232220
0102322200
1023222003
0232220032
2322200323
3222003230
2220032302
2200323022
2003230223
0032302231
0323022313
3230223132
2302231321
3022313213
0223132132
2231321322
2313213220
3132132202
1321322021
3213220213
2132202130
1322021302
3220213022
2202130221
2021302210
0213022103
2130221032
1302210323
3022103233
0221032332
2210323320
2103233200
1032332000
0323320001
3233200013
2332000132
3320001320
3200013201
2000132010
0001320102
0013201020
0132010202
1320102020
3201020203
2010202031
0102020313
1020203133
0202031332
2020313320
0203133200
2031332000
0313320002
3133200022
1332000223
3320002232
3200022322
2000223223
0002232232
0022322323
0223223232
2232232320
2322323203
3223232033
2232320332
2323203323
3232033233
2320332330
3203323300
2033233000
0332330000
3323300002
3233000022
2330000220
3300002200
3000022001
0000220011
0002200111
0022001110
0220011101
2200111010
2001110100
0011101001
0111010013
1110100132
1101001323
1010013232
0100132321
1001323213
0013232130
0132321301
1323213011
3232130110
2321301100
3213011002
2130110020
1301100202
3011002020
0110020201
1100202011
1002020110
0020201103
0202011031
2020110310
0201103100
2011031003
0110310033
1103100332
1031003322
0310033222
3100332220
1003322202
0033222022
0332220221
3322202211
3222022110
2220221103
2202211033
2022110333
0221103333
2211033331
2110333311
1103333110
1033331103
0333311030
3333110300
3331103000
3311030001
3110300010
1103000101
1030001010
0300010100
3000101003
0001010032
0010100320
0101003202
1010032021
0100320210
1003202101
0032021010
0320210100
3202101003
2021010032
0210100320
2101003201
1010032010
0100320101
1003201010
0032010102
0320101020
3201010202
2010102020
0101020203
1010202031
0102020310
1020203100
0202031003
2020310030
0203100302
2031003021
0310030211
3100302110
1003021100
0030211001
0302110012
3021100120
0211001201
2110012013
1100120133
1001201331
0012013312
0120133122
1201331220
2013312203
0133122032
1331220323
3312203232
3122032321
1220323211
2203232111
2032321113
0323211132
3232111320
2321113201
3211132013
2111320132
1113201321
1132013210
1320132100
3201321001
2013210011
0132100112
1321001120
3210011200
2100112003
1001120031
0011200313
0112003132
1120031321
1200313211
2003132111
0031321111
0313211110
3132111100
1321111003
3211110032
2111100322
1111003221
1110032211
1100322110
1003221101
0032211013
0322110132
3221101321
2211013213
2110132132
1101321322
1013213222
0132132222
1321322220
3213222202
2132222020
1322220200
3222202003
2222020031
2220200310
2202003100
2020031000
0200310000
2003100002
0031000022
0310000220
3100002200
1000022002
0000220023
0002200233
0022002332
0220023323
2200233231
2002332310
0023323102
0233231020
2332310201
3323102010
3231020101
2310201013
3102010132
1020101320
0201013201
2010132010
0101320100
1013201002
0132010021
1320100210
3201002101
2010021010
0100210100
1002101003
0021010031
0210100313
2101003132
1010031323
0100313232
1003132321
0031323211
0313232110
3132321102
1323211021
3232110210
2321102102
3211021021
2110210213
1102102132
1021021321
0210213212
2102132121
1021321211
0213212110
2132121102
1321211022
3212110223
2121102232
1211022321
2110223210
1102232100
1022321002
0223210022
2232100222
2321002221
3210022210
2100222102
1002221022
0022210221
0222102212
2221022120
2210221201
2102212011
1022120110
0221201100
2212011001
2120110010
1201100102
2011001020
0110010203
1100102033
1001020332
0010203323
0102033233
1020332332
0203323321
2033233211
0332332110
3323321103
3233211032
2332110320
3321103202
3211032021
2110320210
1103202102
1032021023
0320210232
3202102323
2021023232
0210232321
2102323210
1023232102
0232321021
2323210210
3232102102
2321021022
3210210220
2102102203
1021022032
0210220321
2102203210
1022032101
0220321010
2203210102
2032101022
0321010220
3210102201
2101022011
1010220111
0102201110
1022011100
0220111000
2201110001
2011100010
0111000103
1110001033
1100010331
1000103313
0001033132
0010331320
0103313201
1033132013
0331320132
3313201321
3132013211
1320132113
3201321132
2013211322
0132113221
1321132211
3211322113
2113221132
1132211323
1322113231
3221132313
2211323132
2113231321
1132313210
1323132101
3231321013
2313210133
3132101331
1321013310
3210133100
2101331001
1013310011
0133100110
1331001101
3310011010
3100110102
1001101023
0011010232
0110102322
1101023222
1010232220
0102322203
1023222031
0232220313
2322203132
3222031323
2220313232
2203132320
2031323200
0313232001
3132320013
1323200131
3232001311
2320013110
3200131103
2001311033
0013110332
0131103321
1311033211
3110332111
1103321110
1033211101
0332111013
3321110133
3211101333
2111013333
1110133331
1101333310
1013333103
0133331031
1333310310
3333103100
3331031001
3310310013
3103100130
1031001303
0310013030
3100130300
1001303003
0013030031
0130300311
1303003110
3030031102
0300311020
3003110201
0031102010
0311020101
3110201011
1102010113
1020101133
0201011333
2010113332
0101133320
1011333202
0113332023
1133320231
1333202311
3332023110
3320231103
3202311032
2023110322
0231103223
2311032231
3110322310
1103223100
1032231003
0322310031
3223100311
2231003110
2310031100
3100311000
1003110003
0031100032
0311000322
3110003222
1100032221
1000322212
0003222121
0032221213
0322212130
3222121301
2221213010
2212130101
2121301013
1213010133
2130101333
1301013333
3010133332
0101333322
1013333220
0133332202
1333322021
3333220210
3332202100
3322021001
3220210013
2202100133
2021001332
0210013323
2100133232
1001332323
0013323231
0133232310
1332323101
3323231013
3232310132
2323101320
3231013200
2310132003
3101320032
1013200321
0132003211
1320032111
3200321113
2003211133
0032111330
0321113303
3211133030
2111330300
1113303003
1133030033
1330300330
3303003301
3030033011
0300330113
3003301132
0033011322
0330113221
3301132213
3011322132
0113221321
1132213210
1322132102
3221321020
2213210202
2132102022
1321020223
3210202232
2102022322
1020223222
0202232223
2022322233
0223222331
2232223313
2322233133
3222331332
2223313323
2233133230
2331332301
3313323013
3133230133
1332301333
3323013332
3230133322
2301333223
3013332233
0133322333
1333223332
3332233323
3322333231
3223332311
2233323111
2333231111
3332311110
3323111102
3231111020
2311110200
3111102003
1111020030
1110200302
1102003021
1020030211
0200302110
2003021102
0030211022
0302110220
3021102202
0211022022
2110220223
1102202232
1022022320
0220223202
2202232023
2022320232
0223202323
2232023232
2320232322
3202323222
2023232221
0232322210
2323222101
3232221011
2322210111
3222101113
2221011132
2210111321
2101113210
1011132102
0111321020
1113210200
1132102002
1321020023
3210200232
2102002321
1020023212
0200232120
2002321200
0023212000
0232120000
2321200000
3212000003
2120000032
1200000321
2000003210
0000032103
0000321031
0003210310
0032103100
0321031002
3210310021
2103100211
1031002113
0310021133
3100211332
1002113321
0021133211
0211332111
2113321110
1133211102
1332111020
3321110200
3211102002
2111020022
1110200221
1102002213
1020022132
0200221321
2002213213
0022132130
0221321303
2213213032
2132130322
1321303221
3213032213
2130322133
1303221332
3032213322
0322133222
3221332222
2213322220
2133222203
1332222032
3322220322
3222203222
2222032221
2220322213
2203222131
2032221313
0322213133
3222131333
2221313332
2213133320
2131333200
1313332000
3133320002
1333200022
3332000220
3320002202
3200022023
2000220233
0002202331
0022023310
0220233103
2202331032
2023310321
0233103213
2331032132
3310321323
3103213231
1032132310
0321323102
3213231021
2132310212
1323102121
3231021211
2310212110
3102121101
1021211011
0212110110
2121101100
1211011001
2110110010
1101100103
1011001031
0110010311
1100103110
1001031103
0010311031
0103110310
1031103101
0311031013
3110310133
1103101333
1031013332
0310133321
3101333211
1013332112
0133321122
1333211221
3332112213
3321122132
3211221321
2112213210
1122132101
1221321010
2213210100
2132101000
1321010000
3210100000
2101000003
1010000031
0100000311
1000003113
0000031131
0000311312
0003113122
0031131221
0311312210
3113122102
1131221021
1312210213
3122102133
1221021330
2210213302
2102133021
1021330213
0213302133
2133021333
1330213333
3302133333
3021333333
0213333333
2133333331
1333333311
3333333110
3333331102
3333311020
3333110202
3331102020
3311020201
3110202011
1102020113
1020201133
0202011333
2020113332
0201133321
2011333210
0113332102
1133321022
1333210220
3332102202
3321022020
3210220203
2102202031
1022020311
0220203113
2202031132
2020311320
0203113202
2031132020
0311320201
3113202011
1132020110
1320201100
3202011003
2020110030
0201100301
2011003011
0110030111
1100301111
1003011110
0030111101
0301111011
3011110111
0111101113
1111011133
1110111332
1101113322
1011133220
0111332203
1113322031
1133220311
1332203113
3322031131
3220311310
2203113102
2031131021
0311310210
3113102102
1131021021
1310210213
3102102133
1021021330
0210213300
2102133000
1021330000
0213300003
2133000033
1330000333
3300003333
3000033333
0000333332
0003333320
0033333202
0333332020
3333320200
3333202001
3332020011
3320200113
3202001132
2020011320
0200113200
2001132002
0011320022
0113200220
1132002203
1320022031
3200220313
2002203130
0022031300
0220313001
2203130013
2031300132
0313001322
3130013221
1300132213
3001322130
0013221303
0132213031
1322130313
3221303133
2213031333
2130313330
1303133301
3031333010
0313330103
3133301031
1333010312
3330103120
3301031200
3010312003
0103120031
1031200310
0312003103
3120031032
1200310322
2003103221
0031032211
0310322110
3103221102
1032211020
0322110202
3221102020
2211020201
2110202011
1102020111
1020201113
0202011131
2020111313
0201113131
2011131310
0111313102
1113131020
1131310201
1313102013
3131020133
1310201332
3102013320
1020133202
0201332021
2013320211
0133202111
1332021113
3320211133
3202111333
2021113331
0211133311
2111333110
1113331102
1133311020
1333110200
3331102001
3311020011
3110200113
1102001133
1020011331
0200113310
2001133102
0011331022
0113310223
1133102232
1331022320
3310223203
3102232031
1022320311
0223203112
2232031122
2320311222
3203112222
2031122223
0311222231
3112222312
1122223120
1222231202
2222312021
2223120210
2231202101
2312021013
3120210131
1202101313
2021013130
0210131301
2101313010
1013130100
0131301003
1313010032
3130100322
1301003220
3010032202
0100322021
1003220210
0032202103
0322021030
3220210303
2202103033
2021030331
0210303311
2103033111
1030331113
0303311130
3033111300
0331113001
3311130010
3111300103
1113001033
1130010332
1300103321
3001033210
0010332102
0103321021
1033210210
0332102101
3321021011
3210210113
2102101131
1021011310
0210113100
2101131001
1011310010
0113100103
1131001031
1310010310
3100103101
1001031013
0010310133
0103101331
1031013313
0310133131
3101331313
1013313133
0133131332
1331313322
3313133221
3131332211
1313322113
3133221132
1332211321
3322113212
3221132123
2211321233
2113212331
1132123310
1321233101
3212331013
2123310133
1233101331
2331013310
3310133102
3101331022
1013310220
0133102202
1331022020
3310220203
3102202031
1022020310
0220203102
2202031021
2020310210
0203102102
2031021023
0310210232
3102102322
1021023222
0210232220
2102322203
1023222032
0232220322
2322203223
3222032231
2220322311
2203223113
2032231133
0322311330
3223113303
2231133033
2311330331
3113303310
1133033101
1330331011
3303310110
3033101101
0331011010
3310110100
3101101001
1011010011
0110100111
1101001110
1010011100
0100111000
1001110001
0011100011
0111000113
1110001132
1100011323
1000113232
0001132323
0011323233
0113232333
1132323331
1323233310
3232333103
2323331031
3233310311
2333103110
3331031100
3310311000
3103110002
1031100023
0311000232
3110002323
1100023232
1000232321
0002323211
0023232110
0232321103
2323211032
3232110322
2321103222
3211032222
2110322221
1103222212
1032222120
0322221203
3222212030
2222120303
2221203031
2212030313
2120303133
1203031331
2030313310
0303133102
3031331020
0313310200
3133102000
1331020001
3310200011
3102000111
1020001111
0200011110
2000111102
0001111022
0011110221
0111102210
1111022102
1110221020
1102210201
1022102010
0221020101
2210201013
2102010130
1020101303
0201013033
2010130331
0101303311
1013033110
0130331102
1303311020
3033110200
0331102003
3311020032
3110200320
1102003203
1020032030
0200320300
2003203001
0032030010
0320300100
3203001001
2030010011
0300100111
3001001110
0010011102
0100111021
1001110213
0011102132
0111021320
1110213202
1102132021
1021320210
0213202102
2132021023
1320210232
3202102323
2021023232
0210232320
2102323200
1023232001
0232320012
2323200121
3232001211
2320012110
3200121100
2001211002
0012110022
0121100221
1211002211
2110022110
1100221102
1002211022
0022110223
0221102233
2211022333
2110223332
1102233321
1022333213
0223332133
2233321333
2333213331
3332133311
3321333111
3213331111
2133311113
1333111132
3331111323
3311113232
3111132321
1111323213
1113232131
1132321311
1323213111
3232131110
2321311102
3213111022
2131110222
1311102220
3111022203
1110222030
1102220303
1022203033
0222030332
2220303321
2203033213
2030332132
0303321322
3033213222
0332132222
3321322220
3213222201
2132222011
1322220110
3222201102
2222011022
2220110220
2201102202
2011022021
0110220210
1102202100
1022021001
0220210013
2202100131
2021001310
0210013102
2100131023
1001310232
0013102321
0131023210
1310232103
3102321032
1023210323
0232103231
2321032311
3210323113
2103231132
1032311323
0323113230
3231132300
2311323003
3113230032
1132300322
1323003221
3230032213
2300322133
3003221333
0032213331
0322133313
3221333132
2213331321
2133313212
1333132123
3331321232
3313212322
3132123222
1321232220
3212322200
2123222002
1232220022
2322200220
3222002200
2220022003
2200220032
2002200323
0022003232
0220032323
2200323233
2003232332
0032323320
0323233202
3232332020
2323320201
3233202011
2332020113
3320201132
3202011321
2020113210
0201132100
2011321001
0113210012
1132100123
1321001233
3210012331
2100123313
1001233132
0012331322
0123313220
1233132203
2331322032
3313220322
3132203220
1322032202
3220322020
2203220203
2032202030
0322020303
3220203031
2202030310
2020303102
0203031022
2030310222
0303102220
3031022200
0310222003
3102220030
1022200303
0222003032
2220030321
2200303211
2003032110
0030321100
0303211003
3032110032
0321100322
3211003220
2110032200
1100322001
1003220010
0032200101
0322001012
3220010122
2200101223
2001012232
0010122321
0101223213
1012232133
0122321333
1223213331
2232133311
2321333111
3213331113
2133311132
1333111321
3331113211
3311132110
3111321103
1113211031
1132110311
1321103110
3211031102
2110311020
1103110202
1031102023
0311020232
3110202321
1102023210
1020232103
0202321032
2023210321
0232103211
2321032111
3210321111
2103211110
1032111100
0321111000
3211110000
2111100003
1111000032
1110000322
1100003220
1000032200
0000322001
0003220010
0032200102
0322001020
3220010202
2200102023
2001020231
0010202311
0102023113
1020231132
0202311321
2023113210
0231132100
2311321003
3113210032
1132100322
1321003221
3210032213
2100322131
1003221312
0032213122
0322131220
3221312202
2213122022
2131220221
1312202210
3122022102
1220221020
2202210202
2022102021
0221020210
2210202102
2102021023
1020210232
0202102323
2021023232
0210232323
2102323232
1023232322
0232323221
2323232213
3232322133
2323221332
3232213323
2322133232
3221332321
2213323211
2133232111
1332321110
3323211103
3232111033
2321110330
3211103301
2111033010
1110330100
1103301000
1033010002
0330100020
3301000203
3010002032
0100020322
1000203221
0002032211
0020322113
0203221131
2032211313
0322113131
3221131313
2211313133
2113131332
1131313323
1313133232
3131332323
1313323232
3133232322
1332323220
3323232202
3232322021
2323220212
3232202122
2322021223
3220212232
2202122323
2021223231
0212232311
2122323111
1223231110
2232311102
2323111023
3231110232
2311102322
3111023223
1110232232
1102322323
1023223232
0232232320
2322323200
3223232002
2232320020
2323200203
3232002033
2320020332
3200203320
2002033203
0020332030
0203320300
2033203001
0332030013
3320300131
3203001313
2030013133
0300131333
3001313333
0013133332
0131333323
1313333231
3133332311
1333323111
3333231111
3332311110
3323111103
3231111031
2311110313
3111103132
1111031322
1110313220
1103132200
1031322000
0313220003
3132200030
1322000303
3220003031
2200030311
2000303113
0003031132
0030311320
0303113203
3031132032
0311320320
3113203203
1132032032
1320320320
3203203200
2032032002
0320320022
3203200221
2032002211
0320022113
3200221133
2002211333
0022113332
0221133323
2211333231
2113332310
1133323102
1333231023
3332310233
3323102331
3231023313
2310233132
3102331321
1023313211
0233132111
2331321110
3313211100
3132111003
1321110031
3211100310
2111003100
1110031001
1100310013
1003100132
0031001321
0310013210
3100132101
1001321010
0013210101
0132101010
1321010101
3210101013
2101010131
1010101312
0101013123
1010131232
0101312323
1013123232
0131232321
1312323210
3123232102
1232321023
2323210230
3232102301
2321023012
3210230120
2102301202
1023012020
0230120203
2301202032
3012020320
0120203200
1202032003
2020320033
0203200333
2032003332
0320033322
3200333221
2003332213
0033322132
0333221321
3332213211
3322132111
3221321110
2213211102
2132111023
1321110232
3211102322
2111023220
1110232203
1102322031
1023220310
0232203102
2322031020
3220310200
2203102000
2031020001
0310200011
3102000113
1020001132
0200011322
2000113221
0001132211
0011322110
0113221102
1132211022
1322110221
3221102213
2211022130
2110221301
1102213011
1022130113
0221301131
2213011311
2130113110
1301131103
3011311031
0113110310
1131103103
1311031030
3110310302
1103103021
1031030213
0310302132
3103021322
1030213223
0302132232
3021322323
0213223232
2132232322
1322323223
3223232232
2232322322
2323223222
3232232223
2322322232
3223222321
2232223213
2322232132
3222321321
2223213211
2232132111
2321321113
3213211133
2132111332
1321113321
3211133213
2111332132
1113321323
1133213232
1332132322
3321323223
3213232230
2132322301
1323223013
3232230132
2322301323
3223013233
2230132332
2301323321
3013233213
0132332133
1323321330
3233213303
2332133031
3321330310
3213303103
2133031033
1330310330
3303103303
3031033033
0310330332
3103303323
1033033233
0330332333
3303323332
3033233321
0332333210
3323332103
3233321031
2333210310
3332103102
3321031021
3210310211
2103102112
1031021123
0310211231
3102112312
1021123122
0211231220
2112312200
1123122002
1231220021
2312200210
3122002102
1220021021
2200210210
2002102100
0021021002
0210210020
2102100202
1021002020
0210020202
2100202022
1002020220
0020202200
0202022000
2020220001
0202200010
2022000103
0220001030
2200010301
2000103010
0001030100
0010301003
0103010032
1030100321
0301003212
3010032123
0100321231
1003212312
0032123120
0321231201
3212312013
2123120133
1231201331
2312013313
3120133132
1201331321
2013313210
0133132102
1331321022
3313210220
3132102200
1321022000
3210220001
2102200013
1022000132
0220001320
2200013202
2000132023
0001320233
0013202332
0132023322
1320233223
3202332232
2023322322
0233223220
2332232202
3322322021
3223220211
2232202110
2322021103
3220211033
2202110332
2021103320
0211033201
2110332010
1103320101
1033201011
0332010111
3320101110
3201011102
2010111023
0101110232
1011102322
0111023220
1110232202
1102322021
1023220211
0232202111
2322021113
3220211132
2202111321
2021113211
0211132110
2111321100
1113211000
1132110001
1321100011
3211000110
2110001102
1100011022
1000110221
0001102213
0011022131
0110221310
1102213102
1022131020
0221310203
2213102032
2131020321
1310203212
3102032123
1020321230
0203212303
2032123033
0321230331
3212303313
2123033131
1230331310
2303313100
3033131002
0331310022
3313100220
3131002202
1310022020
3100220201
1002202010
0022020102
0220201020
2202010200
2020102003
0201020033
2010200332
0102003320
1020033200
0200332000
2003320000
0033200000
0332000000
3320000002
3200000023
2000000231
0000002310
0000023100
0000231002
0002310022
0023100223
0231002231
2310022311
3100223113
1002231132
0022311322
0223113222
2231132222
2311322223
3113222231
1132222313
1322223132
3222231322
2222313223
2223132232
2231322321
2313223213
3132232133
1322321333
3223213333
2232133332
2321333322
3213333220
2133332200
1333322001
3333220010
3332200102
3322001023
3220010232
2200102323
2001023230
0010232301
0102323010
1023230100
0232301002
2323010022
3230100222
2301002223
3010022232
0100222323
1002223231
0022232313
0222323132
2223231322
2232313220
2323132203
3231322033
2313220331
3132203311
1322033110
3220331102
2203311020
2033110203
0331102032
3311020322
3110203223
1102032232
1020322320
0203223202
2032232020
0322320202
3223202023
2232020232
2320202323
3202023232
2020232320
0202323200
2023232002
0232320020
2323200203
3232002033
2320020331
3200203311
2002033110
0020331102
0203311023
2033110232
0331102322
3311023221
3110232211
1102322110
1023221103
0232211031
2322110310
3221103100
2211031000
2110310002
1103100023
1031000231
0310002313
3100023133
1000231330
0002313300
0023133002
0231330022
2313300222
3133002220
1330022200
3300222000
3002220000
0022200001
0222000010
2220000101
2200001010
2000010103
0000101031
0001010312
0010103121
0101031211
1010312111
0103121110
1031211100
0312111000
3121110002
1211100021
2111000211
1110002110
1100021100
1000211001
0002110010
0021100100
0211001002
2110010022
1100100220
1001002202
0010022020
0100220203
1002202031
0022020313
0220203133
2202031332
2020313322
0203133220
2031332203
0313322032
3133220320
1332203202
3322032022
3220320221
2203202210
2032022103
0320221030
3202210303
2022103032
0221030323
2210303231
2103032310
1030323103
0303231032
3032310322
0323103221
3231032210
2310322102
3103221022
1032210223
0322102232
3221022323
2210223232
2102232322
1022323222
0223232223
2232322230
2323222302
3232223021
2322230211
3222302111
2223021113
2230211133
2302111330
3021113303
0211133032
2111330323
1113303231
1133032313
1330323131
3303231311
3032313111
0323131112
3231311122
2313111221
3131112213
1311122131
3111221313
1112213133
1122131332
1221313322
2213133222
2131332220
1313322200
3133222003
1332220031
3322200313
3222003132
2220031323
2200313231
2003132313
0031323131
0313231310
3132313101
1323131011
3231310113
2313101131
3131011313
1310113130
3101131301
1011313010
0113130102
1131301023
1313010232
3130102321
1301023210
3010232102
0102321021
1023210213
0232102131
2321021312
3210213123
2102131232
1021312320
0213123201
2131232013
1312320131
3123201310
1232013102
2320131021
3201310213
2013102131
0131021310
1310213103
3102131032
1021310321
0213103211
2131032111
1310321113
3103211130
1032111303
0321113032
3211130322
2111303221
1113032213
1130322132
1303221323
3032213231
0322132313
3221323132
2213231323
2132313233
1323132332
3231323322
2313233220
3132332201
1323322013
3233220130
2332201303
3322013032
3220130323
2201303232
2013032321
0130323212
1303232120
3032321202
0323212020
3232120202
2321202020
3212020200
2120202001
1202020010
2020200100
0202001002
2020010022
0200100220
2001002201
0010022011
0100220112
1002201123
0022011230
0220112303
2201123033
2011230332
0112303322
1123033220
1230332203
2303322031
3033220311
0332203111
3322031110
3220311102
2203111022
2031110220
0311102201
3111022011
1110220113
1102201133
1022011331
0220113313
2201133132
2011331320
0113313200
1133132001
1331320013
3313200132
3132001322
1320013223
3200132232
2001322323
0013223232
0132232323
1322323232
3223232321
2232323210
2323232102
3232321020
2323210203
3232102030
2321020302
3210203021
2102030210
1020302100
0203021000
2030210002
0302100022
3021000222
0210002223
2100022230
1000222303
0002223032
0022230320
0222303202
2223032021
2230320213
2303202130
3032021301
0320213011
3202130113
2021301130
0213011302
2130113020
1301130202
3011302022
0113020220
1130202203
1302022032
3020220323
0202203231
2022032311
0220323112
2203231123
2032311233
0323112333
3231123332
2311233322
3112333223
1123332231
1233322311
2333223110
3332231101
3322311011
3223110112
2231101120
2311011202
3110112020
1101120203
1011202033
0112020333
1120203332
1202033322
2020333221
0203332213
2033322132
0333221321
3332213211
3322132111
3221321112
2213211122
2132111220
1321112200
3211122001
2111220012
1112200123
1122001233
1220012331
2200123313
2001233132
0012331322
0123313223
1233132232
2331322320
3313223200
3132232002
1322320020
3223200202
2232002021
2320020211
3200202111
2002021110
0020211100
0202111000
2021110001
0211100011
2111000110
1110001103
1100011032
1000110323
0001103232
0011032320
0110323200
1103232002
1032320020
0323200203
3232002031
2320020310
3200203101
2002031010
0020310102
0203101020
2031010203
0310102033
3101020333
1010203333
0102033332
1020333322
0203333221
2033332213
0333322133
3333221332
3332213322
3322133221
3221332211
2213322110
2133221102
1332211020
3322110203
3221102033
2211020332
2110203321
1102033213
1020332132
0203321322
2033213220
0332132201
3321322010
3213220103
2132201033
1322010332
3220103320
2201033203
2010332032
0103320320
1033203202
0332032020
3320320201
3203202010
2032020102
0320201020
3202010200
2020102003
0201020030
2010200303
0102003031
1020030310
0200303103
2003031032
0030310321
0303103213
3031032132
0310321320
3103213203
1032132032
0321320322
3213203220
2132032202
1320322022
3203220222
2032202220
0322022200
3220222002
2202220022
2022200223
0222002232
2220022321
2200223211
2002232111
0022321110
0223211103
2232111033
2321110330
3211103300
2111033000
1110330003
1103300032
1033000322
0330003220
3300032203
3000322032
0003220322
0032203221
0322032212
3220322121
2203221213
2032212132
0322121322
3221213220
2212132202
2121322023
1213220231
2132202311
1322023110
3220231103
2202311031
2023110313
0231103133
2311031332
3110313321
1103133212
1031332121
0313321210
3133212102
1332121022
3321210221
3212102212
2121022120
1210221203
2102212033
1022120331
0221203310
2212033101
2120331013
1203310131
2033101310
0331013101
3310131011
3101310110
1013101100
0131011000
1310110002
3101100023
1011000232
0110002320
1100023203
1000232032
0002320323
0023203232
0232032323
2320323232
3203232322
2032323220
0323232202
3232322021
2323220213
3232202130
2322021303
3220213032
2202130322
2021303223
0213032232
2130322323
1303223233
3032232330
0322323301
3223233013
2232330132
2323301323
3233013230
2330132303
3301323032
3013230322
0132303222
1323032220
3230322202
2303222021
3032220213
0322202132
3222021320
2220213203
2202132032
2021320320
0213203201
2132032010
1320320103
3203201033
2032010333
0320103332
3201033322
2010333223
0103332232
1033322321
0333223211
3332232110
3322321100
3223211002
2232110021
2321100211
3211002113
2110021133
1100211330
1002113301
0021133012
0211330120
2113301203
1133012032
1330120322
3301203223
3012032230
0120322303
1203223031
2032230311
0322303111
3223031110
2230311102
2303111021
3031110211
0311102111
3111021112
1110211122
1102111222
1021112220
0211122202
2111222020
1112220203
1122202031
1222020311
2220203111
2202031113
2020311132
0203111320
2031113203
0311132031
3111320313
1113203130
1132031301
1320313013
3203130132
2031301322
0313013220
3130132202
1301322020
3013220200
0132202000
1322020002
3220200022
2202000220
2020002202
0200022020
2000220202
0002202020
0022020202
0220202022
2202020223
2020202233
0202022332
2020223321
0202233211
2022332113
0223321131
2233211310
2332113102
3321131021
3211310211
2113102111
1131021111
1310211111
3102111111
1021111110
0211111103
2111111031
1111110313
1111103132
1111031321
1110313210
1103132101
1031321011
0313210110
3132101103
1321011033
3210110332
2101103320
1011033201
0110332012
1103320123
1033201233
0332012333
3320123330
3201233301
2012333010
0123330103
1233301032
2333010320
3330103203
3301032031
3010320310
0103203103
1032031032
0320310322
3203103223
2031032232
0310322320
3103223200
1032232000
0322320003
3223200032
2232000323
2320003233
3200032332
2000323322
0003233220
0032332203
0323322032
3233220320
2332203203
3322032033
3220320332
2203203320
2032033201
0320332013
3203320131
2033201310
0332013102
3320131020
3201310200
2013102003
0131020032
1310200321
3102003211
1020032112
0200321122
2003211221
0032112211
0321122111
3211221110
2112211100
1122111002
1221110023
2211100233
2111002333
1110023331
1100233312
1002333120
0023331202
0233312020
2333120200
3331202001
3312020013
3120200132
1202001322
2020013223
0200132231
2001322310
0013223101
0132231010
1322310102
3223101020
2231010202
2310102023
3101020233
1010202331
0102023310
1020233101
0202331010
2023310101
0233101012
2331010123
3310101230
3101012303
1010123032
0101230322
1012303221
0123032211
1230322110
2303221102
3032211022
0322110222
3221102220
2211022203
2110222031
1102220311
1022203111
0222031111
2220311110
2203111100
2031111001
0311110012
3111100121
1111001213
1110012133
1100121333
1001213332
0012133323
0121333232
1213332322
2133323223
1333232231
3332322310
3323223103
3232231031
2322310311
3223103110
2231031102
2310311020
3103110200
1031102003
0311020032
3110200320
1102003203
1020032032
0200320320
2003203203
0032032030
0320320300
3203203002
2032030020
0320300203
3203002032
2030020322
0300203222
3002032221
0020322211
0203222113
2032221130
0322211302
3222113021
2221130211
2211302110
2113021102
1130211021
1302110211
3021102111
0211021111
2110211110
1102111103
1021111030
0211110302
2111103020
1111030201
1110302010
1103020102
1030201021
0302010210
3020102101
0201021013
2010210133
0102101333
1021013331
0210133313
2101333130
1013331301
0133313011
1333130112
3331301123
3313011230
3130112301
1301123012
3011230123
0112301233
1123012332
1230123321
2301233213
3012332130
0123321302
1233213020
2332130202
3321302022
3213020220
2130202200
1302022002
3020220020
0202200200
2022002002
0220020020
2200200201
2002002010
0020020103
0200201032
2002010321
0020103210
0201032100
2010321002
0103210020
1032100203
0321002033
3210020333
2100203332
1002033322
0020333223
0203332230
2033322302
0333223020
3332230203
3322302032
3223020321
2230203210
2302032102
3020321020
0203210200
2032102002
0321020020
3210200202
2102002023
1020020230
0200202301
2002023011
0020230113
0202301132
2023011322
0230113223
2301132231
3011322311
0113223111
1132231111
1322311111
3223111110
2231111101
2311111011
3111110110
1111101102
1111011022
1110110222
1101102222
1011022223
0110222233
1102222331
1022223313
0222233133
2222331331
2223313310
2233133102
2331331023
3313310230
3133102302
1331023023
3310230232
3102302320
1023023202
0230232020
2302320201
3023202010
0232020103
2320201031
3202010310
2020103101
0201031011
2010310113
0103101132
1031011320
0310113201
3101132013
1011320130
0113201303
1132013031
1320130312
3201303123
2013031233
0130312331
1303123313
3031233130
0312331302
3123313022
1233130220
2331302203
3313022033
3130220331
1302203311
3022033113
0220331133
2203311331
2033113310
0331133100
3311331001
3113310011
1133100110
1331001102
3310011020
3100110200
1001102002
0011020023
0110200232
1102002321
1020023211
0200232110
2002321101
0023211010
0232110102
2321101020
3211010202
2110102020
1101020201
1010202013
0102020131
1020201310
0202013102
2020131020
0201310201
2013102010
0131020102
1310201020
3102010203
1020102032
0201020321
2010203210
0102032102
1020321020
0203210202
2032102022
0321020220
3210202202
2102022020
1020220201
0202202013
2022020132
0220201320
2202013202
2020132022
0201320220
2013202200
0132022001
1320220011
3202200111
2022001110
0220011103
2200111030
2001110300
0011103001
0111030013
1110300131
1103001310
1030013102
0300131023
3001310230
0013102301
0131023011
1310230111
3102301112
1023011123
0230111230
2301112303
3011123033
0111230333
1112303332
1123033322
1230333222
2303332220
3033322201
0333222011
3332220110
3322201103
3222011031
2220110313
2201103131
2011031313
0110313131
1103131311
1031313111
0313131110
3131311102
1313111020
3131110200
1311102001
3111020010
1110200102
1102001021
1020010211
0200102110
2001021102
0010211020
0102110200
1021102002
0211020022
2110200223
1102002232
1020022323
0200223231
2002232310
0022323103
0223231031
2232310310
2323103101
3231031013
2310310130
3103101300
1031013001
0310130013
3101300133
1013001332
0130013321
1300133213
3001332133
0013321332
0133213320
1332133203
3321332032
3213320322
2133203220
1332032202
3320322020
3203220201
2032202013
0322020132
3220201323
2202013232
2020132321
0201323210
2013232102
0132321021
1323210210
3232102100
2321021002
3210210021
2102100210
1021002102
0210021022
2100210222
1002102221
0021022211
0210222111
2102221113
1022211132
0222111321
2221113210
2211132102
2111321022
1113210220
1132102203
1321022033
3210220331
2102203310
1022033101
0220331013
2203310132
2033101321
0331013210
3310132102
3101321022
1013210220
0132102202
1321022021
3210220211
2102202113
1022021132
0220211322
2202113221
2021132210
0211322101
2113221011
1132210111
1322101113
3221011133
2210111331
2101113310
1011133102
0111331021
1113310212
1133102121
1331021213
3310212130
3102121301
1021213010
0212130102
2121301023
1213010232
2130102320
1301023200
3010232002
0102320020
1023200203
0232002031
2320020311
3200203111
2002031110
0020311101
0203111011
2031110110
0311101102
3111011023
1110110231
1101102311
1011023111
0110231113
1102311131
1023111310
0231113100
2311131000
3111310001
1113100010
1131000100
1310001003
3100010032
1000100320
0001003200
0010032000
0100320000
1003200003
0032000032
0320000320
3200003202
2000032020
0000320202
0003202023
0032020231
0320202313
3202023132
2020231322
0202313220
2023132203
0231322033
2313220331
3132203310
1322033100
3220331000
2203310000
2033100000
0331000000
3310000001
3100000013
1000000130
0000001301
0000013010
0000130100
0001301003
0013010031
0130100311
1301003110
3010031101
0100311011
1003110113
0031101133
0311011331
3110113310
1101133101
1011331011
0113310112
1133101123
1331011231
3310112313
3101123132
1011231322
0112313223
1123132232
1231322323
2313223232
3132232320
1322323203
3223232033
2232320331
2323203311
3232033110
2320331102
3203311020
2033110202
0331102023
3311020230
3110202303
1102023030
1020230303
0202303033
2023030330
0230303300
2303033001
3030330011
0303300110
3033001102
0330011021
3300110211
3001102110
0011021102
0110211020
1102110200
1021102000
0211020000
2110200001
1102000010
1020000102
0200001021
2000010213
0000102133
0001021330
0010213301
0102133011
1021330113
0213301133
2133011331
1330113311
3301133110
3011331102
0113311021
1133110210
1331102100
3311021002
3110210020
1102100200
1021002003
0210020032
2100200323
1002003231
0020032311
0200323112
2003231120
0032311201
0323112011
3231120110
2311201103
3112011031
1120110311
1201103112
2011031122
0110311222
1103112222
1031122221
0311222211
3112222110
1122221101
1222211010
2222110101
2221101013
2211010132
2110101322
1101013220
1010132200
0101322000
1013220000
0132200002
1322000021
3220000211
2200002110
2000021100
0000211000
0002110002
0021100022
0211000222
2110002223
1100022231
1000222310
0002223103
0022231033
0222310333
2223103331
2231033312
2310333122
3103331221
1033312210
0333122100
3331221002
3312210020
3122100200
1221002003
2210020032
2100200322
1002003222
0020032221
0200322213
2003222131
0032221310
0322213103
3222131031
2221310310
2213103100
2131031000
1310310002
3103100020
1031000203
0310002031
3100020311
1000203110
0002031100
0020311000
0203110002
2031100020
0311000200
3110002003
1100020030
1000200301
0002003011
0020030113
0200301133
2003011331
0030113311
0301133111
3011331111
0113311112
1133111122
1331111221
3311112210
3111122102
1111221023
1112210233
1122102333
1221023331
2210233310
2102333101
1023331011
0233310110
2333101100
3331011003
3310110032
3101100323
1011003232
0110032322
1100323223
1003232232
0032322322
0323223220
3232232200
2322322000
3223220000
2232200001
2322000011
3220000111
2200001110
2000011102
0000111020
0001110202
0011102023
0111020230
1110202301
1102023011
1020230113
0202301132
2023011320
0230113201
2301132010
3011320101
0113201011
1132010110
1320101103
3201011032
2010110321
0101103210
1011032100
0110321001
1103210011
1032100113
0321001131
3210011311
2100113111
1001131113
0011311131
0113111313
1131113132
1311131322
3111313221
1113132213
1131322132
1313221322
3132213221
1322132211
3221322111
2213221113
2132211133
1322111333
3221113332
2211133321
2111333211
1113332111
1133321111
1333211110
3332111100
3321111002
3211110021
2111100211
1111002113
1110021133
1100211333
1002113332
0021133320
0211333201
2113332010
1133320100
1333201003
3332010031
3320100313
3201003133
2010031333
0100313330
1003133303
0031333033
0313330330
3133303303
1333033033
3330330332
3303303322
3033033220
0330332200
3303322003
3033220031
0332200310
3322003100
3220031002
2200310020
2003100201
0031002010
0310020101
3100201013
1002010133
0020101331
0201013311
2010133110
0101331100
1013311002
0133110020
1331100202
3311002021
3110020210
1100202100
1002021001
0020210011
0202100111
2021001110
0210011102
2100111023
1001110233
0011102332
0111023320
1110233200
1102332003
1023320033
0233200331
2332003313
3320033133
3200331333
2003313332
0033133321
0331333213
3313332130
3133321301
1333213011
3332130113
3321301131
3213011313
2130113132
1301131323
3011313233
0113132332
1131323321
1313233213
3132332131
1323321311
3233213113
2332131132
3321311321
3213113213
2131132132
1311321321
3113213211
1132132110
1321321101
3213211011
2132110110
1321101101
3211011013
2110110130
1101101300
1011013003
0110130032
1101300322
1013003221
0130032213
1300322133
3003221331
0032213310
0322133101
3221331011
2213310110
2133101101
1331011010
3310110100
3101101001
1011010011
0110100111
1101001111
1010011112
0100111120
1001111201
0011112013
0111120132
1111201321
1112013210
1120132102
1201321020
2013210202
0132102020
1321020200
3210202003
2102020031
1020200313
0202003132
2020031322
0200313220
2003132202
0031322023
0313220230
3132202303
1322023031
3220230313
2202303130
2023031302
0230313022
2303130221
3031302211
0313022113
3130221133
1302211332
3022113321
0221133212
2211332122
2113321220
1133212200
1332122003
3321220031
3212200311
2122003110
1220031103
2200311031
2003110310
0031103101
0311031013
3110310133
1103101332
1031013323
0310133233
3101332331
1013323311
0133233111
1332331110
3323311102
3233111022
2331110220
3311102201
3111022013
1110220133
1102201333
1022013332
0220133321
2201333210
2013332103
0133321032
1333210320
3332103200
3321032002
3210320023
2103200233
1032002333
0320023333
3200233331
2002333310
0023333101
0233331010
2333310100
3333101003
3331010032
3310100320
3101003200
1010032002
0100320022
1003200221
0032002210
0320022102
3200221021
2002210213
0022102131
0221021313
2210213132
2102131322
1021313220
0213132201
2131322010
1313220101
3132201010
1322010102
3220101020
2201010201
2010102013
0101020130
1010201302
0102013023
1020130232
0201302320
2013023200
0130232003
1302320033
3023200330
0232003301
2320033013
3200330132
2003301320
0033013203
0330132033
3301320331
3013203310
0132033103
1320331032
3203310323
2033103230
0331032300
3310323002
3103230020
1032300200
0323002003
3230020032
2300200320
3002003202
0020032021
0200320210
2003202100
0032021002
0320210020
3202100203
2021002033
0210020331
2100203310
1002033103
0020331030
0203310303
2033103030
0331030302
3310303020
3103030201
1030302011
0303020113
3030201131
0302011313
3020113133
0201131332
2011313320
0113133202
1131332022
1313320221
3133202211
1332022110
3320221100
3202211000
2022110002
0221100020
2211000202
2110002022
1100020221
1000202213
0002022132
0020221321
0202213213
2022132133
0221321333
2213213331
2132133311
1321333113
3213331132
2133311323
1333113231
3331132313
3311323133
3113231331
1132313313
1323133133
3231331331
2313313311
3133133113
1331331132
3313311322
3133113221
1331132210
3311322102
3113221021
1132210213
1322102130
3221021302
2210213022
2102130221
1021302213
0213022130
2130221300
1302213002
3022130022
0221300221
2213002210
2130022102
1300221022
3002210222
0022102222
0221022223
2210222232
2102222322
1022223220
0222232201
2222322010
2223220102
2232201020
2322010200
3220102002
2201020020
2010200201
0102002010
1020020102
0200201020
2002010201
0020102011
0201020113
2010201130
0102011302
1020113020
0201130203
2011302031
0113020313
1130203131
1302031310
3020313103
0203131032
2031310322
0313103222
3131032223
1310322232
3103222320
1032223203
0322232033
3222320331
2223203310
2232033101
2320331010
3203310102
2033101023
0331010232
3310102321
3101023210
1010232103
0102321033
1023210330
0232103302
2321033020
3210330200
2103302003
1033020032
0330200322
3302003220
3020032203
0200322033
2003220332
0032203321
0322033213
3220332132
2203321320
2033213201
0332132013
3321320131
3213201311
2132013113
1320131132
3201311322
2013113221
0131132213
1311322132
3113221323
1132213233
1322132331
3221323310
2213233100
2132331001
1323310012
3233100120
2331001202
3310012020
3100120202
1001202021
0012020210
0120202102
1202021021
2020210210
0202102100
2021021002
0210210022
2102100220
1021002202
0210022020
2100220200
1002202001
0022020010
0220200103
2202001033
2020010333
0200103331
2001033311
0010333113
0103331133
1033311333
0333113330
3331133301
3311333010
3113330101
1133301010
1333010101
3330101010
3301010101
3010101011
0101010113
1010101133
0101011330
1010113300
0101133003
1011330033
0113300333
1133003330
1330033303
3300333030
3003330301
0033303013
0333030132
3330301320
3303013203
3030132031
0301320310
3013203100
0132031000
1320310003
3203100033
2031000330
0310003300
3100033002
1000330020
0003300200
0033002002
0330020022
3300200221
3002002213
0020022133
0200221332
2002213320
0022133202
0221332020
2213320203
2133202032
1332020320
3320203203
3202032031
2020320310
0203203102
2032031022
0320310220
3203102202
2031022023
0310220232
3102202323
1022023232
0220232323
2202323233
2023232333
0232323333
2323233333
3232333332
2323333323
3233333232
2333332323
3333323232
3333232322
3332323220
3323232200
3232322000
2323220000
3232200001
2322000011
3220000113
2200001132
2000011323
0000113232
0001132320
0011323202
0113232021
1132320212
1323202121
3232021211
2320212110
3202121101
2021211013
0212110131
2121101310
1211013102
2110131023
1101310233
1013102331
0131023311
1310233110
3102331103
1023311030
0233110301
2331103013
3311030131
3110301310
1103013102
1030131022
0301310220
3013102201
0131022010
1310220100
3102201000
1022010003
0220100031
2201000311
2010003113
0100031132
1000311323
0003113232
0031132323
0311323233
3113232331
1132323311
1323233112
3232331120
2323311200
3233112003
2331120033
3311200330
3112003300
1120033003
1200330033
2003300333
0033003333
0330033330
3300333303
3003333030
0033330303
0333303032
3333030323
3330303230
3303032303
3030323032
0303230321
3032303211
0323032113
3230321133
2303211333
3032113333
0321133332
3211333321
2113333210
1133332101
1333321011
3333210110
3332101103
3321011032
3210110323
2101103233
1011032331
0110323310
1103233102
1032331022
0323310223
3233102233
2331022332
3310223320
3102233203
1022332032
0223320322
2233203220
2332032203
3320322031
3203220313
2032203133
0322031332
3220313322
2203133222
2031332222
0313322221
3133222213
1332222131
3322221310
3222213100
2222131002
2221310023
2213100230
2131002300
1310023000
3100230000
1002300002
0023000020
0230000200
2300002000
3000020000
0000200002
0002000023
0020000230
0200002300
2000023002
0000230020
0002300200
0023002000
0230020002
2300200023
3002000230
0020002300
0200023000
2000230003
0002300032
0023000321
0230003213
2300032132
3000321321
0003213210
0032132103
0321321033
3213210331
2132103311
1321033113
3210331132
2103311320
1033113200
0331132002
3311320023
3113200233
1132002333
1320023332
3200233321
2002333211
0023332111
0233321110
2333211101
3332111011
3321110113
3211101132
2111011321
1110113210
1101132101
1011321012
0113210121
1132101210
1321012102
3210121022
2101210221
1012102213
0121022133
1210221333
2102213332
1022133323
0221333232
2213332320
2133323201
1333232010
3332320102
3323201023
3232010233
2320102333
3201023331
2010233313
0102333131
1023331313
0233313132
2333131323
3331313231
3313132311
3131323113
1313231130
3132311301
1323113010
3231130102
2311301023
3113010233
1130102331
1301023310
3010233102
0102331022
1023310223
0233102232
2331022321
3310223211
3102232111
1022321111
0223211110
2232111100
2321111001
3211110013
2111100132
1111001323
1110013231
1100132312
1001323121
0013231210
0132312103
1323121030
3231210300
2312103002
3121030022
1210300223
2103002232
1030022321
0300223210
3002232100
0022321000
0223210001
2232100010
2321000100
3210001000
2100010000
1000100003
0001000032
0010000322
0100003220
1000032200
0000322001
0003220012
0032200123
0322001233
3220012333
2200123331
2001233313
0012333133
0123331332
1233313322
2333133221
3331332213
3313322133
3133221331
1332213310
3322133103
3221331031
2213310313
2133103131
1331031311
3310313113
3103131133
1031311331
0313113313
3131133131
1311331313
3113313133
1133131331
1331313311
3313133113
3131331133
1313311332
3133113322
1331133220
3311332203
3113322033
1133220330
1332203301
3322033010
3220330100
2203301002
2033010020
0330100201
3301002010
3010020100
0100201000
1002010002
0020100022
0201000222
2010002222
0100022222
1000222223
0002222231
0022222310
0222223102
2222231020
2222310201
2223102013
2231020130
2310201301
3102013013
1020130131
0201301311
2013013113
0130131133
1301311332
3013113322
0131133220
1311332203
3113322033
1133220330
1332203300
3322033003
3220330032
2203300323
2033003233
0330032331
3300323310
3003233102
0032331020
0323310202
3233102023
2331020233
3310202332
3102023322
1020233220
0202332200
2023322001
0233220013
2332200133
3322001333
3220013332
2200133321
2001333210
0013332101
0133321011
1333210113
3332101133
3321011333
3210113333
2101133333
1011333331
0113333311
1133333111
1333331111
3333311111
3333111113
3331111130
3311111300
3111113002
1111130020
1111300202
1113002020
1130020200
1300202000
3002020000
0020200002
0202000021
2020000211
0200002110
2000021101
0000211010
0002110103
0021101030
0211010300
2110103000
1101030002
1010300020
0103000203
1030002031
0300020313
3000203133
0002031331
0020313310
0203133103
2031331033
0313310331
3133103313
1331033132
3310331320
3103313200
1033132003
0331320033
3313200333
3132003333
1320033333
3200333333
2003333333
0033333330
0333333300
3333333003
3333330032
3333300320
3333003201
3330032010
3300320102
3003201023
0032010230
0320102300
3201023000
2010230002
0102300022
1023000220
0230002200
2300022000
3000220000
0002200001
0022000011
0220000112
2200001123
2000011232
0000112320
0001123202
0011232020
0112320203
1123202031
1232020313
2320203133
3202031332
2020313323
0203133232
2031332323
0313323233
3133232333
1332323331
3323233310
3232333100
2323331000
3233310000
2333100000
3331000001
3310000013
3100000130
1000001303
0000013033
0000130332
0001303323
0013033232
0130332322
1303323222
3033232221
0332322210
3323222102
3232221020
2322210202
3222102021
2221020210
2210202100
2102021000
1020210003
0202100033
2021000333
0210003333
2100033333
1000333331
0003333313
0033333133
0333331333
3333313332
3333133320
3331333200
3313332000
3133320001
1333200013
3332000130
3320001303
3200013032
2000130322
0001303223
0013032232
0130322323
1303223232
3032232323
0322323233
3223232333
2232323332
2323233323
3232333233
2323332332
3233323323
2333233233
3332332332
3323323323
3233233233
2332332332
3323323323
3233233233
2332332333
3323323333
3233233333
2332333331
3323333310
3233333100
2333331003
3333310032
3333100322
3331003221
3310032210
3100322100
1003221003
0032210032
0322100322
3221003223
2210032230
2100322300
1003223000
0032230000
0322300000
3223000002
2230000022
2300000222
3000002220
0000022200
0000222003
0002220032
0022200323
0222003233
2220032331
2200323313
2003233133
0032331333
0323313333
3233133333
2331333331
3313333310
3133333102
1333331022
3333310221
3333102213
3331022133
3310221332
3102213322
1022133222
0221332220
2213322200
2133222001
1332220010
3322200102
3222001020
2220010200
2200102000
2001020000
0010200002
0102000020
1020000201
0200002013
2000020132
0000201323
0002013233
0020132331
0201323313
2013233133
0132331333
1323313331
3233133313
2331333131
3313331310
3133313100
1333131002
3331310022
3313100223
3131002233
1310022332
3100223323
1002233230
0022332303
0223323031
2233230310
2332303100
3323031000
3230310000
2303100003
3031000030
0310000300
3100003003
1000030031
0000300313
0003003132
0030031323
0300313232
3003132322
0031323223
0313232232
3132322320
1323223203
3232232030
2322320301
3223203013
2232030133
2320301330
3203013300
2030133000
0301330003
3013300032
0133000321
1330003212
3300032122
3000321223
0003212232
0032122322
0321223223
3212232230
2122322302
1223223020
2232230202
2322302023
3223020231
2230202313
2302023130
3020231302
0202313020
2023130202
0231302020
2313020200
3130202002
1302020020
3020200201
0202002011
2020020110
0200201102
2002011020
0020110200
0201102000
2011020000
0110200002
1102000020
1020000200
0200002000
2000020003
0000200030
0002000300
0020003003
0200030033
2000300333
0003003333
0030033332
0300333321
3003333213
0033332133
0333321332
3333213322
3332133223
3321332230
3213322302
2133223022
1332230220
3322302202
3223022020
2230220203
2302202030
3022020303
0220203031
2202030313
2020303131
0203031313
2030313132
0303131323
3031313232
0313132322
3131323223
1313232232
3132322323
1323223233
3232232331
2322323313
3223233131
2232331313
2323313133
3233131332
2331313323
3313133233
3131332331
1313323313
3133233133
1332331332
3323313322
3233133220
2331332200
3313322002
3133220020
1332200203
3322002033
3220020333
2200203331
2002033310
0020333100
0203331002
2033310021
0333100213
3331002133
3310021331
3100213313
1002133130
0021331302
0213313020
2133130200
1331302003
3313020031
3130200313
1302003132
3020031320
0200313203
2003132032
0031320320
0313203202
3132032022
1320320220
3203202200
2032022001
0320220010
3202200100
2022001001
0220010010
2200100100
2001001001
0010010010
0100100100
1001001000
0010010000
0100100001
1001000011
0010000111
0100001110
1000011102
0000111021
0001110213
0011102133
0111021331
1110213310
1102133103
1021331033
0213310333
2133103331
1331033310
3310333103
3103331032
1033310322
0333103221
3331032210
3310322103
3103221032
1032210322
0322103222
3221032223
2210322230
2103222302
1032223021
0322230213
3222302132
2223021323
2230213232
2302132323
3021323230
0213232300
2132323000
1323230001
3232300011
2323000110
3230001101
2300011010
3000110100
0001101003
0011010030
0110100303
1101003031
1010030313
0100303132
1003031320
0030313202
0303132020
3031320201
0313202013
3132020133
1320201332
3202013323
2020133233
0201332332
2013323322
0133233220
1332332201
3323322010
3233220103
2332201031
3322010313
3220103133
2201031330
2010313300
0103133003
1031330033
0313300331
3133003310
1330033102
3300331023
3003310232
0033102320
0331023200
3310232000
3102320003
1023200030
0232000300
2320003003
3200030032
2000300320
0003003202
0030032023
0300320231
3003202313
0032023132
0320231320
3202313202
2023132023
0231320230
2313202302
3132023023
1320230233
3202302333
2023023333
0230233333
2302333333
3023333330
0233333300
2333333000
3333330000
3333300000
3333000000
3330000002
3300000023
3000000230
0000002300
0000023001
0000230010
0002300101
0023001011
0230010110
2300101101
3001011013
0010110133
0101101331
1011013313
0110133133
1101331330
1013313302
0133133023
1331330232
3313302321
3133023211
1330232110
3302321101
3023211012
0232110123
2321101233
3211012333
2110123333
1101233330
1012333303
0123333030
1233330303
2333303033
3333030332
3330303321
3303033210
3030332102
0303321023
3033210232
0332102323
3321023233
3210232332
2102323323
1023233232
0232332322
2323323221
3233232213
2332322133
3323221333
3232213331
2322133313
3221333130
2213331303
2133313033
1333130331
3331303313
3313033132
3130331320
1303313200
3033132000
0331320003
3313200033
3132000330
1320003303
3200033032
2000330322
0003303220
0033032201
0330322010
3303220100
3032201000
0322010003
3220100030
2201000302
2010003021
0100030213
1000302130
0003021300
0030213002
0302130022
3021300222
0213002221
2130022210
1300222102
3002221021
0022210213
0222102132
2221021320
2210213201
2102132010
1021320101
0213201010
2132010101
1320101013
3201010132
2010101323
0101013233
1010132333
0101323333
1013233332
0132333322
1323333222
3233332223
2333322231
3333222310
3332223101
3322231010
3222310102
2223101022
2231010222
2310102220
3101022200
1010222002
0102220022
1022200220
0222002202
2220022020
2200220203
2002202033
0022020333
0220203333
2202033330
2020333300
0203333000
2033330003
0333300031
3333000310
3330003101
3300031010
3000310103
0003101031
0031010310
0310103103
3101031032
1010310322
0103103221
1031032210
0310322100
3103221000
1032210000
0322100000
3221000001
2210000010
2100000103
1000001032
0000010321
0000103211
0001032110
0010321103
0103211033
1032110333
0321103333
3211033333
2110333333
1103333331
1033333313
0333333131
3333331310
3333313102
3333131023
3331310232
3313102323
3131023233
1310232332
3102323323
1023233233
0232332332
2323323322
3233233220
2332332200
3323322003
3233220030
2332200303
3322003033
3220030333
2200303330
2003033303
0030333033
0303330330
3033303303
0333033032
3330330323
3303303233
3033032332
0330323320
3303233200
3032332000
0323320003
3233200030
2332000302
3320003022
3200030222
2000302223
0003022232
0030222322
0302223222
3022232222
0222322221
2223222213
2232222132
2322221323
3222213232
2222132320
2221323200
2213232000
2132320002
1323200023
3232000232
2320002321
3200023213
2000232132
0002321323
0023213231
0232132310
2321323103
3213231033
2132310330
1323103301
3231033011
2310330113
3103301130
1033011300
0330113000
3301130000
3011300002
0113000022
1130000222
1300002221
3000022212
0000222122
0002221220
0022212200
0222122002
2221220020
2212200200
2122002003
1220020030
2200200300
2002003003
0020030030
0200300301
2003003013
0030030132
0300301322
3003013222
0030132220
0301322203
3013222031
0132220310
1322203103
3222031030
2220310302
2203103022
2031030222
0310302222
3103022222
1030222221
0302222211
3022222111
0222221110
2222211103
2222111033
2221110333
2211103331
2111033310
1110333103
1103331033
1033310331
0333103311
3331033111
3310331113
3103311130
1033111303
0331113032
3311130320
3111303200
1113032003
1130320031
1303200313
3032003133
0320031332
3200313321
2003133213
0031332131
0313321313
3133213133
1332131333
3321313333
3213133330
2131333300
1313333000
3133330002
1333300020
3333000200
3330002000
3300020002
3000200022
0002000223
0020002232
0200022323
2000223233
0002232333
0022323330
0223233302
2232333023
2323330231
3233302311
2333023111
3330231111
3302311110
3023111103
0231111032
2311110323
3111103233
1111032332
1110323322
1103233220
1032332200
0323322000
3233220003
2332200030
3322000301
3220003010
2200030103
2000301032
0003010321
0030103213
0301032133
3010321332
0103213320
1032133202
0321332022
3213320222
2133202223
1332022230
3320222302
3202223022
2022230223
0222302230
2223022302
2230223022
2302230221
3022302210
0223022100
2230221000
2302210003
3022100031
0221000313
2210003131
2100031310
1000313102
0003131020
0031310201
0313102012
3131020121
1310201213
3102012132
1020121322
0201213220
2012132202
0121322020
1213220200
2132202000
1322020003
3220200031
2202000311
2020003111
0200031113
2000311132
0003111320
0031113200
0311132003
3111320030
1113200300
1132003002
1320030020
3200300203
2003002033
0030020331
0300203311
3002033111
0020331110
0203311100
2033111000
0331110002
3311100020
3111000203
1110002033
1100020332
1000203321
0002033210
0020332102
0203321022
2033210222
0332102223
3321022232
3210222322
2102223220
1022232201
0222322013
2223220133
2232201333
2322013331
3220133310
2201333102
2013331023
0133310232
1333102321
3331023213
3310232131
3102321313
1023213131
0232131313
2321313132
3213131323
2131313232
1313132323
3131323233
1313232330
3132323303
1323233030
3232330303
2323303031
3233030313
2330303131
3303031311
3030313113
0303131133
3031311333
0313113331
3131133313
1311333133
3113331331
1133313313
1333133131
3331331311
3313313111
3133131110
1331311103
3313111033
3131110332
1311103320
3111033201
1110332010
1103320103
1033201032
0332010321
3320103210
3201032100
2010321000
0103210000
1032100003
0321000030
3210000300
2100003003
1000030031
0000300313
0003003132
0030031321
0300313210
3003132102
0031321020
0313210200
3132102003
1321020032
3210200320
2102003200
1020032003
0200320033
2003200330
0032003303
0320033032
3200330323
2003303230
0033032300
0330323000
3303230000
3032300003
0323000030
3230000300
2300003001
3000030010
0000300100
0003001002
0030010020
0300100200
3001002003
0010020032
0100200321
1002003213
0020032130
0200321303
2003213030
0032130300
0321303000
3213030000
2130300003
1303000033
3030000333
0300003333
3000033333
0000333332
0003333323
0033333233
0333332331
3333323312
3333233122
3332331220
3323312203
3233122030
2331220300
3312203003
3122030033
1220300333
2203003330
2030033303
0300333030
3003330301
0033303010
0333030102
3330301020
3303010200
3030102001
0301020010
3010200101
0102001013
1020010130
0200101300
2001013002
0010130020
0101300203
1013002032
0130020320
1300203202
3002032021
0020320213
0203202133
2032021333
0320213333
3202133330
2021333303
0213333030
2133330300
1333303002
3333030023
3330300232
3303002321
3030023211
0300232113
3002321130
0023211300
0232113000
2321130000
3211300001
2113000010
1130000102
1300001020
3000010202
0000102021
0001020211
0010202111
0102021113
1020211130
0202111300
2021113000
0211130002
2111300021
1113000210
1130002102
1300021022
3000210222
0002102221
0021022210
0210222103
2102221030
1022210303
0222103033
2221030330
2210303303
2103033033
1030330331
0303303310
3033033102
0330331023
3303310232
3033102320
0331023203
3310232033
3102320332
1023203323
0232033230
2320332301
3203323010
2033230102
0332301020
3323010203
3230102032
2301020322
3010203223
0102032233
1020322333
0203223332
2032233323
0322333230
3223332303
2233323033
2333230333
3332303333
3323033332
3230333321
2303333211
3033332113
0333321131
3333211313
3332113133
3321131331
3211313311
2113133113
1131331133
1313311330
3133113303
1331133033
3311330332
3113303320
1133033200
1330332000
3303320001
3033200012
0332000123
3320001230
3200012300
2000123003
0001230032
0012300323
0123003233
1230032332
2300323323
3003233230
0032332303
0323323033
3233230332
2332303320
3323033203
3230332031
2303320313
3033203133
0332031333
3320313333
3203133331
2031333312
0313333123
3133331231
1333312313
3333123131
3331231310
3312313102
3123131020
1231310200
2313102000
3131020003
1310200033
3102000331
1020003313
0200033131
2000331311
0003313113
0033131133
0331311332
3313113320
3131133203
1311332032
3113320320
1133203202
1332032022
3320320223
3203202230
2032022303
0320223033
3202230331
2022303313
0223033131
2230331313
2303313133
3033131330
0331313300
3313133003
3131330032
1313300323
3133003232
1330032322
3300323220
3003232200
0032322001
0323220013
3232200132
2322001323
3220013231
2200132310
2001323101
0013231013
0132310133
1323101333
3231013332
2310133322
3101333220
1013332200
0133322003
1333220031
3332200313
3322003130
3220031300
2200313001
2003130011
0031300110
0313001103
3130011032
1300110323
3001103230
0011032300
0110323001
1103230010
1032300100
0323001001
3230010011
2300100110
3001001102
0010011021
0100110213
1001102132
0011021323
0110213233
1102132332
1021323323
0213233233
2132332332
1323323323
3233233233
2332332333
3323323333
3233233333
2332333333
3323333332
3233333323
2333333233
3333332330
3333323303
3333233033
3332330332
3323303323
3233033233
2330332332
3303323323
3033233232
0332332320
3323323202
3233232022
2332320222
3323202220
3232022200
2320222000
3202220001
2022200010
0222000102
2220001022
2200010223
2000102233
0001022332
0010223322
0102233223
1022332230
0223322302
2233223022
2332230220
3322302202
3223022022
2230220220
2302202201
3022022010
0220220102
2202201020
2022010200
0220102000
2201020002
2010200023
0102000230
1020002300
0200023003
2000230030
0002300303
0023003030
0230030300
2300303000
3003030003
0030300031
0303000313
3030003133
0300031333
3000313333
0003133330
0031333300
0313333000
3133330001
1333300013
3333000131
3330001310
3300013102
3000131021
0001310213
0013102130
0131021303
1310213032
3102130320
1021303202
0213032020
2130320200
1303202001
3032020012
0320200120
3202001201
2020012013
0200120132
2001201321
0012013210
0120132102
1201321020
2013210202
0132102022
1321020220
3210202202
2102022022
1020220220
0202202200
2022022000
0220220002
2202200020
2022000200
0220002002
2200020021
2000200211
0002002111
0020021113
0200211133
2002111331
0021113313
0211133133
2111331331
1113313310
1133133103
1331331033
3313310332
3133103321
1331033210
3310332102
3103321022
1033210220
0332102202
3321022022
3210220221
2102202210
1022022100
0220221000
2202210002
2022100022
0221000221
2210002210
2100022100
1000221002
0002210020
0022100202
0221002022
2210020221
2100202213
1002022133
0020221331
0202213311
2022133111
0221331110
2213311103
2133111032
1331110320
3311103200
3111032002
1110320020
1103200200
1032002003
0320020031
3200200312
2002003120
0020031201
0200312013
2003120132
0031201322
0312013220
3120132200
1201322000
2013220002
0132200020
1322000203
3220002033
2200020332
2000203321
0002033213
0020332130
0203321303
2033213033
0332130332
3321303322
3213033221
2130332211
1303322113
3033221133
0332211330
3322113302
3221133020
2211330203
2113302033
1133020333
1330203330
3302033302
3020333020
0203330202
2033302021
0333020210
3330202100
3302021000
3020210002
0202100020
2021000202
0210002021
2100020210
1000202100
0002021003
0020210031
0202100313
2021003133
0210031333
2100313331
1003133313
0031333133
0313331332
3133313323
1333133231
3331332311
3313323110
3133231101
1332311010
3323110101
3231101013
2311010130
3110101303
1101013033
1010130331
0101303311
1013033110
0130331103
1303311032
3033110320
0331103200
3311032003
3110320033
1103200332
1032003322
0320033221
3200332213
2003322133
0033221333
0332213331
3322133313
3221333131
2213331311
2133313111
1333131110
3331311102
3313111023
3131110232
1311102321
3111023210
1110232102
1102321020
1023210200
0232102002
2321020021
3210200210
2102002100
1020021001
0200210011
2002100113
0021001133
0210011330
2100113302
1001133023
0011330233
0113302333
1133023333
1330233333
3302333333
3023333332
0233333323
2333333232
3333332322
3333323222
3333232223
3332322233
3323222333
3232223333
2322233333
3222333331
2223333312
2233333122
2333331222
3333312221
3333122213
3331222130
3312221303
3122213032
1222130323
2221303232
2213032322
2130323221
1303232211
3032322110
0323221103
3232211032
2322110323
3221103233
2211032331
2110323313
1103233130
1032331302
0323313020
3233130200
2331302002
3313020020
3130200203
1302002033
3020020333
0200203333
2002033331
0020333313
0203333133
2033331331
0333313311
3333133113
3331331132
3313311320
3133113201
1331132012
3311320123
3113201233
1132012333
1320123331
3201233312
2012333121
0123331211
1233312110
2333121102
3331211021
3312110210
3121102103
1211021031
2110210313
1102103133
1021031331
0210313310
2103133102
1031331020
0313310202
3133102020
1331020200
3310202003
3102020032
1020200321
0202003213
2020032132
0200321322
2003213221
0032132212
0321322120
3213221200
2132212000
1322120001
3221200012
2212000123
2120001231
1200012310
2000123102
0001231022
0012310222
0123102220
1231022202
2310222020
3102220200
1022202000
0222020000
2220200003
2202000031
2020000311
0200003113
2000031133
0000311333
0003113330
0031133302
0311333020
3113330200
1133302001
1333020010
3330200103
3302001032
3020010322
0200103221
2001032211
0010322110
0103221101
1032211010
0322110103
3221101030
2211010302
2110103022
1101030221
1010302213
0103022132
1030221320
0302213200
3022132000
0221320000
2213200000
2132000001
1320000011
3200000111
2000001110
0000011101
0000111010
0001110100
0011101000
0111010000
1110100000
1101000000
1010000001
0100000013
1000000130
0000001303
0000013032
0000130322
0001303220
0013032203
0130322032
1303220321
3032203211
0322032112
3220321122
2203211221
2032112211
0321122110
3211221103
2112211032
1122110320
1221103200
2211032000
2110320002
1103200021
1032000211
0320002113
3200021133
2000211333
0002113332
0021133320
0211333201
2113332013
1133320133
1333201331
3332013310
3320133101
3201331010
2013310102
0133101020
1331010200
3310102002
3101020021
1010200210
0102002100
1020021001
0200210011
2002100111
0021001113
0210011130
2100111301
1001113013
0011130133
0111301332
1113013320
1130133200
1301332000
3013320002
0133200021
1332000210
3320002103
3200021032
2000210323
0002103230
0021032302
0210323020
2103230200
1032302002
0323020021
3230200213
2302002132
3020021321
0200213213
2002132131
0021321313
0213213132
2132131322
1321313222
3213132220
2131322202
1313222021
3132220211
1322202113
3222021133
2220211333
2202113330
2021133302
0211333022
2113330222
1133302221
1333022213
3330222132
3302221320
3022213200
0222132002
2221320020
2213200202
2132002023
1320020232
3200202322
2002023222
0020232222
0202322223
2023222230
0232222303
2322223030
3222230300
2222303000
2223030003
2230300030
2303000301
3030003011
0300030110
3000301103
0003011030
0030110300
0301103002
3011030023
0110300230
1103002300
1030023002
0300230023
3002300230
0023002300
0230023002
2300230023
3002300230
0023002300
0230023000
2300230003
3002300030
0023000300
0230003000
2300030000
3000300003
0003000032
0030000323
0300003232
3000032321
0000323210
0003232101
0032321010
0323210100
3232101000
2321010001
3210100011
2101000110
1010001102
0100011022
1000110220
0001102200
0011022001
0110220011
1102200110
1022001100
0220011003
2200110033
2001100330
0011003300
0110033003
1100330030
1003300302
0033003022
0330030222
3300302223
3003022233
0030222333
0302223330
3022233302
0222333021
2223330211
2233302110
2333021101
3330211013
3302110132
3021101322
0211013222
2110132220
1101322200
1013222000
0132220001
1322200010
3222000103
2220001030
2200010300
2000103000
0001030003
0010300032
0103000320
1030003200
0300032003
3000320033
0003200333
0032003332
0320033321
3200333210
2003332102
0033321020
0333210203
3332102033
3321020332
3210203321
2102033210
1020332102
0203321020
2033210203
0332102031
3321020313
3210203133
2102031330
1020313301
0203133010
2031330102
0313301020
3133010200
1330102003
3301020032
3010200322
0102003221
1020032213
0200322133
2003221333
0032213331
0322133313
3221333130
2213331302
2133313020
1333130202
3331302022
3313020220
3130202203
1302022033
3020220330
0202203303
2022033032
0220330322
2203303221
2033032211
0330322111
3303221110
3032211103
0322111033
3221110332
2211103323
2111033231
1110332312
1103323122
1033231221
0332312213
3323122130
3231221302
2312213023
3122130232
1221302323
2213023233
2130232332
1302323320
3023233202
0232332023
2323320233
3233202332
2332023322
3320233222
3202332220
2023322200
0233222002
2332220021
3322200213
3222002130
2220021303
2200213033
2002130333
0021303333
0213033331
2130333310
1303333101
3033331013
0333310132
3333101320
3331013201
3310132013
3101320130
1013201300
0132013000
1320130002
3201300023
2013000230
0130002303
1300023031
3000230313
0002303132
0023031323
0230313232
2303132322
3031323221
0313232213
3132322130
1323221303
3232213033
2322130332
3221303321
2213033213
2130332132
1303321322
3033213223
0332132231
3321322311
3213223110
2132231102
1322311023
3223110230
2231102300
2311023003
3110230030
1102300302
1023003020
0230030200
2300302002
3003020022
0030200223
0302002233
3020022331
0200223310
2002233102
0022331023
0223310233
2233102331
2331023311
3310233113
3102331133
1023311333
0233113331
2331133311
3311333113
3113331133
1133311330
1333113303
3331133032
3311330320
3113303200
1133032002
1330320020
3303200203
3032002033
0320020333
3200203333
2002033330
0020333301
0203333011
2033330113
0333301132
3333011323
3330113232
3301132320
3011323200
0113232002
1132320021
1323200213
3232002132
2320021321
3200213210
2002132103
0021321032
0213210322
2132103223
1321032232
3210322321
2103223211
1032232113
0322321133
3223211333
2232113333
2321133332
3211333320
2113333200
1133332003
1333320030
3333200300
3332003003
3320030033
3200300333
2003003330
0030033300
0300333002
3003330021
0033300210
0333002102
3330021022
3300210223
3002102233
0021022331
0210223311
2102233113
1022331131
0223311312
2233113121
2331131213
3311312133
3113121331
1131213311
1312133111
3121331113
1213311133
2133111333
1331113333
3311133331
3111333313
1113333133
1133331333
1333313333
3333133333
3331333333
3313333333
3133333330
1333333303
3333333031
3333330311
3333303113
3333031131
3330311313
3303113133
3031131330
0311313302
3113133020
1131330203
1313302032
3133020321
1330203210
3302032102
3020321022
0203210220
2032102203
0321022033
3210220331
2102203311
1022033110
0220331102
2203311021
2033110210
0331102100
3311021001
3110210013
1102100131
1021001313
0210013132
2100131320
1001313200
0013132000
0131320001
1313200011
3132000110
1320001102
3200011021
2000110213
0001102132
0011021323
0110213232
1102132321
1021323213
0213232131
2132321311
1323213113
3232131131
2321311310
3213113102
2131131020
1311310201
3113102010
1131020102
1310201021
3102010213
1020102131
0201021313
2010213132
0102131321
1021313210
0213132103
2131321032
1313210323
3132103230
1321032303
3210323031
2103230313
1032303133
0323031332
3230313323
2303133232
3031332320
0313323203
3133232033
1332320330
3323203300
3232033000
2320330000
3203300003
2033000032
0330000320
3300003201
3000032013
0000320133
0003201330
0032013303
0320133033
3201330331
2013303313
0133033131
1330331313
3303313132
3033131323
0331313233
3313132333
3131323330
1313233300
3132333000
1323330003
3233300033
2333000333
3330003332
3300033323
3000333232
0003332322
0033323222
0333232220
3332322200
3323222001
3232220013
2322200131
3222001311
2220013110
2200131100
2001311000
0013110003
0131100030
1311000301
3110003013
1100030130
1000301301
0003013013
0030130130
0301301303
3013013033
0130130330
1301303302
3013033021
0130330210
1303302103
3033021031
0330210310
3302103103
3021031031
0210310313
2103103130
1031031303
0310313030
3103130302
1031303020
0313030200
3130302000
1303020003
3030200033
0302000331
3020003311
0200033113
2000331133
0003311330
0033113300
0331133002
3311330023
3113300230
1133002300
1330023000
3300230000
3002300001
0023000010
0230000100
2300001002
3000010022
0000100221
0001002210
0010022102
0100221020
1002210200
0022102001
0221020013
2210200130
2102001303
1020013032
0200130323
2001303230
0013032302
0130323020
1303230203
3032302033
0323020330
3230203300
2302033002
3020330023
0203300232
2033002321
0330023210
3300232103
3002321032
0023210320
0232103203
2321032032
3210320322
2103203222
1032032220
0320322202
3203222020
2032220201
0322202010
3222020100
2220201002
2202010020
2020100202
0201002020
2010020203
0100202032
1002020320
0020203200
0202032003
2020320032
0203200320
2032003200
0320032001
3200320013
2003200130
0032001303
0320013033
3200130333
2001303332
0013033321
0130333211
1303332111
3033321110
0333211103
3332111033
3321110331
3211103313
2111033132
1110331320
1103313200
1033132002
0331320023
3313200233
3132002331
1320023310
3200233101
2002331011
0023310111
0233101111
2331011111
3310111113
3101111131
1011111311
0111113110
1111131103
1111311032
1113110321
1131103211
1311032110
3110321103
1103211031
1032110311
0321103110
3211031100
2110311001
1103110013
1031100133
0311001331
3110013311
1100133111
1001331110
0013311101
0133111013
1331110130
3311101300
3111013000
1110130000
1101300001
1013000011
0130000113
1300001132
3000011323
0000113232
0001132323
0011323233
0113232333
1132323332
1323233321
3232333210
2323332100
3233321002
2333210021
3332100213
3321002132
3210021322
2100213223
1002132232
0021322321
0213223213
2132232130
1322321303
3223213033
2232130333
2321303333
3213033332
2130333322
1303333223
3033332230
0333322301
3333223010
3332230102
3322301023
3223010232
2230102320
2301023200
3010232002
0102320022
1023200223
0232002233
2320022330
3200223303
2002233031
0022330312
0223303122
2233031221
2330312213
3303122132
3031221323
0312213232
3122132322
1221323220
2213232203
2132322032
1323220320
3232203201
2322032013
3220320133
2203201331
2032013310
0320133100
3201331000
2013310000
0133100001
1331000010
3310000100
3100001003
1000010031
0000100310
0001003101
0010031013
0100310133
1003101332
0031013323
0310133232
3101332323
1013323231
0133232310
1332323103
3323231030
3232310300
2323103002
3231030023
2310300230
3103002303
1030023033
0300230333
3002303332
0023033323
0230333230
2303332303
3033323030
0333230303
3332303031
3323030310
3230303102
2303031020
3030310202
0303102020
3031020200
0310202000
3102020003
1020200033
0202000330
2020003303
0200033030
2000330301
0003303010
0033030102
0330301023
3303010232
3030102322
0301023223
3010232233
0102322333
1023223333
0232233331
2322333310
3223333103
2233331033
2333310333
3333103333
3331033331
3310333313
3103333130
