2200112101
2001121011
0011210112
0112101121
1121011210
1210112100
2101121000
1011210001
0112100013
1121000133
1210001333
2100013331
1000133311
0001333111
0013331112
0133311122
1333111220
3331112202
3311122021
3111220212
1112202122
1122021221
1220212211
2202122112
2021221122
0212211221
2122112212
1221122121
2211221212
2112212122
1122121222
1221212222
2212122221
2121222211
1212222110
2122221103
1222211032
2222110322
2221103222
2211032221
2110322211
1103222112
1032221121
0322211212
3222112122
2221121221
2211212211
2112122111
1121221112
1212211121
2122111212
1221112121
2211121213
2111212132
1112121320
1121213202
1212132021
2121320210
1213202101
2132021010
1320210100
3202101003
2021010032
0210100320
2101003203
1010032031
0100320312
1003203121
0032031211
0320312112
3203121121
2031211211
0312112111
3121121112
1211211121
2112111212
1121112122
1211121221
2111212211
1112122112
1121221121
1212211211
2122112111
1221121112
2211211121
2112111213
1121112131
1211121313
2111213132
1112131321
1121313211
1213132111
2131321111
1313211112
3132111121
1321111212
3211112121
2111121213
1111212132
1112121321
1121213213
1212132132
2121321321
1213213211
2132132112
1321321121
3213211211
2132112112
1321121121
3211211213
2112112132
1121121321
1211213213
2112132132
1121321321
1213213213
2132132131
1321321312
3213213121
2132131211
1321312112
3213121121
2131211212
1312112121
3121121213
1211212131
2112121313
1121213132
1212131321
2121313211
1213132111
2131321111
1313211112
3132111121
1321111211
3211112112
2111121121
1111211211
1112112112
1121121121
1211211211
2112112112
1121121121
1211211211
2112112112
1121121120
1211211200
2112112002
1121120023
1211200232
2112002323
1120023232
1200232321
2002323210
0023232101
0232321011
2323210112
3232101122
2321011221
3210112210
2101122101
1011221011
0112210112
1122101120
1221011201
2210112010
2101120103
1011201032
0112010320
1120103200
1201032002
2010320021
0103200213
1032002132
0320021321
3200213213
2002132132
0021321321
0213213210
2132132102
1321321021
3213210211
2132102113
1321021133
3210211331
2102113311
1021133110
0211331102
2113311021
1133110211
1331102111
3311021111
3110211112
1102111120
1021111202
0211112020
2111120202
1111202021
1112020211
1120202110
1202021101
2020211013
0202110130
2021101301
0211013012
2110130120
1101301202
1013012020
0130120201
1301202011
3012020111
0120201113
1202011132
2020111321
0201113212
2011132122
0111321221
1113212210
1132122101
1321221011
3212210113
2122101131
1221011313
2210113130
2101131301
1011313011
0113130110
1131301102
1313011022
3130110222
1301102221
3011022213
0110222132
1102221321
1022213211
0222132110
2221321102
2213211022
2132110223
1321102232
3211022322
2110223223
1102232232
1022322321
0223223210
2232232102
2322321022
3223210222
2232102221
2321022210
3210222100
2102221001
1022210011
0222100113
2221001132
2210011322
2100113220
1001132202
0011322021
0113220213
1132202131
1322021310
3220213101
2202131011
2021310113
0213101130
2131011303
1310113031
3101130313
1011303132
0113031321
1130313211
1303132111
3031321111
0313211111
3132111111
1321111112
3211111122
2111111221
1111112212
1111122121
1111221211
1112212112
1122121120
1221211201
2212112010
2121120101
1211201011
2112010112
1120101121
1201011211
2010112113
0101121133
1011211331
0112113311
1121133113
1211331131
2113311311
1133113110
1331131102
3311311022
3113110220
1131102201
1311022010
3110220103
1102201031
1022010310
0220103100
2201031002
2010310022
0103100220
1031002202
0310022022
3100220223
1002202232
0022022321
0220223210
2202232102
2022321022
0223210222
2232102221
2321022213
3210222130
2102221301
1022213012
0222130123
2221301232
2213012321
2130123213
1301232132
3012321320
0123213203
1232132031
2321320312
3213203121
2132031213
1320312132
3203121320
2031213202
0312132020
3121320200
1213202001
2132020011
1320200110
3202001101
2020011012
0200110123
2001101232
0011012320
0110123202
1101232021
1012320212
0123202121
1232021211
2320212112
3202121123
2021211232
0212112322
2121123222
1211232222
2112322221
1123222213
1232222132
2322221321
3222213210
2222132102
2221321022
2213210222
2132102222
1321022221
3210222213
2102222132
1022221321
0222213212
2222132121
2221321210
2213212103
2132121031
1321210310
3212103103
2121031031
1210310311
2103103112
1031031123
0310311232
3103112322
1031123222
0311232220
3112322201
1123222012
1232220121
2322201210
3222012102
2220121021
2201210213
2012102131
0121021313
1210213133
2102131331
1021313311
0213133110
2131331102
1313311022
3133110220
1331102202
3311022021
3110220212
1102202121
1022021213
0220212130
2202121301
2021213012
0212130121
2121301212
1213012123
2130121233
1301212332
3012123322
0121233221
1212332211
2123322112
1233221123
2332211232
3322112321
3221123213
2211232132
2112321322
1123213222
1232132221
2321322210
3213222100
2132221003
1322210032
3222100323
2221003232
2210032322
2100323222
1003232222
0032322221
0323222213
3232222132
2322221321
3222213212
2222132122
2221321221
2213212210
2132122102
1321221021
3212210213
2122102131
1221021312
2210213122
2102131221
1021312210
0213122103
2131221032
1312210321
3122103212
1221032122
2210321221
2103212210
1032122102
0321221021
3212210213
2122102131
1221021310
2210213101
2102131012
1021310122
0213101220
2131012202
1310122020
3101220203
1012202031
0122020311
1220203113
2202031132
2020311320
0203113200
2031132000
0311320002
3113200022
1132000222
1320002222
3200022222
2000222222
0002222222
0022222223
0222222230
2222222301
2222223010
2222230101
2222301010
2223010103
2230101033
2301010332
3010103320
0101033202
1010332022
0103320222
1033202222
0332022220
3320222200
3202222001
2022220011
0222200111
2222001111
2220011111
2200111110
2001111102
0011111021
0111110213
1111102131
1111021313
1110213132
1102131321
1021313213
0213132133
2131321331
1313213311
3132133110
1321331102
3213311022
2133110220
1331102202
3311022020
3110220201
1102202011
1022020110
0220201103
2202011031
2020110311
0201103113
2011031131
0110311313
1103113132
1031131322
0311313222
3113132221
1131322211
1313222112
3132221120
1322211201
3222112010
2221120103
2211201031
2112010313
1120103133
1201031331
2010313311
0103133110
1031331101
0313311011
3133110112
1331101122
3311011221
3110112210
1101122101
1011221010
0112210100
1122101001
1221010012
2210100120
2101001202
1010012021
0100120213
1001202132
0012021321
0120213212
1202132121
2021321210
0213212102
2132121023
1321210232
3212102320
2121023202
1210232020
2102320201
1023202011
0232020111
2320201110
3202011101
2020111012
0201110123
2011101232
0111012322
1110123220
1101232202
1012322020
0123220202
1232202021
2322020210
3220202101
2202021011
2020210111
0202101112
2021011121
0210111210
2101112102
1011121021
0111210211
1112102112
1121021121
1210211210
2102112101
1021121011
0211210113
2112101132
1121011323
1210113231
2101132311
1011323111
0113231112
1132311120
1323111201
3231112013
2311120132
3111201321
1112013211
1120132112
1201321122
2013211222
0132112221
1321122212
3211222121
2112221213
1122212132
1222121323
2221213232
2212132323
2121323232
1213232321
2132323213
1323232132
3232321320
2323213202
3232132022
2321320222
3213202222
2132022221
1320222210
3202222101
2022221013
0222210132
2222101321
2221013213
2210132132
2101321322
1013213222
0132132222
1321322223
3213222232
2132222320
1322223202
3222232020
2222320202
2223202021
2232020211
2320202111
3202021110
2020211101
0202111010
2021110102
0211101022
2111010220
1110102201
1101022013
1010220132
0102201321
1022013211
0220132110
2201321102
2013211020
0132110201
1321102011
3211020113
2110201133
1102011332
1020113320
0201133201
2011332011
0113320110
1133201100
1332011001
3320110010
3201100102
2011001021
0110010210
1100102103
1001021031
0010210313
0102103132
1021031321
0210313211
2103132110
1031321101
0313211012
3132110122
1321101222
3211012223
2110122232
1101222323
1012223231
0122232311
1222323112
2223231121
2232311212
2323112121
3231121213
2311212132
3112121323
1121213230
1212132300
2121323002
1213230022
2132300222
1323002221
3230022210
2300222101
3002221012
0022210120
0222101200
2221012002
2210120021
2101200211
1012002112
0120021120
1200211201
2002112012
0021120122
0211201220
2112012201
1120122013
1201220132
2012201321
0122013213
1220132132
2201321321
2013213211
0132132110
1321321101
3213211012
2132110120
1321101202
3211012021
2110120210
1101202102
1012021023
0120210232
1202102321
2021023212
0210232121
2102321213
1023212132
0232121321
2321213212
3212132122
2121321222
1213212221
2132122213
1321222132
3212221321
2122213210
1222132101
2221321011
2213210112
2132101122
1321011221
3210112211
2101122111
1011221111
0112211110
1122111100
1221111002
2211110021
2111100210
1111002101
1110021013
1100210131
1002101311
0021013112
0210131120
2101311201
1013112013
0131120132
1311201321
3112013211
1120132113
1201321132
2013211322
0132113221
1321132211
3211322113
2113221132
1132211323
1322113231
3221132313
2211323132
2113231320
1132313200
1323132001
3231320013
2313200133
3132001331
1320013310
3200133100
2001331001
0013310011
0133100112
1331001122
3310011220
3100112202
1001122021
0011220212
0112202122
1122021222
1220212220
2202122203
2021222033
0212220333
2122203332
1222033321
2220333212
2203332120
2033321202
0333212021
3332120213
3321202132
3212021321
2120213210
1202132101
2021321013
0213210132
2132101321
1321013211
3210132111
2101321111
1013211111
0132111111
1321111111
3211111111
2111111113
1111111131
1111111312
1111113123
1111131231
1111312310
1113123103
1131231031
1312310313
3123103130
1231031301
2310313010
3103130100
1031301001
0313010013
3130100131
1301001311
3010013112
0100131120
1001311201
0013112010
0131120101
1311201011
3112010113
1120101133
1201011331
2010113312
0101133120
1011331202
0113312023
1133120231
1331202312
3312023122
3120231223
1202312232
2023122321
0231223211
2312232111
3122321110
1223211100
2232111001
2321110011
3211100112
2111001123
1110011232
1100112320
1001123203
0011232032
0112320322
1123203222
1232032221
2320322212
3203222123
2032221233
0322212330
3222123301
2221233010
2212330101
2123301011
1233010113
2330101133
3301011331
3010113312
0101133122
1011331223
0113312232
1133122321
1331223211
3312232110
3122321102
1223211021
2232110213
2321102132
3211021323
2110213232
1102132323
1021323231
0213232310
2132323102
1323231021
3232310211
2323102110
3231021102
2310211023
3102110232
1021102321
0211023211
2110232111
1102321111
1023211113
0232111130
2321111303
3211113030
2111130300
1111303001
1113030013
1130300130
1303001301
3030013011
0300130113
3001301133
0013011332
0130113321
1301133212
3011332120
0113321201
1133212010
1332120102
3321201020
3212010202
2120102022
1201020223
2010202232
0102022322
1020223222
0202232221
2022322213
0223222131
2232221311
2322213113
3222131132
2221311321
2213113210
2131132101
1311321012
3113210121
1132101213
1321012131
3210121312
2101213123
1012131231
0121312313
1213123132
2131231321
1312313211
3123132111
1231321111
2313211111
3132111110
1321111102
3211111020
2111110200
1111102001
1111020010
1110200102
1102001023
1020010231
0200102310
2001023102
0010231022
0102310220
1023102202
0231022022
2310220223
3102202232
1022022320
0220223201
2202232012
2022320122
0223201223
2232012231
2320122310
3201223100
2012231001
0122310010
1223100100
2231001003
2310010032
3100100323
1001003232
0010032321
0100323210
1003232102
0032321020
0323210200
3232102002
2321020023
3210200232
2102002321
1020023212
0200232120
2002321202
0023212020
0232120200
2321202002
3212020023
2120200232
1202002321
2020023210
0200232102
2002321021
0023210210
0232102100
2321021002
3210210021
2102100211
1021002111
0210021113
2100211132
1002111321
0021113211
0211132111
2111321112
1113211122
1132111220
1321112202
3211122022
2111220223
1112202232
1122022323
1220223232
2202232321
2022323213
0223232130
2232321301
2323213012
3232130122
2321301222
3213012221
2130122213
1301222132
3012221322
0122213222
1222132222
2221322222
2213222223
2132222232
1322222322
3222223220
2222232203
2222322033
2223220333
2232203331
2322033311
3220333113
2203331131
2033311310
0333113100
3331131002
3311310022
3113100222
1131002221
1310022212
3100222123
1002221231
0022212311
0222123112
2221231123
2212311232
2123112321
1231123213
2311232132
3112321323
1123213231
1232132310
2321323100
3213231001
2132310012
1323100121
3231001211
2310012113
3100121131
1001211311
0012113110
0121131100
1211311001
2113110010
1131100103
1311001031
3110010311
1100103112
1001031122
0010311221
0103112210
1031122101
0311221013
3112210133
1122101333
1221013332
2210133321
2101333213
1013332132
0133321322
1333213221
3332132213
3321322132
3213221321
2132213210
1322132101
3221321011
2213210110
2132101100
1321011002
3210110020
2101100203
1011002031
0110020313
1100203133
1002031333
0020313332
0203133322
2031333221
0313332210
3133322102
1333221021
3332210211
3322102113
3221021132
2210211322
2102113221
1021132211
0211322113
2113221133
1132211331
1322113311
3221133113
2211331132
2113311321
1133113211
1331132111
3311321112
3113211120
1132111202
1321112020
3211120201
2111202011
1112020113
1120201133
1202011331
2020113312
0201133121
2011331213
0113312132
1133121322
1331213222
3312132222
3121322220
1213222201
2132222011
1322220111
3222201110
2222011100
2220111002
2201110021
2011100210
0111002101
1110021011
1100210110
1002101100
0021011001
0210110010
2101100101
1011001010
0110010102
1100101021
1001010210
0010102101
0101021011
1010210111
0102101111
1021011113
0210111132
2101111322
1011113220
0111132201
1111322011
1113220111
1132201111
1322011111
3220111110
2201111100
2011111001
0111110013
1111100132
1111001321
1110013213
1100132130
1001321303
0013213031
0132130312
1321303122
3213031223
2130312231
1303122313
3031223133
0312231333
3122313332
1223133320
2231333202
2313332020
3133320202
1333202021
3332020211
3320202113
3202021132
2020211322
0202113220
2021132202
0211322022
2113220220
1132202202
1322022021
3220220213
2202202132
2022021320
0220213201
2202132012
2021320122
0213201222
2132012221
1320122213
3201222130
2012221301
0122213011
1222130113
2221301132
2213011323
2130113230
1301132301
3011323010
0113230103
1132301033
1323010332
3230103321
2301033213
3010332132
0103321321
1033213211
0332132113
3321321132
3213211322
2132113221
1321132211
3211322110
2113221101
1132211011
1322110111
3221101112
2211011122
2110111221
1101112210
1011122103
0111221032
1112210322
1122103220
1221032201
2210322012
2103220120
1032201201
0322012011
3220120113
2201201132
2012011322
0120113222
1201132221
2011322212
0113222123
1132221231
1322212313
3222123133
2221231331
2212313311
2123133110
1231331102
2313311020
3133110200
1331102001
3311020011
3110200113
1102001132
1020011321
0200113212
2001132123
0011321232
0113212323
1132123231
1321232310
3212323103
2123231031
1232310311
2323103112
3231031123
2310311232
3103112322
1031123221
0311232211
3112322112
1123221123
1232211232
2322112323
3221123232
2211232321
2112323213
1123232132
1232321321
2323213210
3232132101
2321321010
3213210100
2132101003
1321010032
3210100322
2101003223
1010032232
0100322321
1003223211
0032232113
0322321130
3223211301
2232113013
2321130131
3211301310
2113013101
1130131013
1301310132
3013101320
0131013201
1310132012
3101320121
1013201213
0132012132
1320121321
3201213210
2012132102
0121321022
1213210220
2132102201
1321022011
3210220113
2102201132
1022011322
0220113221
2201132212
2011322122
0113221223
1132212232
1322122321
3221223212
2212232122
2122321222
1223212221
2232122212
2321222121
3212221213
2122212132
1222121322
2221213222
2212132222
2121322221
1213222213
2132222132
1322221321
3222213212
2222132121
2221321212
2213212121
2132121211
1321212111
3212121113
2121211132
1212111321
2121113210
1211132102
2111321022
1113210220
1132102202
1321022020
3210220203
2102202031
1022020310
0220203102
2202031021
2020310210
0203102102
2031021021
0310210212
3102102122
1021021222
0210212220
2102122203
1021222032
0212220322
2122203223
1222032232
2220322321
2203223213
2032232131
0322321310
3223213103
2232131031
2321310311
3213103110
2131031101
1310311011
3103110110
1031101101
0311011010
3110110100
1101101001
1011010011
0110100111
1101001111
1010011111
0100111110
1001111102
0011111021
0111110213
1111102131
1111021313
1110213132
1102131321
1021313213
0213132133
2131321331
1313213311
3132133113
1321331131
3213311311
2133113110
1331131102
3311311020
3113110200
1131102002
1311020022
3110200223
1102002232
1020022321
0200223211
2002232111
0022321113
0223211132
2232111322
2321113222
3211132220
2111322201
1113222010
1132220102
1322201021
3222010210
2220102103
2201021031
2010210313
0102103133
1021031331
0210313311
2103133112
1031331121
0313311211
3133112110
1331121101
3311211011
3112110111
1121101111
1211011111
2110111112
1101111121
1011111211
0111112110
1111121102
1111211021
1112110210
1121102101
1211021011
2110210113
1102101131
1021011313
0210113133
2101131331
1011313311
0113133110
1131331102
1313311020
3133110201
1331102011
3311020111
3110201110
1102011101
1020111010
0201110100
2011101001
0111010010
1110100100
1101001000
1010010002
0100100021
1001000211
0010002111
0100021111
1000211111
0002111112
0021111120
0211111202
2111112021
1111120210
1111202102
1112021023
1120210232
1202102321
2021023212
0210232120
2102321202
1023212020
0232120202
2321202021
3212020212
2120202120
1202021203
2020212032
0202120322
2021203221
0212032211
2120322113
1203221132
2032211322
0322113223
3221132232
2211322323
2113223232
1132232321
1322323213
3223232133
2232321331
2323213311
3232133110
2321331101
3213311011
2133110113
1331101131
3311011313
3110113132
1101131321
1011313212
0113132121
1131321211
1313212111
3132121110
1321211101
3212111012
2121110122
1211101222
2111012221
1110122210
1101222101
1012221013
0122210132
1222101321
2221013213
2210132132
2101321322
1013213222
0132132222
1321322222
3213222221
2132222211
1322222111
3222221112
2222211122
2222111221
2221112211
2211122111
2111221111
1112211110
1122111101
1221111010
2211110101
2111101010
1111010102
1110101023
1101010232
1010102321
0101023212
1010232123
0102321231
1023212313
0232123131
2321231311
3212313113
2123131132
1231311323
2313113232
3131132320
1311323202
3113232021
1132320212
1323202121
3232021213
2320212133
3202121331
2021213311
0212133113
2121331132
1213311321
2133113212
1331132122
3311321222
3113212222
1132122221
1321222211
3212222110
2122221102
1222211022
2222110220
2221102202
2211022023
2110220232
1102202321
1022023212
0220232123
2202321232
2023212322
0232123221
2321232211
3212322113
2123221131
1232211311
2322113113
3221131132
2211311321
2113113210
1131132100
1311321001
3113210011
1132100113
1321001132
3210011321
2100113213
1001132132
0011321322
0113213220
1132132203
1321322032
3213220322
2132203223
1322032232
3220322321
2203223211
2032232110
0322321101
3223211011
2232110111
2321101112
3211011122
2110111222
1101112220
1011122202
0111222021
1112220210
1122202101
1222021012
2220210121
2202101211
2021012110
0210121100
2101211001
1012110012
0121100122
1211001221
2110012210
1100122101
1001221012
0012210121
0122101212
1221012121
2210121213
2101212132
1012121321
0121213211
1212132113
2121321132
1213211321
2132113211
1321132111
3211321113
2113211132
1132111321
1321113211
3211132110
2111321101
1113211011
1132110111
1321101111
3211011112
2110111120
1101111202
1011112023
0111120232
1111202321
1112023211
1120232110
1202321102
2023211021
0232110211
2321102110
3211021101
2110211010
1102110102
1021101020
0211010200
2110102001
1101020012
1010200122
0102001221
1020012210
0200122101
2001221011
0012210112
0122101120
1221011202
2210112020
2101120201
1011202011
0112020113
1120201132
1202011321
2020113213
0201132133
2011321333
0113213332
1132133322
1321333220
3213332203
2133322031
1333220312
3332203122
3322031223
3220312232
2203122320
2031223202
0312232020
3122320200
1223202003
2232020032
2320200322
3202003222
2020032222
0200322220
2003222201
0032222010
0322220101
3222201012
2222010122
2220101222
2201012220
2010122201
0101222010
1012220102
0122201021
1222010210
2220102102
2201021021
2010210210
0102102101
1021021012
0210210122
2102101222
1021012222
0210122222
2101222223
1012222232
0122222322
1222223221
2222232210
2222322101
2223221013
2232210132
2322101321
3221013211
2210132112
2101321121
1013211211
0132112110
1321121102
3211211022
2112110223
1121102231
1211022311
2110223111
1102231113
1022311131
0223111310
2231113101
2311131011
3111310111
1113101111
1131011111
1310111111
3101111110
1011111101
0111111011
1111110111
1111101111
1111011111
1110111112
1101111123
1011111232
0111112321
1111123211
1111232111
1112321111
1123211111
1232111111
2321111110
3211111101
2111111011
1111110111
1111101111
1111011112
1110111121
1101111210
1011112102
0111121022
1111210220
1112102203
1121022032
1210220321
2102203212
1022032122
0220321220
2203212203
2032122031
0321220310
3212203100
2122031003
1220310032
2203100321
2031003212
0310032123
3100321232
1003212322
0032123221
0321232210
3212322103
2123221032
1232210321
2322103212
3221032121
2210321212
2103212121
1032121210
0321212101
3212121013
2121210130
1212101301
2121013010
1210130100
2101301002
1013010022
0130100220
1301002203
3010022032
0100220322
1002203222
0022032221
0220322210
2203222102
2032221021
0322210210
3222102102
2221021023
2210210232
2102102321
1021023212
0210232123
2102321232
1023212321
0232123212
2321232122
3212321221
2123212212
1232122121
2321221213
3212212132
2122121321
1221213211
2212132111
2121321111
1213211110
2132111102
1321111021
3211110212
2111102122
1111021222
1110212222
1102122223
1021222232
0212222320
2122223200
1222232000
2222320002
2223200023
2232000232
2320002322
3200023220
2000232203
0002322032
0023220321
0232203211
2322032113
3220321131
2203211311
2032113113
0321131133
3211311333
2113113332
1131133323
1311333232
3113332321
1133323211
1333232111
3332321110
3323211103
3232111031
2321110313
3211103132
2111031322
1110313220
1103132200
1031322002
0313220023
3132200230
1322002301
3220023011
2200230111
2002301112
0023011122
0230111220
2301112201
3011122012
0111220120
1112201202
1122012022
1220120220
2201202202
2012022022
0120220222
1202202222
2022022222
0220222223
2202222231
2022222313
0222223132
2222231321
2222313211
2223132110
2231321102
2313211021
3132110213
1321102131
3211021313
2110213132
1102131321
1021313211
0213132111
2131321111
1313211110
3132111101
1321111011
3211110110
2111101100
1111011001
1110110013
1101100132
1011001321
0110013210
1100132101
1001321011
0013210111
0132101110
1321011101
3210111013
2101110131
1011101312
0111013123
1110131232
1101312321
1013123210
0131232101
1312321011
3123210110
1232101103
2321011031
3210110311
2101103112
1011031122
0110311222
1103112220
1031122203
0311222032
3112220320
1122203202
1222032022
2220320220
2203202201
2032022012
0320220122
3202201221
2022012213
0220122132
2201221321
2012213211
0122132111
1221321111
2213211112
2132111123
1321111232
3211112322
2111123220
1111232201
1112322011
1123220110
1232201102
2322011020
3220110200
2201102002
2011020021
0110200211
1102002110
1020021100
0200211002
2002110021
0021100211
0211002110
2110021102
1100211022
1002110223
0021102232
0211022320
2110223201
1102232012
1022320123
0223201231
2232012311
2320123110
3201231103
2012311031
0123110310
1231103103
2311031033
3110310332
1103103321
1031033213
0310332132
3103321322
1033213220
0332132202
3321322023
3213220232
2132202322
1322023223
3220232232
2202322322
2023223222
0232232222
2322322222
3223222221
2232222213
2322222131
3222221313
2222213132
2222131321
2221313213
2213132132
2131321322
1313213223
3132132233
1321322332
3213223323
2132233231
1322332312
3223323123
2233231231
2332312311
3323123113
3231231133
2312311331
3123113313
1231133132
2311331321
3113313213
1133132131
1331321310
3313213103
3132131031
1321310310
3213103101
2131031011
1310310112
3103101123
1031011232
0310112322
3101123223
1011232231
0112322313
1123223132
1232231321
2322313212
3223132123
2231321231
2313212310
3132123100
1321231002
3212310021
2123100212
1231002121
2310021211
3100212112
1002121122
0021211221
0212112212
2121122122
1211221221
2112212210
1122122102
1221221021
2212210210
2122102102
1221021022
2210210220
2102102202
1021022020
0210220202
2102202022
1022020220
0220202200
2202022002
2020220021
0202200210
2022002101
0220021010
2200210101
2002101011
0021010110
0210101103
2101011032
1010110321
0101103212
1011032122
0110321221
1103212212
1032122122
0321221221
3212212213
2122122132
1221221321
2212213213
2122132132
1221321321
2213213210
2132132102
1321321022
3213210220
2132102202
1321022020
3210220201
2102202011
1022020112
0220201120
2202011202
2020112021
0201120213
2011202131
0112021312
1120213123
1202131232
2021312322
0213123220
2131232202
1312322021
3123220211
1232202112
2322021121
3220211213
2202112132
2021121320
0211213201
2112132010
1121320101
1213201011
2132010111
1320101110
3201011102
2010111021
0101110212
1011102122
0111021222
1110212222
1102122221
1021222211
0212222111
2122221113
1222211131
2222111311
2221113111
2211131111
2111311110
1113111100
1131111001
1311110011
3111100110
1111001100
1110011002
1100110021
1001100212
0011002121
0110021210
1100212102
1002121020
0021210203
0212102032
2121020321
1210203212
2102032121
1020321210
0203212103
2032121031
0321210311
3212103113
2121031131
1210311310
2103113100
1031131002
0311310022
3113100220
1131002202
1310022020
3100220201
1002202010
0022020102
0220201020
2202010202
2020102021
0201020213
2010202132
0102021320
1020213200
0202132002
2021320020
0213200200
2132002000
1320020002
3200200023
2002000232
0020002320
0200023200
2000232002
0002320022
0023200223
0232002233
2320022333
3200223333
2002233332
0022333322
0223333222
2233332221
2333322213
3333222131
3332221311
3322213112
3222131122
2221311221
2213112212
2131122121
1311221213
3112212133
1122121333
1221213331
2212133312
2121333122
1213331221
2133312210
1333122101
3331221013
3312210132
3122101323
1221013231
2210132313
2101323130
1013231303
0132313030
1323130300
3231303002
2313030022
3130300222
1303002221
3030022210
0300222103
3002221031
0022210313
0222103132
2221031322
2210313220
2103132203
1031322031
0313220311
3132203111
1322031113
3220311132
2203111320
2031113201
0311132012
3111320122
1113201222
1132012222
1320122220
3201222202
2012222020
0122220202
1222202021
2222020212
2220202123
2202021232
2020212320
0202123200
2021232002
0212320020
2123200203
1232002031
2320020311
3200203111
2002031112
0020311122
0203111223
2031112232
0311122322
3111223221
1112232211
1122322110
1223221103
2232211031
2322110310
3221103100
2211031002
2110310022
1103100223
1031002232
0310022323
3100223233
1002232332
0022323321
0223233212
2232332122
2323321222
3233212220
2332122202
3321222020
3212220200
2122202001
1222020010
2220200101
2202001011
2020010113
0200101131
2001011312
0010113121
0101131211
1011312111
0113121110
1131211100
1312111000
3121110002
1211100021
2111000211
1110002110
1100021100
1000211001
0002110010
0021100100
0211001002
2110010022
1100100220
1001002202
0010022020
0100220203
1002202031
0022020311
0220203113
2202031132
2020311322
0203113220
2031132203
0311322032
3113220320
1132203200
1322032002
3220320021
2203200211
2032002113
0320021130
3200211301
2002113012
0021130123
0211301232
2113012320
1130123203
1301232032
3012320322
0123203221
1232032211
2320322112
3203221122
2032211222
0322112222
3221122223
2211222232
2112222322
1122223222
1222232221
2222322210
2223222102
2232221021
2322210211
3222102111
2221021111
2210211113
2102111130
1021111301
0211113012
2111130123
1111301232
1113012323
1130123231
1301232312
3012323121
0123231212
1232312122
2323121221
3231212213
2312122132
3121221321
1212213213
2122132132
1221321322
2213213222
2132132221
1321322210
3213222103
2132221031
1322210313
3222103132
2221031321
2210313211
2103132113
1031321132
0313211320
3132113201
1321132011
3211320113
2113201131
1132011311
1320113110
3201131101
2011311012
0113110122
1131101223
1311012232
3110122321
1101223210
1012232102
0122321021
1223210213
2232102132
2321021322
3210213223
2102132232
1021322320
0213223201
2132232012
1322320121
3223201210
2232012102
2320121021
3201210213
2012102132
0121021320
1210213203
2102132032
1021320321
0213203211
2132032111
1320321113
3203211130
2032111301
0321113012
3211130122
2111301221
1113012213
1130122132
1301221321
3012213213
0122132133
1221321332
2213213321
2132133213
1321332132
3213321322
2133213220
1332132201
3321322013
3213220130
2132201301
1322013012
3220130123
2201301232
2013012321
0130123212
1301232122
3012321222
0123212220
1232122202
2321222020
3212220200
2122202001
1222020010
2220200100
2202001002
2020010022
0200100220
2001002201
0010022011
0100220112
1002201121
0022011210
0220112103
2201121031
2011210312
0112103122
1121031221
1210312213
2103122131
1031221311
0312213111
3122131110
1221311102
2213111022
2131110220
1311102201
3111022011
1110220113
1102201132
1022011321
0220113213
2201132131
2011321310
0113213100
1132131001
1321310013
3213100132
2131001322
1310013223
3100132232
1001322323
0013223232
0132232323
1322323232
3223232321
2232323210
2323232102
3232321020
2323210203
3232102031
2321020312
3210203121
2102031211
1020312110
0203121100
2031211002
0312110022
3121100222
1211002222
2110022220
1100222203
1002222032
0022220320
0222203202
2222032021
2220320213
2203202130
2032021301
0320213011
3202130113
2021301132
0213011322
2130113220
1301132202
3011322022
0113220220
1132202202
1322022022
3220220223
2202202232
2022022321
0220223212
2202232122
2022321221
0223212213
2232122132
2321221322
3212213223
2122132232
1221322321
2213223210
2132232101
1322321011
3223210112
2232101123
2321011232
3210112320
2101123203
1011232033
0112320333
1123203332
1232033322
2320333221
3203332213
2033322132
0333221321
3332213213
3322132131
3221321312
2213213121
2132131210
1321312100
3213121001
2131210012
1312100123
3121001231
1210012311
2100123113
1001231132
0012311322
0123113223
1231132231
2311322310
3113223100
1132231002
1322310020
3223100202
2231002021
2310020211
3100202111
1002021111
0020211110
0202111100
2021111001
0211110011
2111100110
1111001101
1110011012
1100110123
1001101231
0011012310
0110123100
1101231000
1012310000
0123100003
1231000031
2310000310
3100003101
1000031011
0000310112
0003101120
0031011201
0310112013
3101120133
1011201331
0112013312
1120133122
1201331222
2013312221
0133122213
1331222132
3312221322
3122213221
1222132210
2221322101
2213221012
2132210122
1322101221
3221012213
2210122132
2101221321
1012213213
0122132133
1221321332
2213213320
2132133203
1321332030
3213320303
2133203031
1332030312
3320303120
3203031201
2030312012
0303120120
3031201202
0312012020
3120120201
1201202011
2012020112
0120201120
1202011202
2020112023
0201120230
2011202301
0112023011
1120230110
1202301101
2023011012
0230110121
2301101211
3011012112
0110121120
1101211201
1012112012
0121120122
1211201222
2112012222
1120122222
1201222221
2012222210
0122222100
1222221002
2222210022
2222100223
2221002231
2210022311
2100223111
1002231111
0022311110
0223111103
2231111031
2311110310
3111103100
1111031002
1110310023
1103100232
1031002322
0310023220
3100232203
1002322032
0023220322
0232203221
2322032212
3220322121
2203221213
2032212132
0322121322
3221213220
2212132202
2121322023
1213220231
2132202311
1322023110
3220231103
2202311031
2023110311
0231103113
2311031132
3110311321
1103113212
1031132121
0311321211
3113212112
1132121122
1321211221
3212112212
2121122121
1211221213
2112212133
1122121331
1221213310
2212133101
2121331011
1213310111
2133101110
1331011101
3310111011
3101110110
1011101102
0111011020
1110110202
1101102021
1011020212
0110202120
1102021201
1020212012
0202120123
2021201231
0212012313
2120123132
1201231322
2012313220
0123132202
1231322021
2313220213
3132202130
1322021301
3220213012
2202130122
2021301221
0213012212
2130122123
1301221231
3012212310
0122123101
1221231011
2212310112
2123101123
1231011232
2310112323
3101123232
1011232322
0112323222
1123232220
1232322202
2323222021
3232220213
2322202132
3222021320
2220213203
2202132032
2021320320
0213203201
2132032011
1320320113
3203201133
2032011333
0320113332
3201133322
2011333222
0113332222
1133322221
1333222212
3332222120
3322221200
3222212000
2222120001
2221200011
2212000110
2120001103
1200011030
2000110301
0001103012
0011030120
0110301203
1103012032
1030120322
0301203222
3012032220
0120322203
1203222031
2032220311
0322203111
3222031112
2220311122
2203111221
2031112212
0311122121
3111221212
1112212122
1122121222
1221212220
2212122202
2121222020
1212220203
2122202031
1222020311
2220203111
2202031111
2020311112
0203111120
2031111201
0311112011
3111120113
1111201132
1112011321
1120113213
1201132132
2011321322
0113213220
1132132202
1321322020
3213220200
2132202000
1322020002
3220200022
2202000221
2020002212
0200022120
2000221202
0002212021
0022120212
0221202122
2212021221
2120212213
1202122132
2021221321
0212213211
2122132112
1221321121
2213211210
2132112102
1321121021
3211210211
2112102112
1121021121
1210211211
2102112111
1021121110
0211211103
2112111031
1121110313
1211103132
2111031321
1110313210
1103132101
1031321011
0313210110
3132101103
1321011031
3210110312
2101103120
1011031201
0110312012
1103120123
1031201231
0312012313
3120123130
1201231301
2012313010
0123130103
1231301032
2313010320
3130103203
1301032031
3010320310
0103203103
1032031032
0320310322
3203103223
2031032232
0310322320
3103223200
1032232000
0322320003
3223200032
2232000321
2320003213
3200032132
2000321322
0003213220
0032132203
0321322032
3213220320
2132203203
1322032031
3220320312
2203203120
2032031201
0320312013
3203120131
2031201311
0312013112
3120131120
1201311202
2013112023
0131120232
1311202321
3112023211
1120232112
1202321122
2023211221
0232112211
2321122111
3211221110
2112211100
1122111002
1221110023
2211100233
2111002331
1110023311
1100233112
1002331123
0023311232
0233112320
2331123202
3311232021
3112320213
1123202132
1232021322
2320213223
3202132231
2021322310
0213223101
2132231011
1322310112
3223101120
2231011202
2310112023
3101120233
1011202331
0112023313
1120233131
1202331311
2023313111
0233131112
2331311121
3313111210
3131112103
1311121032
3111210322
1112103221
1121032211
1210322111
2103221112
1032211121
0322111212
3221112120
2211121201
2111212011
1112120111
1121201111
1212011111
2120111110
1201111102
2011111021
0111110212
1111102121
1111021213
1110212133
1102121331
1021213312
0212133123
2121331232
1213312322
2133123223
1331232231
3312322310
3123223103
1232231031
2322310311
3223103110
2231031102
2310311020
3103110200
1031102001
0311020012
3110200120
1102001201
1020012010
0200120101
2001201012
0012010120
0120101203
1201012033
2010120332
0101203322
1012033222
0120332221
1203322213
2033222132
0332221321
3322213211
3222132111
2221321110
2213211102
2132111021
1321110213
3211102131
2111021311
1110213110
1102131103
1021311032
0213110322
2131103220
1311032201
3110322010
1103220102
1032201021
0322010210
3220102101
2201021011
2010210113
0102101133
1021011331
0210113313
2101133130
1011331301
0113313011
1133130112
1331301122
3313011222
3130112221
1301122212
3011222121
0112221213
1122212132
1222121321
2221213213
2212132132
2121321322
1213213220
2132132202
1321322022
3213220220
2132202202
1322022022
3220220220
2202202202
2022022022
0220220220
2202202201
2022022010
0220220103
2202201032
2022010322
0220103220
2201032201
2010322012
0103220120
1032201201
0322012011
3220120113
2201201132
2012011322
0120113223
1201132232
2011322322
0113223220
1132232203
1322322032
3223220321
2232203213
2322032132
3220321320
2203213202
2032132022
0321320220
3213202202
2132022023
1320220230
3202202301
2022023011
0220230113
2202301132
2023011322
0230113223
2301132231
3011322311
0113223111
1132231113
1322311131
3223111310
2231113101
2311131011
3111310110
1113101102
1131011022
1310110222
3101102221
1011022213
0110222133
1102221331
1022213313
0222133133
2221331331
2213313310
2133133102
1331331021
3313310212
3133102121
1331021210
3310212102
3102121020
1021210202
0212102020
2121020201
1210202011
2102020113
1020201131
0202011311
2020113110
0201131101
2011311011
0113110112
1131101121
1311011211
3110112113
1101121130
1011211301
0112113011
1121130112
1211301121
2113011210
1130112102
1301121021
3011210211
0112102112
1121021121
1210211210
2102112103
1021121031
0211210313
2112103131
1121031311
1210313113
2103131131
1031311311
0313113110
3131131101
1311311012
3113110121
1131101212
1311012122
3110121220
1101212202
1012122021
0121220210
1212202101
2122021010
1220210102
2202101021
2021010210
0210102102
2101021020
1010210202
0102102020
1021020201
0210202011
2102020111
1020201111
0202011110
2020111102
0201111021
2011110211
0111102112
1111021120
1110211201
1102112010
1021120101
0211201012
2112010120
1120101201
1201012010
2010120102
0101201020
1012010202
0120102022
1201020222
2010202221
0102022212
1020222120
0202221202
2022212022
0222120220
2221202200
2212022003
2120220031
1202200310
2022003102
0220031021
2200310211
2003102112
0031021121
0310211211
3102112113
1021121133
0211211331
2112113311
1121133111
1211331111
2113311113
1133111133
1331111331
3311113311
3111133111
1111331110
1113311101
1133111011
1331110112
3311101121
3111011210
1110112102
1101121020
1011210202
0112102021
1121020211
1210202113
2102021132
1020211322
0202113223
2021132232
0211322322
2113223220
1132232202
1322322022
3223220222
2232202221
2322022211
3220222111
2202221110
2022211102
0222111020
2221110202
2211102023
2111020232
1110202321
1102023211
1020232111
0202321111
2023211112
0232111123
2321111232
3211112321
2111123211
1111232112
1112321122
1123211220
1232112202
2321122022
3211220221
2112202213
1122022131
1220221313
2202213132
2022131322
0221313220
2213132202
2131322022
1313220223
3132202232
1322022322
3220223220
2202232203
2022322032
0223220322
2232203223
2322032232
3220322322
2203223222
2032232222
0322322221
3223222211
2232222110
2322221100
3222211002
2222110022
2221100222
2211002220
2110022202
1100222021
1002220211
0022202111
0222021113
2220211132
2202111321
2021113211
0211132110
2111321100
1113211002
1132110021
1321100211
3211002111
2110021111
1100211111
1002111111
0021111110
0211111102
2111111021
1111110211
1111102110
1111021101
1110211010
1102110101
1021101012
0211010122
2110101223
1101012230
1010122301
0101223010
1012230102
0122301021
1223010212
2230102120
2301021202
3010212022
0102120220
1021202201
0212022011
2120220111
1202201111
2022011110
0220111101
2201111013
2011110132
0111101321
1111013212
1110132121
1101321213
1013212132
0132121321
1321213211
3212132110
2121321102
1213211022
2132110221
1321102212
3211022120
2110221203
1102212032
1022120320
0221203202
2212032020
2120320202
1203202023
2032020232
0320202320
3202023202
2020232022
0202320222
2023202223
0232022231
2320222313
3202223132
2022231322
0222313220
2223132201
2231322011
2313220111
3132201113
1322011132
3220111320
2201113202
2011132022
0111320222
1113202221
1132022213
1320222133
3202221331
2022213312
0222133121
2221331211
2213312110
2133121101
1331211011
3312110111
3121101111
1211011110
2110111102
1101111022
1011110223
0111102232
1111022321
1110223211
1102232111
1022321110
0223211103
2232111032
2321110321
3211103211
2111032110
1110321101
1103211013
1032110130
0321101303
3211013032
2110130321
1101303211
1013032110
0130321102
1303211020
3032110202
0321102023
3211020230
2110202301
1102023012
1020230123
0202301232
2023012320
0230123200
2301232003
3012320031
0123200310
1232003102
2320031022
3200310221
2003102213
0031022132
0310221322
3102213222
1022132222
0221322220
2213222202
2132222021
1322220212
3222202122
2222021221
2220212211
2202122110
2021221103
0212211031
2122110310
1221103101
2211031011
2110310111
1103101111
1031011111
0310111111
3101111111
1011111112
0111111122
1111111221
1111112210
1111122101
1111221011
1112210111
1122101111
1221011113
2210111132
2101111323
1011113232
0111132321
1111323210
1113232101
1132321011
1323210110
3232101101
2321011011
3210110110
2101101103
1011011031
0110110311
1101103111
1011031111
0110311110
1103111101
1031111011
0311110110
3111101102
1111011020
1110110201
1101102010
1011020100
0110201002
1102010021
1020100211
0201002111
2010021110
0100211100
1002111002
0021110022
0211100222
2111002221
1110022211
1100222110
1002221101
0022211011
0222110110
2221101100
2211011002
2110110022
1101100221
1011002210
0110022100
1100221002
1002210020
0022100200
0221002003
2210020032
2100200322
1002003222
0020032221
0200322213
2003222131
0032221310
0322213103
3222131031
2221310310
2213103100
2131031002
1310310022
3103100220
1031002201
0310022010
3100220101
1002201011
0022010110
0220101100
2201011002
2010110021
0101100210
1011002101
0110021011
1100210111
1002101111
0021011113
0210111133
2101111331
1011113311
0111133113
1111331132
1113311322
1133113222
1331132222
3311322221
3113222211
1132222111
1322221113
3222211133
2222111333
2221113332
2211133322
2111333221
1113332211
1133322112
1333221121
3332211212
3322112121
3221121211
2211212112
2112121123
1121211232
1212112322
2121123220
1211232202
2112322020
1123220200
1232202001
2322020011
3220200111
2202001113
2020011132
0200111320
2001113202
0011132023
0111320230
1113202301
1132023011
1320230113
3202301132
2023011322
0230113221
2301132210
3011322101
0113221011
1132210111
1322101111
3221011111
2210111112
2101111122
1011111222
0111112222
1111122221
1111222213
1112222132
1122221321
1222213211
2222132112
2221321122
2213211221
2132112211
1321122111
3211221111
2112211111
1122111110
1221111101
2211111011
2111110112
1111101121
1111011211
1110112113
1101121133
1011211331
0112113310
1121133102
1211331021
2113310211
1133102110
1331021102
3310211022
3102110221
1021102211
0211022113
2110221133
1102211331
1022113312
0221133120
2211331201
2113312010
1133120100
1331201001
3312010011
3120100111
1201001111
2010011113
0100111130
1001111301
0011113013
0111130130
1111301301
1113013013
1130130132
1301301322
3013013220
0130132200
1301322001
3013220011
0132200110
1322001102
3220011022
2200110220
2001102201
0011022011
0110220111
1102201111
1022011111
0220111111
2201111111
2011111110
0111111100
1111111000
1111110002
1111100021
1111000211
1110002112
1100021122
1000211222
0002112220
0021122202
0211222021
2112220211
1122202111
1222021113
2220211132
2202111320
2021113202
0211132022
2111320222
1113202223
1132022232
1320222322
3202223223
2022232231
0222322311
2223223111
2232231110
2322311102
3223111021
2231110213
2311102131
3111021311
1110213110
1102131101
1021311010
0213110101
2131101011
1311010110
3110101102
1101011021
1010110210
0101102102
1011021021
0110210213
1102102132
1021021320
0210213202
2102132020
1021320200
0213202001
2132020011
1320200111
3202001111
2020011112
0200111120
2001111202
0011112023
0111120230
1111202301
1112023013
1120230133
1202301332
2023013322
0230133222
2301332223
3013322231
0133222313
1332223132
3322231322
3222313221
2223132213
2231322132
2313221320
3132213202
1322132021
3221320211
2213202113
2132021132
1320211320
3202113202
2021132022
0211320220
2113202201
1132022012
1320220123
3202201232
2022012322
0220123221
2201232213
2012322132
0123221323
1232213232
2322132323
3221323230
2213232302
2132323022
1323230222
3232302221
2323022210
3230222102
2302221022
3022210222
0222102221
2221022211
2210222110
2102221101
1022211011
0222110112
2221101120
2211011201
2110112012
1101120122
1011201220
0112012201
1120122011
1201220111
2012201111
0122011111
1220111111
2201111111
2011111113
0111111133
1111111333
1111113331
1111133310
1111333101
1113331011
1133310112
1333101120
3331011202
3310112022
3101120221
1011202210
0112022102
1120221021
1202210213
2022102133
0221021332
2210213322
2102133222
1021332222
0213322220
2133222202
1332222022
3322220222
3222202220
2222022201
2220222012
2202220122
2022201221
0222012212
2220122123
2201221232
2012212320
0122123202
1221232022
2212320221
2123202211
1232022112
2320221122
3202211221
2022112212
0221122122
2211221223
2112212232
1122122322
1221223220
2212232203
2122322032
1223220323
2232203232
2322032322
3220323222
2203232220
2032322201
0323222013
3232220132
2322201320
3222013202
2220132020
2201320201
2013202013
0132020132
1320201323
3202013231
2020132311
0201323111
2013231111
0132311113
1323111131
3231111313
2311113132
3111131321
1111313210
1113132103
1131321032
1313210322
3132103222
1321032222
3210322223
2103222232
1032222321
0322223211
3222232111
2222321113
2223211130
2232111303
2321113030
3211130301
2111303013
1113030132
1130301321
1303013210
3030132102
0301321022
3013210220
0132102202
1321022020
3210220202
2102202021
1022020211
0220202111
2202021110
2020211102
0202111022
2021110222
0211102221
2111022210
1110222101
1102221013
1022210132
0222101323
2221013232
2210132322
2101323222
1013232220
0132322201
1323222010
3232220102
2322201023
3222010232
2220102321
2201023210
2010232102
0102321023
1023210232
0232102322
2321023221
3210232210
2102322101
1023221010
0232210102
2322101022
3221010222
2210102222
2101022223
1010222232
0102222322
1022223222
0222232221
2222322210
2223222101
2232221012
2322210122
3222101220
2221012202
2210122022
2101220220
1012202201
0122022011
1220220111
2202201111
2022011111
0220111110
2201111100
2011111000
0111110000
1111100002
1111000022
1110000220
1100002202
1000022021
0000220211
0002202111
0022021110
0220211100
2202111000
2021110000
0211100002
2111000021
1110000211
1100002111
1000021111
0000211110
0002111101
0021111011
0211110111
2111101112
1111011122
1110111220
1101112203
1011122032
0111220322
1112203220
1122032203
1220322032
2203220321
2032203213
0322032131
3220321310
2203213100
2032131000
0321310001
3213100011
2131000111
1310001111
3100011110
1000111101
0001111010
0011110103
0111101030
1111010302
1110103023
1101030233
1010302331
0103023311
1030233113
0302331133
3023311332
0233113320
2331133202
3311332022
3113320220
1133202200
1332022003
3320220030
3202200300
2022003002
0220030022
2200300220
2003002201
0030022012
0300220120
3002201203
0022012032
0220120322
2201203220
2012032200
0120322002
1203220021
2032200210
0322002102
3220021021
2200210210
2002102103
0021021031
0210210310
2102103101
1021031011
0210310111
2103101111
1031011110
0310111100
3101111001
1011110011
0111100110
1111001102
1110011021
1100110210
1001102101
0011021010
0110210102
1102101022
1021010220
0210102201
2101022013
1010220130
0102201302
1022013022
0220130220
2201302202
2013022021
0130220211
1302202111
3022021111
0220211110
2202111103
2021111031
0211110310
2111103101
1111031010
1110310101
1103101013
1031010132
0310101321
3101013213
1010132130
0101321301
1013213013
0132130131
1321301310
3213013103
2130131031
1301310310
3013103101
0131031011
1310310112
3103101123
1031011230
0310112301
3101123010
1011230102
0112301021
1123010213
1230102132
2301021323
3010213232
0102132321
1021323211
0213232110
2132321101
1323211010
3232110101
2321101013
3211010132
2110101321
1101013211
1010132110
0101321100
1013211001
0132110012
1321100123
3211001231
2110012311
1100123111
1001231110
0012311100
0123111000
1231110002
2311100022
3111000221
1110002213
1100022131
1000221311
0002213113
0022131131
0221311311
2213113110
2131131101
1311311011
3113110110
1131101101
1311011011
3110110110
1101101101
1011011013
0110110132
1101101323
1011013230
0110132301
1101323011
1013230111
0132301111
1323011111
3230111110
2301111102
3011111021
0111110211
1111102111
1111021111
1110211111
1102111113
1021111131
0211111311
2111113111
1111131111
1111311110
1113111101
1131111011
1311110112
3111101122
1111011223
1110112232
1101122321
1011223211
0112232111
1122321110
1223211100
2232111001
2321110011
3211100112
2111001121
1110011212
1100112121
1001121211
0011212112
0112121122
1121211220
1212112201
2121122010
1211220101
2112201010
1122010101
1220101013
2201010132
2010101320
0101013201
1010132013
0101320133
1013201332
0132013321
1320133210
3201332101
2013321013
0133210132
1332101320
3321013202
3210132021
2101320210
1013202102
0132021022
1320210223
3202102232
2021022322
0210223220
2102232201
1022322010
0223220101
2232201011
2322010112
3220101122
2201011222
2010112221
0101122213
1011222132
0112221321
1122213211
1222132111
2221321112
2213211122
2132111222
1321112221
3211122213
2111222131
1112221311
1122213113
1222131132
2221311321
2213113213
2131132132
1311321320
3113213200
1132132003
1321320033
3213200331
2132003311
1320033113
3200331132
2003311323
0033113232
0331132320
3311323200
3113232002
1132320021
1323200213
3232002132
2320021320
3200213201
2002132010
0021320102
0213201023
2132010232
1320102323
3201023231
2010232310
0102323101
1023231010
0232310101
2323101011
3231010113
2310101132
3101011322
1010113220
0101132203
1011322032
0113220323
1132203230
1322032303
3220323030
2203230303
2032303033
0323030333
3230303332
2303033320
3030333203
0303332031
3033320310
0333203103
3332031033
3320310332
3203103323
2031033230
0310332303
3103323030
1033230303
0332303032
3323030322
3230303223
2303032233
3030322333
0303223333
3032233333
0322333333
3223333331
2233333313
2333333133
3333331333
3333313333
3333133333
3331333333
3313333331
3133333313
1333333130
