2122021312
1220213122
2202131220
2021312200
0213122001
2131220013
1312200132
3122001321
1220013211
2200132113
2001321130
0013211302
0132113020
1321130200
3211302000
2113020001
1130200013
1302000133
3020001331
0200013313
2000133132
0001331321
0013313213
0133132132
1331321322
3313213222
3132132222
1321322221
3213222212
2132222120
1322221201
3222212012
2222120122
2221201221
2212012213
2120122133
1201221332
2012213323
0122133231
1221332310
2213323102
2133231023
1332310233
3323102333
3231023331
2310233310
3102333101
1023331013
0233310131
2333101311
3331013112
3310131122
3101311222
1013112220
0131122200
1311222001
3112220013
1122200133
1222001333
2220013333
2200133331
2001333313
0013333133
0133331333
1333313332
3333133321
3331333211
3313332112
3133321122
1333211220
3332112202
3321122022
3211220220
2112202202
1122022020
1220220200
2202202002
2022020020
0220200202
2202002020
2020020200
0200202002
2002020022
0020200222
0202002222
2020022221
0200222212
2002222121
0022221210
0222212100
2222121002
2221210023
2212100232
2121002321
1210023211
2100232111
1002321111
0023211111
0232111111
2321111111
3211111111
2111111110
1111111101
1111111010
1111110101
1111101010
1111010101
1110101010
1101010101
1010101013
0101010133
1010101332
0101013320
1010133202
0101332021
1013320212
0133202123
1332021231
3320212311
3202123113
2021231133
0212311333
2123113331
1231133313
2311333133
3113331333
1133313331
1333133311
3331333111
3313331111
3133311113
1333111131
3331111311
3311113113
3111131131
1111311311
1113113113
1131131131
1311311313
3113113133
1131131331
1311313313
3113133131
1131331311
1313313113
3133131131
1331311313
3313113131
3131131311
1311313112
3113131120
1131311202
1313112023
3131120231
1311202312
3112023121
1120231211
1202312112
2023121123
0231211231
2312112311
3121123111
1211231111
2112311110
1123111103
1231111033
2311110333
3111103332
1111033322
1110333220
1103332202
1033322021
0333220212
3332202122
3322021220
3220212201
2202122010
2021220102
0212201021
2122010213
1220102132
2201021321
2010213212
0102132121
1021321212
0213212121
2132121212
1321212121
3212121212
2121212122
1212121222
2121212221
1212122211
2121222110
1212221101
2122211011
1222110111
2221101110
2211011102
2110111020
1101110202
1011102021
0111020211
1110202113
1102021133
1020211332
0202113322
2021133221
0211332212
2113322121
1133221212
1332212122
3322121223
3221212232
2212122321
2121223213
1212232131
2122321312
1223213122
2232131221
2321312213
3213122131
2131221313
1312213132
3122131321
1221313210
2213132102
2131321021
1313210211
3132102110
1321021102
3210211022
2102110223
1021102232
0211022320
2110223201
1102232012
1022320121
0223201212
2232012121
2320121211
3201212110
2012121102
0121211021
1212110211
2121102113
1211021131
2110211311
1102113111
1021131111
0211311111
2113111112
1131111122
1311111220
3111112202
1111122021
1111220211
1112202112
1122021121
1220211213
2202112131
2021121312
0211213121
2112131213
1121312131
1213121311
2131213110
1312131101
3121311012
1213110123
2131101231
1311012311
3110123112
1101231121
1012311212
0123112123
1231121231
2311212311
3112123112
1121231122
1212311222
2123112221
1231122210
2311222102
3112221021
1122210211
1222102112
2221021120
2210211202
2102112022
1021120222
0211202220
2112022200
1120222000
1202220002
2022200020
0222000202
2220002022
2200020220
2000202202
0002022021
0020220211
0202202113
2022021131
0220211310
2202113102
2021131021
0211310211
2113102112
1131021121
1310211211
3102112113
1021121131
0211211312
2112113122
1121131221
1211312213
2113122133
1131221333
1312213332
3122133323
1221333231
2213332312
2133323121
1333231211
3332312113
3323121133
3231211333
2312113333
3121133331
1211333311
2113333112
1133331122
1333311221
3333112211
3331122110
3311221101
3112211011
1122110111
1221101112
2211011121
2110111211
1101112111
1011121111
0111211110
1112111102
1121111021
1211110211
2111102111
1111021111
1110211112
1102111122
1021111222
0211112221
2111122211
1111222111
1112221112
1122211121
1222111212
2221112123
2211121230
2111212303
1112123032
1121230320
1212303200
2123032003
1230320031
2303200313
3032003131
0320031311
3200313113
2003131132
0031311322
0313113220
3131132201
1311322011
3113220111
1132201111
1322011113
3220111133
2201111331
2011113310
0111133103
1111331032
1113310320
1133103200
1331032002
3310320020
3103200203
1032002032
0320020320
3200203201
2002032011
0020320112
0203201120
2032011201
0320112012
3201120120
2011201202
0112012021
1120120210
1201202100
2012021002
0120210020
1202100201
2021002010
0210020100
2100201002
1002010022
0020100222
0201002221
2010022211
0100222113
1002221132
0022211323
0222113231
2221132311
2211323112
2113231122
1132311221
1323112212
3231122121
2311221211
3112212111
1122121111
1221211111
2212111110
2121111102
1211111021
2111110211
1111102111
1111021111
1110211110
1102111101
1021111011
0211110110
2111101103
1111011032
1110110323
1101103231
1011032311
0110323112
1103231120
1032311202
0323112022
3231120220
2311202201
3112022013
1120220131
1202201312
2022013122
0220131221
2201312211
2013122112
0131221122
1312211221
3122112213
1221122131
2211221312
2112213121
1122131211
1221312112
2213121123
2131211232
1312112323
3121123231
1211232311
2112323113
1123231133
1232311331
2323113312
3231133122
2311331222
3113312221
1133122213
1331222131
3312221312
3122213122
1222131222
2221312221
2213122213
2131222131
1312221311
3122213112
1222131120
2221311201
2213112010
2131120101
1311201011
3112010112
1120101120
1201011202
2010112020
0101120200
1011202001
0112020010
1120200101
1202001012
2020010121
0200101212
2001012120
0010121201
0101212011
1012120113
0121201131
1212011310
2120113102
1201131022
2011310220
0113102202
1131022020
1310220200
3102202001
1022020010
0220200101
2202001010
2020010103
0200101033
2001010331
0010103311
0101033111
1010331111
0103311110
1033111100
0331111002
3311110022
3111100222
1111002222
1110022222
1100222220
1002222202
0022222021
0222220211
2222202112
2222021122
2220211220
2202112201
2021122011
0211220113
2112201132
1122011320
1220113200
2201132002
2011320020
0113200200
1132002002
1320020022
3200200220
2002002202
0020022020
0200220202
2002202021
0022020212
0220202120
2202021202
2020212022
0202120220
2021202202
0212022022
2120220220
1202202201
2022022010
0220220100
2202201000
2022010003
0220100033
2201000331
2010003311
0100033111
1000331111
0003311112
0033111123
0331111232
3311112323
3111123232
1111232321
1112323210
1123232103
1232321031
2323210311
3232103112
2321031121
3210311212
2103112120
1031121202
0311212022
3112120221
1121202212
1212022122
2120221223
1202212231
2022122310
0221223102
2212231021
2122310211
1223102110
2231021102
2310211022
3102110223
1021102232
0211022321
2110223213
1102232131
1022321310
0223213100
2232131002
2321310022
3213100222
2131002221
1310022213
3100222130
1002221301
0022213012
0222130120
2221301201
2213012013
2130120132
1301201322
3012013220
0120132201
1201322012
2013220121
0132201213
1322012132
3220121322
2201213223
2012132232
0121322321
1213223211
2132232111
1322321110
3223211103
2232111032
2321110321
3211103211
2111032111
1110321112
1103211123
1032111232
0321112321
3211123212
2111232121
1112321212
1123212123
1232121231
2321212310
3212123100
2121231001
1212310012
2123100122
1231001221
2310012213
3100122131
1001221312
0012213120
0122131202
1221312021
2213120210
2131202100
1312021002
3120210020
1202100200
2021002001
0210020010
2100200100
1002001002
0020010021
0200100211
2001002112
0010021121
0100211210
1002112101
0021121012
0211210123
2112101231
1121012310
1210123100
2101231002
1012310020
0123100202
1231002022
2310020221
3100202211
1002022111
0020221110
0202211103
2022111032
0221110320
2211103200
2111032001
1110320012
1103200121
1032001211
0320012113
3200121133
2001211331
0012113310
0121133103
1211331032
2113310322
1133103223
1331032232
3310322323
3103223232
1032232322
0322323222
3223232221
2232322212
2323222121
3232221210
2322212102
3222121022
2221210221
2212102212
2121022122
1210221221
2102212212
1022122121
0221221212
2212212121
2122121210
1221212102
2212121022
2121210220
1212102200
2121022002
1210220021
2102200213
1022002132
0220021322
2200213221
2002132211
0021322112
0213221120
2132211201
1322112011
3221120110
2211201102
2112011023
1120110230
1201102301
2011023011
0110230111
1102301112
1023011121
0230111210
2301112103
3011121031
0111210313
1112103132
1121031321
1210313210
2103132101
1031321010
0313210100
3132101001
1321010012
3210100121
2101001211
1010012112
0100121120
1001211202
0012112021
0121120213
1211202131
2112021310
1120213102
1202131021
2021310210
0213102100
2131021002
1310210020
3102100201
1021002012
0210020121
2100201213
1002012132
0020121322
0201213222
2012132221
0121322210
1213222100
2132221002
1322210021
3222100213
2221002132
2210021323
2100213232
1002132322
0021323220
0213232202
2132322020
1323220201
3232202013
2322020132
3220201323
2202013233
2020132332
0201323320
2013233200
0132332001
1323320012
3233200120
2332001202
3320012020
3200120202
2001202021
0012020212
0120202120
1202021202
2020212020
0202120200
2021202002
0212020021
2120200212
1202002122
2020021221
0200212211
2002122111
0021221113
0212211133
2122111331
1221113312
2211133123
2111331232
1113312322
1133123220
1331232202
3312322022
3123220220
1232202202
2322022022
3220220221
2202202212
2022022122
0220221220
2202212202
2022122021
0221220212
2212202122
2122021221
1220212213
2202122132
2021221321
0212213212
2122132121
1221321212
2213212123
2132121232
1321212321
3212123210
2121232102
1212321021
2123210210
1232102101
2321021010
3210210100
2102101002
1021010020
0210100200
2101002002
1010020022
0100200220
1002002201
0020022011
0200220110
2002201101
0022011011
0220110111
2201101112
2011011122
0110111220
1101112203
1011122033
0111220330
1112203301
1122033010
1220330100
2203301002
2033010023
0330100230
3301002301
3010023011
0100230110
1002301102
0023011021
0230110211
2301102112
3011021121
0110211212
1102112122
1021121221
0211212212
2112122122
1121221220
1212212202
2122122022
1221220220
2212202200
2122022002
1220220023
2202200231
2022002312
0220023122
2200231223
2002312232
0023122320
0231223200
2312232002
3122320020
1223200200
2232002001
2320020012
3200200122
2002001222
0020012221
0200122210
2001222102
0012221022
0122210221
1222102212
2221022122
2210221220
2102212202
1022122022
0221220221
2212202211
2122022112
1220221120
2202211202
2022112022
0221120220
2211202202
2112022021
1120220211
1202202111
2022021110
0220211101
2202111011
2021110112
0211101120
2111011202
1110112021
1101120210
1011202102
0112021020
1120210201
1202102012
2021020121
0210201210
2102012101
1020121010
0201210103
2012101031
0121010313
1210103131
2101031311
1010313111
0103131111
1031311111
0313111110
3131111100
1311111001
3111110012
1111100121
1111001211
1110012110
1100121103
1001211031
0012110313
0121103133
1211031331
2110313310
1103133100
1031331002
0313310022
3133100221
1331002212
3310022121
3100221213
1002212132
0022121321
0221213210
2212132102
2121321022
1213210221
2132102211
1321022112
3210221120
2102211201
1022112013
0221120131
2211201311
2112013111
1120131111
1201311112
2013111121
0131111210
1311112101
3111121013
1111210131
1112101311
1121013113
1210131131
2101311312
1013113123
0131131231
1311312311
3113123112
1131231122
1312311221
3123112210
1231122103
2311221032
3112210320
1122103202
1221032021
2210320212
2103202120
1032021202
0320212022
3202120223
2021202232
0212022321
2120223210
1202232103
2022321033
0223210331
2232103312
2321033121
3210331211
2103312111
1033121112
0331211122
3312111221
3121112212
1211122120
2111221202
1112212021
1122120210
1221202101
2212021013
2120210131
1202101311
2021013112
0210131122
2101311222
1013112221
0131122210
1311222100
3112221003
1122210031
1222100312
2221003121
2210031210
2100312102
1003121022
0031210222
0312102221
3121022211
1210222111
2102221112
1022211121
0222111211
2221112112
2211121120
2111211201
1112112011
1121120111
1211201111
2112011110
1120111101
1201111011
2011110111
0111101110
1111011101
1110111011
1101110110
1011101101
0111011013
1110110131
1101101311
1011013111
0110131110
1101311100
1013111000
0131110000
1311100001
3111000011
1110000112
1100001120
1000011201
0000112012
0001120123
0011201232
0112012321
1120123210
1201232102
2012321021
0123210211
1232102112
2321021122
3210211222
2102112221
1021122210
0211222100
2112221000
1122210002
1222100023
2221000233
2210002332
2100023320
1000233203
0002332031
0023320313
0233203132
2332031320
3320313200
3203132002
2031320021
0313200212
3132002122
1320021222
3200212220
2002122202
0021222022
0212220222
2122202222
1222022221
2220222212
2202222121
2022221211
0222212111
2222121111
2221211111
2212111113
2121111132
1211111322
2111113221
1111132211
1111322112
1113221120
1132211202
1322112022
3221120222
2211202222
2112022222
1120222222
1202222220
2022222201
0222222012
2222220120
2222201201
2222012010
2220120102
2201201021
2012010211
0120102111
1201021111
2010211111
0102111111
1021111110
0211111103
2111111031
1111110312
1111103120
1111031201
1110312013
1103120133
1031201331
0312013311
3120133112
1201331121
2013311212
0133112120
1331121201
3311212012
3112120123
1121201232
1212012322
2120123220
1201232201
2012322010
0123220103
1232201031
2322010312
3220103122
2201031221
2010312212
0103122120
1031221202
0312212021
3122120213
1221202132
2212021320
2120213202
1202132021
2021320210
0213202102
2132021021
1320210212
3202102120
2021021201
0210212012
2102120123
1021201231
0212012310
2120123103
1201231031
2012310313
0123103131
1231031311
2310313110
3103131100
1031311001
0313110010
3131100103
1311001031
3110010312
1100103120
1001031202
0010312020
0103120201
1031202011
0312020113
3120201133
1202011331
2020113312
0201133120
2011331201
0113312012
1133120123
1331201231
3312012310
3120123100
1201231001
2012310012
0123100120
1231001200
2310012003
3100120033
1001200331
0012003312
0120033120
1200331201
2003312011
0033120110
0331201102
3312011023
3120110230
1201102301
2011023011
0110230113
1102301132
1023011321
0230113211
2301132112
3011321121
0113211211
1132112111
1321121110
3211211100
2112111003
1121110032
1211100322
2111003223
1110032231
1100322310
1003223101
0032231011
0322310111
3223101112
2231011122
2310111222
3101112222
1011122222
0111222223
1112222232
1122222321
1222223211
2222232112
2222321122
2223211221
2232112211
2321122110
3211221101
2112211012
1122110121
1221101210
2211012101
2110121012
1101210122
1012101221
0121012211
1210122110
2101221102
1012211022
0122110223
1221102231
2211022310
2110223101
1102231013
1022310133
0223101330
2231013301
2310133010
3101330101
1013301012
0133010122
1330101222
3301012222
3010122220
0101222202
1012222021
0122220213
1222202130
2222021301
2220213012
2202130122
2021301222
0213012220
2130122203
1301222031
3012220310
0122203102
1222031021
2220310210
2203102102
2031021021
0310210210
3102102102
1021021021
0210210212
2102102121
1021021212
0210212120
2102121202
1021212021
0212120212
2121202121
1212021210
2120212102
1202121021
2021210212
0212102120
2121021201
1210212011
2102120111
1021201111
0212011111
2120111112
1201111121
2011111212
0111112122
1111121222
1111212222
1112122222
1121222221
1212222210
2122222102
1222221022
2222210223
2222102231
2221022310
2210223101
2102231012
1022310123
0223101232
2231012323
2310123232
3101232322
1012323220
0123232203
1232322032
2323220323
3232203231
2322032311
3220323110
2203231100
2032311002
0323110021
3231100210
2311002102
3110021021
1100210210
1002102102
0021021022
0210210221
2102102212
1021022121
0210221211
2102212112
1022121121
0221211211
2212112111
2121121111
1211211111
2112111112
1121111121
1211111211
2111112112
1111121121
1111211211
1112112112
1121121121
1211211211
2112112112
1121121121
1211211211
2112112112
1121121121
1211211211
2112112112
1121121121
1211211210
2112112102
1121121021
1211210210
2112102102
1121021021
1210210211
2102102111
1021021111
0210211111
2102111112
1021111121
0211111211
2111112112
1111121121
1111211211
1112112112
1121121121
1211211211
2112112112
1121121121
1211211211
2112112112
1121121121
1211211210
2112112102
1121121022
1211210221
2112102212
1121022121
1210221211
2102212113
1022121131
0221211311
2212113112
2121131121
1211311210
2113112102
1131121021
1311210210
3112102102
1121021021
1210210211
2102102112
1021021122
0210211222
2102112221
1021122212
0211222122
2112221222
1122212221
1222122211
2221222112
2212221121
2122211210
1222112102
2221121021
2211210211
2112102112
1121021121
1210211211
2102112112
1021121121
0211211210
2112112102
1121121021
1211210211
2112102111
1121021112
1210211121
2102111211
1021112112
0211121121
2111211211
1112112111
1121121111
1211211112
2112111121
1121111210
1211112102
2111121021
1111210211
1112102112
1121021121
1210211211
2102112112
1021121121
0211211211
2112112112
1121121121
1211211211
2112112112
1121121121
1211211211
2112112112
1121121121
1211211211
2112112112
1121121121
1211211210
2112112102
1121121021
1211210211
2112102112
1121021121
1210211210
2102112102
1021121022
0211210221
2112102212
1121022121
1210221210
2102212101
1022121012
0221210121
2212101212
2121012121
1210121213
2101212132
1012121320
0121213201
1212132011
2121320111
1213201111
2132011112
1320111121
3201111213
2011112132
0111121320
1111213202
1112132021
1121320210
1213202102
2132021021
1320210212
3202102120
2021021202
0210212021
2102120211
1021202112
0212021122
2120211222
1202112221
2021122211
0211222110
2112221102
1122211022
1222110221
2221102212
2211022121
2110221210
1102212102
1022121021
0221210212
2212102121
2121021210
1210212101
2102121012
1021210121
0212101210
2121012101
1210121010
2101210103
1012101031
0121010310
1210103100
2101031002
1010310020
0103100201
1031002011
0310020112
3100201120
1002011202
0020112021
0201120210
2011202102
0112021021
1120210213
1202102132
2021021320
0210213202
2102132021
1021320211
0213202111
2132021111
1320211110
3202111102
2021111021
0211110211
2111102110
1111021101
1110211013
1102110130
1021101301
0211013010
2110130102
1101301021
1013010212
0130102120
1301021202
3010212021
0102120210
1021202102
0212021021
2120210210
1202102102
2021021021
0210210210
2102102102
1021021021
0210210210
2102102103
1021021033
0210210331
2102103311
1021033111
0210331111
2103311112
1033111121
0331111210
3311112102
3111121021
1111210210
1112102102
1121021021
1210210210
2102102102
1021021020
0210210203
2102102031
1021020312
0210203121
2102031211
1020312113
0203121130
2031211301
0312113010
3121130102
1211301021
2113010211
1130102111
1301021111
3010211113
0102111133
1021111331
0211113310
2111133100
1111331001
1113310011
1133100113
1331001131
3310011311
3100113111
1001131112
0011311121
0113111210
1131112101
1311121013
3111210130
1112101301
1121013012
1210130122
2101301221
1013012212
0130122121
1301221211
3012212113
0122121131
1221211311
2212113113
2121131130
1211311301
2113113011
1131130111
1311301112
3113011121
1130111211
1301112111
3011121110
0111211103
1112111031
1121110310
1211103101
2111031011
1110310111
1103101112
1031011121
0310111213
3101112131
1011121311
0111213111
1112131110
1121311102
1213111023
2131110230
1311102301
3111023012
1110230120
1102301201
1023012013
0230120130
2301201301
3012013010
0120130102
1201301021
2013010212
0130102120
1301021201
3010212011
0102120110
1021201101
0212011011
2120110110
1201101102
2011011020
0110110200
1101102001
1011020013
0110200131
1102001312
1020013122
0200131222
2001312221
0013122213
0131222131
1312221311
3122213113
1222131130
2221311301
2213113013
2131130130
1311301301
3113013010
1130130102
1301301021
3013010211
0130102110
1301021101
3010211012
0102110121
1021101211
0211012112
2110121121
1101211212
1012112122
0121121222
1211212221
2112122211
1121222110
1212221102
2122211022
1222110222
2221102223
2211022233
2110222331
1102223312
1022233122
0222331222
2223312222
2233122221
2331222213
3312222131
3122221313
1222213130
2222131301
2221313013
2213130131
2131301311
1313013110
3130131101
1301311011
3013110113
0131101133
1311011331
3110113310
1101133101
1011331011
0113310113
1133101130
1331011301
3310113010
3101130103
1011301032
0113010320
1130103200
1301032001
3010320011
0103200111
1032001112
0320011122
3200111221
2001112211
0011122111
0111221110
1112211102
1122111021
1221110212
2211102123
2111021231
1110212311
1102123111
1021231110
0212311103
2123111032
1231110323
2311103230
3111032301
1110323010
1103230101
1032301011
0323010111
3230101111
2301011111
3010111110
0101111103
1011111031
0111110312
1111103121
1111031213
1110312132
1103121320
1031213201
0312132010
3121320101
1213201011
2132010113
1320101131
3201011311
2010113112
0101131122
1011311222
0113112222
1131122223
1311222232
3112222321
1122223211
1222232113
2222321133
2223211331
2232113311
2321133110
3211331103
2113311031
1133110311
1331103111
3311031112
3110311121
1103111210
1031112102
0311121020
3111210201
1112102011
1121020111
1210201110
2102011101
1020111010
0201110102
2011101021
0111010211
1110102111
1101021111
1010211111
0102111110
1021111102
0211111021
2111110210
1111102101
1111021013
1110210132
1102101322
1021013222
0210132220
2101322200
1013222001
0132220010
1322200100
3222001001
2220010011
2200100113
2001001132
0010011323
0100113231
1001132313
0011323130
0113231301
1132313010
1323130101
3231301010
2313010101
3130101010
1301010102
3010101021
0101010213
1010102131
0101021310
1010213101
0102131011
1021310110
0213101102
2131011020
1310110201
3101102011
1011020111
0110201113
1102011132
1020111320
0201113202
2011132022
0111320222
1113202222
1132022222
1320222222
3202222220
2022222201
0222222010
2222220101
2222201011
2222010113
2220101133
2201011332
2010113322
0101133220
1011332200
0113322000
1133220001
1332200010
3322000102
3220001020
2200010202
2000102022
0001020221
0010202211
0102022110
1020221103
0202211033
2022110332
0221103322
2211033222
2110332223
1103322232
1033222320
0332223201
3322232011
3222320112
2223201120
2232011202
2320112020
3201120203
2011202032
0112020320
1120203203
1202032032
2020320322
0203203223
2032032232
0320322320
3203223200
2032232000
0322320000
3223200000
2232000000
2320000000
3200000003
2000000030
0000000300
0000003003
0000030030
0000300300
0003003003
0030030030
0300300300
3003003003
0030030030
0300300300
3003003003
0030030030
0300300300
3003003001
0030030011
0300300112
3003001120
0030011200
0300112002
3001120020
0011200203
0112002032
1120020323
1200203231
2002032310
0020323100
0203231002
2032310020
0323100200
3231002000
2310020001
3100200010
1002000100
0020001001
0200010011
2000100113
0001001132
0010011320
0100113202
1001132020
0011320203
0113202033
1132020331
1320203311
3202033113
2020331133
0203311333
2033113332
0331133322
3311333220
3113332201
1133322010
1333220102
3332201023
3322010233
3220102333
2201023332
2010233323
0102333233
1023332331
0233323313
2333233133
3332331332
3323313323
3233133233
2331332333
3313323333
3133233332
1332333323
3323333233
3233332333
2333323333
3333233332
3332333323
3323333233
3233332333
2333323331
3333233313
3332333133
3323331332
3233313323
2333133233
3331332331
3313323311
3133233111
1332331112
3323311123
3233111233
2331112333
3311123332
3111233321
1112333213
1123332133
1233321330
2333213300
3332133000
3321330002
3213300020
2133000201
1330002013
3300020133
3000201331
0002013312
0020133123
0201331230
2013312300
0133123002
1331230021
3312300213
3123002130
1230021300
2300213000
3002130002
0021300020
0213000201
2130002010
1300020100
3000201000
0002010000
0020100000
0201000000
2010000000
0100000000
1000000000
0000000000
0000000000
0000000000
0000000000
0000000000
0000000000
0000000000
0000000000
0000000002
0000000023
0000000230
0000002300
0000023003
0000230033
0002300330
0023003300
0230033000
2300330000
3003300000
0033000000
0330000000
3300000000
3000000000
0000000000
0000000000
0000000000
0000000000
0000000000
0000000002
0000000021
0000000210
0000002100
0000021000
0000210002
0002100021
0021000213
0210002131
2100021310
1000213100
0002131000
0021310002
0213100023
2131000231
1310002311
3100023110
1000231102
0002311022
0023110220
0231102201
2311022010
3110220102
1102201020
1022010202
0220102020
2201020201
2010202010
0102020102
1020201021
0202010210
2020102103
0201021031
2010210311
0102103111
1021031112
0210311120
2103111200
1031112003
0311120032
3111200321
1112003212
1120032120
1200321202
2003212020
0032120200
0321202000
3212020001
2120200013
1202000132
2020001322
0200013221
2000132211
0001322113
0013221133
0132211333
1322113332
3221133321
2211333213
2113332131
1133321310
1333213103
3332131033
3321310331
3213103311
2131033112
1310331120
3103311202
1033112023
0331120230
3311202300
3112023002
1120230021
1202300211
2023002113
0230021132
2300211322
3002113220
0021132200
0211322002
2113220022
1132200220
1322002201
3220022012
2200220120
2002201203
0022012032
0220120322
2201203220
2012032202
0120322020
1203220200
2032202003
0322020031
3220200311
2202003113
2020031130
0200311301
2003113013
0031130130
0311301301
3113013011
1130130111
1301301110
3013011100
0130111000
1301110003
3011100032
0111000321
1110003213
1100032131
1000321310
0003213100
0032131003
0321310031
3213100313
2131003131
1310031311
3100313111
1003131113
0031311132
0313111321
3131113211
1311132113
3111321133
1113211332
1132113323
1321133233
3211332333
2113323330
1133233302
1332333020
3323330201
3233302013
2333020133
3330201333
3302013332
3020133323
0201333230
2013332300
0133323003
1333230033
3332300330
3323003303
3230033033
2300330333
3003303333
0033033333
0330333333
3303333330
3033333302
0333333021
3333330210
3333302102
3333021023
3330210230
3302102300
3021023003
0210230033
2102300330
1023003300
0230033000
2300330002
3003300020
0033000200
0330002000
3300020000
3000200000
0002000000
0020000000
0200000000
2000000000
0000000000
0000000002
0000000023
0000000231
0000002311
0000023113
0000231131
0002311313
0023113132
0231131323
2311313232
3113132320
1131323202
1313232022
3132320220
1323202200
3232022003
2320220030
3202200303
2022003033
0220030331
2200303313
2003033131
0030331313
0303313130
3033131303
0331313033
3313130333
3131303333
1313033330
3130333300
1303333000
3033330003
0333300030
3333000303
3330003033
3300030333
3000303333
0003033333
0030333330
0303333302
3033333023
0333330230
3333302303
3333023032
3330230323
3302303230
3023032301
0230323013
2303230132
3032301323
0323013232
3230132323
2301323230
3013232303
0132323032
1323230320
3232303203
2323032033
3230320331
2303203310
3032033103
0320331033
3203310330
2033103301
0331033011
3310330110
3103301103
1033011033
0330110333
3301103333
3011033332
0110333320
1103333202
1033332022
0333320222
3333202222
3332022220
3320222203
3202222033
2022220333
0222203330
2222033303
2220333030
2203330301
2033303010
0333030103
3330301030
3303010303
3030103033
0301030333
3010303333
0103033330
1030333302
0303333020
3033330203
0333302030
3333020300
3330203000
3302030000
3020300000
0203000003
2030000030
0300000303
3000003033
0000030330
0000303300
0003033000
0030330003
0303300032
3033000321
0330003213
3300032130
3000321303
0003213033
0032130333
0321303333
3213033333
2130333331
1303333311
3033333110
0333331100
3333311001
3333110010
3331100102
3311001021
3110010213
1100102130
1001021300
0010213000
0102130001
1021300013
0213000130
2130001303
1300013033
3000130331
0001303313
0013033133
0130331330
1303313302
3033133023
0331330233
3313302332
3133023320
1330233200
3302332001
3023320010
0233200102
2332001023
3320010233
3200102333
2001023332
0010233321
0102333211
1023332111
0233321113
2333211130
3332111302
3321113021
3211130213
2111302133
1113021333
1130213333
1302133331
3021333313
0213333131
2133331312
1333313121
3333131210
3331312100
3313121001
3131210011
1312100110
3121001102
1210011020
2100110202
1001102023
0011020230
0110202303
1102023033
1020230333
0202303333
2023033333
0230333332
2303333323
3033333230
0333332301
3333323010
3333230102
3332301020
3323010203
3230102033
2301020333
3010203332
0102033321
1020333213
0203332133
2033321333
0333213333
3332133331
3321333313
3213333131
2133331311
1333313113
3333131130
3331311301
3313113010
3131130100
1311301000
3113010000
1130100000
1301000001
3010000010
0100000100
1000001002
0000010020
0000100203
0001002033
0010020333
0100203333
1002033333
0020333333
0203333333
2033333332
0333333321
3333333210
3333332100
3333321000
3333210000
3332100000
3321000000
3210000000
2100000000
1000000000
0000000000
0000000000
0000000002
0000000021
0000000212
0000002123
0000021232
0000212323
0002123231
0021232310
0212323103
2123231033
1232310333
2323103333
3231033330
2310333303
3103333032
1033330320
0333303200
3333032001
3330320010
3303200103
3032001033
0320010330
3200103300
2001033000
0010330000
0103300000
1033000000
0330000001
3300000010
3000000101
0000001010
0000010100
0000101000
0001010002
0010100020
0101000202
1010002023
0100020233
1000202332
0002023323
0020233232
0202332323
2023323233
0233232330
2332323303
3323233032
3232330323
2323303232
3233032320
2330323203
3303232031
3032320312
0323203120
3232031203
