113201333103031
132013331030312
320133310303122
201333103031223
013331030312233
133310303122333
333103031223333
331030312233332
310303122333321
103031223333211
030312233332112
303122333321120
031223333211202
312233332112020
122333321120200
223333211202001
233332112020011
333321120200111
333211202001113
332112020011133
321120200111331
211202001113313
112020011133131
120200111331312
202001113313121
020011133131211
200111331312113
001113313121131
011133131211313
111331312113133
113313121131331
133131211313312
331312113133121
313121131331210
131211313312102
312113133121021
121131331210213
211313312102133
113133121021332
131331210213322
313312102133222
133121021332220
331210213322200
312102133222000
121021332220000
210213322200002
102133222000021
021332220000210
213322200002102
133222000021022
332220000210220
322200002102202
222000021022020
220000210220200
200002102202003
000021022020030
000210220200302
002102202003020
021022020030202
210220200302021
102202003020212
022020030202123
220200302021230
202003020212301
020030202123012
200302021230121
003020212301210
030202123012101
302021230121010
020212301210100
202123012101003
021230121010031
212301210100311
123012101003111
230121010031113
301210100311133
012101003111330
121010031113302
210100311133020
101003111330203
010031113302031
100311133020310
003111330203100
031113302031002
311133020310023
111330203100232
113302031002322
133020310023220
330203100232200
302031002322000
020310023220002
203100232200020
031002322000203
310023220002031
100232200020311
002322000203112
023220002031123
232200020311233
322000203112331
220002031123310
200020311233102
000203112331022
002031123310220
020311233102201
203112331022011
031123310220110
311233102201100
112331022011002
123310220110022
233102201100220
331022011002201
310220110022013
102201100220130
022011002201303
220110022013033
201100220130333
011002201303332
110022013033322
100220130333220
002201303332202
022013033322021
220130333220211
201303332202111
013033322021111
130333220211113
303332202111133
033322021111331
333220211113311
332202111133113
322021111331132
220211113311323
202111133113231
021111331132313
211113311323133
111133113231332
111331132313320
113311323133202
133113231332021
331132313320210
311323133202102
113231332021020
132313320210202
323133202102023
231332021020232
313320210202320
133202102023200
332021020232002
320210202320022
202102023200222
021020232002221
210202320022212
102023200222120
020232002221202
202320022212022
023200222120221
232002221202213
320022212022132
200222120221322
002221202213223
022212022132231
222120221322311
221202213223110
212022132231102
120221322311021
202213223110210
022132231102100
221322311021002
213223110210022
132231102100222
322311021002220
223110210022200
231102100222002
311021002220022
110210022200222
102100222002220
021002220022202
210022200222020
100222002220201
002220022202013
022200222020130
222002220201302
220022202013023
200222020130232
002220201302323
022202013023230
222020130232300
220201302323000
202013023230001
020130232300013
201302323000130
013023230001302
130232300013023
302323000130231
023230001302311
232300013023113
323000130231131
230001302311311
300013023113111
000130231131113
001302311311131
013023113111311
130231131113112
302311311131122
023113111311221
231131113112212
311311131122122
113111311221220
131113112212200
311131122122003
111311221220032
113112212200322
131122122003222
311221220032220
112212200322200
122122003222001
221220032220011
212200322200111
122003222001113
220032220011133
200322200111332
003222001113322
032220011133222
322200111332221
222001113322213
220011133222131
200111332221311
001113322213113
011133222131132
111332221311323
113322213113232
133222131132322
332221311323221
322213113232213
222131132322132
221311323221321
213113232213213
131132322132130
311323221321301
113232213213013
132322132130132
323221321301321
232213213013211
322132130132112
221321301321121
213213013211213
132130132112132
321301321121321
213013211213213
130132112132133
301321121321333
013211213213333
132112132133332
321121321333322
211213213333221
112132133332210
121321333322102
213213333221021
132133332210210
321333322102102
213333221021021
133332210210211
333322102102113
333221021021131
332210210211312
322102102113122
221021021131220
210210211312201
102102113122013
021021131220131
210211312201313
102113122013132
021131220131322
211312201313220
113122013132202
131220131322021
312201313220213
122013132202132
220131322021321
201313220213210
013132202132100
131322021321001
313220213210011
132202132100112
322021321001120
220213210011203
202132100112031
021321001120310
213210011203102
132100112031021
321001120310212
210011203102121
100112031021210
001120310212101
011203102121012
112031021210122
120310212101222
203102121012223
031021210122233
310212101222331
102121012223311
021210122233111
212101222331111
121012223311110
210122233111102
101222331111021
012223311110211
122233111102113
222331111021131
223311110211312
233111102113122
331111021131222
311110211312222
111102113122221
111021131222210
110211312222102
102113122221021
021131222210211
211312222102113
113122221021131
131222210211313
312222102113132
122221021131321
222210211313210
222102113132102
221021131321021
210211313210211
102113132102111
021131321021111
211313210211112
113132102111122
131321021111222
313210211112220
132102111122202
321021111222021
210211112220211
102111122202112
021111222021121
211112220211213
111122202112131
111222021121310
112220211213102
122202112131021
222021121310213
220211213102130
202112131021301
021121310213013
211213102130131
112131021301312
121310213013121
213102130131212
131021301312121
310213013121211
102130131212113
021301312121132
213013121211321
130131212113210
301312121132102
013121211321020
131212113210202
312121132102022
121211321020220
212113210202200
121132102022002
211321020220020
113210202200202
132102022002023
321020220020231
210202200202313
102022002023132
020220020231322
202200202313221
022002023132213
220020231322132
200202313221323
002023132213232
020231322132322
202313221323220
023132213232201
231322132322013
313221323220133
132213232201331
322132322013312
221323220133123
213232201331232
132322013312322
323220133123223
232201331232232
322013312322321
220133123223211
201331232232111
013312322321113
133123223211131
331232232111312
312322321113121
123223211131213
232232111312131
322321113121313
223211131213133
232111312131331
321113121313311
211131213133112
111312131331121
113121313311212
131213133112123
312131331121231
121313311212313
213133112123130
131331121231303
313311212313032
133112123130321
331121231303213
311212313032131
112123130321312
121231303213120
212313032131202
123130321312020
231303213120201
313032131202011
130321312020113
303213120201132
032131202011321
321312020113213
213120201132132
131202011321321
312020113213213
120201132132132
202011321321321
020113213213211
201132132132112
011321321321121
113213213211210
132132132112102
321321321121021
213213211210211
132132112102112
321321121021121
213211210211211
132112102112112
321121021121121
211210211211211
112102112112112
121021121121123
210211211211231
102112112112311
021121121123111
211211211231111
112112112311113
121121123111133
211211231111331
112112311113312
121123111133122
211231111331220
112311113312202
123111133122021
231111331220211
311113312202111
111133122021112
111331220211122
113312202111222
133122021112222
331220211122220
312202111222203
122021112222032
220211122220322
202111222203221
021112222032212
211122220322122
111222203221222
112222032212221
122220322122213
222203221222132
222032212221322
220322122213220
203221222132202
032212221322022
322122213220221
221222132202212
212221322022121
122213220221212
222132202212122
221322022121222
213220221212222
132202212122220
322022121222203
220221212222031
202212122220310
022121222203101
221212222031013
212122220310132
121222203101322
212222031013221
122220310132213
222203101322131
222031013221313
220310132213132
203101322131322
031013221313220
310132213132203
101322131322033
013221313220332
132213132203323
322131322033232
221313220332321
213132203323211
131322033232111
313220332321111
132203323211113
322033232111131
220332321111313
203323211113132
033232111131321
332321111313213
323211113132131
232111131321310
321111313213102
211113132131022
111131321310221
111313213102213
113132131022130
131321310221301
313213102213013
132131022130132
321310221301322
213102213013222
131022130132222
310221301322221
102213013222211
022130132222113
221301322221131
213013222211311
130132222113113
301322221131131
013222211311311
132222113113113
322221131131132
222211311311322
222113113113222
221131131132222
211311311322223
113113113222231
131131132222313
311311322223131
113113222231311
131132222313113
311322223131132
113222231311322
132222313113222
322223131132221
222231311322210
222313113222102
223131132221020
231311322210202
313113222102022
131132221020222
311322210202220
113222102022202
132221020222022
322210202220221
222102022202210
221020222022102
210202220221021
102022202210213
020222022102131
202220221021312
022202210213121
222022102131211
220221021312113
202210213121130
022102131211302
221021312113023
210213121130231
102131211302311
021312113023111
213121130231113
131211302311133
312113023111332
121130231113322
211302311133221
113023111332212
130231113322122
302311133221222
023111332212221
231113322122211
311133221222111
111332212221112
113322122211120
133221222111201
332212221112012
322122211120121
221222111201213
212221112012132
122211120121323
222111201213231
221112012132311
211120121323110
111201213231102
112012132311022
120121323110222
201213231102223
012132311022232
121323110222321
213231102223213
132311022232132
323110222321320
231102223213200
311022232132002
110222321320022
102223213200222
022232132002220
222321320022202
223213200222022
232132002220221
321320022202213
213200222022131
132002220221312
320022202213122
200222022131223
002220221312232
022202213122321
222022131223212
220221312232121
202213122321210
022131223212100
221312232121002
213122321210021
131223212100213
312232121002131
122321210021310
223212100213102
232121002131022
321210021310221
212100213102212
121002131022123
210021310221232
100213102212321
002131022123211
021310221232110
213102212321100
131022123211000
310221232110001
102212321100010
022123211000102
221232110001021
212321100010213
123211000102132
232110001021322
321100010213223
211000102132232
110001021322321
100010213223213
000102132232132
001021322321322
010213223213220
102132232132202
021322321322021
213223213220213
132232132202132
322321322021322
223213220213222
232132202132221
321322021322212
213220213222120
132202132221202
322021322212022
220213222120220
202132221202202
021322212022022
213222120220221
132221202202212
322212022022120
222120220221203
221202202212031
212022022120311
120220221203113
202202212031133
022022120311332
220221203113320
202212031133200
022120311332002
221203113320022
212031133200221
120311332002213
203113320022132
031133200221321
311332002213210
113320022132103
133200221321033
332002213210332
320022132103322
200221321033220
002213210332201
022132103322011
221321033220111
213210332201111
132103322011111
321033220111112
210332201111122
103322011111220
033220111112202
332201111122022
322011111220220
220111112202202
201111122022022
011111220220221
111112202202210
111122022022102
111220220221021
112202202210212
122022022102122
220220221021221
202202210212213
022022102122132
220221021221323
202210212213232
022102122132322
221021221323222
210212213232222
102122132322220
021221323222203
212213232222032
122132322220321
221323222203213
213232222032131
132322220321311
323222203213110
232222032131102
322220321311023
222203213110233
222032131102331
220321311023310
203213110233100
032131102331001
321311023310011
213110233100113
131102331001131
311023310011310
110233100113102
102331001131021
023310011310212
233100113102120
331001131021202
310011310212021
100113102120213
001131021202132
011310212021323
113102120213233
131021202132331
310212021323310
102120213233102
021202132331021
212021323310213
120213233102132
202132331021322
021323310213223
213233102132232
132331021322322
323310213223220
233102132232203
331021322322033
310213223220331
102132232203313
021322322033131
213223220331311
132232203313110
322322033131101
223220331311012
232203313110122
322033131101221
220331311012212
203313110122120
033131101221202
331311012212022
313110122120222
131101221202222
311012212022221
110122120222212
101221202222122
012212022221221
122120222212213
221202222122132
212022221221320
120222212213202
202222122132022
022221221320220
222212213202203
222122132022031
221221320220311
212213202203112
122132022031121
221320220311211
213202203112113
132022031121132
320220311211320
202203112113203
022031121132032
220311211320321
203112113203211
031121132032113
311211320321132
112113203211320
121132032113202
211320321132020
113203211320200
132032113202002
320321132020020
203211320200200
032113202002002
321132020020022
211320200200221
113202002002210
132020020022103
320200200221031
202002002210310
020020022103102
200200221031020
002002210310200
020022103102002
200221031020023
002210310200232
022103102002322
221031020023222
210310200232221
103102002322211
031020023222112
310200232221122
102002322211222
020023222112220
200232221122202
002322211222022
023222112220222
232221122202220
322211222022200
222112220222002
221122202220022
211222022200221
112220222002213
122202220022131
222022200221313
220222002213131
202220022131311
022200221313110
222002213131101
220022131311012
200221313110122
002213131101221
022131311012212
221313110122120
213131101221203
131311012212031
313110122120311
131101221203112
311012212031123
110122120311232
101221203112321
012212031123211
122120311232113
221203112321131
212031123211311
120311232113111
203112321131110
031123211311102
311232113111021
112321131110211
123211311102111
232113111021111
321131110211112
211311102111121
113111021111211
131110211112113
311102111121133
111021111211331
110211112113313
102111121133131
021111211331313
211112113313133
111121133131331
111211331313311
112113313133110
121133131331102
211331313311020
113313133110203
133131331102031
331313311020313
313133110203133
131331102031331
313311020313312
133110203133122
331102031331222
311020313312220
110203133122201
102031331222011
020313312220112
203133122201122
031331222011223
313312220112231
133122201122310
331222011223101
312220112231010
122201122310102
222011223101023
220112231010233
201122310102331
011223101023311
112231010233113
122310102331133
223101023311332
231010233113322
310102331133220
101023311332202
010233113322023
102331133220231
023311332202310
233113322023101
331133220231011
311332202310111
113322023101113
133220231011131
332202310111312
322023101113122
220231011131222
202310111312220
023101113122200
231011131222003
310111312220032
101113122200321
011131222003211
111312220032113
113122200321133
131222003211331
312220032113313
122200321133131
222003211331311
220032113313113
200321133131131
003211331311311
032113313113113
321133131131132
211331311311320
113313113113203
133131131132030
331311311320300
313113113203001
131131132030013
311311320300133
113113203001333
131132030013332
311320300133323
113203001333230
132030013332303
320300133323032
203001333230322
030013332303220
300133323032200
001333230322003
013332303220031
133323032200313
333230322003132
332303220031320
323032200313201
230322003132011
303220031320113
032200313201132
322003132011322
220031320113220
200313201132201
003132011322010
031320113220100
313201132201003
132011322010032
320113220100320
201132201003200
011322010032000
113220100320002
132201003200020
322010032000201
220100320002013
201003200020131
010032000201312
100320002013123
003200020131233
032000201312331
320002013123311
200020131233111
000201312331113
002013123311133
020131233111333
201312331113331
013123311133311
131233111333113
312331113331132
123311133311323
233111333113231
331113331132311
311133311323111
111333113231110
113331132311101
133311323111011
333113231110112
331132311101121
311323111011210
113231110112102
132311101121023
323111011210231
231110112102312
311101121023120
111011210231203
110112102312030
101121023120303
011210231203032
112102312030322
121023120303223
210231203032231
102312030322313
023120303223132
231203032231322
312030322313220
120303223132202
203032231322023
030322313220232
303223132202321
032231322023210
322313220232102
223132202321023
231322023210233
313220232102333
132202321023333
322023210233332
220232102333320
202321023333201
023210233332013
232102333320133
321023333201331
210233332013311
102333320133111
023333201331111
233332013311113
333320133111132
333201331111323
332013311113232
320133111132320
201331111323202
013311113232021
133111132320213
331111323202132
311113232021322
111132320213220
111323202132200
113232021322003
132320213220030
323202132200303
232021322003033
320213220030331
202132200303313
021322003033131
213220030331311
132200303313112
322003033131121
220030331311211
200303313112111
003033131121111
030331311211113
303313112111131
033131121111311
331311211113110
313112111131101
131121111311010
311211113110100
112111131101001
121111311010011
211113110100110
111131101001101
111311010011012
113110100110122
131101001101222
311010011012220
110100110122200
101001101222001
010011012220011
100110122200110
001101222001102
011012220011020
110122200110202
101222001102021
012220011020213
122200110202132
222001102021322
220011020213223
200110202132231
001102021322311
011020213223113
110202132231132
102021322311322
020213223113221
202132231132212
021322311322121
213223113221211
132231132212112
322311322121123
223113221211232
231132212112323
311322121123232
113221211232321
132212112323211
322121123232111
221211232321113
212112323211131
121123232111313
211232321113132
112323211131320
123232111313202
232321113132022
323211131320220
232111313202202
321113132022022
211131320220221
111313202202211
113132022022113
131320220221131
313202202211310
132022022113101
320220221131010
202202211310102
022022113101020
220221131010203
202211310102032
022113101020322
221131010203220
211310102032201
113101020322013
131010203220133
310102032201332
101020322013323
010203220133233
102032201332332
020322013323322
203220133233220
032201332332201
322013323322012
220133233220122
201332332201222
013323322012221
133233220122211
332332201222110
323322012221102
233220122211020
332201222110202
322012221102022
220122211020221
201222110202210
012221102022102
122211020221020
222110202210200
221102022102001
211020221020010
110202210200103
102022102001033
020221020010331
202210200103313
022102001033130
221020010331300
210200103313000
102001033130002
020010331300020
200103313000202
001033130002020
010331300020203
103313000202032
033130002020321
331300020203211
313000202032111
130002020321110
300020203211102
000202032111020
002020321110202
020203211102022
202032111020221
020321110202213
203211102022131
032111020221311
321110202213113
211102022131133
111020221311331
110202213113311
102022131133113
020221311331131
202213113311311
022131133113113
221311331131131
213113311311311
131133113113113
311331131131132
113311311311320
133113113113200
331131131132001
311311311320010
113113113200101
131131132001010
311311320010103
113113200101031
131132001010313
311320010103132
113200101031321
132001010313210
320010103132102
200101031321020
001010313210203
010103132102033
101031321020331
010313210203311
103132102033110
031321020331100
313210203311002
132102033110021
321020331100210
210203311002101
102033110021010
020331100210101
203311002101011
033110021010110
331100210101103
311002101011033
110021010110331
100210101103313
002101011033132
021010110331320
210101103313202
101011033132023
010110331320231
101103313202311
011033132023112
110331320231123
103313202311232
033132023112322
331320231123220
313202311232203
132023112322032
320231123220321
202311232203212
023112322032122
231123220321220
311232203212202
112322032122021
123220321220210
232203212202102
322032122021021
220321220210210
203212202102102
032122021021023
321220210210232
212202102102320
122021021023202
220210210232021
202102102320210
021021023202101
210210232021013
102102320210132
021023202101321
210232021013210
102320210132101
023202101321013
232021013210131
320210132101313
202101321013132
021013210131322
210132101313221
101321013132213
013210131322132
132101313221323
321013132213231
210131322132313
101313221323131
013132213231310
131322132313102
313221323131023
132213231310232
322132313102321
221323131023212
213231310232121
132313102321210
323131023212102
231310232121020
313102321210201
131023212102010
310232121020103
102321210201031
023212102010313
232121020103130
321210201031301
212102010313010
121020103130102
210201031301021
102010313010211
020103130102111
201031301021113
010313010211131
103130102111313
031301021113132
313010211131322
130102111313222
301021113132220
010211131322202
102111313222020
021113132220203
211131322202030
111313222020303
113132220203032
131322202030323
313222020303233
132220203032332
322202030323321
222020303233211
220203032332111
202030323321110
020303233211102
203032332111021
030323321110213
303233211102132
032332111021321
323321110213213
233211102132132
332111021321321
321110213213211
211102132132111
111021321321111
110213213211110
102132132111101
021321321111010
213213211110100
132132111101003
321321111010032
213211110100320
132111101003200
321111010032002
211110100320021
111101003200213
111010032002132
110100320021322
101003200213222
010032002132220
100320021322202
003200213222020
032002132220202
320021322202020
200213222020202
002132220202020
021322202020203
213222020202033
132220202020331
322202020203313
222020202033133
220202020331333
202020203313333
020202033133332
202020331333322
020203313333223
202033133332232
020331333322321
203313333223211
033133332232113
331333322321130
313333223211301
133332232113011
333322321130111
333223211301111
332232113011110
322321130111102
223211301111022
232113011110222
321130111102220
211301111022200
113011110222002
130111102220021
301111022200210
011110222002103
111102220021032
111022200210322
110222002103221
102220021032213
022200210322132
222002103221322
220021032213220
200210322132201
002103221322010
021032213220102
210322132201023
103221322010232
032213220102321
322132201023213
221322010232132
213220102321321
132201023213210
322010232132103
220102321321032
201023213210322
010232132103220
102321321032200
023213210322002
232132103220020
321321032200200
213210322002003
132103220020033
321032200200332
210322002003322
103220020033222
032200200332221
322002003322212
220020033222123
200200332221231
002003322212311
020033222123110
200332221231102
003322212311020
033222123110202
332221231102020
322212311020200
222123110202001
221231102020011
212311020200111
123110202001112
231102020011123
311020200111233
110202001112333
102020011123330
020200111233302
202001112333020
020011123330202
200111233302023
001112333020232
011123330202322
111233302023221
112333020232211
123330202322111
233302023221113
333020232211132
330202322111322
302023221113220
020232211132200
202322111322003
023221113220030
232211132200301
322111322003010
221113220030103
211132200301031
111322003010313
113220030103131
132200301031312
322003010313120
220030103131202
200301031312023
003010313120232
030103131202322
301031312023220
010313120232200
103131202322000
031312023220001
313120232200011
131202322000112
312023220001122
120232200011220
202322000112202
023220001122021
232200011220213
322000112202133
220001122021332
200011220213323
000112202133231
001122021332313
011220213323132
112202133231321
122021332313210
220213323132102
202133231321023
021332313210232
213323132102322
133231321023220
332313210232203
323132102322033
231321023220333
313210232203331
132102322033313
321023220333133
210232203331333
102322033313332
023220333133321
232203331333211
322033313332111
220333133321113
203331333211132
033313332111320
333133321113200
331333211132002
313332111320020
133321113200200
333211132002001
332111320020013
321113200200132
211132002001321
111320020013210
113200200132102
132002001321023
320020013210232
200200132102320
002001321023200
020013210232002
200132102320022
001321023200220
013210232002200
132102320022001
321023200220010
210232002200103
102320022001031
023200220010311
232002200103111
320022001031111
200220010311110
002200103111102
022001031111022
220010311110221
200103111102213
001031111022131
010311110221311
103111102213110
031111022131100
311110221311002
111102213110020
111022131100203
110221311002032
102213110020322
022131100203221
221311002032211
213110020322113
131100203221133
311002032211330
110020322113301
100203221133010
002032211330102
020322113301020
203221133010202
032211330102021
322113301020213
221133010202131
211330102021311
113301020213113
133010202131133
330102021311331
301020213113310
010202131133101
102021311331013
020213113310133
202131133101332
021311331013323
213113310133233
131133101332332
311331013323322
113310133233220
133101332332200
331013323322003
310133233220032
101332332200322
013323322003222
133233220032220
332332200322201
323322003222012
233220032220122
332200322201223
322003222012231
220032220122311
200322201223113
003222012231131
032220122311311
322201223113110
222012231131102
220122311311021
201223113110213
012231131102131
122311311021312
223113110213122
231131102131222
311311021312221
113110213122210
131102131222100
311021312221002
110213122210021
102131222100211
021312221002113
213122210021132
131222100211323
312221002113232
122210021132320
222100211323203
221002113232033
210021132320333
100211323203331
002113232033311
021132320333110
211323203331101
113232033311011
132320333110110
323203331101102
232033311011022
320333110110220
203331101102201
033311011022013
333110110220132
331101102201323
311011022013232
110110220132321
101102201323211
011022013232111
110220132321110
102201323211100
022013232111002
220132321110022
201323211100220
013232111002202
132321110022020
323211100220200
232111002202002
321110022020020
211100220200203
111002202002032
110022020020320
100220200203202
002202002032022
022020020320222
220200203202221
202002032022211
020020320222110
200203202221102
002032022211021
020320222110213
203202221102130
032022211021303
320222110213032
202221102130323
022211021303232
222110213032322
221102130323223
211021303232230
110213032322300
102130323223000
021303232230001
213032322300013
130323223000133
303232230001331
032322300013311
323223000133113
232230001331132
322300013311321
223000133113213
230001331132132
300013311321322
000133113213223
001331132132233
013311321322333
133113213223333
331132132233333
311321322333330
113213223333303
132132233333033
321322333330332
213223333303323
132233333033230
322333330332300
223333303323001
233333033230013
333330332300133
333303323001331
333033230013312
330332300133120
303323001331200
033230013312002
332300133120020
323001331200203
230013312002032
300133120020322
001331200203221
013312002032213
133120020322133
331200203221331
312002032213313
120020322133132
200203221331323
002032213313232
020322133132322
203221331323221
032213313232213
322133132322132
221331323221322
213313232213220
133132322132201
331323221322011
313232213220111
132322132201110
323221322011100
232213220111002
322132201110022
221322011100223
213220111002233
132201110022333
322011100223330
220111002233301
201110022333013
011100223330131
111002233301313
110022333013131
100223330131310
002233301313101
022333013131011
223330131310111
233301313101111
333013131011110
330131310111103
301313101111032
013131011110323
131310111103232
313101111032321
131011110323211
310111103232111
101111032321111
011110323211112
111103232111122
111032321111223
110323211112232
103232111122322
032321111223221
323211112232210
232111122322100
321111223221002
211112232210023
111122322100232
111223221002320
112232210023200
122322100232002
223221002320020
232210023200203
322100232002031
221002320020311
210023200203113
100232002031130
002320020311300
023200203113000
232002031130002
320020311300022
200203113000220
002031130002203
020311300022032
203113000220321
031130002203213
311300022032131
113000220321312
130002203213123
300022032131233
000220321312331
002203213123311
022032131233111
220321312331110
203213123311103
032131233111032
321312331110320
213123311103201
131233111032011
312331110320110
123311103201101
233111032011011
331110320110110
311103201101100
111032011011002
110320110110022
103201101100221
032011011002211
320110110022110
201101100221101
011011002211012
110110022110121
101100221101211
011002211012113
110022110121133
100221101211332
002211012113323
022110121133231
221101211332310
211012113323101
110121133231013
101211332310131
012113323101310
121133231013102
211332310131021
113323101310210
133231013102101
332310131021011
323101310210110
231013102101101
310131021011012
101310210110122
013102101101220
131021011012203
310210110122032
102101101220323
021011012203231
210110122032313
101101220323131
011012203231311
110122032313110
101220323131101
012203231311013
122032313110133
220323131101331
203231311013313
032313110133132
323131101331320
231311013313200
313110133132000
131101331320002
311013313200023
110133132000232
101331320002321
013313200023210
133132000232100
331320002321001
313200023210010
132000232100102
320002321001023
200023210010232
000232100102320
002321001023201
023210010232011
232100102320110
321001023201102
210010232011023
100102320110232
001023201102321
010232011023211
102320110232110
023201102321101
232011023211010
320110232110103
201102321101033
011023211010331
110232110103311
102321101033111
023211010331113
232110103311132
321101033111321
211010331113210
110103311132101
101033111321011
010331113210110
103311132101100
033111321011003
331113210110032
311132101100320
111321011003200
113210110032002
132101100320020
321011003200200
210110032002001
101100320020013
011003200200131
110032002001313
100320020013131
003200200131311
032002001313113
320020013131133
200200131311332
002001313113323
020013131133232
200131311332320
001313113323202
013131133232021
131311332320213
313113323202131
131133232021311
311332320213112
113323202131122
133232021311220
332320213112203
323202131122032
232021311220323
320213112203231
202131122032311
021311220323113
213112203231132
131122032311322
311220323113221
112203231132213
122032311322131
220323113221310
203231132213103
032311322131031
323113221310311
231132213103110
311322131031103
113221310311032
132213103110322
322131031103221
221310311032212
213103110322123
131031103221231
310311032212313
103110322123133
031103221231330
311032212313300
110322123133002
103221231330020
032212313300202
322123133002022
221231330020221
212313300202210
123133002022100
231330020221003
313300202210032
133002022100323
330020221003231
300202210032313
002022100323131
020221003231311
202210032313113
022100323131133
221003231311332
210032313113322
100323131133223
003231311332232
032313113322321
323131133223213
231311332232132
313113322321322
131133223213223
311332232132232
113322321322322
133223213223220
332232132232202
322321322322020
223213223220200
232132232202001
321322322020010
213223220200100
132232202001000
322322020010000
223220200100001
232202001000013
322020010000132
220200100001322
202001000013222
020010000132220
200100001322200
001000013222002
010000132220022
100001322200220
000013222002200
000132220022001
001322200220010
013222002200100
132220022001000
322200220010002
222002200100021
220022001000211
200220010002112
002200100021120
022001000211200
220010002112001
200100021120010
001000211200102
010002112001023
100021120010231
000211200102313
002112001023132
021120010231322
211200102313221
112001023132210
120010231322103
200102313221032
001023132210323
010231322103233
102313221032332
023132210323321
231322103233211
313221032332110
132210323321101
322103233211011
221032332110110
210323321101100
103233211011003
032332110110032
323321101100320
233211011003200
332110110032002
321101100320022
211011003200221
110110032002213
101100320022133
011003200221330
110032002213300
100320022133002
003200221330021
032002213300211
320022133002113
200221330021132
002213300211323
022133002113232
221330021132322
213300211323221
133002113232210
330021132322102
300211323221023
002113232210232
021132322102322
211323221023220
113232210232201
132322102322011
323221023220112
232210232201123
322102322011232
221023220112323
210232201123233
102322011232332
023220112323323
232201123233231
322011232332312
220112323323121
201123233231213
011232332312131
112323323121311
123233231213113
232332312131131
323323121311312
233231213113120
332312131131203
323121311312032
231213113120323
312131131203232
121311312032320
213113120323201
131131203232013
311312032320132
113120323201320
131203232013201
312032320132010
120323201320102
203232013201020
032320132010203
323201320102033
232013201020331
320132010203313
201320102033132
013201020331322
132010203313221
320102033132213
201020331322132
010203313221321
102033132213210
020331322132102
203313221321020
033132213210203
331322132102033
313221321020332
132213210203323
322132102033231
221321020332310
213210203323101
132102033231010
321020332310103
210203323101032
102033231010322
020332310103223
203323101032232
033231010322322
332310103223222
323101032232222
231010322322223
310103223222231
101032232222311
010322322223110
103223222231102
032232222311022
322322223110220
223222231102203
232222311022031
322223110220311
222231102203110
222311022031102
223110220311022
231102203110222
311022031102221
110220311022210
102203110222100
022031102221001
220311022210010
203110222100102
031102221001023
311022210010232
110222100102322
102221001023221
022210010232210
222100102322103
221001023221033
210010232210333
100102322103332
001023221033320
010232210333201
102322103332010
023221033320100
232210333201003
322103332010032
221033320100323
210333201003231
103332010032313
033320100323131
333201003231311
332010032313112
320100323131123
201003231311231
010032313112310
100323131123102
003231311231021
032313112310211
323131123102113
231311231021131
313112310211312
131123102113120
311231021131203
112310211312033
123102113120332
231021131203321
310211312033213
102113120332130
021131203321301
211312033213011
113120332130113
131203321301131
312033213011310
120332130113101
203321301131011
033213011310110
332130113101103
321301131011031
213011310110310
130113101103102
301131011031023
011310110310232
113101103102322
131011031023222
310110310232222
101103102322220
011031023222202
110310232222022
103102322220220
031023222202203
310232222022030
102322220220300
023222202203000
232222022030000
322220220300003
222202203000033
222022030000331
220220300003311
202203000033111
022030000331111
220300003311113
203000033111132
030000331111320
300003311113200
000033111132003
000331111320032
003311113200321
033111132003210
331111320032102
311113200321021
111132003210210
111320032102101
113200321021011
132003210210111
320032102101110
200321021011100
003210210111000
032102101110003
321021011100031
210210111000311
102101110003110
021011100031102
210111000311020
101110003110200
011100031102000
111000311020003
110003110200031
100031102000313
000311020003132
003110200031323
031102000313233
311020003132333
110200031323332
102000313233320
020003132333202
200031323332020
000313233320200
003132333202000
031323332020000
313233320200000
132333202000001
323332020000011
233320200000111
333202000001110
332020000011101
320200000111010
202000001110101
020000011101010
200000111010100
000001110101002
000011101010022
000111010100220
001110101002202
011101010022021
111010100220211
110101002202110
101010022021100
010100220211000
101002202110000
010022021100003
100220211000031
002202110000311
022021100003113
220211000031132
202110000311322
021100003113222
211000031132221
110000311322210
100003113222100
000031132221000
000311322210001
003113222100010
031132221000101
311322210001010
113222100010103
132221000101031
322210001010310
222100010103102
221000101031022
210001010310220
100010103102201
000101031022011
001010310220112
010103102201120
101031022011201
010310220112013
103102201120131
031022011201311
310220112013111
102201120131112
022011201311123
220112013111231
201120131112313
011201311123133
112013111231333
120131112313332
201311123133320
013111231333201
131112313332011
311123133320111
111231333201113
112313332011130
123133320111301
231333201113010
313332011130102
133320111301023
333201113010233
332011130102331
320111301023310
201113010233101
011130102331013
111301023310132
113010233101322
130102331013221
301023310132213
010233101322132
102331013221323
023310132213233
233101322132331
331013221323310
310132213233101
101322132331011
013221323310110
132213233101101
322132331011012
221323310110123
213233101101232
132331011012323
323310110123232
233101101232322
331011012323222
310110123232222
101101232322221
011012323222211
110123232222110
101232322221102
012323222211023
123232222110232
232322221102322
323222211023222
232222110232221
322221102322211
222211023222113
222110232221131
221102322211310
211023222113103
110232221131032
102322211310322
023222113103223
232221131032231
322211310322311
222113103223111
221131032231110
211310322311101
113103223111010
131032231110101
310322311101010
103223111010102
032231110101022
322311101010221
223111010102212
231110101022121
311101010221210
111010102212102
110101022121023
101010221210232
010102212102321
101022121023210
010221210232100
102212102321001
022121023210010
221210232100100
212102321001003
121023210010032
210232100100321
102321001003211
023210010032113
232100100321130
321001003211301
210010032113011
100100321130110
001003211301102
010032113011020
100321130110200
003211301102001
032113011020013
321130110200131
211301102001311
113011020013110
130110200131100
301102001311001
011020013110013
110200131100133
102001311001332
020013110013320
200131100133202
001311001332021
013110013320212
131100133202123
311001332021232
110013320212322
100133202123223
001332021232232
013320212322322
133202123223223
332021232232232
320212322322322
202123223223222
021232232232220
212322322322200
123223223222002
232232232220023
322322322200232
223223222002320
232232220023200
322322200232002
223222002320022
232220023200222
322200232002221
222002320022211
220023200222111
200232002221113
002320022211133
023200222111332
232002221113320
320022211133202
200222111332022
002221113320222
022211133202222
222111332022221
221113320222212
211133202222123
111332022221231
113320222212311
133202222123110
332022221231102
320222212311020
202222123110203
022221231102031
222212311020313
222123110203132
221231102031322
212311020313220
123110203132200
231102031322000
311020313220002
110203132200023
102031322000232
020313220002321
203132200023211
031322000232110
313220002321102
132200023211021
322000232110213
220002321102130
200023211021301
000232110213012
002321102130122
023211021301220
232110213012201
321102130122010
211021301220101
110213012201011
102130122010113
021301220101130
213012201011301
130122010113010
301220101130102
012201011301021
122010113010210
220101130102103
201011301021031
010113010210313
101130102103131
011301021031310
113010210313102
130102103131022
301021031310221
010210313102213
102103131022130
021031310221303
210313102213032
103131022130322
031310221303220
313102213032202
131022130322021
310221303220210
102213032202102
022130322021021
221303220210213
213032202102132
130322021021322
303220210213223
032202102132232
322021021322322
220210213223222
202102132232220
021021322322200
210213223222000
102132232220002
021322322200022
213223222000221
132232220002212
322322200022122
223222000221221
232220002212210
322200022122100
222000221221002
220002212210020
200022122100200
000221221002001
002212210020010
022122100200101
221221002001011
212210020010110
122100200101103
221002001011032
210020010110320
100200101103203
002001011032032
020010110320321
200101103203212
001011032032122
010110320321223
101103203212231
011032032122311
110320321223111
103203212231110
032032122311101
320321223111012
203212231110122
032122311101221
321223111012212
212231110122123
122311101221232
223111012212323
231110122123231
311101221232313
111012212323132
110122123231323
101221232313231
012212323132313
122123231323133
221232313231330
212323132313302
123231323133022
232313231330221
323132313302210
231323133022103
313231330221031
132313302210313
323133022103133
231330221031331
313302210313312
133022103133120
330221031331202
302210313312021
022103133120213
221031331202132
210313312021322
103133120213220
031331202132202
313312021322020
133120213220202
331202132202022
312021322020222
120213220202220
202132202022203
021322020222032
213220202220320
132202022203201
322020222032010
220202220320101
202022203201012
020222032010121
202220320101213
022203201012131
222032010121313
220320101213130
203201012131301
032010121313010
320101213130103
201012131301031
010121313010311
101213130103113
012131301031133
121313010311332
213130103113323
131301031133231
313010311332312
130103113323122
301031133231221
010311332312211
103113323122110
031133231221102
311332312211021
113323122110210
133231221102100
332312211021002
323122110210022
231221102100222
312211021002222
122110210022220
221102100222202
211021002222022
110210022220220
102100222202203
021002222022032
210022220220321
100222202203211
002222022032113
022220220321132
222202203211323
222022032113231
220220321132311
202203211323111
022032113231110
220321132311102
203211323111022
032113231110222
321132311102221
211323111022210
113231110222100
132311102221000
323111022210001
231110222100011
311102221000110
111022210001100
110222100011001
102221000110013
022210001100132
222100011001320
221000110013203
210001100132031
100011001320311
000110013203110
001100132031102
011001320311020
110013203110200
100132031102000
001320311020002
013203110200023
132031102000231
320311020002313
203110200023132
031102000231323
311020002313232
110200023132323
102000231323231
020002313232312
200023132323122
000231323231223
002313232312232
023132323122320
231323231223202
313232312232020
132323122320200
323231223202001
232312232020010
323122320200100
231223202001003
312232020010032
122320200100323
223202001003232
232020010032320
320200100323203
202001003232030
020010032320302
200100323203020
001003232030200
010032320302002
100323203020020
003232030200200
032320302002002
323203020020020
232030200200202
320302002002020
203020020020203
030200200202031
302002002020311
020020020203112
200200202031121
002002020311212
020020203112123
200202031121232
002020311212320
020203112123200
202031121232001
020311212320010
203112123200102
031121232001020
311212320010200
112123200102002
121232001020021
212320010200212
123200102002123
232001020021232
320010200212321
200102002123210
001020021232101
010200212321012
102002123210120
020021232101202
200212321012023
002123210120232
021232101202322
212321012023222
123210120232221
232101202322210
321012023222102
210120232221022
101202322210220
012023222102202
120232221022022
202322210220221
023222102202212
232221022022122
322210220221220
222102202212202
221022022122022
210220221220220
102202212202202
022022122022022
220221220220223
202212202202232
022122022022322
221220220223222
212202202232222
122022022322222
220220223222221
202202232222212
022022322222122
220223222221220
202232222212202
022322222122021
223222221220211
232222212202110
322222122021101
222221220211011
222212202110113
222122021101130
221220211011301
212202110113012
122021101130123
220211011301232
202110113012323
021101130123233
211011301232333
110113012323330
101130123233300
011301232333002
113012323330020
130123233300203
301232333002032
012323330020320
123233300203200
232333002032000
323330020320002
233300203200020
333002032000203
330020320002032
300203200020322
002032000203220
020320002032202
203200020322023
032000203220232
320002032202321
200020322023211
000203220232113
002032202321132
020322023211323
203220232113232
032202321132321
322023211323211
220232113232111
202321132321111
023211323211113
232113232111132
321132321111320
211323211113203
113232111132031
132321111320310
323211113203103
232111132031033
321111320310332
211113203103321
111132031033210
111320310332102
113203103321021
132031033210211
320310332102112
203103321021122
031033210211221
310332102112212
103321021122122
033210211221223
332102112212232
321021122122322
210211221223223
102112212232232
021122122322322
211221223223221
112212232232210
122122322322102
221223223221022
212232232210222
122322322102221
223223221022211
232232210222113
322322102221130
223221022211303
232210222113032
322102221130322
221022211303222
210222113032222
102221130322221
022211303222211
222113032222110
221130322221100
211303222211002
113032222110020
130322221100201
303222211002010
032222110020102
322221100201020
222211002010201
222110020102010
221100201020101
211002010201010
110020102010103
100201020101033
002010201010331
020102010103311
201020101033110
010201010331101
102010103311011
020101033110111
201010331101110
010103311011102
101033110111020
010331101110200
103311011102000
033110111020002
331101110200020
311011102000201
110111020002013
101110200020132
011102000201322
111020002013220
110200020132202
102000201322020
020002013220200
200020132202003
000201322020030
002013220200300
020132202003001
201322020030013
013220200300131
132202003001311
322020030013113
220200300131131
202003001311312
020030013113122
200300131131223
003001311312233
030013113122331
300131131223313
001311312233130
013113122331302
131131223313022
311312233130222
113122331302221
131223313022213
312233130222132
122331302221320
223313022213200
233130222132001
331302221320012
313022213200122
130222132001221
302221320012210
022213200122100
222132001221003
221320012210033
213200122100331
132001221003311
320012210033112
200122100331122
001221003311220
012210033112202
122100331122021
221003311220211
210033112202112
100331122021121
003311220211210
033112202112102
331122021121022
311220211210223
112202112102232
122021121022322
220211210223223
202112102232232
021121022322322
211210223223220
112102232232202
121022322322022
210223223220221
102232232202212
022322322022122
223223220221221
232232202212213
322322022122132
223220221221322
232202212213220
322022122132200
220221221322003
202212213220032
022122132200320
221221322003203
212213220032030
122132200320300
221322003203001
213220032030010
132200320300101
322003203001013
220032030010133
200320300101331
003203001013311
032030010133113
320300101331133
203001013311332
030010133113321
300101331133213
001013311332131
010133113321313
101331133213132
013311332131322
133113321313222
331133213132221
311332131322211
113321313222112
133213132221122
332131322211220
321313222112200
213132221122000
131322211220002
313222112200023
132221122000231
322211220002313
222112200023133
221122000231333
211220002313332
112200023133321
122000231333213
220002313332132
200023133321322
000231333213220
002313332132202
023133321322022
231333213220222
313332132202223
133321322022232
333213220222321
332132202223211
321322022232112
213220222321121
132202223211211
322022232112112
220222321121122
202223211211220
022232112112202
222321121122022
223211211220220
232112112202201
321121122022010
211211220220103
112112202201033
121122022010331
211220220103311
112202201033113
122022010331132
220220103311321
202201033113211
022010331132111
220103311321111
201033113211111
010331132111110
103311321111102
033113211111022
331132111110221
311321111102211
113211111022110
132111110221103
321111102211032
211111022110320
111110221103200
111102211032002
111022110320020
110221103200200
102211032002002
022110320020023
221103200200232
211032002002322
110320020023222
103200200232222
032002002322222
320020023222223
200200232222232
002002322222322
020023222223222
200232222232220
002322222322202
023222223222020
232222232220201
322222322202010
222223222020100
222232220201002
222322202010020
223222020100202
232220201002022
322202010020222
222020100202222
220201002022222
202010020222223
020100202222233
201002022222333
010020222223331
100202222233312
002022222333122
020222223331220
202222233312202
022222333122022
222223331220222
222233312202222
222333122022222
223331220222223
233312202222232
333122022222322
331220222223220
312202222232202
122022222322022
220222223220222
202222232202222
022222322022222
222223220222222
222232202222223
222322022222232
223220222222321
232202222223213
322022222232131
220222222321311
202222223213113
022222232131131
222222321311310
222223213113102
222232131131022
222321311310223
223213113102232
232131131022322
321311310223220
213113102232202
131131022322022
311310223220220
113102232202202
131022322022022
310223220220221
102232202202212
022322022022122
223220220221220
232202202212202
322022022122022
220220221220220
202202212202203
022022122022030
220221220220303
202212202203030
022122022030303
221220220303030
212202203030302
122022030303022
220220303030223
202203030302232
022030303022322
220303030223221
203030302232210
030303022322100
303030223221001
030302232210012
303022322100121
030223221001210
302232210012102
022322100121021
223221001210210
232210012102103
322100121021031
221001210210310
210012102103100
100121021031000
001210210310001
012102103100010
121021031000100
210210310001003
102103100010032
021031000100320
210310001003201
103100010032011
031000100320111
310001003201113
100010032011132
000100320111320
001003201113200
010032011132000
100320111320003
003201113200032
032011132000322
320111320003220
201113200032203
011132000322032
111320003220322
113200032203220
132000322032202
320003220322020
200032203220200
000322032202002
003220322020020
032203220200203
322032202002032
220322020020322
203220200203222
032202002032222
322020020322223
220200203222233
202002032222333
020020322223331
200203222233311
002032222333113
020322223331133
203222233311331
032222333113310
322223331133103
222233311331031
222333113310310
223331133103102
233311331031023
333113310310231
331133103102311
311331031023112
113310310231123
133103102311233
331031023112332
310310231123322
103102311233222
031023112332223
310231123322230
102311233222303
023112332223031
231123322230311
311233222303113
112332223031132
123322230311323
233222303113230
332223031132301
322230311323010
222303113230101
223031132301011
230311323010111
303113230101111
031132301011110
311323010111102
113230101111021
132301011110211
323010111102113
230101111021133
301011110211330
010111102113300
101111021133000
011110211330000
111102113300002
111021133000023
110211330000232
102113300002320
021133000023203
211330000232032
113300002320322
133000023203220
330000232032202
300002320322022
000023203220222
000232032202221
002320322022211
023203220222110
232032202221103
320322022211032
203220222110322
032202221103222
322022211032222
220222110322220
202221103222200
022211032222002
222110322220023
221103222200232
211032222002320
110322220023200
103222200232001
032222002320010
322220023200103
222200232001031
222002320010310
220023200103100
200232001031002
002320010310021
023200103100210
232001031002103
320010310021033
200103100210330
001031002103301
010310021033011
103100210330113
031002103301130
310021033011300
100210330113000
002103301130001
021033011300013
210330113000132
103301130001321
033011300013210
330113000132102
301130001321021
011300013210211
113000132102110
130001321021101
300013210211013
000132102110132
001321021101323
013210211013232
132102110132320
321021101323202
210211013232022
102110132320223
021101323202230
211013232022302
110132320223020
101323202230203
013232022302032
132320223020320
323202230203200
232022302032003
320223020320032
202230203200321
022302032003211
223020320032110
230203200321101
302032003211010
020320032110103
203200321101032
032003211010322
320032110103220
200321101032201
003211010322011
032110103220111
321101032201113
211010322011132
110103220111320
101032201113202
010322011132020
103220111320202
032201113202021
322011132020211
220111320202110
201113202021101
011132020211010
111320202110100
113202021101000
132020211010002
320202110100023
202021101000231
020211010002310
202110100023103
021101000231031
211010002310313
110100023103132
101000231031321
010002310313213
100023103132133
000231031321331
002310313213313
023103132133132
231031321331323
310313213313232
103132133132320
031321331323201
313213313232011
132133132320110
321331323201103
213313232011032
133132320110322
331323201103222
313232011032220
132320110322201
323201103222011
232011032220112
320110322201123
201103222011232
011032220112321
110322201123213
103222011232132
032220112321322
322201123213221
222011232132213
220112321322132
201123213221320
011232132213203
112321322132032
123213221320320
232132213203201
321322132032012
213221320320122
132213203201221
322132032012212
221320320122123
213203201221231
132032012212313
320320122123131
203201221231311
032012212313113
320122123131132
201221231311321
012212313113210
122123131132103
221231311321033
212313113210332
123131132103323
231311321033232
313113210332323
131132103323231
311321033232310
113210332323101
132103323231011
321033232310111
210332323101110
103323231011101
033232310111011
332323101110111
323231011101111
232310111011112
323101110111122
231011101111220
310111011112200
101110111122001
011101111220011
111011112200111
110111122001111
101111220011110
011112200111101
111122001111011
111220011110113
112200111101132
122001111011321
220011110113211
200111101132112
001111011321121
011110113211213
111101132112131
111011321121313
110113211213131
101132112131312
011321121313123
113211213131233
132112131312332
321121313123320
211213131233203
112131312332031
121313123320311
213131233203113
131312332031131
313123320311313
131233203113131
312332031131310
123320311313102
233203113131023
332031131310232
320311313102322
203113131023223
031131310232232
311313102322320
113131023223201
131310232232011
313102322320113
131023223201131
310232232011313
102322320113132
023223201131321
232232011313211
322320113132111
223201131321113
232011313211132
320113132111322
201131321113223
011313211132232
113132111322322
131321113223221
313211132232211
132111322322112
321113223221121
211132232211211
111322322112111
113223221121113
132232211211131
322322112111312
223221121113123
232211211131233
322112111312331
221121113123313
211211131233132
112111312331322
121113123313221
211131233132210
111312331322103
113123313221033
131233132210331
312331322103313
123313221033131
233132210331311
331322103313112
313221033131122
132210331311221
322103313112210
221033131122103
210331311221031
103313112210310
033131122103103
331311221031032
313112210310320
131122103103203
311221031032033
112210310320332
122103103203323
221031032033231
210310320332313
103103203323130
031032033231301
310320332313011
103203323130112
032033231301121
320332313011211
203323130112112
033231301121122
332313011211220
323130112112200
231301121122002
313011211220021
130112112200210
301121122002101
011211220021011
112112200210110
121122002101102
211220021011022
112200210110220
122002101102202
220021011022021
200210110220213
002101102202131
021011022021311
210110220213110
101102202131100
011022021311002
110220213110021
102202131100213
022021311002130
220213110021303
202131100213032
021311002130321
213110021303210
131100213032102
311002130321020
110021303210203
100213032102032
002130321020322
021303210203220
213032102032202
130321020322021
303210203220213
032102032202131
321020322021311
210203220213110
102032202131102
020322021311020
203220213110202
032202131102021
322021311020211
220213110202111
202131102021113
021311020211132
213110202111320
131102021113202
311020211132023
110202111320230
102021113202301
020211132023010
202111320230100
021113202301002
211132023010021
111320230100213
113202301002132
132023010021320
320230100213202
202301002132021
023010021320210
230100213202100
301002132021002
010021320210021
100213202100213
002132021002130
021320210021301
213202100213012
132021002130122
320210021301220
202100213012201
021002130122011
210021301220113
100213012201131
002130122011311
021301220113110
213012201131101
130122011311011
301220113110110
012201131101103
122011311011031
220113110110310
201131101103103
011311011031032
113110110310320
131101103103201
311011031032011
110110310320112
101103103201120
011031032011201
110310320112013
103103201120130
031032011201301
310320112013010
103201120130100
032011201301001
320112013010011
201120130100111
011201301001111
112013010011110
120130100111100
201301001111001
013010011110013
130100111100130
301001111001303
010011110013033
100111100130332
001111001303321
011110013033213
111100130332133
111001303321333
110013033213332
100130332133321
001303321333213
013033213332132
130332133321322
303321333213221
033213332132210
332133321322100
321333213221002
213332132210020
133321322100201
333213221002013
332132210020133
321322100201331
213221002013310
132210020133103
322100201331031
221002013310311
210020133103110
100201331031103
002013310311031
020133103110310
201331031103102
013310311031023
133103110310232
331031103102320
310311031023201
103110310232011
031103102320113
311031023201132
110310232011320
103102320113200
031023201132002
310232011320022
102320113200220
023201132002202
232011320022022
320113200220223
201132002202232
011320022022321
113200220223211
132002202232112
320022022321121
200220223211212
002202232112122
022022321121220
220223211212200
202232112122000
022321121220000
223211212200000
232112122000001
321121220000010
211212200000103
112122000001031
121220000010310
212200000103101
122000001031011
220000010310111
200000103101113
000001031011131
000010310111310
000103101113103
001031011131033
010310111310331
103101113103312
031011131033122
310111310331222
101113103312222
011131033122221
111310331222211
113103312222113
131033122221130
310331222211302
103312222113022
033122221130221
331222211302211
312222113022110
122221130221103
222211302211032
222113022110322
221130221103221
211302211032212
113022110322121
130221103221210
302211032212103
022110322121033
221103221210333
211032212103332
110322121033322
103221210333222
032212103332222
322121033322220
221210333222202
212103332222022
121033322220223
210333222202232
103332222022323
033322220223230
333222202232303
332222022323032
322220223230320
222202232303200
222022323032002
220223230320022
202232303200221
022323032002211
223230320022110
232303200221102
323032002211022
230320022110223
303200221102230
032002211022303
320022110223031
200221102230313
002211022303132
022110223031322
221102230313220
211022303132200
110223031322003
102230313220032
022303132200323
223031322003231
230313220032311
303132200323110
031322003231102
313220032311023
132200323110232
322003231102320
220032311023201
200323110232011
003231102320111
032311023201110
323110232011100
231102320111002
311023201110021
110232011100211
102320111002111
023201110021113
232011100211131
320111002111313
201110021113130
011100211131301
111002111313010
110021113130100
100211131301002
002111313010023
021113130100232
211131301002322
111313010023221
113130100232213
131301002322132
313010023221323
130100232213230
301002322132300
010023221323000
100232213230002
002322132300020
023221323000201
232213230002012
322132300020121
221323000201213
213230002012132
132300020121321
323000201213211
230002012132112
300020121321122
000201213211220
002012132112200
020121321122002
201213211220023
012132112200232
121321122002323
213211220023232
132112200232321
321122002323213
211220023232131
112200232321312
122002323213122
220023232131220
200232321312200
002323213122001
023232131220010
232321312200102
323213122001022
232131220010220
321312200102203
213122001022032
131220010220320
312200102203202
122001022032023
220010220320233
200102203202332
001022032023322
010220320233220
102203202332203
022032023322033
220320233220333
203202332203331
032023322033311
320233220333113
202332203331131
023322033311310
233220333113103
332203331131032
322033311310322
220333113103220
203331131032200
033311310322002
333113103220021
331131032200213
311310322002131
113103220021313
131032200213132
310322002131320
103220021313203
032200213132031
322002131320310
220021313203103
200213132031031
002131320310310
021313203103102
213132031031021
131320310310210
313203103102100
132031031021000
320310310210003
203103102100033
031031021000333
310310210003330
103102100033300
031021000333001
310210003330011
102100033300110
021000333001101
210003330011011
100033300110110
000333001101102
003330011011020
033300110110200
333001101102001
330011011020010
300110110200103
001101102001033
011011020010332
110110200103323
101102001033233
011020010332331
110200103323312
102001033233120
020010332331203
200103323312032
001033233120321
010332331203210
103323312032103
033233120321031
332331203210312
323312032103122
233120321031222
331203210312222
312032103122223
120321031222232
203210312222320
032103122223202
321031222232023
210312222320231
103122223202313
031222232023132
312222320231321
122223202313210
222232023132100
222320231321002
223202313210021
232023132100211
320231321002111
202313210021113
023132100211132
231321002111321
313210021113211
132100211132111
321002111321111
210021113211112
100211132111121
002111321111213
021113211112133
211132111121331
111321111213310
113211112133103
132111121331031
321111213310311
211112133103113
111121331031132
111213310311321
112133103113213
121331031132132
213310311321322
133103113213220
331031132132202
310311321322021
103113213220213
031132132202131
311321322021310
113213220213103
132132202131032
321322021310322
213220213103221
132202131032213
322021310322132
220213103221322
202131032213222
021310322132222
213103221322222
131032213222220
310322132222202
103221322222020
032213222220201
322132222202011
221322222020113
213222220201131
132222202011310
322222020113100
222220201131002
222202011310023
222020113100231
220201131002311
202011310023113
020113100231133
201131002311331
011310023113311
113100231133113
131002311331131
310023113311310
100231133113102
002311331131022
023113311310222
231133113102220
311331131022202
113311310222020
133113102220201
331131022202012
311310222020121
113102220201212
131022202012121
310222020121211
102220201212111
022202012121110
222020121211101
220201212111012
202012121110121
020121211101211
201212111012111
012121110121112
121211101211120
212111012111200
121110121112001
211101211120011
111012111200110
110121112001102
101211120011021
012111200110211
121112001102111
211120011021110
111200110211101
112001102111011
120011021110113
200110211101131
001102111011311
011021110113111
110211101131113
102111011311132
021110113111322
211101131113221
111011311132211
110113111322110
101131113221103
011311132211032
113111322110323
131113221103233
311132211032332
111322110323322
113221103233220
132211032332203
322110323322031
221103233220313
211032332203133
110323322031331
103233220313313
032332203133132
323322031331321
233220313313210
332203133132101
322031331321012
220313313210123
203133132101232
031331321012322
313313210123221
133132101232213
331321012322131
313210123221312
132101232213122
321012322131222
210123221312220
101232213122201
012322131222010
123221312220103
232213122201031
322131222010312
221312220103121
213122201031211
131222010312113
312220103121132
122201031211321
222010312113212
220103121132122
201031211321221
010312113212213
103121132122132
031211321221323
312113212213231
121132122132310
211321221323102
113212213231023
132122132310230
321221323102301
212213231023011
122132310230113
221323102301132
213231023011322
132310230113220
323102301132202
231023011322022
310230113220220
102301132202200
023011322022000
230113220220000
301132202200001
011322022000011
113220220000110
132202200001101
322022000011013
220220000110133
202200001101331
022000011013310
220000110133103
200001101331031
000011013310311
000110133103110
001101331031101
011013310311011
110133103110112
101331031101122
013310311011222
133103110112220
331031101122201
310311011222010
103110112220103
031101122201033
311011222010332
110112220103321
101122201033213
011222010332132
112220103321321
122201033213213
222010332132130
220103321321302
201033213213020
010332132130200
103321321302000
033213213020001
332132130200013
321321302000132
213213020001323
132130200013231
321302000132313
213020001323131
130200013231311
302000132313113
020001323131131
200013231311310
000132313113101
001323131131011
013231311310113
132313113101132
323131131011323
231311310113231
313113101132311
131131011323110
311310113231102
113101132311022
131011323110220
310113231102202
101132311022021
011323110220212
113231102202122
132311022021222
323110220212220
231102202122200
311022021222002
110220212220020
102202122200200
022021222002003
220212220020030
202122200200302
021222002003021
212220020030210
122200200302100
222002003021000
220020030210002
200200302100020
002003021000203
020030210002031
200302100020312
003021000203122
030210002031220
302100020312202
021000203122020
210002031220201
100020312202013
000203122020133
002031220201333
020312202013332
203122020133322
031220201333222
312202013332220
122020133322203
220201333222032
202013332220322
020133322203221
201333222032211
013332220322111
133322203221112
333222032211120
332220322111202
322203221112020
222032211120201
220322111202010
203221112020103
032211120201031
322111202010313
221112020103130
211120201031301
111202010313010
112020103130102
120201031301022
202010313010222
020103130102221
201031301022211
010313010222110
103130102221102
031301022211021
313010222110213
130102221102130
301022211021301
010222110213013
102221102130130
022211021301301
222110213013010
221102130130102
211021301301020
110213013010200
102130130102000
021301301020002
213013010200022
130130102000222
301301020002220
013010200022202
130102000222022
301020002220222
010200022202223
102000222022232
020002220222321
200022202223212
000222022232121
002220222321211
022202223212110
222022232121103
220222321211032
202223212110321
022232121103213
222321211032132
223212110321321
232121103213211
321211032132112
212110321321122
121103213211223
211032132112232
110321321122320
103213211223200
032132112232002
321321122320023
213211223200232
132112232002322
321122320023220
211223200232203
112232002322032
122320023220321
223200232203211
232002322032111
320023220321111
200232203211111
002322032111113
023220321111132
232203211111320
322032111113200
220321111132002
203211111320021
032111113200211
321111132002113
211111320021133
111113200211331
111132002113310
111320021133103
113200211331032
132002113310322
320021133103220
200211331032200
002113310322002
021133103220022
211331032200220
113310322002200
133103220022003
331032200220030
310322002200303
103220022003033
032200220030333
322002200303330
220022003033301
200220030333013
002200303330133
022003033301331
220030333013313
200303330133130
003033301331300
030333013313000
303330133130000
033301331300001
333013313000012
330133130000122
301331300001220
013313000012203
133130000122030
331300001220301
313000012203010
130000122030103
300001220301032
000012203010322
000122030103223
001220301032231
012203010322313
122030103223133
220301032231333
203010322313333
030103223133332
301032231333322
010322313333220
103223133332202
032231333322023
322313333220232
223133332202323
231333322023233
313333220232332
133332202323321
333322023233213
333220232332132
332202323321323
322023233213232
220232332132322
202323321323222
023233213232220
232332132322202
323321323222020
233213232220203
332132322202030
321323222020303
213232220203033
132322202030333
323222020303333
232220203033331
322202030333311
222020303333111
220203033331113
202030333311131
020303333111312
203033331113122
030333311131222
303333111312223
033331113122230
333311131222303
333111312223030
331113122230303
311131222303032
111312223030321
113122230303211
131222303032110
312223030321103
122230303211030
222303032110301
223030321103011
230303211030111
303032110301111
030321103011110
303211030111102
032110301111021
321103011110210
211030111102100
110301111021002
103011110210020
030111102100202
301111021002021
011110210020210
111102100202100
111021002021001
110210020210011
102100202100110
021002021001102
210020210011022
100202100110220
002021001102200
020210011022002
202100110220023
021001102200233
210011022002331
100110220023313
001102200233132
011022002331322
110220023313220
102200233132202
022002331322023
220023313220233
200233132202333
002331322023332
023313220233323
233132202333231
331322023332310
313220233323101
132202333231011
322023332310110
220233323101102
202333231011021
023332310110212
233323101102122
333231011021220
332310110212202
323101102122022
231011021220220
310110212202201
101102122022012
011021220220122
110212202201220
102122022012203
021220220122032
212202201220322
122022012203220
220220122032201
202201220322011
022012203220111
220122032201110
201220322011101
012203220111011
122032201110113
220322011101130
203220111011300
032201110113002
322011101130020
220111011300200
201110113002001
011101130020013
111011300200132
110113002001321
101130020013211
011300200132111
113002001321111
130020013211112
300200132111122
002001321111222
020013211112221
200132111122211
001321111222113
013211112221132
132111122211323
321111222113230
211112221132303
111122211323030
111222113230301
112221132303011
122211323030112
222113230301122
221132303011220
211323030112203
113230301122030
132303011220300
323030112203003
230301122030032
303011220300320
030112203003201
301122030032013
011220300320131
112203003201310
122030032013102
220300320131023
203003201310232
030032013102321
300320131023213
003201310232132
032013102321322
320131023213221
201310232132210
013102321322102
131023213221021
310232132210210
102321322102103
023213221021031
232132210210310
321322102103102
213221021031021
132210210310211
322102103102112
221021031021122
210210310211220
102103102112200
021031021122002
210310211220020
103102112200201
031021122002010
310211220020102
102112200201020
021122002010201
211220020102011
112200201020111
122002010201110
220020102011100
200201020111001
002010201110013
020102011100133
201020111001333
010201110013332
102011100133321
020111001333211
201110013332110
011100133321103
111001333211031
110013332110310
100133321103103
001333211031033
013332110310333
133321103103333
333211031033332
332110310333322
321103103333220
211031033332202
110310333322020
103103333220202
031033332202022
310333322020220
103333220202203
033332202022033
333322020220332
333220202203320
332202022033200
322020220332003
220202203320030
202022033200301
020220332003013
202203320030132
022033200301321
220332003013210
203320030132101
033200301321011
332003013210111
320030132101110
200301321011102
003013210111022
030132101110220
301321011102203
013210111022031
132101110220311
321011102203111
210111022031112
101110220311120
011102203111203
111022031112032
110220311120323
102203111203231
022031112032310
220311120323103
203111203231031
031112032310310
311120323103100
111203231031001
112032310310010
120323103100101
203231031001010
032310310010102
323103100101021
231031001010213
310310010102131
103100101021313
031001010213132
310010102131321
100101021313211
001010213132111
010102131321110
101021313211103
010213132111030
102131321110302
021313211103020
213132111030200
131321110302003
313211103020030
132111030200301
321110302003012
211103020030122
111030200301221
110302003012211
103020030122111
030200301221110
302003012211102
020030122111023
200301221110230
003012211102302
030122111023023
301221110230232
012211102302322
122111023023220
221110230232200
211102302322002
111023023220020
110230232200202
102302322002022
023023220020220
230232200202202
302322002022022
023220020220220
232200202202202
322002022022020
220020220220200
200202202202000
002022022020002
020220220200023
202202202000232
022022020002321
220220200023211
202202000232111
022020002321110
220200023211103
202000232111032
020002321110321
200023211103212
000232111032121
002321110321211
023211103212111
232111032121111
321110321211110
211103212111100
111032121111000
110321211110002
103212111100020
032121111000201
321211110002011
212111100020111
121111000201111
211110002011112
111100020111120
111000201111202
110002011112022
100020111120222
000201111202222
002011112022220
020111120222203
201111202222032
011112022220321
111120222203211
111202222032113
112022220321131
120222203211311
202222032113113
022220321131131
222203211311313
222032113113132
220321131131321
203211311313213
032113113132132
321131131321322
211311313213223
113113132132232
131131321322323
311313213223231
113132132232313
131321322323131
313213223231311
132132232313111
321322323131111
213223231311110
132232313111102
322323131111021
223231311110211
232313111102113
323131111021132
231311110211321
313111102113212
131111021132120
311110211321200
111102113212002
111021132120021
110211321200210
102113212002101
021132120021012
211321200210120
113212002101202
132120021012022
321200210120220
212002101202202
120021012022022
200210120220221
002101202202212
021012022022121
210120220221211
101202202212111
012022022121111
120220221211111
202202212111110
022022121111102
220221211111021
202212111110211
022121111102111
221211111021111
212111110211111
121111102111111
211111021111110
111110211111102
111102111111021
111021111110211
110211111102111
102111111021112
021111110211121
211111102111210
111111021112102
111110211121021
111102111210213
111021112102131
110211121021313
102111210213132
021112102131322
211121021313221
111210213132212
112102131322122
121021313221221
210213132212212
102131322122121
021313221221211
213132212212110
131322122121102
313221221211022
132212212110221
322122121102211
221221211022111
212212110221111
122121102211113
221211022111133
212110221111332
121102211113322
211022111133223
110221111332232
102211113322320
022111133223200
221111332232002
211113322320020
111133223200200
111332232002002
113322320020021
133223200200211
332232002002111
322320020021111
223200200211111
232002002111112
320020021111120
200200211111202
002002111112023
020021111120232
200211111202321
002111112023212
021111120232122
211111202321222
111112023212223
111120232122232
111202321222321
112023212223212
120232122232122
202321222321222
023212223212223
232122232122232
321222321222321
212223212223212
122232122232122
222321222321222
223212223212223
232122232122232
321222321222321
212223212223212
122232122232122
222321222321222
223212223212220
232122232122202
321222321222021
212223212220212
122232122202122
222321222021222
223212220212220
232122202122202
321222021222021
212220212220212
122202122202122
222021222021222
220212220212220
202122202122202
021222021222021
212220212220210
122202122202102
222021222021022
220212220210221
202122202102211
021222021022112
212220210221121
122202102211212
222021022112123
220210221121232
202102211212321
021022112123211
210221121232111
102211212321111
022112123211110
221121232111100
211212321111002
112123211110020
121232111100202
212321111002022
123211110020223
232111100202232
321111002022322
211110020223221
111100202232210
111002022322102
110020223221020
100202232210203
002022322102031
020223221020312
202232210203122
022322102031222
223221020312222
232210203122221
322102031222211
221020312222110
210203122221101
102031222211012
020312222110123
203122221101232
031222211012320
312222110123200
122221101232001
222211012320010
222110123200103
221101232001032
211012320010322
110123200103221
101232001032212
012320010322123
123200103221233
232001032212331
320010322123313
200103221233131
001032212331313
010322123313131
103221233131310
032212331313102
322123313131023
221233131310231
212331313102311
123313131023110
233131310231100
331313102311001
313131023110011
131310231100111
313102311001113
131023110011131
310231100111311
102311001113111
023110011131111
231100111311111
311001113111112
110011131111122
100111311111220
001113111112202
011131111122021
111311111220213
113111112202132
131111122021321
311111220213210
111112202132103
111122021321030
111220213210300
112202132103000
122021321030002
220213210300022
202132103000221
021321030002211
213210300022111
132103000221112
321030002211122
210300022111222
103000221112221
030002211122213
300022111222131
000221112221311
002211122213110
022111222131102
221112221311020
211122213110200
111222131102000
112221311020001
122213110200010
222131102000100
221311020001002
213110200010021
131102000100211
311020001002112
110200010021120
102000100211201
020001002112011
200010021120110
000100211201102
001002112011021
010021120110211
100211201102113
002112011021132
021120110211323
211201102113232
112011021132322
120110211323220
201102113232200
011021132322001
110211323220011
102113232200111
021132322001111
211323220011110
113232200111101
132322001111011
323220011110113
232200111101130
322001111011301
220011110113012
200111101130122
001111011301221
011110113012213
111101130122131
111011301221312
110113012213123
101130122131232
011301221312322
113012213123223
130122131232233
301221312322333
012213123223330
122131232233301
221312322333012
213123223330122
131232233301220
312322333012202
123223330122020
232233301220200
322333012202002
223330122020021
233301220200211
333012202002112
330122020021122
301220200211221
012202002112211
122020021122110
220200211221100
202002112211000
020021122110000
200211221100000
002112211000002
021122110000020
211221100000201
112211000002011
122110000020111
221100000201110
211000002011103
110000020111032
100000201110321
000002011103211
000020111032111
000201110321111
002011103211112
020111032111121
201110321111211
011103211112112
111032111121122
110321111211222
103211112112221
032111121122212
321111211222121
211112112221212
111121122212122
111211222121220
112112221212202
121122212122021
211222121220211
112221212202110
122212122021101
222121220211010
221212202110102
212122021101022
121220211010221
212202110102212
122021101022120
220211010221202
202110102212022
021101022120222
211010221202221
110102212022210
101022120222102
010221202221022
102212022210220
022120222102202
221202221022021
212022210220212
120222102202122
202221022021221
022210220212211
222102202122112
221022021221120
210220212211202
102202122112022
022021221120222
220212211202223
202122112022232
021221120222322
212211202223221
122112022232213
221120222322132
211202223221322
112022232213220
120222322132201
202223221322011
022232213220112
222322132201122
223221322011222
232213220112221
322132201122211
221322011222112
213220112221122
132201122211222
322011222112221
220112221122212
201122211222121
011222112221212
112221122212122
122211222121222
222112221212220
221122212122203
211222121222031
112221212220311
122212122203111
222121222031112
221212220311121
212122203111210
121222031112102
212220311121020
122203111210201
222031112102011
220311121020111
203111210201112
031112102011122
311121020111222
111210201112222
112102011122221
121020111222211
210201112222112
102011122221121
020111222211212
201112222112121
011122221121213
111222211212132
112222112121321
122221121213213
222211212132132
222112121321321
221121213213213
211212132132131
112121321321312
121213213213120
212132132131202
121321321312021
213213213120211
132132131202112
321321312021123
213213120211231
132131202112312
321312021123122
213120211231221
131202112312213
312021123122131
120211231221313
202112312213132
021123122131320
211231221313202
112312213132021
123122131320212
231221313202121
312213132021211
122131320212110
221313202121101
213132021211011
131320212110110
313202121101103
132021211011032
320212110110320
202121101103200
021211011032002
212110110320022
121101103200220
211011032002202
110110320022022
101103200220223
011032002202232
110320022022321
103200220223211
032002202232112
320022022321121
200220223211213
002202232112132
022022321121323
220223211213233
202232112132331
022321121323310
223211213233102
232112132331022
321121323310221
211213233102213
112132331022132
121323310221321
213233102213212
132331022132121
323310221321211
233102213212110
331022132121101
310221321211013
102213212110133
022132121101331
221321211013311
213212110133111
132121101331111
321211013311113
212110133111132
121101331111321
211013311113212
110133111132122
101331111321222
013311113212220
133111132122200
331111321222001
311113212220012
111132122200123
111321222001231
113212220012310
132122200123100
321222001231001
212220012310013
122200123100130
222001231001303
220012310013032
200123100130322
001231001303223
012310013032233
123100130322330
231001303223301
310013032233011
100130322330110
001303223301102
013032233011021
130322330110210
303223301102100
032233011021001
322330110210010
223301102100102
233011021001022
330110210010222
301102100102223
011021001022231
110210010222313
102100102223131
021001022231311
210010222313111
100102223131111
001022231311113
010222313111133
102223131111332
022231311113322
222313111133220
223131111332200
231311113322002
313111133220021
131111332200211
311113322002110
111133220021101
111332200211011
113322002110112
133220021101121
332200211011213
322002110112130
220021101121301
200211011213010
002110112130101
021101121301011
211011213010111
110112130101112
101121301011122
011213010111220
112130101112200
121301011122000
213010111220001
130101112200010
301011122000101
010111220001011
101112200010112
011122000101123
111220001011232
112200010112321
122000101123213
220001011232132
200010112321320
000101123213200
001011232132000
010112321320000
101123213200002
011232132000021
112321320000210
123213200002100
232132000021002
321320000210020
213200002100202
132000021002021
320000210020210
200002100202100
000021002021002
000210020210022
002100202100223
021002021002231
210020210022310
100202100223101
002021002231011
020210022310111
202100223101110
021002231011102
210022310111021
100223101110210
002231011102102
022310111021022
223101110210222
231011102102222
310111021022221
101110210222211
011102102222111
111021022221113
110210222211132
102102222111320
021022221113202
210222211132021
102222111320211
022221113202111
222211132021113
222111320211132
221113202111321
211132021113212
111320211132121
113202111321210
132021113212100
320211132121001
202111321210010
021113212100101
211132121001013
111321210010130
113212100101302
132121001013021
321210010130213
212100101302133
121001013021331
210010130213313
100101302133132
001013021331321
010130213313211
101302133132111
013021331321111
130213313211113
302133132111132
021331321111322
213313211113220
133132111132202
331321111322022
313211113220220
132111132202202
321111322022021
211113220220211
111132202202112
111322022021122
113220220211220
132202202112202
322022021122021
220220211220211
202202112202111
022021122021110
220211220211101
202112202111011
021122021110113
211220211101131
112202111011312
122021110113120
220211101131202
202111011312022
021110113120222
211101131202220
111011312022202
110113120222022
101131202220220
011312022202200
113120222022002
131202220220020
312022202200201
120222022002010
202220220020102
022202200201020
222022002010200
220220020102003
202200201020032
022002010200322
220020102003221
200201020032211
002010200322111
020102003221111
201020032211110
010200322111101
102003221111011
020032211110110
200322111101101
003221111011010
032211110110100
322111101101000
221111011010001
211110110100011
111101101000110
111011010001102
110110100011020
101101000110202
011010001102020
110100011020201
101000110202011
010001102020110
100011020201100
000110202011000
001102020110003
011020201100032
110202011000323
102020110003231
020201100032310
202011000323101
020110003231013
201100032310133
011000323101333
110003231013331
100032310133310
000323101333103
003231013331033
032310133310333
323101333103333
231013331033332
310133310333323
101333103333232
013331033332321
133310333323211
333103333232110
331033332321100
310333323211001
103333232110013
033332321100133
333323211001332
333232110013323
332321100133233
323211001332333
232110013323333
321100133233332
211001332333320
110013323333200
100133233332002
001332333320023
013323333200232
133233332002321
332333320023211
323333200232110
233332002321101
333320023211010
333200232110103
332002321101033
320023211010333
200232110103330
002321101033300
023211010333000
232110103330002
321101033300022
211010333000220
110103330002200
101033300022002
010333000220020
103330002200200
033300022002002
333000220020020
330002200200200
300022002002000
000220020020000
002200200200000
022002002000000
220020020000000
200200200000000
002002000000000
020020000000002
200200000000022
002000000000220
020000000002200
200000000022000
000000000220000
000000002200001
000000022000013
000000220000133
000002200001332
000022000013320
000220000133200
002200001332003
022000013320033
220000133200333
200001332003332
000013320033321
000133200333210
001332003332100
013320033321002
133200333210020
332003332100200
320033321002002
200333210020021
003332100200212
033321002002123
333210020021233
332100200212330
321002002123302
210020021233020
100200212330200
002002123302000
020021233020002
200212330200022
002123302000223
021233020002233
212330200022333
123302000223333
233020002233333
330200022333332
302000223333320
020002233333202
200022333332021
000223333320210
002233333202103
022333332021032
223333320210320
233333202103202
333332021032023
333320210320233
333202103202331
332021032023310
320210320233103
202103202331031
021032023310313
210320233103130
103202331031303
032023310313031
320233103130311
202331031303113
023310313031133
233103130311333
331031303113331
310313031133310
103130311333100
031303113331000
313031133310000
130311333100002
303113331000020
031133310000200
311333100002002
113331000020020
133310000200200
333100002002000
331000020020000
310000200200003
100002002000032
000020020000321
000200200003211
002002000032110
020020000321103
200200003211033
002000032110333
020000321103333
200003211033330
000032110333303
000321103333032
003211033330320
032110333303200
321103333032000
211033330320000
110333303200002
103333032000021
033330320000210
333303200002100
333032000021003
330320000210031
303200002100312
032000021003123
320000210031230
200002100312301
000021003123010
000210031230100
002100312301002
021003123010022
210031230100221
100312301002211
003123010022111
031230100221110
312301002211102
123010022111020
230100221110203
301002211102033
010022111020332
100221110203322
002211102033223
022111020332233
221110203322332
211102033223321
111020332233212
110203322332123
102033223321230
020332233212300
203322332123000
033223321230002
332233212300023
322332123000233
223321230002333
233212300023333
332123000233331
321230002333310
212300023333103
123000233331032
230002333310321
300023333103210
000233331032103
002333310321032
023333103210322
233331032103223
333310321032231
333103210322311
331032103223112
310321032231121
103210322311213
032103223112132
321032231121323
210322311213230
103223112132301
032231121323010
322311213230102
223112132301023
231121323010233
311213230102331
112132301023311
121323010233111
213230102331113
132301023311130
323010233111300
230102331113002
301023311130021
010233111300213
102331113002133
