2122332202
1223322022
2233220222
2332202222
3322022222
3220222221
2202222212
2022222122
0222221222
2222212222
2222122222
2221222222
2212222221
2122222212
1222222120
2222221200
2222212001
2222120013
2221200132
2212001323
2120013232
1200132320
2001323202
0013232021
0132320212
1323202121
3232021212
2320212121
3202121213
2021212132
0212121322
2121213221
1212132213
2121322131
1213221311
2132213111
1322131110
3221311100
2213111003
2131110031
1311100310
3111003101
1110031010
1100310102
1003101022
0031010220
0310102202
3101022022
1010220220
0102202202
1022022022
0220220220
2202202202
2022022020
0220220200
2202202002
2022020022
0220200223
2202002232
2020022322
0200223220
2002232202
0022322022
0223220220
2232202202
2322022022
3220220220
2202202202
2022022022
0220220222
2202202221
2022022210
0220222102
2202221022
2022210221
0222102213
2221022131
2210221312
2102213120
1022131202
0221312022
2213120220
2131202200
1312022002
3120220023
1202200230
2022002301
0220023010
2200230100
2002301002
0023010020
0230100200
2301002003
3010020032
0100200320
1002003200
0020032002
0200320023
2003200233
0032002332
0320023323
3200233232
2002332322
0023323222
0233232222
2332322221
3323222213
3232222132
2322221320
3222213202
2222132020
2221320203
2213202033
2132020331
1320203311
3202033111
2020331111
0203311113
2033111131
0331111311
3311113110
3111131102
1111311021
1113110212
1131102123
1311021232
3110212321
1102123211
1021232111
0212321110
2123211102
1232111020
2321110202
3211102020
2111020202
1110202020
1102020201
1020202012
0202020120
2020201202
0202012020
2020120200
0201202002
2012020020
0120200202
1202002020
2020020201
0200202011
2002020113
0020201131
0202011313
2020113133
0201131333
2011313333
0113133331
1131333312
1313333120
3133331202
1333312022
3333120221
3331202210
3312022100
3120221001
1202210010
2022100102
0221001021
2210010211
2100102111
1001021112
0010211121
0102111211
1021112112
0211121121
2111211213
1112112133
1121121331
1211213312
2112133121
1121331210
1213312102
2133121022
1331210222
3312102223
3121022230
1210222301
2102223011
1022230111
0222301113
2223011133
2230111333
2301113331
3011133313
0111333132
1113331322
1133313221
1333132212
3331322121
3313221211
3132212110
1322121100
3221211002
2212110021
2121100212
1211002121
2110021211
1100212113
1002121132
0021211322
0212113221
2121132211
1211322113
2113221131
1132211313
1322113131
3221131311
2211313112
2113131121
1131311211
1313112113
3131121132
1311211321
3112113211
1121132112
1211321121
2113211212
1132112121
1321121211
3211212111
2112121112
1121211122
1212111221
2121112212
1211122121
2111221211
1112212111
1122121111
1221211111
2212111111
2121111110
1211111102
2111111021
1111110211
1111102113
1111021132
1110211322
1102113223
1021132231
0211322311
2113223110
1132231102
1322311021
3223110211
2231102112
2311021122
3110211220
1102112202
1021122021
0211220211
2112202110
1122021103
1220211032
2202110322
2021103222
0211032220
2110322201
1103222011
1032220112
0322201122
3222011220
2220112200
2201122001
2011220011
0112200112
1122001121
1220011210
2200112102
2001121023
0011210232
0112102320
1121023202
1210232021
2102320210
1023202101
0232021011
2320210110
3202101103
2021011032
0210110322
2101103220
1011032202
0110322021
1103220213
1032202132
0322021322
3220213221
2202132212
2021322122
0213221221
2132212211
1322122113
3221221132
2212211322
2122113223
1221132232
2211322321
2113223211
1132232112
1322321121
3223211213
2232112132
2321121322
3211213222
2112132222
1121322222
1213222221
2132222213
1322222131
3222221311
2222213113
2222131133
2221311331
2213113313
2131133131
1311331312
3113313121
1133131211
1331312111
3313121113
3131211131
1312111311
3121113113
1211131132
2111311321
1113113211
1131132111
1311321111
3113211111
1132111111
1321111112
3211111122
2111111220
1111112202
1111122021
1111220211
1112202110
1122021101
1220211012
2202110122
2021101222
0211012221
2110122210
1101222101
1012221013
0122210131
1222101310
2221013100
2210131002
2101310023
1013100232
0131002323
1310023232
3100232321
1002323210
0023232101
0232321013
2323210132
3232101322
2321013221
3210132210
2101322101
1013221010
0132210102
1322101020
3221010203
2210102030
2101020303
1010203032
0102030320
1020303200
0203032002
2030320021
0303200213
3032002132
0320021321
3200213212
2002132122
0021321221
0213212213
2132122131
1321221311
3212213111
2122131110
1221311102
2213111021
2131110211
1311102110
3111021102
1110211023
1102110231
1021102311
0211023111
2110231112
1102311120
1023111202
0231112020
2311120201
3111202011
1112020111
1120201110
1202011101
2020111011
0201110113
2011101132
0111011322
1110113220
1101132201
1011322010
0113220103
1132201032
1322010321
3220103213
2201032131
2010321311
0103213112
1032131121
0321311211
3213112110
2131121101
1311211011
3112110113
1121101131
1211011313
2110113130
1101131301
1011313011
0113130110
1131301102
1313011022
3130110222
1301102221
3011022213
0110222132
1102221323
1022213231
0222132310
2221323102
2213231022
2132310223
1323102232
3231022322
2310223223
3102232232
1022322321
0223223210
2232232102
2322321022
3223210222
2232102222
2321022220
3210222200
2102222001
1022220011
0222200113
2222001132
2220011322
2200113220
2001132200
0011322001
0113220013
1132200133
1322001330
3220013301
2200133011
2001330113
0013301130
0133011301
1330113011
3301130113
3011301132
0113011321
1130113211
1301132113
3011321132
0113211321
1132113211
1321132110
3211321100
2113211003
1132110032
1321100321
3211003211
2110032110
1100321102
1003211021
0032110211
0321102113
3211021131
2110211313
1102113131
1021131313
0211313133
2113131333
1131313331
1313133311
3131333113
1313331130
3133311301
1333113010
3331130102
3311301022
3113010220
1130102203
1301022030
3010220303
0102203031
1022030311
0220303110
2203031102
2030311022
0303110220
3031102202
0311022022
3110220223
1102202230
1022022301
0220223010
2202230102
2022301022
0223010222
2230102223
2301022233
3010222330
0102223303
1022233032
0222330323
2223303232
2233032321
2330323213
3303232131
3032321310
0323213103
3232131031
2321310312
3213103121
2131031213
1310312131
3103121310
1031213101
0312131010
3121310100
1213101001
2131010011
1310100110
3101001100
1010011002
0100110023
1001100232
0011002320
0110023202
1100232020
1002320201
0023202010
0232020102
2320201022
3202010223
2020102231
0201022311
2010223111
0102231110
1022311101
0223111013
2231110132
2311101321
3111013210
1110132102
1101321020
1013210202
0132102022
1321020221
3210202213
2102022132
1020221321
0202213212
2022132121
0221321210
2213212103
2132121031
1321210312
3212103123
2121031232
1210312321
2103123212
1031232120
0312321202
3123212022
1232120221
2321202210
3212022101
2120221011
1202210111
2022101110
0221011102
2210111021
2101110213
1011102130
0111021303
1110213033
1102130333
1021303332
0213033320
2130333202
1303332022
3033320220
0333202203
3332022030
3320220302
3202203021
2022030213
0220302130
2203021303
2030213032
0302130321
3021303211
0213032111
2130321113
1303211132
3032111322
0321113221
3211132211
2111322112
1113221123
1132211232
1322112321
3221123213
2211232132
2112321322
1123213220
1232132201
2321322010
3213220100
2132201003
1322010032
3220100322
2201003220
2010032202
0100322020
1003220201
0032202011
0322020113
3220201133
2202011331
2020113313
0201133132
2011331322
0113313220
1133132201
1331322010
3313220102
3132201023
1322010232
3220102321
2201023211
2010232110
0102321101
1023211011
0232110111
2321101111
3211011113
2110111132
1101111321
1011113213
0111132132
1111321321
1113213213
1132132132
1321321322
3213213222
2132132221
1321322211
3213222113
2132221132
1322211321
3222113211
2221132111
2211321111
2113211110
1132111100
1321111002
3211110020
2111100202
1111002022
1110020220
1100202201
1002022013
0020220132
0202201321
2022013210
0220132102
2201321022
2013210220
0132102202
1321022021
3210220213
2102202132
1022021321
0220213210
2202132102
2021321021
0213210213
2132102132
1321021321
3210213212
2102132120
1021321200
0213212002
2132120021
1321200211
3212002113
2120021131
1200211310
2002113101
0021131010
0211310102
2113101020
1131010202
1310102020
3101020203
1010202031
0102020311
1020203113
0202031132
2020311320
0203113200
2031132002
0311320022
3113200222
1132002220
1320022202
3200222022
2002220222
0022202222
0222022223
2220222232
2202222323
2022223233
0222232332
2222323320
2223233203
2232332031
2323320311
3233203110
2332031102
3320311021
3203110212
2031102122
0311021220
3110212200
1102122001
1021220011
0212200111
2122001113
1220011131
2200111310
2001113102
0011131021
0111310213
1113102131
1131021313
1310213132
3102131321
1021313211
0213132110
2131321101
1313211011
3132110110
1321101102
3211011022
2110110220
1101102203
1011022030
0110220301
1102203012
1022030120
0220301203
2203012033
2030120333
0301203333
3012033332
0120333323
1203333232
2033332322
0333323220
3333232200
3332322002
3323220022
3232200220
2322002201
3220022010
2200220103
2002201031
0022010313
0220103133
2201031331
2010313311
0103133110
1031331101
0313311010
3133110100
1331101002
3311010020
3110100200
1101002001
1010020010
0100200100
1002001001
0020010011
0200100110
2001001102
0010011021
0100110213
1001102132
0011021322
0110213221
1102132211
1021322111
0213221113
2132211131
1322111310
3221113103
2211131032
2111310321
1113103213
1131032132
1310321320
3103213203
1032132030
0321320302
3213203020
2132030201
1320302010
3203020100
2030201001
0302010010
3020100100
0201001001
2010010011
0100100112
1001001121
0010011213
0100112131
1001121311
0011213111
0112131112
1121311122
1213111222
2131112221
1311122211
3111222113
1112221132
1122211321
1222113211
2221132110
2211321100
2113211001
1132110011
1321100111
3211001113
2110011132
1100111323
1001113233
0011132331
0111323313
1113233131
1132331311
1323313110
3233131102
2331311021
3313110213
3131102133
1311021332
3110213323
1102133230
1021332300
0213323000
2133230002
1332300021
3323000211
3230002113
2300021131
3000211313
0002113131
0021131310
0211313101
2113131013
1131310132
1313101321
3131013213
1310132132
3101321322
1013213222
0132132222
1321322220
3213222202
2132222020
1322220200
3222202000
2222020002
2220200023
2202000233
2020002331
0200023311
2000233111
0002331110
0023311102
0233111022
2331110220
3311102203
3111022033
1110220332
1102203323
1022033231
0220332310
2203323102
2033231021
0332310212
3323102121
3231021213
2310212133
3102121332
1021213320
0212133201
2121332012
1213320121
2133201212
1332012120
3320121200
3201212001
2012120013
0121200132
1212001323
2120013231
1200132313
2001323132
0013231323
0132313232
1323132321
3231323211
2313232112
3132321122
1323211221
3232112212
2321122122
3211221221
2112212213
1122122132
1221221323
2212213232
2122132321
1221323211
2213232111
2132321112
1323211120
3232111203
2321112032
3211120321
2111203210
1112032100
1120321002
1203210022
2032100222
0321002221
3210022211
2100222111
1002221112
0022211121
0222111213
2221112132
2211121321
2111213211
1112132111
1121321110
1213211101
2132111011
1321110112
3211101120
2111011201
1110112013
1101120132
1011201321
0112013213
1120132132
1201321321
2013213211
0132132110
1321321103
3213211032
2132110320
1321103202
3211032021
2110320210
1103202102
1032021023
0320210232
3202102323
2021023232
0210232321
2102323213
1023232132
0232321321
2323213211
3232132112
2321321122
3213211221
2132112213
1321122132
3211221321
2112213210
1122132101
1221321012
2213210122
2132101222
1321012221
3210122211
2101222111
1012221111
0122211110
1222111100
2221111002
2211110021
2111100210
1111002101
1110021013
1100210131
1002101313
0021013132
0210131320
2101313201
1013132013
0131320132
1313201321
3132013211
1320132113
3201321132
2013211322
0132113221
1321132211
3211322113
2113221132
1132211321
1322113211
3221132113
2211321131
2113211311
1132113110
1321131101
3211311013
2113110133
1131101331
1311013310
3110133100
1101331001
1013310011
0133100110
1331001101
3310011010
3100110102
1001101023
0011010232
0110102322
1101023221
1010232210
0102322103
1023221031
0232210313
2322103132
3221031323
2210313232
2103132320
1031323202
0313232021
3132320213
1323202132
3232021321
2320213210
3202132101
2021321013
0213210132
2132101321
1321013211
3210132111
2101321110
1013211102
0132111021
1321110211
3211102111
2111021113
1110211132
1102111322
1021113223
0211132231
2111322310
1113223101
1132231011
1322310113
3223101130
2231011301
2310113010
3101130100
1011301001
0113010010
1130100101
1301001012
3010010122
0100101220
1001012201
0010122010
0101220101
1012201011
0122010113
1220101133
2201011331
2010113312
0101133120
1011331202
0113312023
1133120231
1331202311
3312023110
3120231103
1202311032
2023110321
0231103211
2311032111
3110321110
1103211100
1032111001
0321110011
3211100111
2111001113
1110011132
1100111320
1001113202
0011132022
0111320222
1113202221
1132022211
1320222112
3202221122
2022211223
0222112230
2221122303
2211223030
2112230301
1122303011
1223030113
2230301133
2303011333
3030113332
0301133322
3011333221
0113332212
1133322121
1333221211
3332212110
3322121102
3221211021
2212110213
2121102132
1211021323
2110213232
1102132323
1021323232
0213232320
2132323201
1323232011
3232320112
2323201121
3232011211
2320112113
3201121132
2011211323
0112113231
1121132311
1211323111
2113231113
1132311130
1323111301
3231113010
2311130100
3111301001
1113010013
1130100130
1301001301
3010013011
0100130113
1001301130
0013011303
0130113031
1301130312
3011303120
0113031201
1130312012
1303120122
3031201220
0312012203
3120122032
1201220323
2012203232
0122032322
1220323222
2203232220
2032322203
0323222031
3232220311
2322203113
3222031132
2220311321
2203113210
2031132101
0311321011
3113210111
1132101113
1321011130
3210111302
2101113023
1011130231
0111302313
1113023132
1130231323
1302313231
3023132311
0231323111
2313231111
3132311113
1323111133
3231111330
2311113300
3111133001
1111330010
1113300100
1133001001
1330010011
3300100110
3001001100
0010011002
0100110020
1001100200
0011002002
0110020023
1100200232
1002002320
0020023201
0200232010
2002320102
0023201021
0232010213
2320102132
3201021320
2010213200
0102132002
1021320020
0213200201
2132002012
1320020122
3200201220
2002012200
0020122001
0201220010
2012200101
0122001010
1220010102
2200101021
2001010212
0010102122
0101021223
1010212232
0102122323
1021223232
0212232320
2122323202
1223232020
2232320200
2323202000
3232020003
2320200032
3202000321
2020003210
0200032102
2000321021
0003210210
0032102100
0321021002
3210210021
2102100211
1021002113
0210021133
2100211332
1002113323
0021133232
0211332321
2113323211
1133232111
1332321112
3323211120
3232111202
2321112023
3211120232
2111202323
1112023232
1120232321
1202323213
2023232130
0232321303
2323213032
3232130322
2321303223
3213032231
2130322313
1303223132
3032231322
0322313222
3223132221
2231322210
2313222103
3132221032
1322210322
3222103220
2221032200
2210322001
2103220010
1032200101
0322001011
3220010113
2200101132
2001011321
0010113212
0101132122
1011321222
0113212220
1132122202
1321222022
3212220221
2122202212
1222022120
2220221202
2202212022
2022120222
0221202221
2212022212
2120222122
1202221223
2022212231
0222122310
2221223101
2212231013
2122310130
1223101302
2231013023
2310130232
3101302321
1013023211
0130232110
1302321100
3023211003
0232110032
2321100323
3211003231
2110032311
1100323113
1003231132
0032311322
0323113220
3231132202
2311322023
3113220233
1132202333
1322023332
3220233321
2202333213
2023332132
0233321322
2333213221
3332132213
3321322132
3213221321
2132213210
1322132100
3221321002
2213210020
2132100200
1321002002
3210020020
2100200203
1002002031
0020020313
0200203133
2002031333
0020313332
0203133322
2031333222
0313332220
3133322202
1333222021
3332220211
3322202113
3222021132
2220211322
2202113221
2021132212
0211322123
2113221233
1132212333
1322123331
3221233313
2212333132
2123331321
1233313211
2333132112
3331321122
3313211220
3132112202
1321122020
3211220202
2112202021
1122020213
1220202133
2202021333
2020213332
0202133321
2021333212
0213332122
2133321222
1333212222
3332122222
3321222220
3212222201
2122222011
1222220111
2222201110
2222011102
2220111021
2201110211
2011102113
0111021131
1110211311
1102113110
1021131100
0211311001
2113110010
1131100101
1311001013
3110010132
1100101321
1001013211
0010132111
0101321111
1013211111
0132111111
1321111113
3211111130
2111111301
1111113010
1111130102
1111301021
1113010211
1130102111
1301021112
3010211120
0102111202
1021112021
0211120210
2111202102
1112021021
1120210213
1202102131
2021021310
0210213102
2102131020
1021310202
0213102023
2131020232
1310202323
3102023233
1020232333
0202323332
2023233320
0232333202
2323332020
3233320201
2333202011
3332020113
3320201133
3202011330
2020113302
0201133020
2011330202
0113302022
1133020220
1330202202
3302022020
3020220203
0202202033
2022020330
0220203301
2202033010
2020330102
0203301022
2033010223
0330102233
3301022330
3010223301
0102233011
1022330113
0223301132
2233011323
2330113230
3301132301
3011323010
0113230103
1132301031
1323010313
3230103131
2301031310
3010313102
0103131021
1031310212
0313102123
3131021232
1310212322
3102123221
1021232211
0212322110
2123221102
1232211020
2322110201
3221102010
2211020101
2110201011
1102010111
1020101113
0201011132
2010111321
0101113211
1011132113
0111321132
1113211320
1132113201
1321132011
3211320113
2113201131
1132011310
1320113102
3201131023
2011310232
0113102323
1131023231
1310232313
3102323133
1023231331
0232313311
2323133110
3231331102
2313311020
3133110200
1331102000
3311020001
3110200013
1102000132
1020001321
0200013212
2000132120
0001321202
0013212023
0132120230
1321202300
3212023003
2120230031
1202300311
2023003112
0230031122
2300311222
3003112222
0031122220
0311222201
3112222012
1122220120
1222201202
2222012023
2220120233
2201202331
2012023313
0120233132
1202331321
2023313210
0233132103
2331321032
3313210320
3132103203
1321032032
3210320322
2103203223
1032032232
0320322321
3203223211
2032232113
0322321130
3223211301
2232113013
2321130131
3211301312
2113013121
1130131213
1301312132
3013121320
0131213201
1312132011
3121320111
1213201113
2132011132
1320111321
3201113210
2011132100
0111321002
1113210022
1132100221
1321002211
3210022113
2100221132
1002211322
0022113222
0221132221
2211322210
2113222103
1132221031
1322210310
3222103102
2221031021
2210310213
2103102132
1031021322
0310213221
3102132213
1021322132
0213221322
2132213222
1322132222
3221322221
2213222213
2132222132
1322221321
3222213212
2222132121
2221321213
2213212131
2132121310
1321213101
3212131013
2121310132
1213101321
2131013212
1310132122
3101321222
1013212220
0132122200
1321222001
3212220013
2122200132
1222001322
2220013222
2200132221
2001322210
0013222102
0132221023
1322210232
3222102322
2221023222
2210232221
2102322213
1023222132
0232221322
2322213221
3222132211
2221322111
2213221113
2132211131
1322111310
3221113103
2211131031
2111310311
1113103110
1131031101
1310311011
3103110112
1031101121
0311011210
3110112100
1101121001
1011210012
0112100121
1121001211
1210012111
2100121112
1001211121
0012111211
0121112113
1211121131
2111211313
1112113132
1121131321
1211313213
2113132133
1131321333
1313213332
3132133323
1321333232
3213332321
2133323210
1333232101
3332321010
3323210101
3232101012
2321010122
3210101223
2101012232
1010122321
0101223211
1012232111
0122321113
1223211132
2232111322
2321113222
3211132220
2111322201
1113222011
1132220110
1322201102
3222011021
2220110213
2201102131
2011021313
0110213133
1102131333
1021313331
0213133312
2131333122
1313331220
3133312200
1333122001
3331220011
3312200111
3122001113
1220011131
2200111310
2001113101
0011131011
0111310110
1113101102
1131011022
1310110221
3101102211
1011022111
0110221113
1102211132
1022111321
0221113213
2211132131
2111321311
1113213110
1132131101
1321311010
3213110102
2131101023
1311010232
3110102321
1101023213
1010232130
0102321300
1023213001
0232130011
2321300112
3213001121
2130011211
1300112111
3001121110
0011211102
0112111020
1121110202
1211102022
2111020220
1110202201
1102022012
1020220120
0202201202
2022012023
0220120232
2201202323
2012023232
0120232323
1202323232
2023232322
0232323222
2323232223
3232322232
2323222320
3232223200
2322232002
3222320022
2223200221
2232002211
2320022113
3200221132
2002211322
0022113221
0221132211
2211322113
2113221132
1132211321
1322113213
3221132130
2211321301
2113213011
1132130111
1321301112
3213011121
2130111213
1301112132
3011121323
0111213232
1112132323
1121323232
1213232321
2132323211
1323232111
3232321110
2323211103
3232111032
2321110322
3211103222
2111032221
1110322210
1103222101
1032221013
0322210132
3222101321
2221013213
2210132132
2101321322
1013213222
0132132222
1321322223
3213222231
2132222311
1322223112
3222231122
2222311222
2223112220
2231122201
2311222011
3112220111
1122201110
1222011101
2220111011
2201110111
2011101110
0111011102
1110111023
1101110232
1011102323
0111023232
1110232323
1102323231
1023232310
0232323100
2323231001
3232310013
2323100132
3231001321
2310013210
3100132102
1001321021
0013210211
0132102110
1321021102
3210211023
2102110233
1021102331
0211023311
2110233113
1102331133
1023311331
0233113312
2331133122
3311331222
3113312222
1133122221
1331222211
3312222110
3122221102
1222211022
2222110220
2221102202
2211022023
2110220232
1102202321
1022023212
0220232123
2202321232
2023212322
0232123220
2321232202
3212322022
2123220220
1232202202
2322022023
3220220232
2202202321
2022023211
0220232112
2202321120
2023211202
0232112023
2321120230
3211202301
2112023013
1120230132
1202301321
2023013210
0230132102
2301321022
3013210222
0132102222
1321022221
3210222213
2102222131
1022221311
0222213111
2222131111
2221311111
2213111112
2131111122
1311111222
3111112220
1111122202
1111222023
1112220230
1122202303
1222023032
2220230323
2202303232
2023032320
0230323200
2303232002
3032320022
0323200220
3232002201
2320022010
3200220102
2002201022
0022010223
0220102230
2201022301
2010223013
0102230132
1022301323
0223013231
2230132313
2301323132
3013231321
0132313211
1323132112
3231321123
2313211232
3132112321
1321123211
3211232110
2112321101
1123211011
1232110111
2321101111
3211011112
2110111120
1101111202
1011112023
0111120232
1111202323
1112023231
1120232310
1202323100
2023231001
0232310011
2323100111
3231001111
2310011110
3100111102
1001111020
0011110200
0111102003
1111020032
1110200322
1102003221
1020032213
0200322131
2003221310
0032213102
0322131023
3221310232
2213102320
2131023201
1310232011
3102320113
1023201132
0232011321
2320113212
3201132123
2011321230
0113212302
1132123022
1321230220
3212302203
2123022031
1230220312
2302203122
3022031222
0220312222
2203122222
2031222221
0312222213
3122222132
1222221320
2222213201
2222132011
2221320110
2213201102
2132011023
1320110232
3201102323
2011023232
0110232323
1102323232
1023232322
0232323221
2323232211
3232322113
2323221132
3232211321
2322113212
3221132121
2211321211
2113212111
1132121110
1321211101
3212111013
2121110130
1211101301
2111013010
1110130100
1101301002
1013010022
0130100220
1301002201
3010022013
0100220131
1002201313
0022013131
0220131311
2201313111
2013131113
0131311133
1313111331
3131113313
1311133132
3111331321
1113313212
1133132123
1331321232
3313212322
3132123221
1321232213
3212322131
2123221312
1232213121
2322131213
3221312132
2213121321
2131213211
1312132111
3121321111
1213211110
2132111102
1321111023
3211110232
2111102322
1111023223
1110232232
1102322323
1023223232
0232232320
2322323200
3223232000
2232320001
2323200011
3232000113
2320001132
3200011320
2000113201
0001132011
0011320113
0113201131
1132011313
1320113131
3201131311
2011313113
0113131133
1131311331
1313113310
3131133103
1311331032
3113310321
1133103211
1331032111
3310321110
3103211103
1032111031
0321110313
3211103132
2111031322
1110313220
1103132200
1031322002
0313220023
3132200233
1322002331
3220023311
2200233111
2002331110
0023311102
0233111020
2331110203
3311102032
3111020320
1110203202
1102032020
1020320200
0203202002
2032020022
0320200222
3202002221
2020022210
0200222101
2002221012
0022210123
0222101232
2221012321
2210123211
2101232110
1012321102
0123211021
1232110211
2321102112
3211021123
2110211232
1102112321
1021123211
0211232111
2112321111
1123211110
1232111103
2321111031
3211110310
2111103100
1111031001
1110310013
1103100132
1031001321
0310013210
3100132101
1001321011
0013210111
0132101110
1321011101
3210111013
2101110131
1011101311
0111013113
1110131132
1101311323
1013113232
0131132323
1311323232
3113232322
1132323220
1323232201
3232322011
2323220113
3232201132
2322011322
3220113220
2201132203
2011322032
0113220320
1132203201
1322032010
3220320100
2203201002
2032010022
0320100222
3201002222
2010022223
0100222232
1002222323
0022223231
0222232311
2222323111
2223231112
2232311121
2323111211
3231112112
2311121120
3111211202
1112112021
1121120210
1211202102
2112021020
1120210202
1202102020
2021020202
0210202021
2102020211
1020202110
0202021102
2020211021
0202110211
2021102111
0211021113
2110211132
1102111323
1021113232
0211132320
2111323201
1113232012
1132320123
1323201231
3232012313
2320123130
3201231303
2012313031
0123130310
1231303103
2313031033
3130310332
1303103321
3031033213
0310332132
3103321321
1033213213
0332132132
3321321323
3213213232
2132132322
1321323223
3213232232
2132322322
1323223222
3232232221
2322322210
3223222101
2232221013
2322210131
3222101313
2221013132
2210131321
2101313213
1013132132
0131321322
1313213223
3132132231
1321322310
3213223103
2132231032
1322310322
3223103223
2231032233
2310322330
3103223303
1032233032
0322330322
3223303222
2233032222
2330322222
3303222223
3032222230
0322222302
3222223023
2222230233
2222302333
2223023333
2230233331
2302333312
3023333122
0233331221
2333312210
3333122103
3331221031
3312210311
3122103113
1221031130
2210311300
2103113003
1031130031
0311300310
3113003102
1130031022
1300310221
3003102212
0031022120
0310221200
3102212002
1022120022
0221200220
2212002202
2120022022
1200220221
2002202210
0022022102
0220221020
2202210200
2022102002
0221020020
2210200203
2102002031
1020020311
0200203112
2002031122
0020311220
0203112200
2031122002
0311220023
3112200230
1122002301
1220023010
2200230101
2002301012
0023010120
0230101203
2301012032
3010120320
0101203202
1012032020
0120320200
1203202002
2032020022
0320200221
3202002213
2020022132
0200221321
2002213213
0022132132
0221321321
2213213210
2132132102
1321321022
3213210220
2132102200
1321022000
3210220001
2102200010
1022000102
0220001020
2200010202
2000102021
0001020213
0010202132
0102021322
1020213223
0202132232
2021322322
0213223220
2132232202
1322322021
3223220211
2232202112
2322021123
3220211233
2202112332
2021123320
0211233201
2112332010
1123320101
1233201011
2332010113
3320101130
3201011302
2010113023
0101130232
1011302322
0113023220
1130232202
1302322021
3023220212
0232202120
2322021203
3220212032
2202120321
2021203211
0212032111
2120321110
1203211100
2032111001
0321110011
3211100110
2111001102
1110011022
1100110221
1001102213
0011022131
0110221310
1102213102
1022131020
0221310203
2213102032
2131020321
1310203212
3102032122
1020321220
0203212203
2032122033
0321220331
3212203313
2122033130
1220331300
2203313000
2033130000
0331300002
3313000020
3130000202
1300002020
3000020201
0000202010
0002020102
0020201020
0202010202
2020102021
0201020213
2010202132
0102021320
1020213202
0202132022
2021320220
0213202200
2132022002
1320220022
3202200223
2022002232
0220022320
2200223200
2002232002
0022320022
0223200223
2232002232
2320022321
3200223213
2002232133
0022321332
0223213322
2232133220
2321332203
3213322031
2133220310
1332203102
3322031022
3220310220
2203102202
2031022021
0310220213
3102202133
1022021333
0220213333
2202133332
2021333322
0213333221
2133332210
1333322101
3333221010
3332210102
3322101023
3221010231
2210102313
2101023130
1010231301
0102313010
1023130100
0231301002
2313010022
3130100222
1301002221
3010022210
0100222103
1002221031
0022210313
0222103132
2221031322
2210313220
2103132203
1031322031
0313220311
3132203111
1322031111
3220311112
2203111120
2031111203
0311112032
3111120322
1111203222
1112032222
1120322220
1203222202
2032222020
0322220200
3222202003
2222020032
2220200323
2202003232
2020032320
0200323200
2003232000
0032320000
0323200003
3232000031
2320000311
3200003111
2000031110
0000311102
0003111023
0031110232
0311102322
3111023221
1110232211
1102322110
1023221103
0232211031
2322110310
3221103100
2211031000
2110310002
1103100023
1031000232
0310002323
3100023233
1000232332
0002323320
0023233202
0232332022
2323320222
3233202220
2332022200
3320222000
3202220000
2022200001
0222000010
2220000101
2200001010
2000010103
0000101031
0001010313
0010103131
0101031311
1010313111
0103131110
1031311100
0313111000
3131110002
1311100021
3111000211
1110002110
1100021100
1000211001
0002110010
0021100100
0211001000
2110010002
1100100020
1001000200
0010002000
0100020003
1000200031
0002000313
0020003133
0200031332
2000313322
0003133220
0031332201
0313322012
3133220120
1332201200
3322012002
3220120021
2201200210
2012002103
0120021030
1200210303
2002103032
0021030323
0210303232
2103032320
1030323203
0303232032
3032320322
0323203221
3232032213
2320322132
3203221322
2032213223
0322132232
3221322323
2213223233
2132232332
1322323322
3223233221
2232332213
2323322131
3233221311
2332213111
3322131111
3221311110
2213111103
2131111030
1311110303
3111103032
1111030323
1110303231
1103032313
1030323131
0303231312
3032313121
0323131212
3231312121
2313121211
3131212113
1312121131
3121211311
1212113113
2121131132
1211311322
2113113222
1131132221
1311322210
3113222103
1132221031
1322210313
3222103132
2221031321
2210313211
2103132113
1031321132
0313211320
3132113201
1321132011
3211320113
2113201131
1132011313
1320113130
3201131301
2011313012
0113130122
1131301223
1313012232
3130122321
1301223210
3012232102
0122321023
1223210233
2232102332
2321023322
3210233223
2102332232
1023322320
0233223201
2332232010
3322320101
3223201010
2232010102
2320101021
3201010213
2010102133
0101021330
1010213303
0102133032
1021330321
0213303211
2133032111
1330321113
3303211130
3032111301
0321113012
3211130122
2111301221
1113012213
1130122132
1301221321
3012213211
0122132113
1221321133
2213211331
2132113313
1321133130
3211331302
2113313020
1133130201
1331302011
3313020110
3130201101
1302011012
3020110123
0201101231
2011012311
0110123112
1101231122
1012311222
0123112220
1231122200
2311222001
3112220010
1122200101
1222001011
2220010112
2200101123
2001011232
0010112322
0101123220
1011232201
0112322012
1123220121
1232201211
2322012113
3220121132
2201211322
2012113222
0121132221
1211322213
2113222131
1132221310
1322213101
3222131010
2221310102
2213101022
2131010224
1310102244
3101022444
1010224444
0102244444
1022444444
0224444444
2244444444
2444444444
4444444444
4444444444
4444444444
4444444444
4444444444
4444444444
4444444444
4444444444
4444444444
4444444444
4444444444
4444444444
4444444444
4444444444
4444444444
4444444444
4444444444
4444444444
4444444444
4444444444
4444444444
4444444444
4444444444
4444444444
4444444444
4444444444
4444444444
4444444440
4444444401
4444444013
4444440132
4444401322
4444013223
4440132232
4401322323
4013223232
0132232323
1322323232
3223232321
2232323210
2323232102
3232321020
2323210203
3232102033
2321020332
3210203321
2102033210
1020332100
0203321000
2033210002
0332100022
3321000222
3210002222
2100022220
1000222203
0002222032
0022220320
0222203202
2222032021
2220320213
2203202130
2032021301
0320213013
3202130133
2021301332
0213013322
2130133220
1301332202
3013322022
0133220220
1332202200
3322022002
3220220023
2202200232
2022002321
0220023212
2200232122
2002321221
0023212213
0232122133
2321221332
3212213323
2122133232
1221332321
2213323210
2133232101
1332321010
3323210102
3232101022
2321010222
3210102220
2101022201
1010222011
0102220113
1022201132
0222011322
2220113221
2201132213
2011322132
0113221321
1132213211
1322132111
3221321112
2213211122
2132111220
1321112200
3211122003
2111220032
1112200323
1122003232
1220032321
2200323213
2003232132
0032321322
0323213223
3232132231
2321322310
3213223100
2132231002
1322310020
3223100202
2231002023
2310020231
3100202311
1002023113
0020231130
0202311300
2023113001
0231130011
2311300110
3113001103
1130011032
1300110323
3001103231
0011032310
0110323100
1103231002
1032310020
0323100203
3231002031
2310020310
3100203101
1002031010
0020310102
0203101020
2031010201
0310102013
3101020133
1010201333
0102013332
1020133322
0201333222
2013332221
0133322213
1333222132
3332221322
3322213221
3222132213
2221322131
2213221312
2132213122
1322131221
3221312213
2213122132
2131221323
1312213233
3122132332
1221323322
2213233220
2132332201
1323322010
3233220103
2332201033
3322010332
3220103320
2201033201
2010332012
0103320120
1033201202
0332012020
3320120201
3201202010
2012020102
0120201020
1202010202
2020102023
0201020230
2010202301
0102023011
1020230110
0202301103
2023011032
0230110321
2301103210
3011032102
0110321020
1103210203
1032102032
0321020322
3210203222
2102032222
1020322222
0203222221
2032222210
0322222100
3222221002
2222210022
2222100223
2221002232
2210022321
2100223211
1002232111
0022321110
0223211103
2232111031
2321110310
3211103100
2111031002
1110310023
1103100232
1031002322
0310023220
3100232203
1002322032
0023220322
0232203221
2322032212
3220322123
2203221233
2032212332
0322123322
3221233220
2212332202
2123322023
1233220231
2332202311
3322023110
3220231103
2202311033
2023110331
0231103313
2311033131
3110331311
1103313112
1033131121
0331311211
3313112112
3131121120
1311211201
3112112012
1121120122
1211201223
2112012233
1120122331
1201223310
2012233101
0122331011
1223310111
2233101110
2331011101
3310111011
3101110110
1011101102
0111011020
1110110202
1101102023
1011020232
0110202320
1102023203
1020232032
0202320323
2023203232
0232032323
2320323232
3203232322
2032323220
0323232202
3232322021
2323220213
3232202130
2322021301
3220213012
2202130122
2021301223
0213012232
2130122323
1301223232
3012232320
0122323201
1223232013
2232320132
2323201323
3232013230
2320132303
3201323032
2013230322
0132303222
1323032220
3230322202
2303222021
3032220213
0322202132
3222021320
2220213203
2202132032
2021320320
0213203201
2132032013
1320320133
3203201333
2032013333
0320133332
3201333322
2013333222
0133332222
1333322221
3333222211
3332222110
3322221100
3222211000
2222110001
2221100011
2211000113
2110001133
1100011330
1000113301
0001133012
0011330120
0113301203
1133012032
1330120322
3301203222
3012032220
0120322203
1203222031
2032220311
0322203111
3222031110
2220311102
2203111021
2031110213
0311102131
3111021312
1110213122
1102131222
1021312220
0213122202
2131222020
1312220203
3122202031
1222020311
2220203111
2202031113
2020311132
0203111320
2031113201
0311132011
3111320113
1113201132
1132011321
1320113213
3201132132
2011321322
0113213220
1132132202
1321322020
3213220200
2132202002
1322020022
3220200222
2202002222
2020022222
0200222220
2002222200
0022222001
0222220012
2222200122
2222001221
2220012213
2200122132
2001221321
0012213211
0122132111
1221321111
2213211110
2132111102
1321111021
3211110211
2111102111
1111021111
1110211111
1102111111
1021111110
0211111103
2111111031
1111110313
1111103132
1111031321
1110313210
1103132101
1031321011
0313210110
3132101103
1321011031
3210110312
2101103120
1011031203
0110312032
1103120323
1031203231
0312032313
3120323130
1203231301
2032313010
0323130103
3231301032
2313010320
3130103203
1301032031
3010320310
0103203103
1032031032
0320310322
3203103223
2031032231
0310322310
3103223100
1032231000
0322310003
3223100032
2231000323
2310003233
3100032332
1000323322
0003233220
0032332203
0323322032
3233220320
2332203203
3322032033
3220320332
2203203320
2032033201
0320332013
3203320131
2033201313
0332013132
3320131320
3201313202
2013132023
0131320232
1313202323
3132023231
1320232312
3202323122
2023231221
0232312211
2323122113
3231221131
2312211312
3122113122
1221131223
2211312233
2113122331
1131223311
1312233112
3122331122
1223311222
2233112220
2331122202
3311222023
3112220233
1122202332
1222023322
2220233223
2202332232
2023322322
0233223221
2332232211
3322322112
3223221120
2232211200
2322112003
3221120033
2211200331
2112003313
1120033131
1200331311
2003313111
0033131112
0331311121
3313111210
3131112103
1311121032
3111210322
1112103221
1121032211
1210322110
2103221102
1032211022
0322110222
3221102220
2211022201
2110222011
1102220111
1022201111
0222011111
2220111110
2201111102
2011111021
0111110212
1111102121
1111021213
1110212133
1102121333
1021213332
0212133323
2121333232
1213332322
2133323223
1333232231
3332322310
3323223103
3232231031
2322310311
3223103110
2231031102
2310311020
3103110200
1031102003
0311020032
3110200320
1102003202
1020032022
0200320220
2003202201
0032022011
0320220113
3202201132
2022011322
0220113222
2201132221
2011322211
0113222111
1132221113
1322211132
3222111321
2221113211
2211132110
2111321102
1113211021
1132110211
1321102111
3211021111
2110211113
1102111133
1021111332
0211113322
2111133220
1111332201
1113322010
1133220102
1332201021
3322010210
3220102101
2201021011
2010210113
0102101133
1021011331
0210113313
2101133130
1011331301
0113313011
1133130112
1331301121
3313011213
3130112131
1301121312
3011213121
0112131213
1121312132
1213121321
2131213213
1312132132
3121321322
1213213220
2132132202
1321322022
3213220220
2132202203
1322022032
3220220320
2202203201
2022032012
0220320120
2203201201
2032012010
0320120103
3201201032
2012010322
0120103222
1201032222
2010322222
0103222220
1032222201
0322222011
3222220113
2222201132
2222011322
2220113223
2201132232
2011322322
0113223220
1132232203
1322322032
3223220321
2232203212
2322032122
3220321220
2203212202
2032122022
0321220220
3212202202
2122022023
1220220230
2202202301
2022023011
0220230113
2202301132
2023011322
0230113223
2301132232
3011322321
0113223211
1132232111
1322321111
3223211110
2232111102
2321111021
3211110210
2111102102
1111021022
1110210222
1102102221
1021022213
0210222133
2102221331
1022213313
0222133133
2221331333
2213313333
2133133332
1331333321
3313333211
3133332111
1333321110
3333211102
3332111020
3321110203
3211102031
2111020311
1110203113
1102031132
1020311323
0203113233
2031132331
0311323311
3113233112
1132331122
1323311222
3233112223
2331122230
3311222301
3112223013
1122230132
1222301322
2223013222
2230132222
2301322222
3013222221
0132222210
1322222101
3222221010
2222210102
2222101021
2221010211
2210102111
2101021110
1010211101
0102111011
1021110110
0211101101
2111011010
1110110102
1101101022
1011010221
0110102210
1101022101
1010221011
0102210112
1022101121
0221011210
2210112102
2101121021
1011210213
0112102131
1121021310
1210213103
2102131031
1021310311
0213103110
2131031101
1310311011
3103110110
1031101102
0311011022
3110110220
1101102202
1011022023
0110220232
1102202322
1022023221
0220232212
2202322122
2023221223
0232212232
2322122322
3221223223
2212232232
2122322320
1223223202
2232232021
2322320213
3223202132
2232021320
2320213201
3202132010
2021320101
0213201013
2132010132
1320101322
3201013222
2010132222
0101322221
1013222213
0132222132
1322221322
3222213220
2222132202
2221322021
2213220211
2132202111
1322021111
3220211111
2202111111
2021111112
0211111120
2111111200
1111112002
1111120020
1111200202
1112002022
1120020220
1200202202
2002022021
0020220211
0202202111
2022021111
0220211111
2202111111
2021111110
0211111100
2111111002
1111110023
1111100231
1111002313
1110023131
1100231311
1002313110
0023131101
0231311013
2313110132
3131101322
1311013221
3110132210
1101322101
1013221011
0132210111
1322101113
3221011131
2210111310
2101113102
1011131020
0111310200
1113102002
1131020022
1310200222
3102002222
1020022221
0200222210
2002222102
0022221022
0222210221
2222102213
2221022131
2210221313
2102213132
1022131320
0221313203
2213132032
2131320323
1313203232
3132032323
1320323233
3203232333
2032323332
0323233320
3232333201
2323332010
3233320102
2333201021
3332010212
3320102120
3201021203
2010212033
0102120333
1021203332
0212033322
2120333222
1203332220
2033322202
0333222023
3332220232
3322202322
3222023222
2220232222
2202322222
2023222221
0232222210
2322222102
3222221021
2222210211
2222102110
2221021100
2210211002
2102110022
1021100222
0211002220
2110022201
1100222013
1002220132
0022201321
0222013210
2220132100
2201321000
2013210001
0132100013
1321000131
3210001313
2100013131
1000131313
0001313131
0013131311
0131313111
1313131111
3131311110
1313111101
3131111010
1311110103
3111101032
1111010320
1110103201
1101032011
1010320111
0103201111
1032011110
0320111102
3201111021
2011110211
0111102111
1111021113
1110211131
1102111313
1021113130
0211131301
2111313010
1113130102
1131301021
1313010212
3130102122
1301021223
3010212230
0102122301
1021223010
0212230102
2122301023
1223010232
2230102320
2301023202
3010232022
0102320220
1023202201
0232022011
2320220111
3202201111
2022011110
0220111101
2201111012
2011110122
0111101223
1111012230
1110122301
1101223011
1012230111
0122301113
1223011133
2230111332
2301113321
3011133211
0111332113
1113321131
1133211311
1332113113
3321131132
3211311320
2113113200
1131132000
1311320001
3113200013
1132000132
1320001320
3200013201
2000132012
0001320122
0013201221
0132012213
1320122130
3201221301
2012213012
0122130123
1221301233
2213012332
2130123321
1301233211
3012332111
0123321111
1233211111
2332111111
3321111113
3211111132
2111111320
1111113201
1111132011
1111320113
1113201132
1132011321
1320113210
3201132102
2011321021
0113210211
1132102111
1321021111
3210211111
2102111110
1021111102
0211111021
2111110211
1111102111
1111021112
1110211120
1102111200
1021112003
0211120030
2111200303
1112003032
1120030323
1200303232
2003032320
0030323200
0303232001
3032320011
0323200110
3232001102
2320011021
3200110211
2001102110
0011021102
0110211020
1102110202
1021102022
0211020223
2110202233
1102022331
1020223312
0202233121
2022331211
0223312111
2233121110
2331211101
3312111010
3121110102
1211101021
2111010211
1110102111
1101021111
1010211111
0102111111
1021111113
0211111131
2111111310
1111113101
1111131011
1111310111
1113101111
1131011113
1310111130
3101111302
1011113020
0111130203
1111302032
1113020322
1130203221
1302032211
3020322111
0203221111
2032211111
0322111113
3221111132
2211111320
2111113201
1111132013
1111320131
1113201311
1132013113
1320131131
3201311312
2013113120
0131131201
1311312011
3113120113
1131201132
1312011321
3120113213
1201132132
2011321322
0113213223
1132132232
1321322321
3213223211
2132232110
1322321101
3223211012
2232110121
2321101213
3211012132
2110121322
1101213220
1012132200
0121322000
1213220002
2132200022
1322000221
3220002211
2200022111
2000221110
0002211100
0022111002
0221110020
2211100201
2111002013
1110020131
1100201313
1002013131
0020131313
0201313131
2013131313
0131313131
1313131311
3131313113
1313131132
3131311322
1313113222
3131132220
1311322200
3113222002
1132220020
1322200200
3222002003
2220020032
2200200322
2002003222
0020032222
0200322223
2003222233
0032222332
0322223323
3222233231
2222332310
2223323100
2233231000
2332310002
3323100020
3231000203
2310002032
3100020323
1000203233
0002032333
0020323333
0203233333
2032333332
0323333321
3233333211
2333332113
3333321133
3333211333
3332113332
3321133322
3211333222
2113332222
1133322222
1333222223
3332222232
3322222321
3222223211
2222232112
2222321123
2223211232
2232112322
2321123220
3211232202
2112322020
1123220200
1232202001
2322020011
3220200111
2202001111
2020011112
0200111120
2001111202
0011112023
0111120230
1111202301
1112023013
1120230133
1202301332
2023013322
0230133221
2301332210
3013322101
0133221011
1332210111
3322101111
3221011112
2210111123
2101111232
1011112322
0111123221
1111232210
1112322100
1123221002
1232210022
2322100221
3221002213
2210022132
2100221321
1002213213
0022132133
0221321331
2213213313
2132133131
1321331310
3213313102
2133131021
1331310211
3313102111
3131021111
1310211110
3102111100
1021111001
0211110011
2111100113
1111001131
1110011311
1100113113
1001131131
0011311311
0113113110
1131131102
1311311021
3113110211
1131102113
1311021133
3110211331
1102113310
1021133102
0211331023
2113310231
1133102311
1331023110
3310231102
3102311021
1023110213
0231102133
2311021333
3110213333
1102133332
1021333320
0213333203
2133332030
1333320300
3333203001
3332030011
3320300113
3203001131
2030011313
0300113130
3001131303
0011313033
0113130330
1131303301
1313033013
3130330132
1303301322
3033013222
0330132220
3301322201
3013222011
0132220110
1322201102
3222011022
2220110220
2201102201
2011022011
0110220111
1102201110
1022011103
0220111031
2201110310
2011103102
0111031020
1110310202
1103102021
1031020212
0310202122
3102021220
1020212202
0202122021
2021220213
0212202131
2122021313
1220213131
2202131311
2021313110
0213131101
2131311011
1313110113
3131101130
1311011302
3110113021
1101130210
1011302101
0113021011
1130210113
1302101133
3021011333
0210113332
2101133320
1011333200
0113332002
1133320022
1333200222
3332002220
3320022201
3200222011
2002220111
0022201111
0222011113
2220111130
2201111301
2011113012
0111130122
1111301221
1113012210
1130122102
1301221020
3012210202
0122102020
1221020200
2210202001
2102020011
1020200111
0202001113
2020011132
0200111320
2001113200
0011132003
0111320030
1113200301
1132003011
1320030113
3200301132
2003011322
0030113222
0301132220
3011322201
0113222013
1132220132
1322201322
3222013220
2220132203
2201322032
2013220323
0132203232
1322032321
3220323211
2203232110
2032321102
0323211023
3232110232
2321102323
3211023232
2110232320
1102323202
1023232021
0232320211
2323202110
3232021100
2320211000
3202110000
2021100002
0211000022
2110000221
1100002211
1000022110
0000221100
0002211002
0022110023
0221100231
2211002313
2110023132
1100231321
1002313213
0023132133
0231321330
2313213302
3132133022
1321330223
3213302231
2133022311
1330223113
3302231130
3022311301
0223113013
2231130132
2311301320
3113013200
1130132001
1301320011
3013200111
0132001113
1320011133
3200111332
2001113322
0011133222
0111332222
1113322220
1133222202
1332222023
3322220232
3222202322
2222023222
2220232220
2202322200
2023222000
0232220002
2322200022
3222000221
2220002211
2200022113
2000221132
0002211320
0022113201
0221132013
2211320133
2113201331
1132013313
1320133132
3201331321
2013313213
0133132131
1331321313
3313213132
3132131323
1321313232
3213132323
2131323231
1313232310
3132323102
1323231022
3232310220
2323102203
3231022032
2310220320
3102203202
1022032022
0220320223
2203202232
2032022322
0320223222
3202232222
2022322220
0223222202
2232222020
2322220202
3222202022
2222020222
2220202221
2202022211
2020222111
0202221113
2022211133
0222111332
2221113322
2211133220
2111332201
1113322011
1133220110
1332201101
3322011010
3220110103
2201101031
2011010311
0110103110
1101031102
1010311023
0103110232
1031102322
0311023220
3110232202
1102322021
1023220211
0232202113
2322021132
3220211321
2202113211
2021132110
0211321102
2113211022
1132110221
1321102211
3211022110
2110221102
1102211020
1022110200
0221102000
2211020001
2110200011
1102000113
1020001133
0200011331
2000113311
0001133113
0011331133
0113311331
1133113311
1331133113
3311331130
3113311301
1133113013
1331130131
3311301311
3113013110
1130131100
1301311003
3013110033
0131100331
1311003311
3110033111
1100331110
1003311102
0033111021
0331110213
3311102132
3111021322
1110213221
1102132213
1021322132
0213221320
2132213202
1322132022
3221320222
2213202222
2132022223
1320222231
3202222311
2022223110
0222231102
2222311021
2223110211
2231102113
2311021132
3110211322
1102113223
1021132233
0211322332
2113223322
1132233220
1322332200
3223322000
2233220000
2332200002
3322000020
3220000200
2200002002
2000020020
0000200201
0002002010
0020020102
0200201021
2002010210
0020102101
0201021013
2010210132
0102101322
1021013220
0210132200
2101322000
1013220002
0132200023
1322000231
3220002313
2200023133
2000231332
0002313320
0023133203
0231332033
2313320332
3133203320
1332033203
3320332033
3203320333
2033203332
0332033322
3320333220
3203332202
2033322021
0333220211
3332202111
3322021113
3220211132
2202111321
2021113211
0211132111
2111321111
1113211110
1132111102
1321111021
3211110210
2111102102
1111021020
1110210201
1102102013
1021020131
0210201313
2102013130
1020131302
0201313022
2013130222
0131302222
1313022221
3130222211
1302222110
3022221102
0222211023
2222110232
2221102322
2211023220
2110232203
1102322032
1023220321
0232203211
2322032110
3220321101
2203211010
2032110100
0321101001
3211010011
2110100110
1101001101
1010011010
0100110102
1001101023
0011010231
0110102313
1101023133
1010231331
0102313313
1023133131
0231331310
2313313101
3133131011
1331310113
3313101132
3131011320
1310113202
3101132022
1011320222
0113202220
1132022202
1320222021
3202220210
2022202102
0222021021
2220210211
2202102111
2021021110
0210211102
2102111021
1021110211
0211102113
2111021132
1110211322
1102113221
1021132213
0211322133
2113221333
1132213331
1322133313
3221333131
2213331311
2133313113
1333131133
3331311331
3313113311
3131133110
1311331102
3113311020
1133110203
1331102031
3311020313
3110203131
1102031313
1020313132
0203131322
2031313221
0313132211
3131322113
1313221133
3132211332
1322113320
3221133200
2211332002
2113320022
1133200220
1332002201
3320022013
3200220133
2002201330
0022013302
0220133022
2201330222
2013302220
0133022200
1330222002
3302220021
3022200213
0222002130
2220021302
2200213020
2002130201
0021302011
0213020113
2130201130
1302011302
3020113022
0201130220
2011302202
0113022022
1130220222
1302202222
3022022220
0220222200
2202222002
2022220020
0222200202
2222002022
2220020221
2200202211
2002022113
0020221132
0202211320
2022113200
0221132002
2211320022
2113200222
1132002220
1320022202
3200222023
2002220232
0022202323
0222023231
2220232313
2202323130
2023231302
0232313022
2323130220
3231302201
2313022010
3130220100
1302201000
3022010000
0220100002
2201000021
2010000210
0100002102
1000021023
0000210231
0002102311
0021023110
0210231103
2102311033
1023110331
0231103310
2311033102
3110331020
1103310202
1033102020
0331020201
3310202013
3102020132
1020201323
0202013231
2020132311
0201323113
2013231133
0132311332
1323113320
3231133202
2311332020
3113320201
1133202011
1332020111
3320201110
3202011102
2020111021
0201110213
2011102131
0111021313
1110213132
1102131321
1021313211
0213132111
2131321111
1313211113
3132111132
1321111322
3211113220
2111132200
1111322002
1113220020
1132200200
1322002002
3220020022
2200200222
2002002220
0020022202
0200222021
2002220210
0022202102
0222021021
2220210210
2202102102
2021021023
0210210230
2102102302
1021023021
0210230210
2102302103
1023021031
0230210311
2302103110
3021031102
0210311020
2103110203
1031102031
0311020312
3110203120
1102031202
1020312023
0203120233
2031202331
0312023313
3120233132
1202331323
2023313230
0233132301
2331323010
3313230102
3132301020
1323010202
3230102023
2301020232
3010202321
0102023213
1020232133
0202321333
2023213333
0232133333
2321333333
3213333333
2133333333
1333333332
3333333323
3333333233
3333332333
3333323333
3333233332
3332333323
3323333233
3233332333
2333323333
3333233333
3332333330
3323333301
3233333013
2333330133
3333301330
3333013301
3330133012
3301330123
3013301233
0133012333
1330123333
3301233332
3012333323
0123333232
1233332323
2333323232
3333232323
3332323232
3323232323
3232323232
2323232323
3232323232
2323232323
3232323232
2323232323
3232323232
2323232323
3232323233
2323232333
3232323333
2323233333
3232333333
2323333330
3233333300
2333333000
3333330000
3333300000
3333000000
3330000000
3300000002
3000000020
0000000203
0000002032
0000020320
0000203200
0002032000
0020320003
0203200030
2032000300
0320003002
3200030022
2000300220
0003002201
0030022013
0300220131
3002201310
0022013102
0220131020
2201310202
2013102020
0131020200
1310202000
3102020002
1020200020
0202000202
2020002022
0200020222
2000202223
0002022230
0020222301
0202223013
2022230132
0222301323
2223013232
2230132322
2301323220
3013232202
0132322022
1323220222
3232202222
2322022222
3220222220
2202222202
2022222022
0222220223
2222202230
2222022300
2220223003
2202230031
2022300311
0223003111
2230031111
2300311112
3003111122
0031111222
0311112222
3111122223
1111222233
1112222332
1122223322
1222233222
2222332222
2223322220
2233222202
2332222020
3322220202
3222202020
2222020203
2220202033
2202020333
2020203331
0202033311
2020333111
0203331113
2033311133
0333111331
3331113313
3311133131
3111331311
1113313110
1133131101
1331311011
3313110111
3131101111
1311011113
3110111130
1101111301
1011113013
0111130133
1111301333
1113013331
1130133313
1301333131
3013331311
0133313110
1333131103
3331311031
3313110313
3131103132
1311031321
3110313210
1103132100
1031321000
0313210003
3132100030
1321000303
3210003030
2100030303
1000303033
0003030333
0030303333
0303033332
3030333322
0303333220
3033332200
0333322000
3333220000
3332200001
3322000010
