1323212121
3232121213
2321212133
3212121332
2121213321
1212133211
2121332111
1213321110
2133211102
1332111021
3321110211
3211102110
2111021102
1110211021
1102110211
1021102111
0211021111
2110211113
1102111131
1021111312
0211113121
2111131213
1111312131
1113121313
1131213131
1312131312
3121313121
1213131213
2131312132
1313121322
3131213223
1312132233
3121322333
1213223332
2132233323
1322333232
3223332321
2233323213
2333232131
3332321313
3323213132
3232131321
2321313212
3213132121
2131321213
1313212131
3132121313
1321213131
3212131312
2121313121
1213131213
2131312132
1313121320
3131213202
1312132021
3121320213
1213202133
2132021331
1320213310
3202133101
2021331011
0213310113
2133101133
1331011333
3310113331
3101133313
1011333132
0113331322
1133313222
1333132221
3331322212
3313222121
3132221213
1322212131
3222121311
2221213113
2212131133
2121311332
1213113322
2131133222
1311332222
3113322223
1133222230
1332222301
3322223010
3222230100
2222301002
2223010020
2230100201
2301002013
3010020131
0100201312
1002013120
0020131202
0201312020
2013120202
0131202022
1312020223
3120202233
1202022333
2020223333
0202233330
2022333300
0223333001
2233330013
2333300132
3333001321
3330013212
3300132120
3001321200
0013212001
0132120012
1321200123
3212001233
2120012331
1200123312
2001233122
0012331220
0123312200
1233122001
2331220013
3312200130
3122001303
1220013033
2200130333
2001303333
0013033333
0130333332
1303333322
3033333220
0333332203
3333322032
3333220323
3332203232
3322032320
3220323200
2203232002
2032320022
0323200220
3232002203
2320022032
3200220322
2002203220
0022032201
0220322013
2203220133
2032201331
0322013313
3220133131
2201331310
2013313102
0133131023
1331310232
3313102320
3131023203
1310232033
3102320330
1023203301
0232033013
2320330130
3203301303
2033013033
0330130332
3301303322
3013033220
0130332201
1303322010
3033220100
0332201002
3322010023
3220100230
2201002301
2010023010
0100230100
1002301000
0023010000
0230100003
2301000032
3010000323
0100003232
1000032321
0000323213
0003232133
0032321333
0323213331
3232133310
2321333102
3213331021
2133310213
1333102130
3331021303
3310213032
3102130321
1021303210
0213032102
2130321020
1303210200
3032102002
0321020020
3210200200
2102002001
1020020013
0200200133
2002001332
0020013322
0200133220
2001332202
0013322023
0133220232
1332202321
3322023211
3220232111
2202321110
2023211100
0232111003
2321110030
3211100303
2111003032
1110030321
1100303211
1003032113
0030321132
0303211322
3032113220
0321132203
3211322032
2113220323
1132203232
1322032322
3220323223
2203232230
2032322301
0323223010
3232230100
2322301002
3223010020
2230100202
2301002021
3010020211
0100202113
1002021132
0020211323
0202113233
2021132333
0211323331
2113233310
1132333100
1323331001
3233310010
2333100100
3331001000
3310010000
3100100003
1001000032
0010000323
0100003232
1000032320
0000323203
0003232031
0032320310
0323203101
3232031010
2320310103
3203101033
2031010333
0310103333
3101033331
1010333313
0103333132
1033331321
0333313210
3333132102
3331321022
3313210223
3132102233
1321022331
3210223313
2102233132
1022331321
0223313210
2233132103
2331321032
3313210323
3132103233
1321032331
3210323310
2103233100
1032331000
0323310001
3233100013
2331000133
3310001330
3100013303
1000133031
0001330310
0013303100
0133031001
1330310010
3303100100
3031001000
0310010000
3100100000
1001000002
0010000020
0100000200
1000002000
0000020000
0000200000
0002000000
0020000002
0200000022
2000000223
0000002232
0000022323
0000223232
0002232322
0022323223
0223232232
2232322322
2323223220
3232232202
2322322023
3223220232
2232202323
2322023231
3220232311
2202323113
2023231131
0232311313
2323113132
3231131323
2311313232
3113132323
1131323230
1313232300
3132323002
1323230020
3232300201
2323002013
3230020132
2300201320
3002013200
0020132002
0201320023
2013200233
0132002330
1320023301
3200233011
2002330110
0023301100
0233011002
2330110020
3301100202
3011002020
0110020200
1100202002
1002020023
0020200231
0202002313
2020023132
0200231320
2002313200
0023132000
0231320002
2313200020
3132000200
1320002000
3200020000
2000200003
0002000033
0020000331
0200003311
2000033110
0000331102
0003311020
0033110203
0331102033
3311020333
3110203330
1102033300
1020333002
0203330021
2033300210
0333002100
3330021001
3300210013
3002100130
0021001300
0210013003
2100130033
1001300332
0013003320
0130033200
1300332002
3003320022
0033200220
0332002201
3320022013
3200220132
2002201323
0022013233
0220132332
2201323322
2013233220
0132332200
1323322000
3233220001
2332200013
3322000130
3220001303
2200013031
2000130311
0001303110
0013031103
0130311032
1303110321
3031103213
0311032133
3110321333
1103213333
1032133332
0321333320
3213333202
2133332021
1333320213
3333202133
3332021332
3320213320
3202133201
2021332010
0213320101
2133201013
1332010132
3320101322
3201013220
2010132202
0101322023
1013220232
0132202320
1322023200
3220232002
2202320023
2023200233
0232002333
2320023333
3200233333
2002333330
0023333300
0233333000
2333330002
3333300020
3333000200
3330002003
3300020031
3000200310
0002003103
0020031031
0200310310
2003103101
0031031013
0310310133
3103101333
1031013331
0310133311
3101333113
1013331130
0133311300
1333113000
3331130000
3311300001
3113000010
1130000103
1300001031
3000010311
0000103110
0001031101
0010311012
0103110122
1031101220
0311012200
3110122002
1101220021
1012200211
0122002110
1220021101
2200211013
2002110132
0021101321
0211013213
2110132132
1101321321
1013213213
0132132132
1321321320
3213213202
2132132023
1321320231
3213202311
2132023111
1320231113
3202311132
2023111323
0231113232
2311132323
3111323230
1113232300
1132323000
1323230002
3232300020
2323000200
3230002000
2300020002
3000200023
0002000233
0020002331
0200023313
2000233132
0002331323
0023313231
0233132312
2331323123
3313231231
3132312311
1323123110
3231231100
2312311000
3123110002
1231100021
2311000210
3110002100
1100021000
1000210002
0002100022
0021000221
0210002213
2100022133
1000221331
0002213310
0022133102
0221331020
2213310200
2133102000
1331020001
3310200010
3102000102
1020001022
0200010220
2000102202
0001022020
0010220200
0102202000
1022020000
0220200000
2202000002
2020000023
0200000232
2000002321
0000023213
0000232130
0002321300
0023213000
0232130002
2321300022
3213000221
2130002210
1300022100
3000221003
0002210032
0022100322
0221003220
2210032201
2100322010
1003220100
0032201002
0322010020
3220100200
2201002000
2010020000
0100200001
1002000010
0020000103
0200001031
2000010310
0000103101
0001031011
0010310113
0103101133
1031011332
0310113321
3101133210
1011332102
0113321022
1133210220
1332102200
3321022002
3210220021
2102200213
1022002130
0220021302
2200213023
2002130232
0021302323
0213023232
2130232320
1302323200
3023232003
0232320030
2323200303
3232003033
2320030331
3200303310
2003033102
0030331021
0303310213
3033102133
0331021330
3310213301
3102133010
1021330102
0213301020
2133010203
1330102032
3301020321
3010203211
0102032110
1020321100
0203211000
2032110000
0321100003
3211000032
2110000323
1100003232
1000032323
0000323231
0003232312
0032323121
0323231211
3232312111
2323121110
3231211100
2312111002
3121110020
1211100200
2111002000
1110020001
1100200010
1002000100
0020001000
0200010001
2000100011
0001000111
0010001111
0100011110
1000111102
0001111020
0011110200
0111102000
1111020003
1110200031
1102000313
1020003132
0200031320
2000313203
0003132033
0031320331
0313203313
3132033131
1320331310
3203313100
2033131000
0331310000
3313100002
3131000022
1310000222
3100002223
1000022230
0000222303
0002223033
0022230333
0222303330
2223033303
2230333030
2303330303
3033303030
0333030302
3330303020
3303030202
3030302023
0303020233
3030202333
0302023332
3020233322
0202333221
2023332213
0233322131
2333221313
3332213132
3322131320
3221313200
2213132003
2131320031
1313200310
3132003103
1320031031
3200310313
2003103132
0031031320
0310313200
3103132002
1031320020
0313200202
3132002023
1320020233
3200202333
2002023333
0020233333
0202333333
2023333330
0233333300
2333333002
3333330021
3333300210
3333002102
3330021022
3300210221
3002102210
0021022100
0210221002
2102210021
1022100210
0221002100
2210021000
2100210000
1002100001
0021000013
0210000132
2100001322
1000013222
0000132223
0001322233
0013222333
0132223332
1322233320
3222333200
2223332002
2233320020
2333200201
3332002010
3320020100
3200201000
2002010002
0020100022
0201000220
2010002202
0100022021
1000220210
0002202102
0022021023
0220210233
2202102331
2021023310
0210233102
2102331020
1023310203
0233102033
2331020333
3310203331
3102033313
1020333133
0203331331
2033313313
0333133131
3331331310
3313313100
3133131002
1331310023
3313100230
3131002300
1310023002
3100230022
1002300221
0023002213
0230022132
2300221322
3002213220
0022132200
0221322002
2213220020
2132200200
1322002001
3220020013
2200200133
2002001332
0020013320
0200133202
2001332020
0013320202
0133202023
1332020232
3320202321
3202023213
2020232132
0202321320
2023213202
0232132020
2321320200
3213202000
2132020002
1320200022
3202000222
2020002220
0200022200
2000222003
0002220032
0022200320
0222003200
2220032000
2200320000
2003200003
0032000033
0320000331
3200003313
2000033133
0000331332
0003313323
0033133230
0331332300
3313323003
3133230032
1332300321
3323003210
3230032101
2300321010
3003210102
0032101021
0321010211
3210102113
2101021132
1010211320
0102113201
1021132010
0211320100
2113201002
1132010023
1320100233
3201002332
2010023323
0100233232
1002332323
0023323232
0233232321
2332323211
3323232110
3232321100
2323211000
3232110002
2321100020
3211000200
2110002000
1100020003
1000200030
0002000300
0020003001
0200030010
2000300101
0003001013
0030010130
0300101301
3001013011
0010130110
0101301102
1013011020
0130110203
1301102030
3011020303
0110203031
1102030310
1020303101
0203031010
2030310102
0303101022
3031010223
0310102232
3101022320
1010223200
0102232000
1022320002
0223200023
2232000232
2320002320
3200023203
2000232033
0002320333
0023203331
0232033313
2320333131
3203331310
2033313100
0333131000
3331310002
3313100022
3131000220
1310002200
3100022003
1000220032
0002200323
0022003233
0220032333
2200323332
2003233320
0032333202
0323332023
3233320230
2333202300
3332023002
3320230020
3202300200
2023002000
0230020000
2300200002
3002000021
0020000210
0200002101
2000021013
0000210131
0002101310
0021013102
0210131020
2101310202
1013102021
0131020210
1310202103
3102021031
1020210310
0202103101
2021031013
0210310132
2103101320
1031013200
0310132003
3101320032
1013200323
0132003232
1320032321
3200323211
2003232110
0032321100
0323211000
3232110001
2321100011
3211000113
2110001132
1100011320
1000113201
0001132011
0011320110
0113201100
1132011002
1320110023
3201100232
2011002320
0110023200
1100232003
1002320032
0023200323
0232003232
2320032320
3200323201
2003232013
0032320132
0323201320
3232013200
2320132003
3201320032
2013200321
0132003211
1320032110
3200321102
2003211020
0032110200
0321102003
3211020033
2110200331
1102003313
1020033131
0200331311
2003313113
0033131133
0331311333
3313113332
3131133320
1311333200
3113332003
1133320032
1333200323
3332003231
3320032311
3200323113
2003231133
0032311332
0323113321
3231133213
2311332132
3113321323
1133213230
1332132302
3321323020
3213230201
2132302011
1323020113
3230201132
2302011321
3020113213
0201132131
2011321311
0113213111
1132131110
1321311102
3213111020
2131110202
1311102021
3111020210
1110202102
1102021023
1020210232
0202102323
2021023232
0210232320
2102323201
1023232010
0232320102
2323201020
3232010200
2320102001
3201020010
2010200102
0102001022
1020010223
0200102232
2001022320
0010223203
0102232032
1022320321
0223203211
2232032110
2320321102
3203211023
2032110231
0321102311
3211023111
2110231110
1102311101
1023111010
0231110102
2311101023
3111010232
1110102321
1101023210
1010232103
0102321032
1023210320
0232103202
2321032022
3210320220
2103202201
1032022010
0320220101
3202201010
2022010103
0220101031
2201010310
2010103103
0101031033
1010310331
0103103313
1031033133
0310331333
3103313330
1033133300
0331333002
3313330020
3133300200
1333002001
3330020010
3300200101
3002001010
0020010102
0200101020
2001010200
0010102002
0101020020
1010200200
0102002000
1020020003
0200200032
2002000322
0020003220
0200032202
2000322022
0003220220
0032202200
0322022001
3220220010
2202200102
2022001021
0220010210
2200102100
2001021002
0010210021
0102100211
1021002111
0210021110
2100211102
1002111023
0021110230
0211102301
2111023010
1110230100
1102301001
1023010010
0230100102
2301001023
3010010232
0100102320
1001023200
0010232000
0102320000
1023200001
0232000011
2320000110
3200001102
2000011022
0000110220
0001102202
0011022023
0110220233
1102202333
1022023332
0220233320
2202333203
2023332032
0233320323
2333203230
3332032302
3320323020
3203230200
2032302002
0323020020
3230200203
2302002030
3020020302
0200203021
2002030213
0020302131
0203021310
2030213102
0302131020
3021310202
0213102020
2131020202
1310202021
3102020210
1020202102
0202021022
2020210221
0202102213
2021022132
0210221322
2102213220
1022132203
0221322030
2213220300
2132203000
1322030000
3220300003
2203000031
2030000310
0300003100
3000031002
0000310022
0003100220
0031002200
0310022000
3100220003
1002200032
0022000322
0220003220
2200032203
2000322030
0003220301
0032203013
0322030132
3220301320
2203013203
2030132032
0301320323
3013203230
0132032301
1320323010
3203230100
2032301000
0323010002
3230100023
2301000232
3010002323
0100023232
1000232322
0002323220
0023232200
0232322002
2323220021
3232200213
2322002132
3220021323
2200213230
2002132302
0021323020
0213230202
2132302022
1323020222
3230202220
2302022203
3020222032
0202220323
2022203232
0222032320
2220323200
2203232001
2032320011
0323200113
3232001132
2320011320
3200113202
2001132020
0011320200
0113202003
1132020032
1320200320
3202003201
2020032013
0200320131
2003201313
0032013133
0320131331
3201313311
2013133111
0131331110
1313311103
3133111032
1331110320
3311103201
3111032010
1110320100
1103201000
1032010002
0320100020
3201000200
2010002001
0100020010
1000200103
0002001031
0020010311
0200103113
2001031131
0010311313
0103113132
1031131322
0311313220
3113132202
1131322022
1313220220
3132202202
1322022021
3220220213
2202202130
2022021301
0220213011
2202130113
2021301131
0213011310
2130113102
1301131021
3011310211
0113102110
1131021102
1310211020
3102110202
1021102020
0211020201
2110202010
1102020101
1020201013
0202010133
2020101331
0201013310
2010133101
0101331013
1013310131
0133101313
1331013132
3310131321
3101313211
1013132110
0131321101
1313211011
3132110111
1321101113
3211011132
2110111320
1101113200
1011132003
0111320030
1113200300
1132003000
1320030002
3200300023
2003000231
0030002313
0300023131
3000231311
0002313110
0023131100
0231311002
2313110020
3131100200
1311002002
3110020020
1100200202
1002002020
0020020201
0200202013
2002020132
0020201320
0202013200
2020132002
0201320021
2013200210
0132002102
1320021020
3200210202
2002102021
0021020210
0210202103
2102021033
1020210331
0202103310
2021033102
0210331020
2103310200
1033102000
0331020002
3310200023
3102000231
1020002310
0200023100
2000231003
0002310032
0023100320
0231003200
2310032003
3100320032
1003200322
0032003223
0320032233
3200322333
2003223333
0032233331
0322333310
3223333100
2233331000
2333310000
3333100000
3331000002
3310000021
3100000210
1000002100
0000021003
0000210032
0002100320
0021003202
0210032022
2100320223
1003202233
0032022333
0320223333
3202233332
2022333323
0223333231
2233332313
2333323133
3333231331
3332313311
3323133110
3231331102
2313311023
3133110233
1331102331
3311023313
3110233133
1102331331
1023313310
0233133101
2331331013
3313310132
3133101322
1331013220
3310132203
3101322032
1013220320
0132203200
1322032003
3220320031
2203200313
2032003132
0320031321
3200313213
2003132132
0031321321
0313213210
3132132103
1321321031
3213210310
2132103102
1321031021
3210310213
2103102132
1031021320
0310213203
3102132032
1021320323
0213203233
2132032333
1320323331
3203233310
2032333102
0323331022
3233310223
2333102232
3331022320
3310223200
3102232002
1022320022
0223200220
2232002202
2320022020
3200220203
2002202032
0022020323
0220203231
2202032313
2020323131
0203231313
2032313133
0323131333
3231313330
2313133303
3131333031
1313330313
3133303132
1333031320
3330313203
3303132030
3031320300
0313203000
3132030002
1320300020
3203000202
2030002023
0300020231
3000202311
0002023113
0020231132
0202311323
2023113230
0231132303
2311323033
3113230333
1132303331
1323033310
3230333102
2303331021
3033310210
0333102100
3331021000
3310210002
3102100020
1021000201
0210002013
2100020132
1000201320
0002013201
0020132011
0201320111
2013201113
0132011130
1320111303
3201113032
2011130322
0111303221
1113032210
1130322102
1303221020
3032210203
0322102033
3221020331
2210203311
2102033110
1020331103
0203311032
2033110322
0331103220
3311032200
3110322000
1103220003
1032200033
0322000332
3220003321
2200033210
2000332102
0003321021
0033210210
0332102102
3321021023
3210210232
2102102322
1021023220
0210232200
2102322002
1023220022
0232200220
2322002200
3220022000
2200220000
2002200000
0022000000
0220000002
2200000020
2000000202
0000002022
0000020223
0000202232
0002022322
0020223223
0202232231
2022322310
0223223100
2232231000
2322310000
3223100001
2231000010
2310000100
3100001000
1000010001
0000100010
0001000102
0010001021
0100010210
1000102102
0001021020
0010210200
0102102000
1021020000
0210200001
2102000010
1020000103
0200001031
2000010310
0000103100
0001031000
0010310002
0103100020
1031000201
0310002010
3100020100
1000201000
0002010000
0020100003
0201000030
2010000303
0100003033
1000030333
0000303332
0003033322
0030333220
0303332200
3033322000
0333220000
3332200000
3322000001
3220000010
2200000103
2000001030
0000010301
0000103010
0001030100
0010301002
0103010020
1030100202
0301002020
3010020202
0100202022
1002020222
0020202220
0202022202
2020222022
0202220220
2022202200
0222022000
2220220003
2202200031
2022000310
0220003100
2200031000
2000310003
0003100031
0031000311
0310003111
3100031111
1000311111
0003111113
0031111133
0311111331
3111113313
1111133130
1111331301
1113313011
1133130113
1331301133
3313011332
3130113320
1301133202
3011332020
0113320202
1133202020
1332020201
3320202010
3202020103
2020201033
0202010333
2020103333
0201033332
2010333321
0103333211
1033332113
0333321130
3333211301
3332113013
3321130130
3211301302
2113013022
1130130221
1301302210
3013022100
0130221000
1302210000
3022100002
0221000022
2210000220
2100002200
1000022002
0000220022
0002200223
0022002232
0220022323
2200223232
2002232322
0022323221
0223232213
2232322132
2323221321
3232213210
2322132102
3221321020
2213210203
2132102030
1321020300
3210203002
2102030023
1020300232
0203002321
2030023211
0300232113
3002321132
0023211320
0232113200
2321132003
3211320032
2113200320
1132003203
1320032033
3200320333
2003203331
0032033310
0320333102
3203331021
2033310210
0333102100
3331021000
3310210002
3102100020
1021000201
0210002010
2100020102
1000201020
0002010201
0020102013
0201020131
2010201310
0102013100
1020131000
0201310000
2013100002
0131000020
1310000200
3100002000
1000020002
0000200020
0002000202
0020002022
0200020220
2000202200
0002022002
0020220020
0202200201
2022002010
0220020102
2200201021
2002010211
0020102113
0201021132
2010211323
0102113232
1021132323
0211323231
2113232311
1132323113
1323231132
3232311321
2323113210
3231132100
2311321001
3113210011
1132100113
1321001132
3210011320
2100113202
1001132022
0011320220
0113202203
1132022033
1320220333
3202203331
2022033310
0220333103
2203331031
2033310310
0333103100
3331031002
3310310020
3103100200
1031002000
0310020000
3100200000
1002000002
0020000022
0200000220
2000002203
0000022030
0000220301
0002203010
0022030102
0220301020
2203010200
2030102000
0301020000
3010200002
0102000022
1020000221
0200002210
2000022102
0000221020
0002210203
0022102032
0221020322
2210203222
2102032222
1020322220
0203222201
2032222011
0322220111
3222201113
2222011131
2220111310
2201113100
2011131000
0111310002
1113100023
1131000232
1310002323
3100023233
1000232330
0002323300
0023233003
0232330032
2323300322
3233003222
2330032222
3300322222
3003222221
0032222211
0322222113
3222221133
2222211332
2222113322
2221133220
2211332202
2113322020
1133220203
1332202032
3322020321
3220203213
2202032132
2020321320
0203213200
2032132000
0321320000
3213200002
2132000020
1320000200
3200002000
2000020000
0000200002
0002000020
0020000203
0200002032
2000020323
0000203232
0002032320
0020323203
0203232032
2032320320
0323203200
3232032000
2320320002
3203200021
2032000212
0320002123
3200021233
2000212332
0002123321
0021233213
0212332132
2123321323
1233213233
2332132330
3321323300
3213233003
2132330032
1323300320
3233003202
2330032020
3300320202
3003202023
0032020231
0320202310
3202023101
2020231011
0202310113
2023101131
0231011313
2310113131
3101131313
1011313131
0113131310
1131313102
1313131020
3131310200
1313102003
3131020030
1310200302
3102003020
1020030202
0200302021
2003020210
0030202100
0302021000
3020210003
0202100030
2021000300
0210003003
2100030032
1000300321
0003003210
0030032103
0300321033
3003210330
0032103300
0321033001
3210330010
2103300102
1033001020
0330010200
3300102001
3001020011
0010200113
0102001132
1020011320
0200113200
2001132002
0011320020
0113200200
1132002002
1320020022
3200200220
2002002202
0020022022
0200220220
2002202202
0022022020
0220220202
2202202023
2022020231
0220202311
2202023110
2020231101
0202311010
2023110103
0231101032
2311010322
3110103220
1101032200
1010322002
0103220020
1032200200
0322002000
3220020002
2200200021
2002000213
0020002132
0200021321
2000213213
0002132132
0021321320
0213213202
2132132020
1321320200
3213202000
2132020002
1320200023
3202000231
2020002310
0200023101
2000231013
0002310130
0023101301
0231013011
2310130110
3101301100
1013011002
0130110021
1301100210
3011002101
0110021013
1100210132
1002101323
0021013232
0210132320
2101323203
1013232032
0132320322
1323203222
3232032222
2320322220
3203222200
2032222001
0322220011
3222200110
2222001102
2220011020
2200110200
2001102000
0011020003
0110200032
1102000323
1020003230
0200032303
2000323030
0003230300
0032303001
0323030013
3230300132
2303001323
3030013232
0300132320
3001323203
0013232031
0132320310
1323203102
3232031020
2320310200
3203102000
2031020000
0310200002
3102000021
1020000210
0200002102
2000021021
0000210210
0002102100
0021021000
0210210000
2102100000
1021000000
0210000000
2100000002
1000000020
0000000200
0000002002
0000020023
0000200233
0002002331
0020023313
0200233132
2002331321
0023313210
0233132102
2331321021
3313210210
3132102100
1321021000
3210210000
2102100000
1021000002
0210000020
2100000202
1000002022
0000020221
0000202210
0002022102
0020221022
0202210221
2022102210
0221022103
2210221033
2102210331
1022103313
0221033130
2210331302
2103313023
1033130230
0331302302
3313023020
3130230200
1302302001
3023020013
0230200130
2302001303
3020013032
0200130323
2001303232
0013032323
0130323232
1303232321
3032323213
0323232131
3232321313
2323213130
3232131301
2321313010
3213130102
2131301023
1313010233
3130102330
1301023302
3010233023
0102330230
1023302302
0233023023
2330230232
3302302322
3023023220
0230232201
2302322010
3023220102
0232201020
2322010202
3220102022
2201020221
2010202213
0102022131
1020221313
0202213132
2022131323
0221313233
2213132333
2131323333
1313233331
3132333311
1323333111
3233331113
2333311132
3333111320
3331113203
3311132032
3111320321
1113203210
1132032102
1320321021
3203210213
2032102132
0321021320
3210213202
2102132021
1021320211
0213202110
2132021101
1320211010
3202110102
2021101020
0211010203
2110102033
1101020332
1010203320
0102033203
1020332030
0203320302
2033203021
0332030213
3320302130
3203021303
2030213031
0302130311
3021303110
0213031100
2130311002
1303110021
3031100210
0311002102
3110021023
1100210232
1002102322
0021023220
0210232202
2102322020
1023220202
0232202021
2322020211
3220202111
2202021110
2020211102
0202111022
2021110220
0211102200
2111022000
1110220002
1102200021
1022000213
0220002132
2200021320
2000213203
0002132033
0021320331
0213203313
2132033132
1320331320
3203313202
2033132021
0331320210
3313202100
3132021000
1320210000
3202100003
2021000031
0210000311
2100003110
1000031102
0000311023
0003110231
0031102310
0311023102
3110231020
1102310201
1023102012
0231020121
2310201210
3102012102
1020121021
0201210210
2012102102
0121021020
1210210200
2102102002
1021020022
0210200221
2102002213
1020022133
0200221331
2002213310
0022133102
0221331023
2213310233
2133102330
1331023301
3310233013
3102330131
1023301313
0233013131
2330131313
3301313132
3013131320
0131313200
1313132002
3131320020
1313200200
3132002000
1320020003
3200200032
2002000320
0020003201
0200032010
2000320100
0003201000
0032010000
0320100002
3201000020
2010000200
0100002000
1000020001
0000200010
0002000100
0020001002
0200010022
2000100220
0001002200
0010022000
0100220002
1002200022
0022000220
0220002202
2200022023
2000220230
0002202300
0022023000
0220230002
2202300022
2023000221
0230002210
2300022102
3000221021
0002210210
0022102100
0221021002
2210210020
2102100200
1021002000
0210020002
2100200020
1002000200
0020002003
0200020030
2000200302
0002003021
0020030210
0200302102
2003021023
0030210232
0302102320
3021023203
0210232031
2102320312
1023203123
0232031232
2320312322
3203123222
2031232220
0312322202
3123222022
1232220223
2322202231
3222022313
2220223132
2202231323
2022313231
0223132313
2231323131
2313231313
3132313132
1323131322
3231313220
2313132202
3131322020
1313220201
3132202011
1322020110
3220201100
2202011000
2020110002
0201100022
2011000220
0110002200
1100022003
1000220032
0002200323
0022003232
0220032322
2200323221
2003232210
0032322103
0323221031
3232210313
2322103131
3221031311
2210313111
2103131113
1031311131
0313111313
3131113132
1311131321
3111313213
1113132132
1131321320
1313213200
3132132003
1321320032
3213200321
2132003210
1320032100
3200321000
2003210002
0032100020
0321000201
3210002011
2100020113
1000201132
0002011323
0020113232
0201132323
2011323232
0113232320
1132323202
1323232021
3232320211
2323202113
3232021131
2320211310
3202113100
2021131002
0211310020
2113100203
1131002032
1310020320
3100203202
1002032023
0020320233
0203202332
2032023320
0320233202
3202332023
2023320233
0233202330
2332023301
3320233010
3202330102
2023301022
0233010221
2330102211
3301022110
3010221102
0102211023
1022110231
0221102310
2211023101
2110231013
1102310130
1023101300
0231013003
2310130033
3101300333
1013003332
0130033322
1300333220
3003332202
0033322022
0333220222
3332202220
3322022202
3220222022
2202220223
2022202232
0222022320
2220223203
2202232031
2022320313
0223203132
2232031322
2320313220
3203132200
2031322002
0313220021
3132200210
1322002100
3220021002
2200210023
2002100232
0021002320
0210023200
2100232000
1002320003
0023200032
0232000321
2320003210
3200032102
2000321022
0003210223
0032102233
0321022330
3210223302
2102233023
1022330231
0223302313
2233023130
2330231300
3302313000
3023130002
0231300020
2313000200
3130002003
1300020033
3000200333
0002003330
0020033303
0200333031
2003330313
0033303131
0333031310
3330313101
3303131010
3031310101
0313101013
3131010132
1310101321
3101013210
1010132102
0101321020
1013210200
0132102000
1321020001
3210200013
2102000132
1020001322
0200013220
2000132200
0001322000
0013220000
0132200000
1322000002
3220000023
2200000230
2000002303
0000023032
0000230323
0002303233
0023032331
0230323310
2303233102
3032331023
0323310231
3233102311
2331023113
3310231133
3102311331
1023113310
0231133103
2311331032
3113310323
1133103231
1331032313
3310323132
3103231321
1032313211
0323132113
3231321133
2313211331
3132113310
1321133100
3211331000
2113310001
1133100013
1331000132
3310001323
3100013232
1000132322
0001323223
0013232233
0132322331
1323223311
3232233110
2322331101
3223311013
2233110132
2331101323
3311013232
3110132321
1101323211
1013232113
0132321132
1323211320
3232113203
2321132030
3211320301
2113203010
1132030102
1320301022
3203010223
2030102233
0301022331
3010223313
0102233131
1022331310
0223313100
2233131002
2331310020
3313100201
3131002010
1310020102
3100201023
1002010230
0020102300
0201023000
2010230000
0102300003
1023000030
0230000301
2300003013
3000030130
0000301302
0003013022
0030130221
0301302210
3013022102
0130221021
1302210211
3022102111
0221021111
2210211111
2102111113
1021111131
0211111311
2111113113
1111131131
1111311311
1113113113
1131131130
1311311301
3113113010
1131130100
1311301001
3113010013
1130100133
1301001331
3010013311
0100133113
1001331133
0013311331
0133113310
1331133102
3311331023
3113310232
1133102323
1331023231
3310232313
3102323132
1023231320
0232313203
2323132032
3231320322
2313203222
3132032221
1320322210
3203222100
2032221000
0322210001
3222100013
2221000131
2210001311
2100013113
1000131133
0001311331
0013113313
0131133131
1311331310
3113313101
1133131011
1331310110
3313101101
3131011010
1310110101
3101101013
1011010132
0110101320
1101013202
1010132022
0101320220
1013202202
0132022022
1320220223
3202202232
2022022320
0220223201
2202232013
2022320132
0223201320
2232013200
2320132003
3201320031
2013200310
0132003101
1320031011
3200310113
2003101130
0031011301
0310113013
3101130132
1011301321
0113013213
1130132133
1301321333
3013213333
0132133331
1321333311
3213333111
2133331111
1333311113
3333111132
3331111322
3311113220
3111132200
1111322003
1113220032
1132200323
1322003232
3220032322
2200323222
2003232221
0032322210
0323222103
3232221032
2322210320
3222103203
2221032033
2210320331
2103203310
1032033101
0320331010
3203310100
2033101000
0331010000
3310100003
3101000032
1010000323
0100003233
1000032333
0000323331
0003233310
0032333102
0323331022
3233310222
2333102222
3331022220
3310222201
3102222013
1022220133
0222201331
2222013310
2220133100
2201331000
2013310000
0133100001
1331000013
3310000132
3100001320
1000013200
0000132000
0001320000
0013200002
0132000023
1320000233
3200002332
2000023321
0000233211
0002332110
0023321100
0233211003
2332110032
3321100322
3211003221
2110032213
1100322130
1003221300
0032213000
0322130000
3221300000
2213000003
2130000032
1300000323
3000003233
0000032333
0000323333
0003233332
0032333322
0323333220
3233332200
2333322003
3333220033
3332200332
3322003320
3220033201
2200332013
2003320130
0033201300
0332013002
3320130022
3201300220
2013002200
0130022002
1300220021
3002200213
0022002132
0220021320
2200213200
2002132002
0021320020
0213200201
2132002010
1320020102
3200201021
2002010212
0020102120
0201021201
2010212012
0102120123
1021201230
0212012302
2120123020
1201230201
2012302010
0123020101
1230201010
2302010101
3020101010
0201010102
2010101023
0101010230
1010102301
0101023011
1010230113
0102301132
1023011321
0230113212
2301132122
3011321220
0113212200
1132122003
1321220030
3212200303
2122003030
1220030303
2200303033
2003030333
0030303331
0303033312
3030333122
0303331221
3033312210
0333122103
3331221033
3312210331
3122103312
1221033120
2210331200
2103312002
1033120021
0331200212
3312002121
3120021213
1200212131
2002121310
0021213103
0212131031
2121310311
1213103113
2131031133
1310311331
3103113310
1031133102
0311331021
3113310211
1133102113
1331021133
3310211333
3102113333
1021133333
0211333331
2113333310
1133333102
1333331022
3333310221
3333102213
3331022131
3310221311
3102213111
1022131110
0221311102
2213111022
2131110221
1311102210
3111022102
1110221022
1102210221
1022102210
0221022101
2210221012
2102210123
1022101232
0221012321
2210123210
2101232102
1012321023
0123210232
1232102322
2321023220
3210232200
2102322002
1023220020
0232200203
2322002031
3220020311
2200203113
2002031131
0020311311
0203113113
2031131133
0311311331
3113113313
1131133132
1311331320
3113313200
1133132000
1331320001
3313200011
3132000111
1320001113
3200011130
2000111300
0001113000
0011130003
0111300031
1113000313
1130003130
1300031303
3000313031
0003130312
0031303123
0313031232
3130312323
1303123232
3031232321
0312323213
3123232132
1232321321
2323213213
3232132131
2321321310
3213213102
2132131022
1321310223
3213102230
2131022302
1310223020
3102230200
1022302000
0223020000
2230200001
2302000010
3020000100
0200001002
2000010022
0000100221
0001002213
0010022130
0100221302
1002213021
0022130210
0221302100
2213021000
2130210001
1302100010
3021000100
0210001003
2100010033
1000100330
0001003301
0010033010
0100330100
1003301002
0033010021
0330100210
3301002102
3010021020
0100210200
1002102000
0021020002
0210200021
2102000213
1020002133
0200021332
2000213321
0002133210
0021332100
0213321002
2133210020
1332100202
3321002022
3210020220
2100202202
1002022020
0020220202
0202202020
2022020200
0220202001
2202020010
2020200102
0202001021
2020010213
0200102132
2001021321
0010213213
0102132131
1021321310
0213213100
2132131000
1321310000
3213100001
2131000013
1310000131
3100001312
1000013120
0000131202
0001312021
0013120210
0131202102
1312021022
3120210222
1202102223
2021022233
0210222333
2102223331
1022233313
0222333132
2223331320
2233313202
2333132020
3331320200
3313202002
3132020022
1320200220
3202002202
2020022020
0200220200
2002202002
0022020021
0220200213
2202002133
2020021330
0200213300
2002133000
0021330001
0213300011
2133000111
1330001113
3300011132
3000111323
0001113232
0011132320
0111323202
1113232023
1132320231
1323202313
3232023132
2320231321
3202313210
2023132101
0231321012
2313210123
3132101232
1321012323
3210123231
2101232312
1012323120
0123231203
1232312031
2323120311
3231203113
2312031132
3120311323
1203113232
2031132321
0311323211
3113232113
1132321133
1323211332
3232113321
2321133213
3211332133
2113321333
1133213332
1332133321
3321333213
3213332132
2133321323
1333213231
3332132310
3321323102
3213231021
2132310210
1323102101
3231021010
2310210102
3102101022
1021010220
0210102202
2101022020
1010220202
0102202021
1022020210
0220202101
2202021010
2020210102
0202101022
2021010220
0210102202
2101022022
1010220222
0102202220
1022022203
0220222032
2202220320
2022203201
0222032010
2220320103
2203201033
2032010333
0320103331
3201033310
2010333101
0103331010
1033310102
0333101022
3331010221
3310102213
3101022132
1010221321
0102213210
1022132102
0221321020
2213210202
2132102022
1321020220
3210202200
2102022002
1020220022
0202200222
2022002220
0220022201
2200222013
2002220131
0022201313
0222013132
2220131320
2201313201
2013132010
0131320101
1313201011
3132010110
1320101102
3201011021
2010110210
0101102100
1011021002
0110210020
1102100202
1021002021
0210020210
2100202102
1002021022
0020210222
0202102220
2021022201
0210222013
2102220132
1022201321
0222013213
2220132131
2201321310
2013213102
0132131023
1321310231
3213102313
2131023132
1310231320
3102313202
1023132021
0231320210
2313202101
3132021010
1320210100
3202101000
2021010000
0210100000
2101000003
1010000032
0100000322
1000003220
0000032203
0000322033
0003220332
0032203321
0322033213
3220332130
2203321301
2033213010
0332130100
3321301002
3213010020
2130100200
1301002002
3010020020
0100200202
1002002021
0020020210
0200202102
2002021022
0020210222
0202102221
2021022212
0210222120
2102221203
1022212032
0222120320
2221203200
2212032000
2120320000
1203200002
2032000021
0320000211
3200002110
2000021102
0000211021
0002110212
0021102123
0211021231
2110212310
1102123102
1021231022
0212310223
2123102232
1231022320
2310223202
3102232020
1022320203
0223202030
2232020302
2320203022
3202030222
2020302220
0203022203
2030222030
0302220302
3022203020
0222030200
2220302000
2203020002
2030200023
0302000232
3020002320
0200023202
2000232023
0002320233
0023202332
0232023320
2320233202
3202332020
2023320201
0233202010
2332020102
3320201020
3202010200
2020102003
0201020031
2010200311
0102003111
1020031110
0200311103
2003111033
0031110332
0311103320
3111033200
1110332000
1103320002
1033200023
0332000232
3320002320
3200023203
2000232032
0002320322
0023203220
0232032200
2320322002
3203220021
2032200211
0322002110
3220021100
2200211000
2002110002
0021100023
0211000232
2110002320
1100023203
1000232031
0002320310
0023203102
0232031020
2320310202
3203102023
2031020230
0310202300
3102023001
1020230010
0202300101
2023001010
0230010102
2300101020
3001010202
0010102020
0101020200
1010202002
0102020021
1020200210
0202002103
2020021032
0200210320
2002103203
0021032033
0210320331
2103203311
1032033110
0320331102
3203311020
2033110201
0331102010
3311020100
3110201000
1102010000
1020100003
0201000032
2010000320
0100003203
1000032033
0000320333
0003203330
0032033300
0320333000
3203330001
2033300010
0333000103
3330001030
3300010302
3000103022
0001030221
0010302211
0103022110
1030221102
0302211022
3022110220
0221102200
2211022000
2110220000
1102200001
1022000010
0220000102
2200001021
2000010213
0000102133
0001021331
0010213313
0102133132
1021331323
0213313233
2133132331
1331323310
3313233102
3132331020
1323310200
3233102000
2331020002
3310200021
3102000210
1020002100
0200021003
2000210031
0002100310
0021003102
0210031022
2100310221
1003102210
0031022102
0310221022
3102210220
1022102200
0221022000
2210220002
2102200020
1022000201
0220002013
2200020132
2000201320
0002013200
0020132002
0201320023
2013200233
0132002332
1320023323
3200233233
2002332332
0023323320
0233233203
2332332033
3323320332
3233203321
2332033210
3320332101
3203321010
2033210102
0332101022
3321010220
3210102201
2101022011
1010220110
0102201100
1022011003
0220110033
2201100331
2011003313
0110033130
1100331301
1003313010
0033130103
0331301033
3313010333
3130103333
1301033331
3010333310
0103333100
1033331003
0333310031
3333100311
3331003110
3310031101
3100311010
1003110103
0031101031
0311010310
3110103100
1101031003
1010310032
0103100320
1031003203
0310032033
3100320333
1003203332
0032033323
0320333233
3203332331
2033323313
0333233132
3332331321
3323313210
3233132100
2331321001
3313210013
3132100133
1321001332
3210013323
2100133231
1001332310
0013323102
0133231021
1332310210
3323102100
3231021000
2310210002
3102100021
1021000211
0210002111
2100021113
1000211132
0002111321
0021113213
0211132132
2111321320
1113213200
1132132003
1321320033
3213200331
2132003310
1320033102
3200331021
2003310213
0033102132
0331021323
3310213232
3102132320
1021323200
0213232002
2132320023
1323200231
3232002310
2320023101
3200231013
2002310130
0023101302
0231013022
2310130220
3101302201
1013022010
0130220100
1302201000
3022010001
0220100010
2201000102
2010001023
0100010230
1000102302
0001023021
0010230210
0102302100
1023021000
0230210000
2302100002
3021000020
0210000202
2100002020
1000020200
0000202000
0002020002
0020200020
0202000200
2020002000
0200020000
2000200001
0002000010
0020000103
0200001032
2000010323
0000103230
0001032300
0010323000
0103230002
1032300022
0323000222
3230002222
2300022220
3000222200
0002222003
0022220032
0222200320
2222003200
2220032002
2200320020
2003200200
0032002002
0320020020
3200200200
2002002002
0020020021
0200200210
2002002102
0020021021
0200210211
2002102111
0021021110
0210211100
2102111000
1021110001
0211100013
2111000132
1110001323
1100013233
1000132330
0001323301
0013233013
0132330130
1323301301
3233013010
2330130102
3301301021
3013010213
0130102132
1301021321
3010213210
0102132102
1021321020
0213210202
2132102022
1321020221
3210202213
2102022131
1020221313
0202213132
2022131322
0221313220
2213132200
2131322002
1313220020
3132200200
1322002001
3220020011
2200200113
2002001131
0020011313
0200113133
2001131332
0011313322
0113133220
1131332202
1313322020
3133220202
1332202020
3322020200
3220202003
2202020031
2020200310
0202003103
2020031032
0200310320
2003103203
0031032031
0310320313
3103203133
1032031330
0320313301
3203133010
2031330102
0313301022
3133010223
1330102233
3301022333
3010223332
0102233323
1022333231
0223332313
2233323132
2333231320
3332313200
3323132000
3231320001
2313200011
3132000111
1320001111
3200011113
2000111130
0001111300
0011113003
0111130032
1111300321
1113003211
1130032113
1300321133
3003211330
0032113301
0321133013
3211330132
2113301323
1133013232
1330132321
3301323213
3013232131
0132321313
1323213132
3232131320
2321313203
3213132030
2131320301
1313203013
3132030132
1320301320
3203013201
2030132010
0301320103
3013201033
0132010332
1320103320
3201033202
2010332022
0103320220
1033202202
0332022020
3320220200
3202202001
2022020010
0220200101
2202001011
2020010110
0200101102
2001011021
0010110213
0101102133
1011021330
0110213303
1102133032
1021330323
0213303232
2133032320
1330323200
3303232000
3032320001
0323200013
3232000132
2320001320
3200013203
2000132030
0001320302
0013203022
0132030220
1320302200
3203022000
2030220002
0302200020
3022000202
0220002021
2200020210
2000202100
0002021003
0020210031
0202100313
2021003132
0210031321
2100313210
1003132102
0031321023
0313210232
3132102323
1321023233
3210232333
2102323332
1023233323
0232333230
2323332300
3233323000
2333230000
3332300000
3323000002
3230000023
2300000232
3000002320
0000023201
0000232010
0002320100
0023201003
0232010032
2320100321
3201003211
2010032111
0100321113
1003211132
0032111322
0321113222
3211132220
2111322200
1113222000
1132220000
1322200002
3222000020
2220000202
2200002021
2000020213
0000202132
0002021321
0020213210
0202132101
2021321010
0213210100
2132101002
1321010020
3210100202
2101002020
1010020200
0100202000
1002020003
0020200032
0202000321
2020003210
0200032100
2000321002
0003210021
0032100213
0321002131
3210021313
2100213130
1002131300
0021313002
0213130021
2131300211
1313002110
3130021100
1300211002
3002110020
0021100203
0211002031
2110020313
1100203131
1002031312
0020313120
0203131202
2031312022
0313120223
3131202230
1312022301
3120223013
1202230131
2022301312
0223013122
2230131220
2301312202
3013122022
0131220223
1312202231
3122022313
1220223131
2202231312
2022313120
0223131200
2231312002
2313120020
3131200201
1312002012
3120020120
1200201202
2002012023
0020120232
0201202321
2012023210
0120232102
1202321020
2023210200
0232102000
2321020001
3210200013
2102000132
1020001321
0200013211
2000132110
0001321103
0013211031
0132110313
1321103133
3211031331
2110313310
1103133102
1031331020
0313310203
3133102032
1331020320
3310203200
3102032002
1020320020
0203200202
2032002023
0320020231
3200202311
2002023113
0020231132
0202311323
2023113232
0231132320
2311323202
3113232022
1132320220
1323202203
3232022032
2320220320
3202203202
2022032022
0220320220
2203202201
2032022013
0320220133
3202201330
2022013301
0220133011
2201330110
2013301103
0133011032
1330110321
3301103213
3011032133
0110321333
1103213330
1032133302
0321333022
3213330220
2133302201
1333022010
3330220103
3302201033
3022010330
0220103300
2201033003
2010330031
0103300313
1033003133
0330031331
3300313310
3003133102
0031331021
0313310210
3133102100
1331021000
3310210003
3102100031
1021000310
0210003102
2100031021
1000310210
0003102100
0031021002
0310210021
3102100210
1021002101
0210021012
2100210121
1002101211
0021012113
0210121133
2101211333
1012113332
0121133321
1211333210
2113332102
1133321020
1333210201
3332102013
3321020132
3210201320
2102013203
1020132030
0201320300
2013203000
0132030001
1320300010
3203000100
2030001000
0300010003
3000100032
0001000323
0010003231
0100032310
1000323103
0003231031
0032310313
0323103132
3231031323
2310313232
3103132322
1031323223
0313232230
3132322302
1323223020
3232230202
2322302023
3223020231
2230202313
2302023131
3020231311
0202313110
2023131102
0231311023
2313110232
3131102322
1311023221
3110232210
1102322102
1023221020
0232210202
2322102023
3221020232
2210202323
2102023231
1020232311
0202323110
2023231102
0232311023
2323110232
3231102320
2311023202
3110232021
1102320211
1023202111
0232021110
2320211100
3202111000
2021110003
0211100032
2111000323
1110003232
1100032321
1000323213
0003232132
0032321321
0323213211
3232132113
2321321131
3213211310
2132113101
1321131010
3211310102
2113101023
1131010232
1310102323
3101023232
1010232320
0102323202
1023232023
0232320232
2323202320
3232023201
2320232012
3202320120
2023201203
0232012032
2320120322
3201203221
2012032210
0120322100
1203221003
2032210030
0322100303
3221003033
2210030332
2100303323
1003033232
0030332321
0303323211
3033232110
0332321100
3323211000
3232110002
2321100022
3211000223
2110002232
1100022321
1000223211
0002232113
0022321132
0223211320
2232113200
2321132002
3211320021
2113200213
1132002132
1320021321
3200213211
2002132111
0021321113
0213211132
2132111320
1321113202
3211132023
2111320230
1113202300
1132023003
1320230032
3202300323
2023003232
0230032323
2300323232
3003232323
0032323232
0323232321
3232323213
2323232133
3232321331
2323213310
3232133101
2321331011
3213310112
2133101120
1331011202
3310112021
3101120211
1011202110
0112021102
1120211022
1202110220
2021102202
0211022023
2110220231
1102202310
1022023102
0220231020
2202310200
2023102003
0231020032
2310200321
3102003213
1020032131
0200321313
2003213132
0032131323
0321313231
3213132310
2131323100
1313231001
3132310013
1323100133
3231001330
2310013303
3100133033
1001330333
0013303333
0133033331
1330333313
3303333133
3033331331
0333313311
3333133111
3331331110
3313311102
3133111023
1331110231
3311102311
3111023110
1110231100
1102311001
1023110011
0231100113
2311001132
3110011323
1100113231
1001132313
0011323132
0113231320
1132313200
1323132002
3231320020
2313200200
3132002003
1320020031
3200200310
2002003101
0020031013
0200310131
2003101310
0031013100
0310131003
3101310032
1013100322
0131003220
1310032202
3100322021
1003220210
0032202101
0322021010
3220210100
2202101002
2021010020
0210100200
2101002001
1010020013
0100200132
1002001320
0020013200
0200132001
2001320010
0013200100
0132001000
1320010001
3200100010
2001000103
0010001033
0100010333
1000103330
0001033301
0010333011
0103330110
1033301101
0333011010
3330110100
3301101002
3011010021
0110100213
1101002131
1010021310
0100213103
1002131032
0021310323
0213103232
2131032323
1310323231
3103232311
1032323110
0323231100
3232311000
2323110002
3231100020
2311000200
3110002000
1100020003
1000200032
0002000320
0020003202
0200032021
2000320210
0003202102
0032021023
0320210232
3202102323
2021023230
0210232300
2102323000
1023230003
0232300032
2323000320
3230003201
2300032011
3000320112
0003201121
0032011210
0320112100
3201121000
2011210002
0112100020
1121000200
1210002000
2100020001
1000200013
0002000133
0020001331
0200013313
2000133131
0001331310
0013313102
0133131020
1331310200
3313102003
3131020033
1310200331
3102003313
1020033132
0200331322
2003313223
0033132232
0331322322
3313223220
3132232202
1322322022
3223220222
2232202221
2322022213
3220222132
2202221320
2022213200
0222132002
2221320022
2213200220
2132002200
1320022000
3200220001
2002200011
0022000110
0220001100
2200011000
2000110002
0001100020
0011000203
0110002032
1100020320
1000203200
0002032003
0020320032
0203200321
2032003211
0320032110
3200321100
2003211002
0032110020
0321100200
3211002002
2110020020
1100200201
1002002011
0020020111
0200201110
2002011102
0020111020
0201110201
2011102010
0111020103
1110201032
1102010322
1020103222
0201032220
2010322202
0103222021
1032220210
0322202100
3222021000
2220210003
2202100031
2021000313
0210003130
2100031302
1000313022
0003130223
0031302232
0313022320
3130223200
1302232002
3022320021
0223200210
2232002103
2320021031
3200210313
2002103132
0021031322
0210313220
2103132203
1031322030
0313220303
3132203032
1322030320
3220303201
2203032010
2030320102
0303201023
3032010232
0320102320
3201023200
2010232000
0102320003
1023200030
0232000300
2320003002
3200030023
2000300230
0003002303
0030023033
0300230332
3002303323
0023033230
0230332302
2303323020
3033230200
0332302002
3323020020
3230200203
2302002033
3020020331
0200203311
2002033113
0020331132
0203311323
2033113232
0331132322
3311323222
3113232221
1132322211
1323222110
3232221103
2322211033
3222110331
2221103313
2211033131
2110331313
1103313131
1033131310
0331313102
3313131022
3131310222
1313102223
3131022232
1310222320
3102223200
1022232000
0222320003
2223200031
2232000311
2320003113
3200031131
2000311310
0003113101
0031131013
0311310130
3113101301
1131013010
1310130101
3101301010
1013010102
0130101021
1301010210
3010102100
0101021000
1010210000
0102100002
1021000020
0210000200
2100002003
1000020032
0000200321
0002003213
0020032130
0200321303
2003213032
0032130321
0321303210
3213032100
2130321000
1303210000
3032100003
0321000030
3210000302
2100003021
1000030211
0000302113
0003021132
0030211320
0302113200
3021132000
0211320000
2113200000
1132000000
1320000001
3200000013
2000000133
0000001331
0000013310
0000133102
0001331021
0013310210
0133102100
1331021002
3310210020
3102100200
1021002000
0210020003
2100200032
1002000322
0020003221
0200032213
2000322132
0003221321
0032213210
0322132101
3221321013
2213210133
2132101332
1321013320
3210133200
2101332002
1013320021
0133200210
1332002102
3320021023
3200210232
2002102321
0021023213
0210232130
2102321300
1023213000
0232130002
2321300021
3213000210
2130002102
1300021020
3000210200
0002102003
0021020032
0210200322
2102003220
1020032200
0200322002
2003220023
0032200231
0322002310
3220023102
2200231020
2002310200
0023102001
0231020013
2310200132
3102001323
1020013232
0200132320
2001323200
0013232002
0132320023
1323200233
3232002333
2320023333
3200233330
2002333301
0023333011
0233330113
2333301132
3333011323
3330113231
3301132311
3011323110
0113231103
1132311030
1323110302
3231103022
2311030222
3110302220
1103022200
1030222001
0302220013
3022200132
0222001321
2220013211
2200132110
2001321101
0013211011
0132110113
1321101133
3211011331
2110113311
1101133110
1011331102
0113311023
1133110230
1331102301
3311023013
3110230132
1102301320
1023013200
0230132002
2301320022
3013200220
0132002202
1320022021
3200220210
2002202103
0022021033
0220210333
2202103332
2021033320
0210333200
2103332000
1033320003
0333200032
3332000322
3320003220
3200032203
2000322031
0003220310
0032203100
0322031000
3220310003
2203100032
2031000320
0310003202
3100032022
1000320220
0003202200
0032022000
0320220002
3202200020
2022000200
0220002000
2200020000
2000200003
0002000030
0020000300
0200003000
2000030000
0000300002
0003000022
0030000223
0300002232
3000022323
0000223231
0002232311
0022323110
0223231102
2232311020
2323110200
3231102003
2311020033
3110200332
1102003323
1020033233
0200332332
2003323321
0033233213
0332332133
3323321333
3233213331
2332133310
3321333103
3213331031
2133310313
1333103133
3331031331
3310313313
3103133130
1031331300
0313313002
3133130023
1331300231
3313002311
3130023113
1300231131
3002311313
0023113133
0231131333
2311313330
3113133300
1131333001
1313330010
3133300100
1333001000
3330010002
3300100020
3001000202
0010002020
0100020203
1000202031
0002020310
0020203102
0202031020
2020310203
0203102031
2031020313
0310203132
3102031322
1020313220
0203132202
2031322020
0313220200
3132202000
1322020002
3220200022
2202000223
2020002231
0200022311
2000223113
0002231132
0022311320
0223113202
2231132023
2311320232
3113202323
1132023232
1320232320
3202323201
2023232010
0232320102
2323201023
3232010232
2320102323
3201023233
2010232331
0102323313
1023233130
0232331300
2323313000
3233130002
2331300020
3313000202
3130002021
1300020210
3000202100
0002021000
0020210000
0202100001
2021000013
0210000131
2100001311
1000013111
0000131113
0001311131
0013111313
0131113132
1311131320
3111313200
1113132000
1131320000
1313200002
3132000020
1320000201
3200002010
2000020100
0000201000
0002010000
0020100001
0201000011
2010000113
0100001132
1000011323
0000113232
0001132321
0011323210
0113232102
1132321022
1323210220
3232102202
2321022022
3210220221
2102202210
1022022102
0220221023
2202210232
2022102321
0221023210
2210232100
2102321002
1023210020
0232100200
2321002001
3210020010
2100200101
1002001010
0020010102
0200101022
2001010221
0010102210
0101022102
1010221023
0102210232
1022102323
0221023231
2210232310
2102323102
1023231021
0232310213
2323102133
3231021332
2310213322
3102133220
1021332202
0213322021
2133220210
1332202102
3322021020
3220210200
2202102000
2021020000
0210200003
2102000032
1020000321
0200003210
2000032102
0000321020
0003210202
0032102022
0321020220
3210202202
2102022021
1020220210
0202202102
2022021020
0220210200
2202102000
2021020003
0210200031
2102000313
1020003132
0200031322
2000313222
0003132220
0031322201
0313222011
3132220110
1322201102
3222011022
2220110221
2201102210
2011022100
0110221000
1102210000
1022100001
0221000010
2210000102
2100001023
1000010232
0000102321
0001023210
0010232103
0102321031
1023210313
0232103132
2321031323
3210313231
2103132313
1031323131
0313231310
3132313103
1323131031
3231310310
2313103102
3131031020
1310310203
3103102031
1031020313
0310203133
3102031333
1020313333
0203133333
2031333332
0313333322
3133333220
1333332200
3333322000
3333220003
3332200032
3322000320
3220003202
2200032020
2000320202
0003202023
0032020231
0320202311
3202023110
2020231102
0202311020
2023110203
0231102030
2311020300
3110203001
1102030011
1020300111
0203001113
2030011133
0300111331
3001113311
0011133113
0111331131
1113311311
1133113113
1331131131
3311311313
3113113132
1131131321
1311313210
3113132100
1131321002
1313210022
3132100223
1321002233
3210022333
2100223333
1002233333
0022333333
0223333330
2233333301
2333333011
3333330111
3333301111
3333011113
3330111131
3301111310
3011113100
0111131000
1111310001
1113100013
1131000132
1310001321
3100013210
1000132102
0001321020
0013210200
0132102002
1321020021
3210200211
2102002110
1020021101
0200211010
2002110102
0021101021
0211010213
2110102132
1101021322
1010213222
0102132221
1021322211
0213222113
2132221132
1322211323
3222113233
2221132331
2211323313
2113233132
1132331322
1323313221
3233132213
2331322131
3313221310
3132213102
1322131020
3221310200
2213102001
2131020010
1310200101
3102001013
1020010132
0200101320
2001013203
0010132030
0101320300
1013203000
0132030000
1320300002
3203000021
2030000213
0300002132
3000021323
0000213232
0002132322
0021323221
0213232211
2132322111
1323221110
3232211102
2322111022
3221110220
2211102201
2111022010
1110220101
1102201010
1022010100
0220101000
2201010003
2010100033
0101000332
1010003320
0100033200
1000332002
0003320020
0033200202
0332002020
3320020200
3200202002
2002020023
0020200232
0202002322
2020023220
0200232203
2002322032
0023220323
0232203233
2322032333
3220323333
2203233331
2032333311
0323333113
3233331132
2333311323
3333113230
3331132301
3311323011
3113230113
1132301132
1323011323
3230113233
2301132331
3011323313
0113233132
1132331321
1323313210
3233132101
2331321010
3313210100
3132101003
1321010032
3210100321
2101003210
1010032100
0100321001
1003210013
0032100132
0321001322
3210013222
2100132220
1001322200
0013222000
0132220002
1322200020
3222000200
2220002000
2200020000
2000200003
0002000030
0020000301
0200003013
2000030130
0000301301
0003013010
0030130100
0301301000
3013010003
0130100031
1301000311
3010003110
0100031102
1000311023
0003110232
0031102322
0311023223
3110232232
1102322320
1023223201
0232232011
2322320110
3223201100
2232011002
2320110020
3201100202
2011002022
0110020220
1100202200
1002022000
0020220002
0202200020
2022000200
0220002000
2200020003
2000200032
0002000323
0020003231
0200032310
2000323100
0003231003
0032310033
0323100332
3231003323
2310033232
3100332322
1003323223
0033232230
0332322303
3323223031
3232230310
2322303102
3223031022
2230310223
2303102231
3031022313
0310223130
3102231300
1022313000
0223130003
2231300031
2313000310
3130003101
1300031010
3000310102
0003101023
0031010232
0310102320
3101023202
1010232021
0102320210
1023202101
0232021013
2320210133
3202101332
2021013322
0210133223
2101332232
1013322322
0133223223
1332232231
3322322311
3223223110
2232231102
2322311020
3223110200
2231102002
2311020023
3110200233
1102002333
1020023332
0200233323
2002333232
0023332320
0233323200
2333232000
3332320000
3323200000
3232000000
2320000000
3200000001
2000000013
0000000131
0000001312
0000013122
0000131220
0001312202
0013122021
0131220210
1312202101
3122021013
1220210133
2202101333
2021013330
0210133303
2101333031
1013330313
0133303130
1333031300
3330313003
3303130031
3031300310
0313003101
3130031010
1300310103
3003101033
0031010330
0310103301
3101033013
1010330132
0103301320
1033013200
0330132002
3301320022
3013200220
0132002200
1320022001
3200220010
2002200100
0022001001
0220010011
2200100111
2001001110
0010011103
0100111032
1001110323
0011103231
0111032310
1110323103
1103231030
1032310300
0323103003
3231030032
2310300320
3103003200
1030032000
0300320000
3003200001
0032000010
0320000102
3200001020
2000010203
0000102032
0001020320
0010203202
0102032022
1020320220
0203202202
2032022021
0320220213
3202202132
2022021322
0220213223
2202132232
2021322323
0213223232
2132232323
1322323232
3223232320
2232323200
2323232001
3232320012
2323200122
3232001220
2320012201
3200122010
2001220101
0012201013
0122010132
1220101320
2201013200
2010132002
0101320023
1013200230
0132002303
1320023033
3200230333
2002303331
0023033311
0230333113
2303331132
3033311322
0333113222
3331132221
3311322210
3113222103
1132221033
1322210332
3222103321
2221033210
2210332102
2103321022
1033210220
0332102202
3321022022
3210220220
2102202200
1022022000
0220220000
2202200003
2022000032
0220000322
2200003222
2000032223
0000322231
0003222310
0032223103
0322231033
3222310330
2223103302
2231033023
2310330233
3103302330
1033023303
0330233031
3302330313
3023303132
0233031323
2330313232
3303132322
3031323220
0313232203
3132322030
1323220300
3232203003
2322030031
3220300311
2203003110
2030031102
0300311023
3003110231
0031102313
0311023133
3110231333
1102313333
1023133330
0231333300
2313333000
3133330002
1333300020
3333000200
3330002002
3300020022
3000200220
0002002200
0020022002
0200220020
2002200200
0022002003
0220020030
2200200301
2002003013
0020030132
0200301322
2003013220
0030132203
0301322032
3013220320
0132203202
1322032022
3220320220
2203202202
2032022020
0320220200
3202202000
2022020003
0220200033
2202000333
2020003332
0200033320
2000333200
0003332002
0033320023
0333200231
3332002310
3320023102
3200231020
2002310202
0023102022
0231020220
2310202202
3102022020
1020220203
0202202032
2022020323
0220203230
2202032300
2020323003
0203230031
2032300310
0323003100
3230031003
2300310032
3003100322
0031003222
0310032220
3100322202
1003222020
0032220200
0322202000
3222020001
2220200011
2202000110
2020001101
0200011011
2000110110
0001101100
0011011002
0110110022
1101100223
1011002231
0110022311
1100223111
1002231110
0022311100
0223111002
2231110020
2311100202
3111002022
1110020222
1100202221
1002022211
0020222110
0202221102
2022211020
0222110201
2221102010
2211020102
2110201022
1102010221
1020102211
0201022111
2010221113
0102211132
1022111320
0221113201
2211132013
2111320132
1113201322
1132013221
1320132210
3201322100
2013221002
0132210020
1322100203
3221002031
2210020313
2100203133
1002031333
0020313330
0203133300
2031333000
0313330002
3133300020
1333000201
3330002013
3300020133
3000201333
0002013332
0020133320
0201333202
2013332020
0133320203
1333202031
3332020313
3320203132
3202031321
2020313213
0203132132
2031321321
0313213213
3132132132
1321321323
3213213232
2132132322
1321323220
3213232201
2132322011
1323220111
3232201113
2322011133
3220111331
2201113310
2011133101
0111331013
1113310132
1133101320
1331013203
3310132030
3101320303
1013203032
0132030320
1320303201
3203032013
2030320130
0303201301
3032013010
0320130102
3201301020
2013010202
0130102021
1301020210
3010202103
0102021031
1020210313
0202103132
2021031322
0210313220
2103132202
1031322023
0313220232
3132202322
1322023220
3220232203
2202322032
2023220322
0232203223
2322032232
3220322322
2203223220
2032232202
0322322021
3223220213
2232202131
2322021313
3220213132
2202131323
2021313232
0213132322
2131323223
1313232232
3132322321
1323223211
3232232113
2322321131
3223211313
2232113132
2321131323
3211313232
2113132322
1131323223
1313232232
3132322320
1323223200
3232232002
2322320021
3223200210
2232002102
2320021021
3200210211
2002102113
0021021132
0210211320
2102113201
1021132011
0211320113
2113201132
1132011323
1320113233
3201132331
2011323310
0113233101
1132331010
1323310101
3233101011
2331010111
3310101110
3101011101
1010111010
0101110102
1011101021
0111010210
1110102100
1101021000
1010210003
0102100033
1021000331
0210003313
2100033130
1000331301
0003313013
0033130132
0331301321
3313013213
3130132132
1301321323
3013213233
0132132332
1321323323
3213233232
2132332322
1323323223
3233232233
2332322332
3323223323
3232233232
2322332321
3223323210
2233232102
2332321021
3323210211
3232102110
2321021102
3210211020
2102110203
1021102032
0211020321
2110203213
1102032133
1020321332
0203213322
2032133220
0321332200
3213322002
2133220022
1332200220
3322002200
3220022000
2200220000
2002200001
0022000012
0220000123
2200001232
2000012322
0000123220
0001232203
0012322033
0123220330
1232203303
2322033030
3220330302
2203303020
2033030202
0330302021
3303020210
3030202100
0302021003
3020210032
0202100321
2021003210
0210032102
2100321021
1003210210
0032102102
0321021021
3210210210
2102102102
1021021020
0210210202
2102102021
1021020210
0210202100
2102021001
1020210012
0202100123
2021001233
0210012332
2100123321
1001233211
0012332112
0123321123
1233211232
2332112322
3321123223
3211232230
2112322300
1123223001
1232230013
2322300131
3223001312
2230013122
2300131222
3001312220
0013122202
0131222023
1312220232
3122202322
1222023222
2220232223
2202322231
2023222311
0232223113
2322231132
3222311322
2223113220
2231132201
2311322010
3113220102
1132201021
1322010212
3220102123
2201021232
2010212322
0102123221
1021232213
0212322133
2123221332
1232213321
2322133213
3221332130
2213321301
2133213011
1332130110
3321301102
3213011023
2130110232
1301102321
3011023211
0110232110
1102321102
1023211022
0232110220
2321102202
3211022021
2110220213
1102202131
1022021310
0220213102
2202131023
2021310232
0213102321
2131023213
1310232133
3102321330
1023213301
0232133011
2321330113
3213301131
2133011312
1330113123
3301131232
3011312323
0113123231
1131232311
1312323113
3123231132
1232311320
2323113202
3231132022
2311320222
3113202223
1132022232
1320222320
3202223200
2022232001
0222320010
2223200102
2232001021
2320010210
3200102102
2001021021
0010210213
0102102131
1021021313
0210213133
2102131330
1021313302
0213133021
2131330210
1313302102
3133021023
1330210230
3302102300
3021023003
0210230030
2102300300
1023003000
0230030000
2300300003
3003000032
0030000320
0300003201
3000032013
0000320132
0003201320
0032013200
0320132000
3201320001
2013200010
0132000103
1320001031
3200010310
2000103101
0001031011
0010310110
0103101103
1031011031
0310110313
3101103132
1011031320
0110313200
1103132002
1031320022
0313200223
3132002232
1320022322
3200223220
2002232200
0022322003
0223220033
2232200330
2322003301
3220033011
2200330111
2003301110
0033011101
0330111013
3301110132
3011101323
0111013233
1110132331
1101323313
1013233133
0132331333
1323313330
3233133300
2331333000
3313330002
3133300021
1333000213
3330002133
3300021333
3000213330
0002133301
0021333010
0213330103
2133301031
1333010310
3330103102
3301031021
3010310213
0103102133
1031021330
0310213300
3102133000
1021330002
0213300022
2133000220
1330002201
3300022013
3000220130
0002201303
0022013032
0220130320
2201303202
2013032020
0130320203
1303202033
3032020330
0320203303
3202033030
2020330300
0203303000
2033030003
0330300032
3303000323
3030003233
0300032330
3000323300
0003233000
0032330001
0323300010
3233000100
2330001000
3300010003
3000100033
0001000333
0010003330
0100033300
1000333000
0003330000
0033300000
0333000002
3330000023
3300000233
3000002330
0000023302
0000233020
0002330202
0023302020
0233020200
2330202003
3302020032
3020200323
0202003230
2020032302
0200323021
2003230210
0032302101
0323021010
3230210103
2302101032
3021010322
0210103223
2101032232
1010322322
0103223223
1032232231
0322322313
3223223131
2232231310
2322313102
3223131020
2231310202
2313102020
3131020200
1310202000
3102020003
1020200032
0202000322
2020003223
0200032232
2000322320
0003223203
0032232030
0322320303
3223203030
2232030303
2320303033
3203030330
2030303303
0303033033
3030330333
0303303332
3033033321
0330333211
3303332110
3033321103
0333211033
3332110332
3321103321
3211033210
2110332102
1103321021
1033210211
0332102110
3321021100
3210211003
2102110033
1021100333
0211003331
2110033313
1100333132
1003331323
0033313233
0333132333
3331323330
3313233300
3132333000
1323330003
3233300030
2333000301
3330003013
3300030133
3000301332
0003013322
0030133222
0301332222
3013322220
0133222201
1332222010
3322220102
3222201023
2222010231
2220102310
2201023103
2010231033
0102310333
1023103330
0231033300
2310333000
3103330000
1033300002
0333000022
3330000220
3300002200
3000022003
0000220030
0002200303
0022003033
0220030332
2200303322
2003033222
0030332221
0303322213
3033222131
0332221310
3322213102
3222131022
2221310222
2213102223
2131022233
1310222333
3102223331
1022233310
0222333100
2223331003
2233310033
2333100330
3331003300
3310033000
3100330000
1003300001
0033000010
0330000103
3300001030
3000010301
0000103011
0001030113
0010301132
0103011321
1030113210
0301132101
3011321013
0113210131
1132101313
1321013132
3210131322
2101313220
1013132202
0131322021
1313220210
3132202100
1322021001
3220210011
2202100113
2021001131
0210011311
2100113110
1001131103
0011311030
0113110303
1131103033
1311030333
3110303333
1103033331
1030333310
0303333103
3033331033
0333310333
3333103333
3331033330
3310333301
3103333013
1033330133
0333301330
3333013300
3330133000
3301330003
3013300030
0133000301
1330003010
3300030100
3000301000
0003010001
0030100011
0301000111
3010001113
0100011132
1000111320
0001113200
0011132003
0111320030
1113200301
1132003013
1320030130
3200301303
2003013033
0030130333
0301303333
3013033332
0130333323
1303333232
3033332320
0333323203
3333232033
3332320333
3323203333
3232033333
2320333330
3203333300
2033333003
0333330032
3333300321
3333003210
3330032103
3300321031
3003210310
0032103102
0321031021
3210310211
2103102113
1031021133
0310211330
3102113302
1021133021
0211330211
2113302110
1133021101
1330211013
3302110132
3021101320
0211013203
2110132033
1101320332
1013203320
0132033203
1320332033
3203320330
2033203303
0332033032
3320330322
3203303223
2033032233
0330322332
3303223323
3032233232
0322332323
3223323233
2233232332
2332323320
3323233200
3232332000
2323320002
3233200021
2332000213
3320002131
3200021313
2000213130
0002131301
0021313010
0213130100
2131301000
1313010001
3130100010
1301000102
3010001021
0100010213
1000102133
0001021333
0010213331
0102133311
1021333113
0213331132
2133311323
1333113233
3331132332
3311323323
3113233232
1132332321
1323323210
3233232103
2332321031
3323210310
3232103100
2321031000
3210310001
2103100013
1031000131
0310001310
3100013101
1000131011
0001310111
0013101113
0131011130
1310111300
3101113001
1011130011
0111300110
1113001102
1130011020
1300110200
3001102000
0011020001
0110200010
1102000101
1020001013
0200010132
2000101322
0001013221
0010132211
0101322110
1013221101
0132211010
1322110102
3221101022
2211010223
2110102232
1101022323
1010223232
0102232322
1022323223
0223232232
2232322321
2323223211
3232232111
2322321110
3223211102
2232111020
2321110200
3211102000
2111020003
1110200032
1102000321
1020003210
0200032102
2000321023
0003210232
0032102320
0321023203
3210232033
2102320332
1023203320
0232033202
2320332023
3203320231
2033202311
0332023110
3320231100
3202311002
2023110021
0231100213
2311002132
3110021322
1100213222
1002132220
0021322200
0213222002
2132220022
1322200221
3222002213
2220022131
2200221310
2002213100
0022131000
0221310001
2213100011
2131000111
1310001110
3100011102
1000111022
0001110220
0011102200
0111022001
1110220011
1102200113
1022001132
0220011323
2200113232
2001132321
0011323211
0113232110
1132321102
1323211023
3232110232
2321102321
3211023213
2110232132
1102321323
1023213231
0232132310
2321323102
3213231022
2132310221
1323102213
3231022132
2310221320
3102213203
1022132033
0221320333
2213203331
2132033313
1320333132
3203331320
2033313201
0333132010
3331320100
3313201002
3132010023
1320100232
3201002323
2010023230
0100232303
1002323032
0023230323
0232303232
2323032322
3230323221
2303232210
3032322101
0323221013
3232210132
2322101323
3221013232
2210132320
2101323200
1013232000
0132320002
1323200022
3232000220
2320002203
3200022030
2000220300
0002203003
0022030032
0220300320
2203003200
2030032003
0300320030
3003200302
0032003020
0320030203
3200302032
2003020321
0030203210
0302032103
3020321033
0203210333
2032103333
0321033330
3210333302
2103333023
1033330230
0333302303
3333023031
3330230311
3302303113
3023031132
0230311322
2303113223
3031132232
0311322320
3113223201
1132232011
1322320111
3223201110
2232011103
2320111032
3201110320
2011103203
0111032030
1110320300
1103203002
1032030021
0320300211
3203002111
2030021110
0300211100
3002111000
0021110000
0211100000
2111000003
1110000030
1100000303
1000003031
0000030313
0000303132
0003031321
0030313213
0303132133
3031321331
0313213313
3132133130
1321331300
3213313003
2133130030
1331300302
3313003023
3130030231
1300302311
3003023111
0030231113
0302311132
3023111321
0231113213
2311132133
3111321332
1113213323
1132133230
1321332300
3213323000
2133230000
1332300003
3323000032
3230000320
2300003202
3000032022
0000320221
0003202213
0032022132
0320221321
3202213210
2022132100
0221321000
2213210002
2132100020
1321000200
3210002000
2100020003
1000200033
0002000332
0020003322
0200033221
2000332213
0003322133
0033221333
0332213333
3322133333
3221333330
2213333303
2133333032
1333330320
3333303200
3333032000
3330320002
3303200020
3032000200
0320002000
3200020000
2000200003
0002000030
0020000303
0200003031
2000030313
0000303133
0003031332
0030313323
0303133233
3031332333
0313323332
3133233323
1332333233
3323332333
3233323331
2333233313
3332333132
3323331323
3233313233
2333132332
3331323321
3313233211
3132332110
1323321100
3233211002
2332110021
3321100210
3211002102
2110021023
1100210233
1002102331
0021023310
0210233102
2102331023
1023310233
0233102333
2331023331
3310233310
3102333103
1023331030
0233310301
2333103011
3331030113
3310301130
3103011300
1030113003
0301130033
3011300333
0113003333
1130033332
1300333323
3003333230
0033332301
0333323013
3333230133
3332301333
3323013332
3230133322
2301333222
3013332220
0133322202
1333222021
3332220210
3322202102
3222021020
2220210200
2202102001
2021020013
0210200132
2102001321
1020013213
0200132133
2001321332
0013213323
0132133233
1321332333
3213323330
2133233300
1332333000
3323330000
3233300000
2333000002
3330000020
3300000200
3000002000
0000020000
0000200000
0002000003
0020000030
0200000300
2000003000
0000030000
0000300003
0003000032
0030000323
0300003230
3000032302
0000323021
0003230213
0032302130
0323021300
3230213002
2302130023
3021300233
0213002331
2130023310
1300233102
3002331020
0023310200
0233102000
2331020002
3310200023
3102000233
1020002332
0200023323
2000233233
0002332333
0023323333
0233233332
2332333323
3323333232
3233332320
2333323203
3333232030
3332320300
3323203002
3232030020
2320300203
3203002032
2030020321
0300203213
3002032132
0020321321
0203213213
2032132132
0321321323
3213213231
2132132313
1321323133
3213231332
2132313322
1323133220
3231332200
2313322000
3133220002
1332200023
3322000233
3220002330
2200023301
2000233010
0002330102
0023301020
0233010202
2330102020
3301020200
3010202000
0102020000
1020200003
0202000030
2020000303
0200003032
2000030323
0000303233
0003032333
0030323330
0303233303
3032333030
0323330300
3233303000
2333030003
3330300030
3303000303
3030003033
0300030333
3000303332
0003033320
0030333200
0303332003
3033320032
0333200321
3332003210
3320032101
3200321010
2003210100
0032101000
0321010000
3210100002
2101000020
1010000200
0100002000
1000020003
0000200030
0002000300
0020003000
0200030000
2000300003
0003000033
0030000331
0300003313
3000033133
0000331333
0003313333
0033133332
0331333322
3313333221
3133332210
1333322100
3333221000
3332210003
3322100030
