212023310002103
120233100021031
202331000210310
023310002103102
233100021031022
331000210310220
310002103102201
100021031022012
000210310220122
002103102201220
021031022012203
210310220122033
103102201220333
031022012203331
310220122033310
102201220333100
022012203331003
220122033310030
201220333100301
012203331003013
122033310030131
220333100301311
203331003013113
033310030131133
333100301311333
331003013113331
310030131133313
100301311333132
003013113331321
030131133313212
301311333132121
013113331321213
131133313212131
311333132121310
113331321213101
133313212131012
333132121310121
331321213101211
313212131012111
132121310121111
321213101211111
212131012111112
121310121111121
213101211111211
131012111112111
310121111121113
101211111211133
012111112111331
121111121113311
211111211133111
111112111331111
111121113311113
111211133111130
112111331111300
121113311113000
211133111130000
111331111300002
113311113000021
133111130000213
331111300002131
311113000021313
111130000213131
111300002131311
113000021313111
130000213131113
300002131311131
000021313111310
000213131113102
002131311131021
021313111310213
213131113102133
131311131021332
313111310213323
131113102133232
311131021332320
111310213323201
113102133232011
131021332320112
310213323201121
102133232011210
021332320112103
213323201121031
133232011210311
332320112103113
323201121031133
232011210311332
320112103113322
201121031133223
011210311332230
112103113322302
121031133223022
210311332230222
103113322302222
031133223022221
311332230222210
113322302222103
133223022221031
332230222210310
322302222103100
223022221031000
230222210310000
302222103100002
022221031000021
222210310000210
222103100002103
221031000021031
210310000210311
103100002103110
031000021031101
310000210311012
100002103110120
000021031101202
000210311012023
002103110120232
021031101202320
210311012023201
103110120232013
031101202320132
311012023201320
110120232013202
101202320132021
012023201320213
120232013202131
202320132021313
023201320213131
232013202131310
320132021313102
201320213131020
013202131310202
132021313102023
320213131020233
202131310202331
021313102023311
213131020233110
131310202331102
313102023311021
131020233110210
310202331102102
102023311021020
020233110210200
202331102102002
023311021020022
233110210200220
331102102002202
311021020022020
110210200220200
102102002202001
021020022020012
210200220200121
102002202001211
020022020012110
200220200121101
002202001211012
022020012110122
220200121101220
202001211012203
020012110122031
200121101220313
001211012203131
012110122031310
121101220313102
211012203131021
110122031310212
101220313102120
012203131021201
122031310212013
220313102120132
203131021201321
031310212013213
313102120132131
131021201321313
310212013213130
102120132131300
021201321313002
212013213130021
120132131300211
201321313002111
013213130021113
132131300211132
321313002111323
213130021113231
131300211132311
313002111323113
130021113231130
300211132311302
002111323113023
021113231130232
211132311302321
111323113023210
113231130232102
132311302321022
323113023210222
231130232102222
311302321022222
113023210222223
130232102222232
302321022222322
023210222223223
232102222232233
321022222322333
210222223223333
102222232233333
022222322333332
222223223333322
222232233333220
222322333332202
223223333322022
232233333220222
322333332202223
223333322022232
233333220222322
333332202223222
333322022232221
333220222322210
332202223222102
322022232221022
220222322210223
202223222102232
022232221022320
222322210223200
223222102232000
232221022320000
322210223200002
222102232000021
221022320000212
210223200002121
102232000021211
022320000212110
223200002121102
232000021211020
320000212110202
200002121102020
000021211020200
000212110202003
002121102020031
021211020200311
212110202003110
121102020031102
211020200311023
110202003110232
102020031102320
020200311023203
202003110232030
020031102320300
200311023203002
003110232030023
031102320300230
311023203002303
110232030023033
102320300230333
023203002303332
232030023033322
320300230333221
203002303332213
030023033322132
300230333221321
002303332213211
023033322132111
230333221321113
303332213211133
033322132111333
333221321113331
332213211133311
322132111333111
221321113331111
213211133311111
132111333111111
321113331111111
211133311111113
111333111111133
113331111111331
133311111113311
333111111133113
331111111331132
311111113311321
111111133113211
111111331132113
111113311321133
111133113211331
111331132113311
113311321133113
133113211331131
331132113311313
311321133113131
113211331131310
132113311313101
321133113131013
211331131310131
113311313101311
133113131013112
331131310131122
311313101311222
113131013112220
131310131122201
313101311222010
131013112220102
310131122201020
101311222010200
013112220102003
131122201020032
311222010200322
112220102003222
122201020032220
222010200322202
220102003222021
201020032220210
010200322202101
102003222021011
020032220210111
200322202101110
003222021011102
032220210111020
322202101110200
222021011102003
220210111020032
202101110200323
021011102003233
210111020032331
101110200323311
011102003233111
111020032331110
110200323311103
102003233111031
020032331110312
200323311103122
003233111031221
032331110312212
323311103122122
233111031221223
331110312212232
311103122122321
111031221223213
110312212232132
103122122321321
031221223213211
312212232132110
122122321321101
221223213211011
212232132110113
122321321101131
223213211011313
232132110113132
321321101131321
213211011313213
132110113132132
321101131321323
211011313213233
110113132132330
101131321323302
011313213233023
113132132330230
131321323302303
313213233023033
132132330230332
321323302303321
213233023033213
132330230332132
323302303321322
233023033213223
330230332132233
302303321322330
023033213223301
230332132233010
303321322330100
033213223301003
332132233010031
321322330100311
213223301003111
132233010031113
322330100311131
223301003111312
233010031113122
330100311131223
301003111312231
010031113122310
100311131223101
003111312231013
031113122310132
311131223101320
111312231013202
113122310132021
131223101320213
312231013202133
122310132021332
223101320213322
231013202133220
310132021332201
101320213322011
013202133220111
132021332201113
320213322011133
202133220111333
021332201113333
213322011133332
133220111333322
332201113333221
322011133332213
220111333322133
201113333221331
011133332213313
111333322133131
113333221331311
133332213313112
333322133131121
333221331311213
332213313112132
322133131121322
221331311213221
213313112132210
133131121322102
331311213221023
313112132210233
131121322102331
311213221023311
112132210233111
121322102331111
213221023311110
132210233111100
322102331111001
221023311110012
210233111100120
102331111001201
023311110012012
233111100120122
331111001201220
311110012012202
111100120122021
111001201220210
110012012202100
100120122021001
001201220210011
012012202100111
120122021001111
201220210011110
012202100111102
122021001111020
220210011110201
202100111102011
021001111020111
210011110201110
100111102011100
001111020111001
011110201110010
111102011100102
111020111001021
110201110010210
102011100102102
020111001021021
201110010210210
011100102102102
111001021021021
110010210210211
100102102102111
001021021021112
010210210211122
102102102111220
021021021112201
210210211122010
102102111220102
021021112201021
210211122010210
102111220102102
021112201021021
211122010210210
111220102102102
112201021021021
122010210210211
220102102102113
201021021021131
010210210211310
102102102113102
021021021131021
210210211310210
102102113102102
021021131021021
210211310210210
102113102102100
021131021021001
211310210210012
113102102100121
131021021001212
310210210012120
102102100121202
021021001212021
210210012120211
102100121202110
021001212021101
210012120211013
100121202110133
001212021101330
012120211013302
121202110133021
212021101330213
120211013302130
202110133021301
021101330213013
211013302130131
110133021301311
101330213013111
013302130131112
133021301311122
330213013111221
302130131112213
021301311122131
213013111221311
130131112213110
301311122131102
013111221311020
131112213110202
311122131102022
111221311020220
112213110202200
122131102022002
221311020220020
213110202200202
131102022002021
311020220020211
110202200202113
102022002021132
020220020211322
202200202113221
022002021132213
220020211322132
200202113221323
002021132213232
020211322132322
202113221323220
021132213232201
211322132322013
113221323220133
132213232201331
322132322013310
221323220133103
213232201331033
132322013310332
323220133103323
232201331033232
322013310332321
220133103323211
201331033232111
013310332321113
133103323211131
331033232111313
310332321113131
103323211131313
033232111313130
332321113131303
323211131313033
232111313130331
321113131303310
211131313033102
111313130331022
113131303310220
131313033102203
313130331022031
131303310220313
313033102203130
130331022031303
303310220313032
033102203130321
331022031303211
310220313032111
102203130321112
022031303211122
220313032111222
203130321112220
031303211122201
313032111222011
130321112220113
303211122201132
032111222011321
321112220113213
211122201132130
111222011321301
112220113213013
122201132130132
222011321301323
220113213013233
201132130132332
011321301323321
113213013233213
132130132332133
321301323321331
213013233213311
130132332133110
301323321331103
013233213311031
132332133110312
323321331103122
233213311031223
332133110312230
321331103122301
213311031223011
133110312230112
331103122301122
311031223011222
110312230112223
103122301122230
031223011222301
312230112223011
122301122230110
223011222301102
230112223011021
301122230110211
011222301102113
112223011021130
122230110211301
222301102113011
223011021130111
230110211301112
301102113011120
011021130111202
110211301112022
102113011120221
021130111202212
211301112022121
113011120221212
130111202212121
301112022121210
011120221212102
111202212121023
112022121210233
120221212102331
202212121023313
022121210233131
221212102331313
212121023313132
121210233131322
212102331313221
121023313132212
210233131322121
102331313221213
023313132212132
233131322121322
331313221213220
313132212132201
131322121322013
313221213220132
132212132201321
322121322013213
221213220132131
212132201321312
121322013213121
213220132131211
132201321312111
322013213121111
220132131211113
201321312111132
013213121111321
132131211113213
321312111132132
213121111321321
131211113213213
312111132132132
121111321321321
211113213213213
111132132132132
111321321321321
113213213213213
132132132132133
321321321321331
213213213213313
132132132133132
321321321331320
213213213313202
132132133132022
321321331320221
213213313202212
132133132022123
321331320221231
213313202212310
133132022123102
331320221231022
313202212310222
132022123102223
320221231022232
202212310222321
022123102223211
221231022232110
212310222321101
123102223211011
231022232110110
310222321101102
102223211011022
022232110110220
222321101102201
223211011022013
232110110220132
321101102201321
211011022013213
110110220132132
101102201321321
011022013213213
110220132132131
102201321321313
022013213213132
220132132131321
201321321313211
013213213132111
132132131321111
321321313211110
213213132111101
132131321111011
321313211110113
213132111101130
131321111011301
313211110113011
132111101130110
321111011301101
211110113011011
111101130110111
111011301101112
110113011011122
101130110111220
011301101112202
113011011122022
130110111220220
301101112202201
011011122022012
110111220220120
101112202201202
011122022012023
111220220120230
112202201202301
122022012023013
220220120230132
202201202301323
022012023013231
220120230132311
201202301323110
012023013231100
120230132311002
202301323110022
023013231100223
230132311002233
301323110022331
013231100223313
132311002233132
323110022331320
231100223313200
311002233132002
110022331320022
100223313200222
002233132002223
022331320022232
223313200222322
233132002223221
331320022232213
313200222322131
132002223221313
320022232213132
200222322131323
002223221313232
022232213132320
222322131323202
223221313232020
232213132320200
322131323202000
221313232020002
213132320200021
131323202000213
313232020002131
132320200021311
323202000213112
232020002131121
320200021311210
202000213112102
020002131121022
200021311210222
000213112102221
002131121022211
021311210222110
213112102221100
131121022211002
311210222110021
112102221100210
121022211002102
210222110021021
102221100210213
022211002102132
222110021021322
221100210213223
211002102132232
110021021322321
100210213223213
002102132232132
021021322321322
210213223213220
102132232132200
021322321322002
213223213220023
132232132200232
322321322002322
223213220023222
232132200232221
321322002322212
213220023222120
132200232221202
322002322212022
220023222120220
200232221202202
002322212022022
023222120220221
232221202202212
322212022022120
222120220221203
221202202212031
212022022120311
120220221203113
202202212031132
022022120311322
220221203113220
202212031132202
022120311322022
221203113220222
212031132202221
120311322022213
203113220222132
031132202221321
311322022213210
113220222132101
132202221321012
322022213210122
220222132101222
202221321012221
022213210122210
222132101222101
221321012221011
213210122210113
132101222101131
321012221011311
210122210113110
101222101131101
012221011311013
122210113110130
222101131101302
221011311013023
210113110130231
101131101302311
011311013023113
113110130231131
131101302311311
311013023113112
110130231131122
101302311311220
013023113112202
130231131122021
302311311220210
023113112202102
231131122021022
311311220210221
113112202102212
131122021022122
311220210221221
112202102212213
122021022122132
220210221221323
202102212213232
021022122132322
210221221323221
102212213232211
022122132322110
221221323221101
212213232211012
122132322110122
221323221101221
213232211012210
132322110122102
323221101221022
232211012210220
322110122102200
221101221022003
211012210220032
110122102200321
101221022003213
012210220032130
122102200321302
221022003213020
210220032130202
102200321302023
022003213020233
220032130202331
200321302023310
003213020233100
032130202331001
321302023310011
213020233100113
130202331001131
302023310011310
020233100113101
202331001131010
023310011310102
233100113101020
331001131010202
310011310102020
100113101020203
001131010202032
011310102020323
113101020203233
131010202032331
310102020323310
101020203233102
010202032331023
102020323310233
020203233102332
202032331023322
020323310233223
203233102332232
032331023322322
323310233223222
233102332232223
331023322322233
310233223222331
102332232223312
023322322233121
233223222331211
332232223312110
322322233121101
223222331211012
232223312110122
322233121101221
222331211012212
223312110122120
233121101221200
331211012212002
312110122120022
121101221200222
211012212002221
110122120022212
101221200222122
012212002221221
122120022212213
221200222122132
212002221221321
120022212213212
200222122132122
002221221321220
022212213212203
222122132122031
221221321220311
212213212203112
122132122031121
221321220311211
213212203112113
132122031121132
321220311211320
212203112113203
122031121132032
220311211320321
203112113203211
031121132032112
311211320321122
112113203211220
121132032112202
211320321122020
113203211220200
132032112202002
320321122020020
203211220200200
032112202002002
321122020020022
211220200200220
112202002002201
122020020022013
220200200220131
202002002201313
020020022013133
200200220131333
002002201313332
020022013133321
200220131333211
002201313332110
022013133321102
220131333211022
201313332110221
013133321102210
131333211022102
313332110221020
133321102210202
333211022102020
332110221020200
321102210202002
211022102020023
110221020200230
102210202002300
022102020023002
221020200230020
210202002300201
102020023002013
020200230020132
202002300201323
020023002013231
200230020132313
002300201323132
023002013231321
230020132313210
300201323132102
002013231321021
020132313210210
201323132102100
013231321021003
132313210210030
323132102100300
231321021003002
313210210030020
132102100300202
321021003002021
210210030020211
102100300202113
021003002021131
210030020211311
100300202113111
003002021131110
030020211311102
300202113111021
002021131110211
020211311102113
202113111021131
021131110211312
211311102113123
113111021131231
131110211312313
311102113123130
111021131231301
110211312313013
102113123130133
021131231301333
211312313013333
113123130133331
131231301333311
312313013333110
123130133331100
231301333311000
313013333110003
130133331100031
301333311000310
013333110003103
133331100031030
333311000310300
333110003103002
331100031030022
311000310300220
110003103002200
100031030022002
000310300220022
003103002200221
031030022002213
310300220022131
103002200221311
030022002213110
300220022131100
002200221311002
022002213110021
220022131100213
200221311002131
002213110021311
022131100213111
221311002131113
213110021311132
131100213111322
311002131113220
110021311132200
100213111322003
002131113220031
021311132200313
213111322003133
131113220031331
311132200313313
111322003133130
113220031331301
132200313313010
322003133130100
220031331301000
200313313010002
003133130100022
031331301000223
313313010002231
133130100022311
331301000223113
313010002231133
130100022311332
301000223113321
010002231133213
100022311332133
000223113321333
002231133213331
022311332133310
223113321333101
231133213331013
311332133310131
113321333101311
133213331013111
332133310131112
321333101311120
213331013111200
133310131112001
333101311120011
331013111200111
310131112001113
101311120011133
013111200111333
131112001113330
311120011133303
111200111333031
112001113330313
120011133303132
200111333031322
001113330313220
011133303132200
111333031322001
113330313220011
133303132200113
333031322001130
330313220011300
303132200113001
031322001130010
313220011300103
132200113001032
322001130010322
220011300103220
200113001032203
001130010322031
011300103220310
113001032203103
130010322031032
300103220310320
001032203103200
010322031032000
103220310320002
032203103200020
322031032000201
220310320002013
203103200020131
031032000201313
310320002013131
103200020131311
032000201313111
320002013131111
200020131311111
000201313111113
002013131111133
020131311111333
201313111113331
013131111133311
131311111333113
313111113331131
131111133311313
311111333113131
111113331131313
111133311313131
111333113131310
113331131313100
133311313131001
333113131310012
331131313100123
311313131001230
113131310012302
131313100123021
313131001230211
131310012302112
313100123021121
131001230211213
310012302112130
100123021121303
001230211213032
012302112130322
123021121303223
230211213032233
302112130322333
021121303223333
211213032233332
112130322333320
121303223333202
213032233332023
130322333320232
303223333202321
032233332023210
322333320232100
223333202321001
233332023210013
333320232100133
333202321001333
332023210013332
320232100133320
202321001333203
023210013332033
232100133320333
321001333203331
210013332033311
100133320333111
001333203331111
013332033311113
133320333111132
333203331111323
332033311113232
320333111132320
203331111323202
033311113232021
333111132320213
331111323202132
311113232021322
111132320213220
111323202132202
113232021322023
132320213220230
323202132202303
232021322023033
320213220230331
202132202303310
021322023033101
213220230331011
132202303310110
322023033101101
220230331011011
202303310110113
023033101101131
230331011011313
303310110113132
033101101131321
331011011313210
310110113132102
101101131321022
011011313210220
110113132102200
101131321022002
011313210220020
113132102200203
131321022002032
313210220020322
132102200203220
321022002032200
210220020322000
102200203220001
022002032200011
220020322000110
200203220001101
002032200011013
020322000110130
203220001101301
032200011013013
322000110130132
220001101301322
200011013013223
000110130132231
001101301322313
011013013223133
110130132231332
101301322313322
013013223133221
130132231332212
301322313322121
013223133221211
132231332212110
322313322121101
223133221211010
231332212110103
313322121101031
133221211010310
332212110103101
322121101031013
221211010310133
212110103101331
121101031013313
211010310133132
110103101331320
101031013313202
010310133132022
103101331320220
031013313202202
310133132022022
101331320220221
013313202202213
133132022022133
331320220221331
313202202213311
132022022133111
320220221331110
202202213311100
022022133111000
220221331110003
202213311100032
022133111000320
221331110003200
213311100032001
133111000320011
331110003200113
311100032001132
111000320011323
110003200113233
100032001132331
000320011323310
003200113233102
032001132331023
320011323310232
200113233102322
001132331023223
011323310232232
113233102322322
132331023223221
323310232232210
233102322322101
331023223221013
310232232210132
102322322101321
023223221013210
232232210132102
322322101321023
223221013210232
232210132102320
322101321023203
221013210232033
210132102320331
101321023203310
013210232033103
132102320331033
321023203310331
210232033103313
102320331033132
023203310331320
232033103313202
320331033132022
203310331320220
033103313202201
331033132022010
310331320220103
103313202201032
033132022010321
331320220103211
313202201032112
132022010321120
320220103211200
202201032112000
022010321120002
220103211200022
201032112000223
010321120002233
103211200022331
032112000223313
321120002233133
211200022331333
112000223313331
120002233133311
200022331333113
000223313331133
002233133311331
022331333113313
223313331133131
233133311331311
331333113313113
313331133131131
133311331311310
333113313113100
331133131131003
311331311310030
113313113100301
133131131003010
331311310030103
313113100301031
131131003010313
311310030103132
113100301031320
131003010313200
310030103132000
100301031320000
003010313200001
030103132000010
301031320000101
010313200001011
103132000010110
031320000101100
313200001011000
132000010110001
320000101100010
200001011000103
000010110001030
000101100010301
001011000103013
010110001030130
101100010301303
011000103013033
110001030130331
100010301303313
000103013033132
001030130331320
010301303313202
103013033132021
030130331320211
301303313202111
013033132021113
130331320211133
303313202111332
033132021113322
331320211133220
313202111332203
132021113322032
320211133220320
202111332203202
021113322032022
211133220320220
111332203202202
113322032022021
133220320220210
332203202202100
322032022021001
220320220210010
203202202100102
032022021001023
320220210010232
202202100102320
022021001023200
220210010232001
202100102320010
021001023200101
210010232001013
100102320010132
001023200101321
010232001013210
102320010132101
023200101321011
232001013210110
320010132101103
200101321011032
001013210110321
010132101103210
101321011032100
013210110321002
132101103210023
321011032100232
210110321002323
101103210023231
011032100232313
110321002323132
103210023231323
032100232313230
321002323132303
210023231323030
100232313230301
002323132303010
023231323030102
232313230301022
323132303010222
231323030102220
313230301022201
132303010222011
323030102220113
230301022201131
303010222011311
030102220113110
301022201131100
010222011311000
102220113110001
022201131100013
222011311000133
220113110001331
201131100013312
011311000133122
113110001331222
131100013312222
311000133122220
110001331222202
100013312222020
000133122220203
001331222202030
013312222020301
133122220203010
331222202030103
312222020301032
122220203010322
222202030103221
222020301032211
220203010322111
202030103221110
020301032211100
203010322111001
030103221110013
301032211100131
010322111001311
103221110013113
032211100131130
322111001311301
221110013113011
211100131130110
111001311301101
110013113011010
100131130110101
001311301101010
013113011010100
131130110101003
311301101010032
113011010100320
130110101003200
301101010032002
011010100320021
110101003200213
101010032002130
010100320021302
101003200213022
010032002130220
100320021302202
003200213022020
032002130220202
320021302202020
200213022020202
002130220202020
021302202020203
213022020202031
130220202020311
302202020203113
022020202031133
220202020311331
202020203113313
020202031133132
202020311331322
020203113313223
202031133132233
020311331322331
203113313223311
031133132233110
311331322331100
113313223311000
133132233110003
331322331100031
313223311000311
132233110003110
322331100031102
223311000311020
233110003110202
331100031102020
311000311020201
110003110202010
100031102020101
000311020201010
003110202010103
031102020101032
311020201010322
110202010103221
102020101032213
020201010322132
202010103221322
020101032213220
201010322132201
010103221322010
101032213220102
010322132201023
103221322010232
032213220102321
322132201023213
221322010232131
213220102321311
132201023213110
322010232131103
220102321311032
201023213110322
010232131103222
102321311032220
023213110322202
232131103222020
321311032220200
213110322202003
131103222020033
311032220200332
110322202003322
103222020033220
032220200332203
322202003322030
222020033220301
220200332203011
202003322030113
020033220301130
200332203011301
003322030113010
033220301130102
332203011301020
322030113010202
220301130102023
203011301020231
030113010202311
301130102023113
011301020231133
113010202311333
130102023113331
301020231133311
010202311333112
102023113331122
020231133311222
202311333112223
023113331122231
231133311222313
311333112223131
113331122231311
133311222313113
333112223131133
331122231311332
311222313113322
112223131133220
122231311332200
222313113322003
223131133220030
231311332200301
313113322003010
131133220030103
311332200301031
113322003010313
133220030103131
332200301031310
322003010313100
220030103131002
200301031310023
003010313100232
030103131002321
301031310023211
010313100232110
103131002321100
031310023211003
313100232110032
131002321100322
310023211003222
100232110032220
002321100322202
023211003222021
232110032220211
321100322202113
211003222021130
110032220211303
100322202113031
003222021130313
032220211303131
322202113031313
222021130313132
220211303131322
202113031313223
021130313132230
211303131322302
113031313223020
130313132230203
303131322302033
031313223020331
313132230203313
131322302033133
313223020331333
132230203313332
322302033133323
223020331333231
230203313332313
302033133323131
020331333231313
203313332313132
033133323131320
331333231313200
313332313132002
133323131320020
333231313200200
332313132002001
323131320020013
231313200200132
313132002001321
131320020013210
313200200132102
132002001321023
320020013210232
200200132102320
002001321023200
020013210232002
200132102320022
001321023200222
013210232002220
132102320022203
321023200222032
210232002220321
102320022203211
023200222032110
232002220321101
320022203211011
200222032110113
002220321101130
022203211011303
222032110113031
220321101130313
203211011303131
032110113031311
321101130313110
211011303131100
110113031311000
101130313110000
011303131100003
113031311000032
130313110000322
303131100003221
031311000032211
313110000322111
131100003221113
311000032211132
110000322111320
100003221113200
000032211132002
000322111320020
003221113200202
032211132002021
322111320020213
221113200202131
211132002021311
111320020213113
113200202131133
132002021311331
320020213113310
200202131133101
002021311331011
020213113310113
202131133101132
021311331011321
213113310113213
131133101132132
311331011321322
113310113213220
133101132132200
331011321322003
310113213220032
101132132200322
011321322003220
113213220032200
132132200322001
321322003220010
213220032200102
132200322001021
322003220010211
220032200102110
200322001021103
003220010211033
032200102110331
322001021103310
220010211033101
200102110331011
001021103310113
010211033101132
102110331011322
021103310113222
211033101132221
110331011322211
103310113222110
033101132221102
331011322211022
310113222110221
101132221102213
011322211022133
113222110221332
132221102213321
322211022133210
222110221332100
221102213321001
211022133210013
110221332100133
102213321001333
022133210013331
221332100133310
213321001333102
133210013331020
332100133310202
321001333102020
210013331020202
100133310202020
001333102020201
013331020202013
133310202020132
333102020201321
331020202013213
310202020132131
102020201321313
020202013213132
202020132131320
020201321313202
202013213132022
020132131320222
201321313202221
013213132022212
132131320222120
321313202221200
213132022212002
131320222120020
313202221200201
132022212002012
320222120020120
202221200201202
022212002012022
222120020120222
221200201202220
212002012022202
120020120222020
200201202220200
002012022202003
020120222020033
201202220200332
012022202003323
120222020033232
202220200332321
022202003323210
222020033232100
220200332321000
202003323210000
020033232100000
200332321000000
003323210000001
033232100000013
332321000000131
323210000001311
232100000013111
321000000131110
210000001311102
100000013111021
000000131110213
000001311102132
000013111021322
000131110213220
001311102132203
013111021322033
131110213220333
311102132203333
111021322033330
110213220333303
102132203333033
021322033330332
213220333303323
132203333033232
322033330332320
220333303323201
203333033232013
033330332320133
333303323201333
333033232013332
330332320133320
303323201333202
033232013332022
332320133320220
323201333202203
232013332022032
320133320220322
201333202203220
013332022032202
133320220322020
333202203220201
332022032202013
320220322020132
202203220201323
022032202013232
220322020132322
203220201323221
032202013232213
322020132322132
220201323221322
202013232213220
020132322132203
201323221322033
013232213220331
132322132203310
323221322033100
232213220331002
322132203310022
221322033100221
213220331002210
132203310022103
322033100221032
220331002210322
203310022103221
033100221032211
331002210322110
310022103221103
100221032211032
002210322110321
022103221103211
221032211032111
210322110321111
103221103211110
032211032111103
322110321111030
221103211110301
211032111103013
110321111030131
103211110301311
032111103013111
321111030131111
211110301311110
111103013111102
111030131111023
110301311110232
103013111102322
030131111023221
301311110232210
013111102322102
131111023221022
311110232210223
111102322102233
111023221022332
110232210223322
102322102233222
023221022332220
232210223322203
322102233222031
221022332220313
210223322203133
102233222031332
022332220313322
223322203133220
233222031332202
332220313322022
322203133220220
222031332202203
220313322022032
203133220220321
031332202203211
313322022032111
133220220321111
332202203211110
322022032111103
220220321111033
202203211110333
022032111103331
220321111033311
203211110333110
032111103331100
321111033311000
211110333110003
111103331100033
111033311000330
110333110003301
103331100033011
033311000330110
333110003301100
331100033011002
311000330110022
110003301100221
100033011002213
000330110022130
003301100221301
033011002213012
330110022130121
301100221301210
011002213012100
110022130121003
100221301210032
002213012100321
022130121003213
221301210032132
213012100321321
130121003213213
301210032132133
012100321321330
121003213213300
210032132133001
100321321330010
003213213300101
032132133001013
321321330010130
213213300101302
132133001013021
321330010130210
213300101302100
133001013021002
330010130210022
300101302100221
001013021002213
010130210022130
101302100221302
013021002213021
130210022130211
302100221302111
021002213021110
210022130211102
100221302111021
002213021110210
022130211102102
221302111021020
213021110210200
130211102102000
302111021020001
021110210200013
211102102000132
111021020001323
110210200013232
102102000132322
021020001323223
210200013232230
102000132322301
020001323223013
200013232230132
000132322301320
001323223013201
013232230132011
132322301320110
323223013201102
232230132011021
322301320110210
223013201102103
230132011021031
301320110210310
013201102103103
132011021031032
320110210310323
201102103103233
011021031032333
110210310323331
102103103233311
021031032333113
210310323331132
103103233311321
031032333113210
310323331132101
103233311321011
032333113210110
323331132101100
233311321011003
333113210110032
331132101100320
311321011003200
113210110032002
132101100320020
321011003200200
210110032002001
101100320020013
011003200200131
110032002001313
100320020013131
003200200131311
032002001313113
320020013131133
200200131311332
002001313113323
020013131133232
200131311332320
001313113323202
013131133232021
131311332320213
313113323202131
131133232021311
311332320213110
113323202131100
133232021311003
332320213110033
323202131100331
232021311003313
320213110033131
202131100331310
021311003313103
213110033131032
131100331310322
311003313103221
110033131032213
100331310322131
003313103221310
033131032213103
331310322131031
313103221310311
131032213103110
310322131031101
103221310311012
032213103110122
322131031101220
221310311012202
213103110122023
131031101220231
310311012202313
103110122023133
031101220231332
311012202313322
110122023133220
101220231332200
012202313322002
122023133220022
220231332200220
202313322002200
023133220022000
231332200220001
313322002200010
133220022000103
332200220001033
322002200010330
220022000103301
200220001033011
002200010330111
022000103301113
220001033011132
200010330111320
000103301113203
001033011132032
010330111320321
103301113203213
033011132032132
330111320321322
301113203213223
011132032132232
111320321322322
113203213223220
132032132232202
320321322322020
203213223220200
032132232202001
321322322020010
213223220200100
132232202001000
322322020010000
223220200100001
232202001000013
322020010000132
220200100001322
202001000013222
020010000132220
200100001322200
001000013222002
010000132220022
100001322200220
000013222002202
000132220022021
001322200220210
013222002202100
132220022021000
322200220210002
222002202100021
220022021000211
200220210002112
002202100021122
022021000211220
220210002112201
202100021122013
021000211220130
210002112201303
100021122013031
000211220130313
002112201303132
021122013031322
211220130313223
112201303132230
122013031322301
220130313223013
201303132230133
013031322301333
130313223013332
303132230133321
031322301333211
313223013332110
132230133321100
322301333211001
223013332110010
230133321100102
301333211001023
013332110010232
133321100102322
333211001023220
332110010232202
321100102322020
211001023220203
110010232202033
100102322020333
001023220203332
010232202033322
102322020333222
023220203332221
232202033322210
322020333222103
220203332221033
202033322210333
020333222103332
203332221033322
033322210333221
333222103332210
332221033322103
322210333221031
222103332210312
221033322103122
210333221031220
103332210312203
033322103122032
333221031220322
332210312203223
322103122032231
221031220322313
210312203223133
103122032231330
031220322313301
312203223133011
122032231330113
220322313301131
203223133011313
032231330113133
322313301131331
223133011313311
231330113133113
313301131331132
133011313311320
330113133113203
301131331132032
011313311320323
113133113203232
131331132032323
313311320323231
133113203232310
331132032323102
311320323231020
113203232310201
132032323102010
320323231020102
203232310201020
032323102010203
323231020102033
232310201020331
323102010203313
231020102033132
310201020331322
102010203313221
020102033132213
201020331322131
010203313221311
102033132213110
020331322131102
203313221311020
033132213110203
331322131102033
313221311020332
132213110203323
322131102033231
221311020332310
213110203323101
131102033231010
311020332310103
110203323101032
102033231010322
020332310103223
203323101032232
033231010322322
332310103223222
323101032232220
231010322322202
310103223222022
101032232220220
010322322202200
103223222022002
032232220220020
322322202200201
223222022002013
232220220020131
322202200201310
222022002013102
220220020131022
202200201310221
022002013102212
220020131022121
200201310221211
002013102212110
020131022121103
201310221211031
013102212110310
131022121103103
310221211031033
102212110310332
022121103103321
221211031033213
212110310332133
121103103321333
211031033213333
110310332133332
103103321333320
031033213333201
310332133332010
103321333320100
033213333201001
332133332010010
321333320100103
213333201001031
133332010010313
333320100103131
333201001031311
332010010313111
320100103131113
201001031311131
010010313111310
100103131113102
001031311131021
010313111310211
103131113102113
031311131021132
313111310211322
131113102113220
311131021132201
111310211322013
113102113220132
131021132201321
310211322013213
102113220132130
021132201321303
211322013213031
113220132130313
132201321303133
322013213031330
220132130313301
201321303133010
013213031330100
132130313301003
321303133010033
213031330100331
130313301003310
303133010033103
031330100331032
313301003310322
133010033103222
330100331032222
301003310322220
010033103222202
100331032222022
003310322220220
033103222202202
331032222022020
310322220220203
103222202202030
032222022020300
322220220203003
222202202030030
222022020300303
220220203003031
202202030030310
022020300303100
220203003031002
202030030310022
020300303100222
203003031002220
030030310022203
300303100222032
003031002220320
030310022203201
303100222032012
031002220320121
310022203201213
100222032012131
002220320121311
022203201213111
222032012131110
220320121311100
203201213111003
032012131110033
320121311100331
201213111003310
012131110033100
121311100331002
213111003310020
131110033100200
311100331002000
111003310020001
110033100200011
100331002000113
003310020001131
033100200011313
331002000113133
310020001131333
100200011313332
002000113133320
020001131333202
200011313332020
000113133320202
001131333202023
011313332020230
113133320202303
131333202023031
313332020230313
133320202303130
333202023031303
332020230313030
320202303130300
202023031303002
020230313030020
202303130300200
023031303002002
230313030020023
303130300200231
031303002002310
313030020023103
130300200231033
303002002310330
030020023103301
300200231033010
002002310330102
020023103301022
200231033010220
002310330102202
023103301022021
231033010220211
310330102202110
103301022021100
033010220211002
330102202110020
301022021100203
010220211002033
102202110020332
022021100203321
220211002033210
202110020332102
021100203321022
211002033210220
110020332102202
100203321022020
002033210220201
020332102202013
203321022020132
033210220201321
332102202013210
321022020132101
210220201321010
102202013210103
022020132101032
220201321010322
202013210103222
020132101032222
201321010322220
013210103222202
132101032222020
321010322220200
210103222202001
101032222020011
010322220200113
103222202001131
032222020011310
322220200113100
222202001131001
222020011310013
220200113100133
202001131001333
020011310013332
200113100133320
001131001333203
011310013332031
113100133320311
131001333203110
310013332031100
100133320311001
001333203110010
013332031100102
133320311001023
333203110010233
332031100102331
320311001023310
203110010233101
031100102331013
311001023310132
110010233101322
100102331013221
001023310132213
010233101322132
102331013221323
023310132213233
233101322132331
331013221323310
310132213233101
101322132331011
013221323310110
132213233101101
322132331011010
221323310110103
213233101101032
132331011010323
323310110103232
233101101032322
331011010323220
310110103232202
101101032322021
011010323220211
110103232202110
101032322021102
010323220211021
103232202110212
032322021102122
323220211021222
232202110212221
322021102122211
220211021222111
202110212221111
021102122211110
211021222111102
110212221111022
102122211110222
021222111102223
212221111022231
122211110222311
222111102223113
221111022231130
211110222311301
111102223113012
111022231130121
110222311301210
102223113012102
022231130121020
222311301210201
223113012102011
231130121020111
311301210201110
113012102011100
130121020111003
301210201110032
012102011100321
121020111003210
210201110032100
102011100321001
020111003210010
201110032100100
011100321001003
111003210010032
110032100100321
100321001003211
003210010032113
032100100321130
321001003211301
210010032113010
100100321130102
001003211301022
010032113010220
100321130102200
003211301022003
032113010220033
321130102200331
211301022003311
113010220033110
130102200331100
301022003311003
010220033110031
102200331100313
022003311003132
220033110031320
200331100313202
003311003132021
033110031320212
331100313202123
311003132021232
110031320212322
100313202123223
003132021232230
031320212322302
313202123223023
132021232230232
320212322302322
202123223023222
021232230232221
212322302322210
123223023222102
232230232221021
322302322210212
223023222102120
230232221021202
302322210212022
023222102120222
232221021202223
322210212022232
222102120222321
221021202223211
210212022232111
102120222321113
021202223211132
212022232111320
120222321113200
202223211132002
022232111320022
222321113200222
223211132002223
232111320022232
321113200222323
211132002223233
111320022232331
113200222323310
132002223233102
320022232331020
200222323310203
002223233102031
022232331020313
222323310203132
223233102031322
232331020313220
323310203132200
233102031322000
331020313220002
310203132200023
102031322000232
020313220002321
203132200023211
031322000232110
313220002321102
132200023211021
322000232110211
220002321102110
200023211021101
000232110211011
002321102110112
023211021101120
232110211011201
321102110112010
211021101120101
110211011201010
102110112010103
021101120101030
211011201010301
110112010103010
101120101030102
011201010301021
112010103010210
120101030102103
201010301021031
010103010210313
101030102103131
010301021031310
103010210313102
030102103131022
301021031310221
010210313102213
102103131022130
021031310221303
210313102213032
103131022130322
031310221303220
313102213032202
131022130322021
310221303220210
102213032202102
022130322021021
221303220210213
213032202102132
130322021021322
303220210213220
032202102132202
322021021322022
220210213220223
202102132202230
021021322022300
210213220223000
102132202230002
021322022300022
213220223000220
132202230002202
322022300022022
220223000220222
202230002202220
022300022022200
223000220222002
230002202220020
300022022200200
000220222002003
002202220020030
022022200200301
220222002003013
202220020030130
022200200301303
222002003013032
220020030130320
200200301303203
002003013032032
020030130320320
200301303203202
003013032032022
030130320320223
301303203202231
013032032022311
130320320223111
303203202231110
032032022311103
320320223111032
203202231110322
032022311103223
320223111032232
202231110322323
022311103223232
223111032232323
231110322323231
311103223232310
111032232323102
110322323231023
103223232310231
032232323102313
322323231023133
223232310231332
232323102313322
323231023133222
232310231332220
323102313322202
231023133222023
310231332220231
102313322202313
023133222023133
231332220231333
313322202313332
133222023133320
332220231333203
322202313332031
222023133320313
220231333203132
202313332031322
023133320313220
231333203132202
313332031322020
133320313220200
333203132202002
332031322020022
320313220200220
203132202002203
031322020022032
313220200220320
132202002203201
322020022032012
220200220320123
202002203201231
020022032012313
200220320123133
002203201231330
022032012313303
220320123133030
203201231330301
032012313303010
320123133030103
201231330301031
012313303010313
123133030103133
231330301031332
313303010313322
133030103133223
330301031332232
303010313322322
030103133223222
301031332232220
010313322322201
103133223222010
031332232220102
313322322201021
133223222010210
332232220102100
322322201021002
223222010210022
232220102100222
322201021002222
222010210022222
220102100222220
201021002222202
010210022222020
102100222220203
021002222202032
210022222020321
100222220203211
002222202032113
022222020321132
222220203211321
222202032113211
222020321132111
220203211321111
202032113211110
020321132111102
203211321111023
032113211110230
321132111102301
211321111023013
113211110230130
132111102301300
321111023013003
211110230130032
111102301300320
111023013003200
110230130032000
102301300320003
023013003200033
230130032000330
301300320003303
013003200033031
130032000330311
300320003303110
003200033031102
032000330311020
320003303110200
200033031102002
000330311020022
003303110200223
033031102002233
330311020022333
303110200223332
031102002233321
311020022333210
110200223332103
102002233321033
020022333210332
200223332103322
002233321033220
022333210332202
223332103322020
233321033220202
333210332202020
332103322020200
321033220202001
210332202020010
103322020200100
033220202001003
332202020010032
322020200100323
220202001003232
202020010032320
020200100323203
202001003232030
020010032320302
200100323203020
001003232030200
010032320302002
100323203020020
003232030200200
032320302002002
323203020020020
232030200200202
320302002002020
203020020020203
030200200202033
302002002020331
020020020203312
200200202033120
002002020331202
020020203312021
200202033120211
002020331202110
020203312021100
202033120211001
020331202110011
203312021100110
033120211001100
331202110011000
312021100110002
120211001100023
202110011000232
021100110002323
211001100023232
110011000232320
100110002323200
001100023232003
011000232320032
110002323200320
100023232003202
000232320032023
002323200320232
023232003202322
232320032023222
323200320232221
232003202322213
320032023222132
200320232221322
003202322213220
032023222132202
320232221322022
202322213220223
023222132202232
232221322022322
322213220223220
222132202232202
221322022322022
213220223220220
132202232202202
322022322022022
220223220220223
202232202202232
022322022022322
223220220223222
232202202232222
322022022322222
220220223222223
202202232222232
022022322222322
220223222223220
202232222232202
022322222322021
223222223220212
232222232202120
322222322021201
222223220212011
222232202120113
222322021201130
223220212011301
232202120113010
322021201130103
220212011301033
202120113010333
021201130103333
212011301033333
120113010333330
201130103333300
011301033333002
113010333330020
130103333300203
301033333002032
010333330020320
103333300203200
033333002032002
333330020320020
333300203200200
333002032002001
330020320020012
300203200200122
002032002001220
020320020012200
203200200122003
032002001220030
320020012200301
200200122003011
002001220030110
020012200301102
200122003011023
001220030110230
012200301102301
122003011023011
220030110230113
200301102301131
003011023011313
030110230113132
301102301131320
011023011313203
110230113132031
102301131320310
023011313203103
230113132031033
301131320310332
011313203103321
113132031033210
131320310332102
313203103321021
132031033210211
320310332102112
203103321021122
031033210211220
310332102112202
103321021122022
033210211220223
332102112202232
321021122022322
210211220223223
102112202232232
021122022322322
211220223223220
112202232232200
122022322322002
220223223220020
202232232200202
022322322002021
223223220020211
232232200202113
322322002021130
223220020211303
232200202113032
322002021130322
220020211303222
200202113032222
002021130322221
020211303222211
202113032222110
021130322221100
211303222211000
113032222110000
130322221100001
303222211000010
032222110000102
322221100001020
222211000010203
222110000102030
221100001020301
211000010203010
110000102030103
100001020301033
000010203010331
000102030103311
001020301033110
010203010331103
102030103311031
020301033110311
203010331103110
030103311031102
301033110311020
010331103110200
103311031102000
033110311020002
331103110200020
311031102000201
110311020002013
103110200020132
031102000201322
311020002013220
110200020132200
102000201322000
020002013220000
200020132200003
000201322000030
002013220000300
020132200003001
201322000030013
013220000300131
132200003001311
322000030013113
220000300131131
200003001311313
000030013113132
000300131131323
003001311313233
030013113132331
300131131323313
001311313233130
013113132331302
131131323313022
311313233130223
113132331302231
131323313022313
313233130223132
132331302231320
323313022313200
233130223132003
331302231320032
313022313200322
130223132003221
302231320032210
022313200322103
223132003221033
231320032210333
313200322103331
132003221033313
320032210333132
200322103331322
003221033313220
032210333132202
322103331322021
221033313220211
210333132202112
103331322021121
033313220211210
333132202112102
331322021121022
313220211210223
132202112102232
322021121022322
220211210223223
202112102232232
021121022322322
211210223223220
112102232232202
121022322322022
210223223220223
102232232202232
022322322022322
223223220223221
232232202232213
322322022322132
223220223221322
232202232213220
322022322132200
220223221322003
202232213220032
022322132200320
223221322003203
232213220032030
322132200320300
221322003203001
213220032030010
132200320300101
322003203001013
220032030010133
200320300101331
003203001013311
032030010133113
320300101331133
203001013311332
030010133113321
300101331133213
001013311332133
010133113321333
101331133213332
013311332133322
133113321333223
331133213332231
311332133322312
113321333223122
133213332231222
332133322312220
321333223122200
213332231222000
133322312220000
333223122200003
332231222000031
322312220000313
223122200003133
231222000031333
312220000313332
122200003133321
222000031333213
220000313332132
200003133321322
000031333213220
000313332132200
003133321322002
031333213220022
313332132200223
133321322002232
333213220022321
332132200223213
321322002232130
213220022321301
132200223213010
322002232130102
220022321301022
200223213010220
002232130102202
022321301022022
223213010220220
232130102202201
321301022022010
213010220220103
130102202201033
301022022010331
010220220103311
102202201033113
022022010331132
220220103311321
202201033113211
022010331132111
220103311321111
201033113211111
010331132111110
103311321111102
033113211111022
331132111110221
311321111102211
113211111022110
132111110221103
321111102211032
211111022110320
111110221103200
111102211032002
111022110320020
110221103200200
102211032002002
022110320020023
221103200200232
211032002002322
110320020023222
103200200232222
032002002322222
320020023222223
200200232222232
002002322222322
020023222223222
200232222232220
002322222322202
023222223222020
232222232220201
322222322202010
222223222020100
222232220201002
222322202010020
223222020100202
232220201002022
322202010020222
222020100202222
220201002022222
202010020222223
020100202222233
201002022222333
010020222223331
100202222233312
002022222333122
020222223331220
202222233312202
022222333122022
222223331220222
222233312202222
222333122022222
223331220222223
233312202222232
333122022222322
331220222223220
312202222232202
122022222322022
220222223220222
202222232202222
022222322022222
222223220222222
222232202222223
222322022222232
223220222222321
232202222223213
322022222232131
220222222321311
202222223213113
022222232131131
222222321311310
222223213113102
222232131131022
222321311310223
223213113102232
232131131022322
321311310223220
213113102232202
131131022322022
311310223220220
113102232202202
131022322022022
310223220220221
102232202202212
022322022022122
223220220221220
232202202212202
322022022122022
220220221220220
202202212202203
022022122022030
220221220220301
202212202203010
022122022030103
221220220301030
212202203010302
122022030103022
220220301030222
202203010302222
022030103022222
220301030222223
203010302222230
030103022222300
301030222223003
010302222230032
103022222300321
030222223003210
302222230032102
022222300321021
222223003210213
222230032102132
222300321021323
223003210213232
230032102132320
300321021323200
003210213232001
032102132320010
321021323200100
210213232001003
102132320010032
021323200100320
213232001003201
132320010032011
323200100320111
232001003201111
320010032011112
200100320111120
001003201111200
010032011112002
100320111120023
003201111200232
032011112002322
320111120023220
201111200232203
011112002322032
111120023220322
111200232203222
112002322032222
120023220322220
200232203222202
002322032222022
023220322220220
232203222202203
322032222022032
220322220220322
203222202203222
032222022032222
322220220322223
222202203222231
222022032222313
220220322223131
202203222231311
022032222313113
220322223131133
203222231311331
032222313113310
322223131133103
222231311331031
222313113310310
223131133103102
231311331031023
313113310310231
131133103102311
311331031023110
113310310231103
133103102311033
331031023110332
310310231103322
103102311033222
031023110332221
310231103322210
102311033222103
023110332221031
231103322210311
311033222103113
110332221031132
103322210311323
033222103113230
332221031132301
322210311323010
222103113230101
221031132301011
210311323010111
103113230101111
031132301011112
311323010111122
113230101111221
132301011112213
323010111122131
230101111221313
301011112213132
010111122131320
101111221313200
011112213132000
111122131320002
111221313200023
112213132000232
122131320002320
221313200023203
213132000232032
131320002320322
313200023203220
132000232032202
320002320322022
200023203220222
000232032202221
002320322022211
023203220222110
232032202221103
320322022211032
203220222110322
032202221103222
322022211032222
220222110322220
202221103222202
022211032222022
222110322220223
221103222202232
211032222022320
110322220223200
103222202232001
032222022320010
322220223200103
222202232001031
222022320010310
220223200103100
202232001031000
022320010310001
223200103100013
232001031000133
320010310001333
200103100013330
001031000133301
010310001333013
103100013330133
031000133301332
310001333013320
100013330133200
000133301332001
001333013320013
013330133200132
133301332001321
333013320013210
330133200132102
301332001321021
013320013210211
133200132102110
332001321021101
320013210211013
200132102110132
001321021101323
013210211013232
132102110132320
321021101323202
210211013232022
102110132320223
021101323202232
211013232022322
110132320223220
101323202232203
013232022322032
132320223220320
323202232203200
232022322032003
320223220320032
202232203200321
022322032003211
223220320032110
232203200321101
322032003211010
220320032110103
203200321101033
032003211010332
320032110103320
200321101033201
003211010332011
032110103320111
321101033201110
211010332011102
110103320111020
101033201110202
010332011102020
103320111020202
033201110202021
332011102020211
320111020202110
201110202021101
011102020211010
111020202110100
110202021101000
102020211010002
020202110100023
202021101000233
020211010002330
202110100023303
021101000233031
211010002330313
110100023303132
101000233031323
010002330313233
100023303132333
000233031323331
002330313233313
023303132333132
233031323331321
330313233313212
303132333132120
031323331321202
313233313212021
132333132120210
323331321202103
233313212021032
333132120210322
331321202103221
313212021032210
132120210322101
321202103221010
212021032210102
120210322101023
202103221010232
021032210102321
210322101023213
103221010232132
032210102321322
322101023213221
221010232132211
210102321322112
101023213221120
010232132211200
102321322112002
023213221120020
232132211200201
321322112002012
213221120020122
132211200201222
322112002012222
221120020122223
211200201222231
112002012222313
120020122223131
200201222231311
002012222313113
020122223131132
201222231311321
012222313113210
122223131132103
222231311321030
222313113210302
223131132103023
231311321030232
313113210302323
131132103023231
311321030232310
113210302323101
132103023231011
321030232310111
210302323101110
103023231011101
030232310111011
302323101110113
023231011101131
232310111011313
323101110113132
231011101131320
310111011313202
101110113132021
011101131320211
111011313202113
110113132021131
101131320211310
011313202113101
113132021131011
131320211310113
313202113101132
132021131011321
320211310113211
202113101132113
021131011321131
211310113211313
113101132113131
131011321131313
310113211313131
101132113131313
011321131313131
113211313131313
132113131313132
321131313131320
211313131313203
113131313132030
131313131320301
313131313203013
131313132030132
313131320301323
131313203013231
313132030132313
131320301323132
313203013231323
132030132313233
320301323132332
203013231323323
030132313233232
301323132332320
013231323323201
132313233232011
323132332320113
231323323201131
313233232011313
132332320113132
323323201131321
233232011313211
332320113132111
323201131321113
232011313211132
320113132111322
201131321113223
011313211132232
113132111322322
131321113223221
313211132232213
132111322322132
321113223221321
211132232213211
111322322132111
113223221321113
132232213211130
322322132111302
223221321113023
232213211130231
322132111302311
221321113023113
213211130231132
132111302311322
321113023113221
211130231132210
111302311322103
113023113221033
130231132210331
302311322103313
023113221033131
231132210331313
311322103313132
113221033131322
132210331313221
322103313132210
221033131322103
210331313221031
103313132210310
033131322103103
331313221031032
313132210310320
131322103103203
313221031032033
132210310320332
322103103203323
221031032033232
210310320332323
103103203323230
031032033232301
310320332323011
103203323230112
032033232301121
320332323011210
203323230112102
033232301121022
332323011210220
323230112102200
232301121022002
323011210220021
230112102200210
301121022002101
011210220021011
112102200210110
121022002101102
210220021011022
102200210110220
022002101102200
220021011022001
200210110220013
002101102200131
021011022001311
210110220013110
101102200131102
011022001311022
110220013110221
102200131102212
022001311022120
220013110221203
200131102212032
001311022120321
013110221203210
131102212032102
311022120321020
110221203210203
102212032102032
022120321020322
221203210203220
212032102032200
120321020322001
203210203220013
032102032200132
321020322001321
210203220013210
102032200132102
020322001321020
203220013210202
032200132102021
322001321020211
220013210202111
200132102021111
001321020211112
013210202111120
132102021111202
321020211112023
210202111120230
102021111202301
020211112023010
202111120230100
021111202301000
211112023010001
111120230100013
111202301000132
112023010001320
120230100013202
202301000132021
023010001320210
230100013202100
301000132021000
010001320210001
100013202100013
000132021000132
001320210001320
013202100013202
132021000132020
320210001320200
202100013202001
021000132020011
210001320200113
100013202001131
000132020011310
001320200113100
013202001131001
132020011310011
320200113100110
202001131001103
020011310011031
200113100110310
001131001103103
011310011031032
113100110310320
131001103103201
310011031032011
100110310320112
001103103201120
011031032011201
110310320112013
103103201120130
031032011201303
310320112013030
103201120130300
032011201303001
320112013030011
201120130300111
011201303001111
112013030011110
120130300111100
201303001111001
013030011110013
130300111100130
303001111001301
030011110013013
300111100130132
001111001301323
011110013013233
111100130132333
111001301323333
110013013233332
100130132333321
001301323333213
013013233332132
130132333321322
301323333213221
013233332132210
132333321322100
323333213221000
233332132210000
333321322100001
333213221000011
332132210000110
321322100001101
213221000011010
132210000110103
322100001101031
221000011010311
210000110103110
100001101031103
000011010311031
000110103110310
001101031103102
011010311031023
110103110310232
101031103102320
010311031023201
103110310232011
031103102320113
311031023201131
110310232011310
103102320113100
031023201131002
310232011310022
102320113100220
023201131002202
232011310022022
320113100220223
201131002202232
011310022022321
113100220223211
131002202232113
310022022321131
100220223211312
002202232113122
022022321131220
220223211312200
202232113122000
022321131220000
223211312200000
232113122000001
321131220000010
211312200000103
113122000001031
131220000010313
312200000103131
122000001031311
220000010313111
200000103131113
000001031311131
000010313111310
000103131113103
001031311131033
010313111310331
103131113103312
031311131033122
313111310331222
131113103312222
311131033122223
111310331222231
113103312222313
131033122223132
310331222231322
103312222313222
033122223132221
331222231322211
312222313222110
122223132221103
222231322211032
222313222110322
223132221103223
231322211032232
313222110322321
132221103223211
322211032232113
222110322321133
221103223211333
211032232113332
110322321133322
103223211333222
032232113332222
322321133322220
223211333222202
232113332222022
321133322220223
211333222202232
113332222022323
133322220223230
333222202232303
332222022323032
322220223230320
222202232303200
222022323032002
220223230320022
202232303200220
022323032002201
223230320022010
232303200220100
323032002201002
230320022010023
303200220100232
032002201002323
320022010023231
200220100232313
002201002323132
022010023231322
220100232313220
201002323132200
010023231322002
100232313220021
002323132200211
023231322002111
232313220021111
323132200211110
231322002111102
313220021111023
132200211110232
322002111102320
220021111023201
200211110232011
002111102320111
021111023201111
211110232011110
111102320111102
111023201111021
110232011110211
102320111102111
023201111021111
232011110211111
320111102111113
201111021111132
011110211111321
111102111113210
111021111132102
110211111321022
102111113210223
021111132102232
211111321022322
111113210223221
111132102232210
111321022322102
113210223221023
132102232210233
321022322102330
210223221023300
102232210233002
022322102330020
223221023300201
232210233002012
322102330020121
221023300201213
210233002012133
102330020121331
023300201213311
233002012133110
330020121331102
300201213311020
002012133110202
020121331102022
201213311020223
012133110202232
121331102022323
213311020223232
133110202232323
331102022323233
311020223232331
110202232323310
102022323233102
020223232331020
202232323310200
022323233102001
223232331020010
232323310200102
323233102001022
232331020010220
323310200102203
233102001022032
331020010220320
310200102203202
102001022032021
020010220320213
200102203202132
001022032021322
010220320213220
102203202132203
022032021322033
220320213220333
203202132203331
032021322033311
320213220333113
202132203331131
021322033311310
213220333113103
132203331131032
322033311310322
220333113103220
203331131032200
033311310322002
333113103220021
331131032200210
311310322002103
113103220021033
131032200210332
310322002103320
103220021033203
032200210332031
322002103320310
220021033203103
200210332031033
002103320310330
021033203103302
210332031033021
103320310330210
033203103302100
332031033021000
320310330210003
203103302100033
031033021000331
310330210003310
103302100033100
033021000331001
330210003310011
302100033100110
021000331001101
210003310011011
100033100110110
000331001101102
003310011011020
033100110110200
331001101102001
310011011020010
100110110200103
001101102001033
011011020010332
110110200103323
101102001033233
011020010332331
110200103323312
102001033233121
020010332331213
200103323312132
001033233121323
010332331213230
103323312132303
033233121323033
332331213230332
323312132303322
233121323033222
331213230332222
312132303322223
121323033222232
213230332222320
132303322223202
323033222232021
230332222320211
303322223202113
033222232021132
332222320211321
322223202113210
222232021132102
222320211321022
223202113210221
232021132102211
320211321022111
202113210221113
021132102211132
211321022111321
113210221113211
132102211132111
321022111321111
210221113211112
102211132111120
022111321111203
221113211112033
211132111120333
111321111203330
113211112033303
132111120333031
321111203330311
211112033303113
111120333031131
111203330311311
112033303113113
120333031131130
203330311311302
033303113113020
333031131130202
330311311302021
303113113020213
031131130202132
311311302021320
113113020213203
131130202132032
311302021320322
113020213203221
130202132032213
302021320322132
020213203221322
202132032213220
021320322132202
213203221322022
132032213220220
320322132202202
203221322022020
032213220220201
322132202202011
221322022020113
213220220201131
132202202011310
322022020113100
220220201131000
202202011310003
022020113100031
220201131000311
202011310003113
020113100031133
201131000311331
011310003113311
113100031133113
131000311331133
310003113311331
100031133113312
000311331133122
003113311331222
031133113312220
311331133122202
113311331222020
133113312220201
331133122202013
311331222020131
113312220201312
133122202013121
331222020131211
312220201312111
122202013121113
222020131211131
220201312111312
202013121113121
020131211131211
201312111312111
013121113121112
131211131211120
312111312111200
121113121112001
211131211120011
111312111200110
113121112001102
131211120011021
312111200110211
121112001102111
211120011021113
111200110211131
112001102111311
120011021113113
200110211131131
001102111311311
011021113113111
110211131131113
102111311311132
021113113111322
211131131113221
111311311132213
113113111322130
131131113221303
311311132213032
113111322130321
131113221303213
311132213032132
111322130321322
113221303213220
132213032132201
322130321322011
221303213220113
213032132201132
130321322011321
303213220113213
032132201132132
321322011321321
213220113213210
132201132132101
322011321321012
220113213210123
201132132101232
011321321012322
113213210123221
132132101232213
321321012322131
213210123221312
132101232213123
321012322131232
210123221312320
101232213123201
012322131232010
123221312320103
232213123201033
322131232010332
221312320103321
213123201033211
131232010332113
312320103321132
123201033211323
232010332113232
320103321132322
201033211323221
010332113232213
103321132322132
033211323221323
332113232213231
321132322132310
211323221323102
113232213231023
132322132310230
323221323102303
232213231023031
322132310230313
221323102303132
213231023031322
132310230313220
323102303132200
231023031322002
310230313220020
102303132200200
023031322002000
230313220020000
303132200200001
031322002000011
313220020000110
132200200001101
322002000011013
220020000110133
200200001101331
002000011013310
020000110133103
200001101331033
000011013310331
000110133103310
001101331033101
011013310331011
110133103310112
101331033101122
013310331011222
133103310112220
331033101122203
310331011222030
103310112220303
033101122203033
331011222030332
310112220303321
101122203033213
011222030332132
112220303321321
122203033213213
222030332132130
220303321321302
203033213213022
030332132130220
303321321302200
033213213022001
332132130220013
321321302200132
213213022001323
132130220013231
321302200132313
213022001323131
130220013231313
302200132313133
022001323131332
220013231313320
200132313133201
001323131332011
013231313320113
132313133201132
323131332011321
231313320113211
313133201132111
131332011321113
313320113211132
133201132111322
332011321113220
320113211132201
201132111322011
011321113220110
113211132201102
132111322011022
321113220110221
211132201102210
111322011022102
113220110221020
132201102210202
322011022102023
220110221020232
201102210202322
011022102023221
110221020232211
102210202322110
022102023221100
221020232211000
210202322110000
102023221100003
020232211000031
202322110000312
023221100003122
232211000031220
322110000312202
221100003122020
211000031220201
110000312202013
100003122020133
000031220201333
000312202013332
003122020133322
031220201333220
312202013332200
122020133322003
220201333220032
202013332200322
020133322003221
201333220032213
013332200322131
133322003221312
333220032213120
332200322131202
322003221312020
220032213120201
200322131202010
003221312020103
032213120201031
322131202010313
221312020103130
213120201031301
131202010313010
312020103130102
120201031301020
202010313010202
020103130102021
201031301020210
010313010202100
103130102021002
031301020210021
313010202100213
130102021002130
301020210021301
010202100213013
102021002130130
020210021301301
202100213013010
021002130130102
210021301301022
100213013010220
002130130102200
021301301022002
213013010220022
130130102200222
301301022002220
013010220022202
130102200222022
301022002220220
010220022202203
102200222022032
022002220220323
220022202203232
200222022032321
002220220323211
022202203232110
222022032321103
220220323211032
202203232110321
022032321103213
220323211032133
203232110321331
032321103213311
323211032133110
232110321331102
321103213311023
211032133110231
110321331102310
103213311023100
032133110231002
321331102310023
213311023100232
133110231002322
331102310023220
311023100232203
110231002322032
102310023220321
023100232203211
231002322032111
310023220321111
100232203211111
002322032111110
023220321111102
232203211111020
322032111110202
220321111102022
203211111020221
032111110202211
321111102022113
211111020221133
111110202211331
111102022113310
111020221133103
110202211331032
102022113310322
020221133103220
202211331032202
022113310322022
221133103220222
211331032202222
113310322022220
133103220222203
331032202222031
310322022220313
103220222203133
032202222031333
322022220313330
220222203133301
202222031333010
022220313330103
222203133301031
222031333010311
220313330103110
203133301031100
031333010311000
313330103110000
133301031100001
333010311000012
330103110000122
301031100001220
010311000012203
103110000122030
031100001220301
311000012203012
110000122030123
100001220301232
000012203012322
000122030123223
001220301232231
012203012322311
122030123223113
220301232231133
203012322311331
030123223113312
301232231133122
012322311331223
123223113312232
232231133122323
322311331223232
223113312232321
231133122323213
311331223232133
113312232321331
133122323213313
331223232133130
312232321331303
122323213313032
223232133130322
232321331303222
323213313032220
232133130322200
321331303222000
213313032220003
133130322200030
331303222000303
313032220003033
130322200030331
303222000303313
032220003033131
322200030331311
222000303313111
220003033131113
200030331311133
000303313111332
003033131113322
030331311133220
303313111332203
033131113322030
331311133220301
313111332203010
131113322030103
311133220301032
111332203010321
113322030103211
133220301032110
332203010321103
322030103211030
220301032110301
203010321103011
030103211030111
301032110301110
010321103011100
103211030111002
032110301110021
321103011100210
211030111002100
110301110021000
103011100210000
030111002100002
301110021000021
011100210000210
111002100002100
110021000021003
100210000210031
002100002100310
021000021003102
210000210031022
100002100310220
000021003102200
000210031022002
002100310220023
021003102200233
210031022002331
100310220023313
003102200233132
031022002331322
310220023313220
102200233132202
022002331322023
220023313220233
200233132202333
002331322023332
023313220233323
233132202333231
331322023332310
313220233323101
132202333231011
322023332310110
220233323101102
202333231011023
023332310110232
233323101102322
333231011023220
332310110232202
323101102322022
231011023220220
310110232202201
101102322022012
011023220220122
110232202201220
102322022012203
023220220122032
232202201220322
322022012203220
220220122032203
202201220322031
022012203220311
220122032203110
201220322031101
012203220311011
122032203110111
220322031101110
203220311011100
032203110111000
322031101110000
220311011100000
203110111000003
031101110000033
311011100000332
110111000003321
101110000033211
011100000332111
111000003321113
110000033211132
100000332111322
000003321113222
000033211132221
000332111322211
003321113222113
033211132221132
332111322211323
321113222113232
211132221132323
111322211323230
113222113232301
132221132323011
322211323230112
222113232301122
221132323011220
211323230112203
113232301122031
132323011220310
323230112203103
232301122031032
323011220310320
230112203103201
301122031032013
011220310320131
112203103201310
122031032013102
220310320131023
203103201310232
031032013102321
310320131023213
103201310232132
032013102321322
320131023213221
201310232132210
013102321322102
131023213221021
310232132210210
102321322102103
023213221021031
232132210210313
321322102103132
213221021031321
132210210313211
322102103132113
221021031321132
210210313211320
102103132113202
021031321132022
210313211320220
103132113202201
031321132022011
313211320220112
132113202201122
321132022011221
211320220112211
113202201122111
132022011221110
320220112211100
202201122111003
022011221110033
220112211100333
201122111003333
011221110033332
112211100333321
122111003333211
221110033332110
211100333321101
111003333211011
110033332110110
100333321101103
003333211011031
033332110110313
333321101103133
333211011031330
332110110313302
321101103133020
211011031330202
110110313302020
101103133020202
011031330202022
110313302020220
103133020202203
031330202022033
313302020220332
133020202203320
330202022033200
302020220332003
020202203320030
202022033200303
020220332003033
202203320030332
022033200303323
220332003033230
203320030332301
033200303323011
332003033230111
320030332301110
200303323011102
003033230111022
030332301110220
303323011102203
033230111022031
332301110220311
323011102203110
230111022031102
301110220311020
011102203110203
111022031102032
110220311020323
102203110203232
022031102032322
220311020323223
203110203232233
031102032322330
311020323223300
110203232233001
102032322330010
020323223300101
203232233001013
032322330010132
323223300101321
232233001013213
322330010132133
223300101321333
233001013213332
330010132133321
300101321333211
001013213332110
010132133321100
101321333211003
013213332110030
132133321100302
321333211003020
213332110030200
133321100302003
333211003020030
332110030200303
321100302003032
211003020030322
110030200303223
100302003032231
003020030322311
030200303223110
302003032231102
020030322311023
200303223110232
003032231102320
030322311023201
303223110232013
032231102320132
322311023201320
223110232013200
231102320132002
311023201320020
110232013200202
102320132002022
023201320020220
232013200202200
320132002022002
201320020220020
013200202200202
132002022002020
320020220020200
200202200202002
002022002020022
020220020200223
202200202002232
022002020022321
220020200223211
200202002232111
002020022321112
020200223211123
202002232111232
020022321112320
200223211123202
002232111232022
022321112320221
223211123202211
232111232022112
321112320221122
211123202211220
111232022112200
112320221122002
123202211220020
232022112200203
320221122002031
202211220020311
022112200203113
221122002031132
211220020311320
112200203113203
122002031132030
220020311320302
200203113203020
002031132030200
020311320302003
203113203020030
031132030200301
311320302003011
113203020030113
132030200301131
320302003011311
203020030113113
030200301131131
302003011311313
020030113113133
200301131131333
003011311313333
030113113133330
301131131333302
011311313333023
113113133330231
131131333302313
311313333023131
113133330231313
131333302313131
313333023131311
133330231313110
333302313131101
333023131311010
330231313110102
302313131101021
023131311010210
231313110102100
313131101021002
131311010210020
313110102100202
131101021002020
311010210020200
110102100202000
101021002020000
010210020200000
102100202000000
021002020000002
210020200000020
100202000000202
002020000002022
020200000020220
202000000202203
020000002022032
200000020220323
000000202203232
000002022032323
000020220323232
000202203232323
002022032323231
020220323232311
202203232323110
022032323231101
220323232311011
203232323110110
032323231101103
323232311011031
232323110110313
323231101103132
232311011031323
323110110313233
231101103132331
311011031323311
110110313233111
101103132331111
011031323311111
110313233111113
103132331111131
031323311111311
313233111113110
132331111131101
323311111311013
233111113110132
331111131101323
311111311013231
111113110132311
111131101323110
111311013231101
113110132311011
131101323110110
311013231101101
110132311011013
101323110110133
013231101101331
132311011013311
323110110133113
231101101331131
311011013311313
110110133113132
101101331131322
011013311313223
110133113132230
101331131322300
013311313223002
133113132230021
331131322300211
311313223002111
113132230021112
131322300211123
313223002111232
132230021112320
322300211123200
223002111232002
230021112320020
300211123200200
002111232002000
021112320020002
211123200200021
111232002000210
112320020002100
123200200021003
232002000210032
320020002100322
200200021003221
002000210032213
020002100322131
200021003221313
000210032213130
002100322131302
021003221313020
210032213130202
100322131302021
003221313020211
032213130202113
322131302021131
221313020211311
213130202113110
131302021131102
313020211311023
130202113110231
302021131102311
020211311023112
202113110231121
021131102311212
211311023112123
113110231121231
131102311212310
311023112123101
110231121231011
102311212310110
023112123101102
231121231011020
311212310110202
112123101102022
121231011020222
212310110202220
123101102022201
231011020222010
310110202220101
101102022201010
011020222010101
110202220101012
102022201010123
020222010101230
202220101012302
022201010123020
222010101230200
220101012302002
201010123020022
010101230200220
101012302002202
010123020022022
101230200220220
012302002202201
123020022022010
230200220220103
302002202201032
020022022010323
200220220103231
002202201032310
022022010323100
220220103231001
202201032310010
022010323100103
220103231001032
201032310010322
010323100103221
103231001032210
032310010322103
323100103221030
231001032210303
310010322103033
100103221030331
001032210303313
010322103033131
103221030331310
032210303313102
322103033131023
221030331310231
210303313102313
103033131023130
030331310231300
303313102313003
033131023130031
331310231300311
313102313003112
131023130031121
310231300311211
102313003112110
023130031121100
231300311211001
313003112110010
130031121100102
300311211001020
003112110010202
031121100102021
311211001020213
112110010202132
121100102021321
211001020213210
110010202132101
100102021321010
001020213210100
010202132101000
102021321010002
020213210100022
202132101000222
021321010002221
213210100022212
132101000222123
321010002221232
210100022212322
101000222123220
010002221232203
100022212322031
000222123220310
002221232203100
022212322031002
222123220310020
221232203100200
212322031002000
123220310020001
232203100200010
322031002000100
220310020001000
203100200010001
031002000100011
310020001000110
100200010001100
002000100011001
020001000110011
200010001100110
000100011001102
001000110011023
010001100110231
100011001102313
000110011023133
001100110231333
011001102313332
110011023133322
100110231333220
001102313332200
011023133322001
110231333220011
102313332200111
023133322001111
231333220011110
313332200111101
133322001111010
333220011110103
332200111101030
322001111010303
220011110103032
200111101030322
001111010303221
011110103032213
111101030322131
111010303221311
110103032213113
101030322131132
010303221311322
103032213113223
030322131132233
303221311322333
032213113223330
322131132233301
221311322333010
213113223330102
131132233301020
311322333010202
113223330102020
132233301020200
322333010202000
223330102020003
233301020200031
333010202000313
330102020003132
301020200031321
010202000313210
102020003132100
020200031321001
202000313210011
020003132100110
200031321001100
000313210011000
003132100110000
031321001100000
313210011000001
132100110000010
321001100000100
210011000001003
100110000010031
001100000100311
011000001003111
110000010031111
100000100311113
000001003111132
000010031111320
000100311113201
001003111132010
010031111320102
100311113201020
003111132010202
031111320102020
311113201020200
111132010202002
111320102020022
113201020200220
132010202002200
320102020022001
201020200220010
010202002200102
102020022001021
020200220010211
202002200102111
020022001021112
200220010211120
002200102111202
022001021112020
220010211120202
200102111202022
001021112020222
010211120202222
102111202022223
021112020222230
211120202222300
111202022223000
112020222230003
120202222300031
202022223000310
020222230003102
202222300031022
022223000310222
222230003102221
222300031022211
223000310222110
230003102221102
300031022211020
000310222110200
003102221102002
031022211020022
310222110200220
102221102002201
022211020022010
222110200220100
221102002201003
211020022010031
110200220100311
102002201003110
020022010031101
200220100311011
002201003110112
022010031101121
220100311011212
201003110112122
010031101121222
100311011212222
003110112122221
031101121222211
311011212222110
110112122221101
101121222211011
011212222110111
112122221101110
121222211011102
212222110111023
122221101110232
222211011102323
222110111023233
221101110232332
211011102323323
110111023233231
101110232332311
011102323323111
111023233231113
110232332311132
102323323111322
023233231113221
232332311132210
323323111322102
233231113221022
332311132210221
323111322102213
231113221022132
311132210221321
111322102213211
113221022132110
132210221321102
322102213211022
221022132110222
210221321102223
102213211022231
022132110222311
221321102223113
213211022231131
132110222311311
321102223113111
211022231131113
110222311311132
102223113111321
022231131113213
222311311132131
223113111321313
231131113213133
311311132131332
113111321313322
131113213133220
311132131332200
111321313322001
113213133220011
132131332200110
321313322001103
213133220011031
131332200110313
313322001103133
133220011031331
332200110313311
322001103133111
220011031331113
200110313311132
001103133111320
011031331113201
110313311132013
103133111320132
031331113201321
313311132013211
133111320132110
331113201321101
311132013211011
111320132110110
113201321101103
132013211011032
320132110110320
201321101103201
013211011032012
132110110320122
321101103201220
211011032012200
110110320122002
101103201220023
011032012200232
110320122002321
103201220023211
032012200232113
320122002321131
201220023211313
012200232113130
122002321131303
220023211313033
200232113130333
002321131303330
023211313033302
232113130333022
321131303330221
211313033302213
113130333022131
131303330221311
313033302213112
130333022131121
303330221311211
033302213112110
333022131121101
330221311211013
302213112110133
022131121101331
221311211013311
213112110133111
131121101331113
311211013311133
112110133111332
121101331113323
211013311133232
110133111332322
101331113323222
013311133232220
133111332322200
331113323222003
311133232220032
111332322200323
113323222003231
133232220032311
332322200323110
323222003231101
232220032311013
322200323110130
222003231101301
220032311013012
200323110130122
003231101301220
032311013012203
323110130122030
231101301220303
311013012203031
110130122030310
101301220303102
013012203031021
130122030310210
301220303102102
012203031021021
122030310210210
220303102102100
203031021021002
030310210210022
303102102100221
031021021002213
310210210022133
102102100221330
021021002213301
210210022133011
102100221330113
021002213301133
210022133011333
100221330113332
002213301133322
022133011333220
221330113332202
213301133322022
133011333220221
330113332202211
301133322022110
011333220221101
113332202211011
133322022110111
333220221101111
332202211011110
322022110111102
220221101111021
202211011110210
022110111102102
221101111021021
211011110210213
110111102102132
101111021021322
011110210213221
111102102132210
111021021322102
110210213221023
102102132210233
021021322102330
210213221023303
102132210233032
021322102330322
213221023303222
132210233032222
322102330322220
221023303222201
210233032222013
102330322220131
023303222201311
233032222013112
330322220131123
303222201311233
032222013112331
322220131123311
222201311233113
222013112331130
220131123311302
201311233113020
013112331130200
131123311302000
311233113020003
112331130200031
123311302000311
233113020003112
331130200031120
311302000311202
113020003112023
130200031120230
302000311202302
020003112023021
200031120230212
000311202302123
003112023021232
031120230212320
311202302123201
112023021232011
120230212320111
202302123201110
023021232011102
230212320111021
302123201110211
021232011102113
212320111021132
123201110211322
232011102113223
320111021132231
201110211322311
011102113223111
111021132231113
110211322311132
102113223111320
021132231113202
211322311132021
113223111320211
132231113202113
322311132021132
223111320211323
231113202113233
311132021132331
111320211323313
113202113233132
132021132331321
320211323313210
202113233132101
021132331321013
211323313210131
113233132101310
132331321013101
323313210131013
233132101310133
331321013101331
313210131013313
132101310133131
321013101331311
210131013313111
101310133131111
013101331311111
131013313111113
310133131111133
101331311111332
013313111113322
133131111133222
331311111332220
313111113322203
131111133222033
311111332220331
111113322203313
111133222033132
111332220331322
113322203313220
133222033132202
332220331322021
322203313220211
222033132202111
220331322021110
203313220211103
033132202111032
331322021110322
313220211103220
132202111032202
322021110322022
220211103220220
202111032202202
021110322022020
211103220220202
111032202202020
110322022020202
103220220202023
032202202020233
322022020202331
220220202023310
202202020233100
022020202331001
220202023310010
202020233100101
020202331001010
202023310010100
020233100101001
202331001010010
023310010100102
233100101001021
331001010010213
310010100102131
100101001021311
001010010213110
010100102131101
101001021311011
010010213110110
100102131101101
001021311011011
010213110110110
102131101101100
021311011011002
213110110110021
131101101100210
311011011002102
110110110021020
101101100210202
011011002102020
110110021020201
101100210202011
011002102020110
110021020201100
100210202011000
002102020110000
021020201100001
210202011000010
102020110000103
020201100001033
202011000010332
020110000103321
201100001033211
011000010332113
110000103321133
100001033211333
000010332113331
000103321133310
001033211333103
010332113331033
103321133310333
033211333103333
332113331033332
321133310333323
211333103333232
113331033332321
133310333323211
333103333232110
331033332321100
310333323211001
103333232110011
033332321100113
333323211001132
333232110011321
332321100113213
323211001132131
232110011321313
321100113213130
211001132131300
110011321313000
100113213130002
001132131300023
011321313000232
113213130002321
132131300023211
321313000232110
213130002321101
131300023211010
313000232110101
130002321101010
300023211010101
000232110101010
002321101010101
023211010101010
232110101010102
321101010101020
211010101010202
110101010102020
101010101020201
010101010202013
101010102020132
010101020201320
101010202013200
010102020132003
101020201320033
010202013200331
102020132003313
020201320033131
202013200331310
020132003313100
201320033131000
013200331310000
132003313100003
320033131000032
200331310000321
003313100003210
033131000032101
331310000321011
313100003210110
131000032101102
310000321011020
100003210110200
000032101102000
000321011020002
003210110200022
032101102000220
321011020002203
210110200022032
101102000220323
011020002203232
110200022032320
102000220323200
020002203232001
200022032320010
000220323200103
002203232001032
022032320010322
220323200103222
203232001032223
032320010322233
323200103222331
232001032223311
320010322233113
200103222331131
001032223311311
010322233113113
103222331131130
032223311311301
322233113113013
222331131130131
223311311301313
233113113013133
331131130131333
311311301313331
113113013133310
131130131333100
311301313331000
113013133310000
130131333100002
301313331000020
013133310000200
131333100002003
313331000020030
133310000200300
333100002003001
331000020030010
310000200300103
100002003001032
000020030010323
000200300103231
002003001032310
020030010323103
200300103231033
003001032310333
030010323103330
300103231033300
001032310333000
010323103330000
103231033300000
032310333000000
323103330000000
231033300000000
310333000000000
103330000000002
033300000000023
333000000000232
330000000002323
300000000023233
000000000232330
000000002323300
000000023233000
000000232330003
000002323300032
000023233000321
000232330003210
002323300032100
023233000321002
232330003210022
323300032100221
233000321002211
330003210022111
300032100221111
000321002211110
003210022111100
032100221111002
321002211110023
210022111100233
100221111002332
002211110023322
022111100233223
221111002332231
211110023322312
111100233223121
111002332231210
110023322312103
100233223121030
002332231210300
023322312103002
233223121030021
332231210300213
322312103002131
223121030021311
231210300213111
312103002131110
121030021311103
210300213111032
103002131110321
030021311103210
300213111032103
002131110321032
021311103210321
213111032103210
131110321032103
311103210321032
111032103210322
110321032103223
103210321032231
032103210322310
321032103223100
210321032231003
103210322310032
032103223100323
321032231003232
210322310032321
103223100323213
032231003232131
322310032321311
223100323213113
231003232131131
310032321311311
100323213113113
003232131131131
032321311311310
323213113113103
232131131131032
321311311310321
213113113103213
131131131032133
311311310321331
113113103213313
131131032133133
311310321331332
113103213313323
131032133133231
310321331332310
103213313323102
032133133231023
321331332310230
213313323102302
133133231023021
331332310230212
313323102302123
133231023021230
332310230212301
323102302123013
231023021230131
310230212301313
102302123013132
023021230131321
230212301313213
302123013132133
021230131321331
212301313213312
123013132133122
230131321331221
301313213312210
013132133122103
131321331221031
313213312210310
132133122103100
