1302133132
3021331320
0213313202
2133132023
1331320233
3313202333
3132023333
1320233331
3202333311
2023333111
0233331113
2333311133
3333111331
3331113313
3311133133
3111331333
1113313333
1133133333
1331333330
3313333302
3133333020
1333330201
3333302013
3333020132
3330201323
3302013233
3020132333
0201323333
2013233333
0132333333
1323333333
3233333333
2333333333
3333333333
3333333333
3333333333
3333333333
3333333333
3333333333
3333333333
3333333333
3333333333
3333333333
3333333333
3333333331
3333333311
3333333112
3333331121
3333311212
3333112121
3331121213
3311212132
3112121322
1121213221
1212132213
2121322133
1213221333
2132213333
1322133333
3221333332
2213333320
2133333200
1333332003
3333320031
3333200313
3332003133
3320031331
3200313313
2003133133
0031331330
0313313300
3133133003
1331330033
3313300333
3133003333
1330033333
3300333331
3003333310
0033333103
0333331031
3333310313
3333103131
3331031313
3310313131
3103131313
1031313130
0313131300
3131313001
1313130010
3131300100
1313001000
3130010001
1300100013
3001000131
0010001311
0100013113
1000131130
0001311303
0013113032
0131130320
1311303200
3113032002
1130320023
1303200233
3032002332
0320023320
3200233200
2002332000
0023320001
0233200011
2332000112
3320001122
3200011222
2000112220
0001122200
0011222002
0112220023
1122200233
1222002333
2220023332
2200233321
2002333213
0023332131
0233321313
2333213130
3332131300
3321313001
3213130010
2131300103
1313001033
3130010333
1300103331
3001033311
0010333110
0103331102
1033311020
0333110202
3331102020
3311020200
3110202002
1102020022
1020200223
0202002230
2020022303
0200223033
2002230330
0022303300
0223033002
2230330023
2303300231
3033002310
0330023103
3300231032
3002310320
0023103203
0231032032
2310320321
3103203210
1032032102
0320321022
3203210220
2032102200
0321022003
3210220031
2102200313
1022003132
0220031321
2200313212
2003132120
0031321201
0313212010
3132120102
1321201020
3212010202
2120102020
1201020201
2010202010
0102020100
1020201003
0202010030
2020100300
0201003002
2010030021
0100300210
1003002100
0030021001
0300210010
3002100102
0021001023
0210010233
2100102331
1001023310
0010233100
0102331003
1023310032
0233100320
2331003200
3310032003
3100320031
1003200310
0032003100
0320031000
3200310000
2003100003
0031000032
0310000322
3100003220
1000032200
0000322003
0003220032
0032200320
0322003202
3220032021
2200320210
2003202101
0032021013
0320210133
3202101333
2021013330
0210133300
2101333002
1013330021
0133300210
1333002102
3330021021
3300210211
3002102110
0021021100
0210211003
2102110033
1021100330
0211003302
2110033020
1100330203
1003302032
0033020321
0330203213
3302032132
3020321322
0203213221
2032132210
0321322102
3213221021
2132210210
1322102102
3221021022
2210210222
2102102220
1021022203
0210222032
2102220322
1022203222
0222032220
2220322202
2203222020
2032220203
0322202031
3222020310
2220203100
2202031002
2020310023
0203100232
2031002322
0310023223
3100232232
1002322320
0023223201
0232232010
2322320101
3223201011
2232010110
2320101102
3201011021
2010110213
0101102131
1011021313
0110213132
1102131320
1021313200
0213132002
2131320023
1313200230
3132002300
1320023002
3200230021
2002300210
0023002101
0230021010
2300210102
3002101023
0021010232
0210102322
2101023220
1010232202
0102322021
1023220213
0232202132
2322021321
3220213213
2202132132
2021321321
0213213210
2132132103
1321321031
3213210313
2132103132
1321031321
3210313210
2103132100
1031321001
0313210010
3132100100
1321001001
3210010010
2100100102
1001001021
0010010210
0100102102
1001021022
0010210221
0102102213
1021022131
0210221313
2102213131
1022131311
0221313110
2213131102
2131311022
1313110221
3131102210
1311022102
3110221021
1102210210
1022102100
0221021002
2210210020
2102100201
1021002010
0210020100
2100201001
1002010013
0020100133
0201001331
2010013313
0100133132
1001331323
0013313233
0133132330
1331323301
3313233010
3132330102
1323301021
3233010210
2330102102
3301021021
3010210210
0102102100
1021021000
0210210001
2102100010
1021000100
0210001002
2100010023
1000100232
0001002322
0010023220
0100232201
1002322013
0023220132
0232201320
2322013200
3220132000
2201320003
2013200031
0132000313
1320003131
3200031311
2000313113
0003131130
0031311300
0313113002
3131130020
1311300202
3113002021
1130020210
1300202102
3002021023
0020210232
0202102320
2021023203
0210232030
2102320300
1023203002
0232030021
2320300210
3203002102
2030021020
0300210202
3002102022
0021020221
0210202211
2102022110
1020221101
0202211013
2022110132
0221101321
2211013210
2110132102
1101321022
1013210223
0132102232
1321022321
3210223211
2102232111
1022321112
0223211123
2232111232
2321112323
3211123231
2111232312
1112323122
1123231223
1232312232
2323122322
3231223221
2312232211
3122322110
1223221103
2232211032
2322110320
3221103203
2211032032
2110320320
1103203201
1032032011
0320320111
3203201111
2032011111
0320111111
3201111110
2011111100
0111111002
1111110023
1111100232
1111002320
1110023203
1100232031
1002320310
0023203101
0232031011
2320310111
3203101111
2031011113
0310111131
3101111310
1011113102
0111131021
1111310210
1113102102
1131021020
1310210203
3102102032
1021020321
0210203210
2102032102
1020321021
0203210210
2032102102
0321021020
3210210203
2102102033
1021020331
0210203313
2102033133
1020331331
0203313310
2033133102
0331331021
3313310210
3133102102
1331021021
3310210210
3102102102
1021021022
0210210223
2102102231
1021022311
0210223113
2102231132
1022311323
0223113231
2231132313
2311323131
3113231311
1132313113
1323131131
3231311310
2313113102
3131131021
1311310210
3113102102
1131021021
1310210213
3102102131
1021021311
0210213110
2102131102
1021311022
0213110221
2131102211
1311022111
3110221113
1102211131
1022111311
0221113113
2211131131
2111311311
1113113110
1131131102
1311311021
3113110210
1131102102
1311021021
3110210210
1102102102
1021021021
0210210210
2102102100
1021021002
0210210021
2102100213
1021002132
0210021323
2100213232
1002132320
0021323203
0213232032
2132320323
1323203233
3232032332
2320323321
3203233210
2032332102
0323321021
3233210210
2332102102
3321021021
3210210210
2102102100
1021021001
0210210010
2102100100
1021001001
0210010013
2100100130
1001001301
0010013010
0100130100
1001301002
0013010020
0130100202
1301002023
3010020233
0100202333
1002023333
0020233330
0202333301
2023333010
0233330100
2333301002
3333010020
3330100200
3301002000
3010020001
0100200010
1002000102
0020001021
0200010210
2000102100
0001021002
0010210020
0102100202
1021002021
0210020210
2100202102
1002021023
0020210233
0202102330
2021023301
0210233010
2102330103
1023301031
0233010313
2330103133
3301031331
3010313310
0103133102
1031331021
0313310213
3133102133
1331021333
3310213333
3102133332
1021333321
0213333210
2133332100
1333321001
3333210010
3332100102
3321001021
3210010210
2100102102
1001021021
0010210210
0102102100
1021021001
0210210010
2102100102
1021001021
0210010210
2100102102
1001021021
0010210210
0102102102
1021021021
0210210210
2102102102
1021021021
0210210210
2102102100
1021021001
0210210010
2102100102
1021001021
0210010210
2100102102
1001021021
0010210210
0102102102
1021021021
0210210210
2102102102
1021021021
0210210210
2102102102
1021021021
0210210210
2102102100
1021021001
0210210010
2102100102
1021001021
0210010210
2100102102
1001021021
0010210210
0102102102
1021021021
0210210210
2102102102
1021021021
0210210210
2102102100
1021021001
0210210010
2102100100
1021001001
0210010010
2100100100
1001001001
0010010010
0100100102
1001001021
0010010210
0100102102
1001021021
0010210210
0102102100
1021021001
0210210010
2102100102
1021001021
0210010210
2100102100
1001021001
0010210010
0102100102
1021001021
0210010210
2100102102
1001021021
0010210210
0102102102
1021021021
0210210210
2102102102
1021021021
0210210210
2102102100
1021021001
0210210010
2102100102
1021001021
0210010210
2100102100
1001021001
0010210010
0102100100
1021001001
0210010010
2100100102
1001001021
0010010210
0100102102
1001021021
0010210210
0102102102
1021021021
0210210210
2102102102
1021021021
0210210210
2102102103
1021021031
0210210311
2102103113
1021031132
0210311322
2103113220
1031132200
0311322000
3113220002
1132200021
1322000210
3220002100
2200021002
2000210021
0002100210
0021002100
0210021000
2100210000
1002100002
0021000020
0210000202
2100002021
1000020210
0000202102
0002021021
0020210210
0202102102
2021021021
0210210210
2102102102
1021021021
0210210210
2102102100
1021021001
0210210010
2102100102
1021001021
0210010210
2100102102
1001021021
0010210210
0102102102
1021021021
0210210210
2102102102
1021021021
0210210210
2102102102
1021021023
0210210233
2102102332
1021023322
0210233221
2102332210
1023322102
0233221021
2332210212
3322102121
3221021210
2210212102
2102121021
1021210210
0212102102
2121021021
1210210213
2102102133
1021021332
0210213323
2102133231
1021332313
0213323133
2133231331
1332313311
3323133110
3231331102
2313311021
3133110210
1331102102
3311021021
3110210210
1102102102
1021021021
0210210213
2102102133
1021021331
0210213313
2102133131
1021331311
0213313110
2133131100
1331311000
3313110003
3131100032
1311000321
3110003210
1100032102
1000321021
0003210210
0032102102
0321021021
3210210213
2102102130
1021021301
0210213010
2102130102
1021301021
0213010210
2130102102
1301021021
3010210210
0102102100
1021021001
0210210010
2102100102
1021001021
0210010210
2100102103
1001021031
0010210313
0102103132
1021031321
0210313213
2103132131
1031321310
0313213102
3132131021
1321310211
3213102113
2131021133
1310211331
3102113310
1021133102
0211331021
2113310212
1133102121
1331021211
3310212110
3102121102
1021211022
0212110222
2121102221
1211022211
2110222113
1102221131
1022211310
0222113103
2221131031
2211310313
2113103131
1131031311
1310313110
3103131103
1031311031
0313110311
3131103111
1311031110
3110311101
1103111011
1031110111
0311101112
3111011122
1110111221
1101112211
1011122110
0111221100
1112211002
1122110021
1221100210
2211002102
2110021021
1100210211
1002102111
0021021113
0210211133
2102111331
1021113311
0211133113
2111331132
1113311323
1133113231
1331132311
3311323110
3113231102
1132311023
1323110231
3231102312
2311023121
3110231213
1102312132
1023121321
0231213211
2312132113
3121321131
1213211310
2132113100
1321131002
3211310021
2113100213
1131002132
1310021322
3100213221
1002132213
0021322133
0213221330
2132213300
1322133002
3221330023
2213300231
2133002311
1330023113
3300231132
3002311321
0023113213
0231132132
2311321320
3113213202
1132132020
1321320203
3213202033
2132020331
1320203310
3202033102
2020331021
0203310210
2033102100
0331021001
3310210013
3102100130
1021001303
0210013032
2100130322
1001303220
0013032200
0130322000
1303220002
3032200020
0322000200
3220002002
2200020023
2000200232
0002002320
0020023201
0200232013
2002320132
0023201322
0232013220
2320132202
3201322023
2013220231
0132202311
1322023110
3220231103
2202311030
2023110302
0231103023
2311030230
3110302303
1103023032
1030230322
0302303220
3023032200
0230322002
2303220020
3032200201
0322002010
3220020100
2200201001
2002010012
0020100122
0201001221
2010012210
0100122103
1001221033
0012210330
0122103300
1221033002
2210330021
2103300210
1033002103
0330021032
3300210322
3002103220
0021032202
0210322022
2103220222
1032202221
0322022213
3220222130
2202221302
2022213020
0222130201
2221302011
2213020113
2130201131
1302011310
3020113101
0201131010
2011310100
0113101001
1131010013
1310100130
3101001300
1010013001
0100130010
1001300100
0013001003
0130010033
1300100331
3001003311
0010033113
0100331131
1003311311
0033113113
0331131131
3311311312
3113113120
1131131201
1311312013
3113120130
1131201301
1312013011
3120130113
1201301131
2013011311
0130113113
1301131131
3011311311
0113113110
1131131101
1311311011
3113110110
1131101101
1311011013
3110110133
1101101331
1011013311
0110133110
1101331100
1013311000
0133110002
1331100021
3311000210
3110002103
1100021031
1000210310
0002103101
0021031011
0210310110
2103101101
1031011011
0310110110
3101101100
1011011003
0110110033
1101100330
1011003301
0110033010
1100330101
1003301010
0033010103
0330101031
3301010310
3010103103
0101031033
1010310331
0103103311
1031033110
0310331103
3103311030
1033110302
0331103023
3311030232
3110302320
1103023200
1030232003
0302320032
3023200322
0232003220
2320032201
3200322010
2003220102
0032201023
0322010231
3220102313
2201023133
2010231331
0102313310
1023133102
0231331023
2313310233
3133102331
1331023313
3310233132
3102331320
1023313200
0233132003
2331320032
3313200321
3132003210
1320032100
3200321002
2003210022
0032100221
0321002212
3210022122
2100221222
1002212220
0022122201
0221222010
2212220102
2122201021
1222010213
2220102131
2201021310
2010213103
0102131031
1021310310
0213103101
2131031010
1310310101
3103101012
1031010120
0310101202
3101012022
1010120220
0101202202
1012022020
0120220201
1202202013
2022020132
0220201322
2202013222
2020132222
0201322221
2013222211
0132222113
1322221131
3222211311
2222113111
2221131110
2211311101
2113111010
1131110101
1311101013
3111010131
1110101313
1101013131
1010131313
0101313130
1013131303
0131313032
1313130322
3131303221
1313032211
3130322110
1303221103
3032211032
0322110322
3221103220
2211032202
2110322023
1103220231
1032202313
0322023132
3220231321
2202313210
2023132100
0231321002
2313210023
3132100232
1321002322
3210023221
2100232211
1002322110
0023221102
0232211022
2322110221
3221102213
2211022132
2110221323
1102213232
1022132320
0221323200
2213232000
2132320002
1323200021
3232000210
2320002103
3200021030
2000210303
0002103032
0021030323
0210303232
2103032320
1030323200
0303232002
3032320020
0323200203
3232002033
2320020333
3200203333
2002033332
0020333322
0203333220
2033332201
0333322010
3333220102
3332201023
3322010233
3220102333
2201023333
2010233333
0102333332
1023333320
0233333200
2333332002
3333320021
3333200210
3332002101
3320021011
3200210113
2002101133
0021011330
0210113300
2101133001
1011330010
0113300100
1133001003
1330010032
3300100320
3001003202
0010032021
0100320210
1003202103
0032021032
0320210321
3202103210
2021032103
0210321033
2103210332
1032103322
0321033220
3210332203
2103322032
1033220320
0332203201
3322032011
3220320112
2203201120
2032011200
0320112002
3201120021
2011200210
0112002101
1120021013
1200210132
2002101321
0021013211
0210132111
2101321110
1013211102
0132111023
1321110232
3211102323
2111023231
1110232312
1102323120
1023231202
0232312023
2323120232
3231202321
2312023210
3120232100
1202321000
2023210003
0232100032
2321000321
3210003210
2100032102
1000321022
0003210223
0032102232
0321022322
3210223223
2102232230
1022322301
0223223010
2232230102
2322301021
3223010210
2230102102
2301021023
3010210233
0102102330
1021023302
0210233020
2102330200
1023302000
0233020003
2330200030
3302000301
3020003010
0200030102
2000301021
0003010213
0030102133
0301021333
3010213331
0102133313
1021333130
0213331300
2133313000
1333130002
3331300020
3313000200
3130002001
1300020012
3000200121
0002001212
0020012120
0200121200
2001212001
0012120012
0121200123
1212001231
2120012313
1200123133
2001231331
0012313310
0123133100
1231331002
2313310021
3133100212
1331002120
3310021203
3100212032
1002120320
0021203203
0212032032
2120320320
1203203201
2032032011
0320320111
3203201110
2032011101
0320111013
3201110133
2011101332
0111013321
1110133210
1101332101
1013321010
0133210103
1332101032
3321010321
3210103212
2101032120
1010321201
0103212011
1032120111
0321201113
3212011131
2120111310
1201113102
2011131020
0111310202
1113102021
1131020211
1310202111
3102021110
1020211100
0202111000
2021110001
0211100011
2111000110
1110001103
1100011031
1000110313
0001103131
0011031311
0110313111
1103131110
1031311100
0313111000
3131110001
1311100011
3111000113
1110001131
1100011313
1000113130
0001131300
0011313000
0113130003
1131300031
1313000313
3130003132
1300031322
3000313223
0003132232
0031322323
0313223231
3132232313
1322323130
3223231302
2232313023
2323130232
3231302323
2313023231
3130232310
1302323101
3023231011
0232310110
2323101103
3231011032
2310110323
3101103231
1011032312
0110323120
1103231200
1032312002
0323120020
3231200200
2312002001
3120020010
1200200103
2002001032
0020010321
0200103213
2001032132
0010321322
0103213220
1032132202
0321322020
3213220201
2132202010
1322020103
3220201031
2202010311
2020103111
0201031111
2010311110
0103111101
1031111010
0311110102
3111101020
1111010202
1110102021
1101020213
1010202133
0102021330
1020213301
0202133011
2021330113
0213301131
2133011310
1330113100
3301131000
3011310001
0113100011
1131000111
1310001111
3100011113
1000111130
0001111301
0011113011
0111130110
1111301101
1113011010
1130110101
1301101011
3011010110
0110101100
1101011001
1010110012
0101100122
1011001221
0110012211
1100122111
1001221111
0012211110
0122111102
1221111023
2211110231
2111102310
1111023101
1110231011
1102310111
1023101111
0231011112
2310111120
3101111203
1011112033
0111120330
1111203301
1112033011
1120330111
1203301110
2033011102
0330111022
3301110222
3011102220
0111022201
1110222011
1102220111
1022201113
0222011131
2220111313
2201113132
2011131323
0111313230
1113132300
1131323003
1313230031
3132300310
1323003101
3230031011
2300310111
3003101111
0031011110
0310111102
3101111021
1011110211
0111102110
1111021102
1110211023
1102110232
1021102323
0211023232
2110232321
1102323211
1023232111
0232321110
2323211100
3232111003
2321110032
3211100323
2111003232
1110032322
1100323222
1003232220
0032322202
0323222021
3232220211
2322202110
3222021103
2220211030
2202110300
2021103002
0211030020
2110300200
1103002002
1030020022
0300200221
3002002212
0020022120
0200221201
2002212010
0022120103
0221201033
2212010331
2120103310
1201033102
2010331020
0103310201
1033102010
0331020100
3310201000
3102010003
1020100030
0201000301
2010003010
0100030100
1000301001
0003010010
0030100103
0301001031
3010010311
0100103111
1001031111
0010311110
0103111103
1031111032
0311110323
3111103231
1111032310
1110323103
1103231031
1032310310
0323103102
3231031020
2310310202
3103102020
1031020203
0310202033
3102020332
1020203321
0202033211
2020332111
0203321111
2033211110
0332111100
3321111000
3211110001
2111100013
1111000130
1110001301
1100013012
1000130120
0001301200
0013012003
0130120033
1301200333
3012003333
0120033330
1200333303
2003333030
0033330300
0333303000
3333030000
3330300000
3303000003
3030000032
0300000321
3000003210
0000032102
0000321020
0003210203
0032102032
0321020323
3210203233
2102032330
1020323302
0203233020
2032330201
0323302011
3233020113
2330201131
3302011311
3020113111
0201131113
2011311133
0113111331
1131113310
1311133101
3111331013
1113310133
1133101330
1331013303
3310133032
3101330321
1013303210
0133032100
1330321001
3303210013
3032100131
0321001313
3210013131
2100131310
1001313103
0013131030
0131310300
1313103002
3131030022
1310300221
3103002210
1030022102
0300221022
3002210221
0022102213
0221022130
2210221303
2102213031
1022130310
0221303103
2213031032
2130310322
1303103220
3031032202
0310322023
3103220231
1032202310
0322023103
3220231031
2202310313
2023103132
0231031320
2310313201
3103132010
1031320102
0313201022
3132010221
1320102210
3201022102
2010221023
0102210233
1022102330
0221023300
2210233001
2102330010
1023300101
0233001013
2330010133
3300101330
3001013300
0010133003
0101330032
1013300320
0133003200
1330032000
3300320003
3003200033
0032000333
0320003330
3200033301
2000333010
0003330102
0033301021
0333010213
3330102132
3301021322
3010213223
0102132233
1021322333
0213223330
2132233301
1322333012
3223330121
2233301212
2333012122
3330121220
3301212201
3012122010
0121220103
1212201033
2122010333
1220103332
2201033321
2010333213
0103332133
1033321330
0333213301
3332133013
3321330133
3213301331
2133013310
1330133102
3301331020
3013310201
0133102012
1331020122
3310201220
3102012200
1020122003
0201220032
2012200321
0122003211
1220032112
2200321121
2003211211
0032112110
0321121101
3211211013
2112110133
1121101332
1211013322
2110133220
1101332200
1013322002
0133220020
1332200200
3322002003
3220020032
2200200321
2002003210
0020032102
0200321023
2003210232
0032102321
0321023212
3210232123
2102321231
1023212310
0232123103
2321231030
3212310300
2123103003
1231030031
2310300313
3103003133
1030031330
0300313302
3003133021
0031330211
0313302113
3133021132
1330211321
3302113210
3021132101
0211321010
2113210100
1132101000
1321010003
3210100032
2101000323
1010003233
0100032333
1000323333
0003233332
0032333323
0323333233
3233332331
2333323312
3333233120
3332331202
3323312023
3233120230
2331202302
3312023020
3120230200
1202302000
2023020000
0230200003
2302000032
3020000323
0200003233
2000032330
0000323300
0003233000
0032330002
0323300022
3233000220
2330002202
3300022021
3000220210
0002202102
0022021023
0220210232
2202102323
2021023232
0210232322
2102323220
1023232201
0232322013
2323220132
3232201323
2322013232
3220132322
2201323220
2013232201
0132322012
1323220120
3232201200
2322012002
3220120023
2201200231
2012002312
0120023120
1200231200
2002312003
0023120030
0231200301
2312003011
3120030110
1200301102
2003011020
0030110200
0301102002
3011020021
0110200212
1102002120
1020021200
0200212002
2002120022
0021200223
0212002231
2120022310
1200223101
2002231010
0022310100
0223101000
2231010000
2310100002
3101000020
1010000203
0100002030
1000020300
0000203001
0002030010
0020300102
0203001022
2030010220
0300102200
3001022002
0010220023
0102200231
1022002311
0220023110
2200231100
2002311001
0023110013
0231100133
2311001333
3110013330
1100133302
1001333023
0013330230
0133302300
1333023000
3330230000
3302300000
3023000000
0230000003
2300000030
3000000303
0000003030
0000030301
0000303011
0003030113
0030301130
0303011301
3030113010
0301130100
3011301002
0113010023
1130100233
1301002333
3010023332
0100233322
1002333222
0023332221
0233322213
2333222130
3332221303
3322213032
3222130322
2221303220
2213032202
2130322021
1303220210
3032202102
0322021021
3220210210
2202102101
2021021013
0210210130
2102101300
1021013000
0210130003
2101300032
1013000321
0130003211
1300032110
3000321102
0003211023
0032110231
0321102313
3211023132
2110231321
1102313210
1023132102
0231321022
2313210221
3132102213
1321022132
3210221321
2102213211
1022132113
0221321133
2213211332
2132113322
1321133221
3211332210
2113322102
1133221020
1332210202
3322102020
3221020202
2210202021
2102020210
1020202102
0202021021
2020210213
0202102133
2021021332
0210213321
2102133211
1021332113
0213321133
2133211333
1332113332
3321133321
3211333213
2113332130
1133321300
1333213002
3332130023
3321300230
3213002300
2130023001
1300230011
3002300111
0023001110
0230011102
2300111022
3001110220
0011102201
0111022013
1110220132
1102201320
1022013203
0220132031
2201320310
2013203100
0132031003
1320310030
3203100300
2031003003
0310030032
3100300321
1003003211
0030032113
0300321131
3003211311
0032113110
0321131102
3211311023
2113110232
1131102322
1311023221
3110232211
1102322113
1023221131
0232211311
2322113113
3221131132
2211311321
2113113210
1131132102
1311321022
3113210221
1132102211
1321022112
3210221123
2102211231
1022112311
0221123110
2211231103
2112311032
1123110320
1231103200
2311032002
3110320020
1103200201
1032002011
0320020113
3200201131
2002011310
0020113100
0201131003
2011310032
0113100322
1131003223
1310032233
3100322331
1003223311
0032233111
0322331113
3223311132
2233111322
2331113220
3311132201
3111322011
1113220110
1132201101
1322011010
3220110103
2201101031
2011010312
0110103120
1101031201
1010312010
0103120102
1031201021
0312010210
3120102100
1201021003
2010210032
0102100322
1021003220
0210032200
2100322000
1003220001
0032200010
0322000102
3220001021
2200010210
2000102102
0001021023
0010210231
0102102311
1021023112
0210231122
2102311222
1023112221
0231122213
2311222132
3112221321
1122213213
1222132131
2221321310
2213213101
2132131011
1321310113
3213101131
2131011310
1310113102
3101131021
1011310211
0113102110
1131021101
1310211010
3102110101
1021101010
0211010103
2110101030
1101010301
1010103010
0101030103
1010301033
0103010331
1030103310
0301033100
3010331003
0103310031
1033100311
0331003110
3310031103
3100311032
1003110323
0031103231
0311032310
3110323100
1103231002
1032310022
0323100220
3231002200
2310022002
3100220020
1002200200
0022002001
0220020011
2200200112
2002001122
0020011223
0200112232
2001122320
0011223203
0112232033
1122320332
1223203321
2232033212
2320332122
3203321220
2033212202
0332122022
3321220220
3212202203
2122022032
1220220320
2202203200
2022032002
0220320020
2203200201
2032002013
0320020132
3200201323
2002013231
0020132311
0201323110
2013231100
0132311003
1323110032
3231100323
2311003231
3110032310
1100323103
1003231033
0032310330
0323103302
3231033023
2310330232
3103302320
1033023201
0330232010
3302320100
3023201001
0232010010
2320100102
3201001021
2010010211
0100102110
1001021100
0010211003
0102110031
1021100310
0211003103
2110031030
1100310302
1003103023
0031030231
0310302311
3103023112
1030231122
0302311220
3023112202
0231122023
2311220233
3112202330
1122023302
1220233020
2202330200
2023302002
0233020020
2330200203
3302002032
3020020320
0200203201
2002032010
0020320102
0203201020
2032010202
0320102020
3201020202
2010202020
0102020203
1020202033
0202020332
2020203320
0202033200
2020332002
0203320020
2033200200
0332002002
3320020020
3200200202
2002002021
0020020211
0200202113
2002021133
0020211333
0202113330
2021133303
0211333031
2113330313
1133303132
1333031320
3330313202
3303132022
3031320220
0313202201
3132022011
1320220113
3202201132
2022011322
0220113220
2201132200
2011322003
0113220032
1132200320
1322003202
3220032020
2200320200
2003202003
0032020032
0320200320
3202003200
2020032001
0200320013
2003200133
0032001332
0320013323
3200133232
2001332320
0013323201
0133232010
1332320101
3323201011
3232010113
2320101131
3201011310
2010113102
0101131023
1011310232
0113102323
1131023232
1310232320
3102323200
1023232002
0232320022
2323200222
3232002220
2320022201
3200222010
2002220103
0022201030
0222010303
2220103031
2201030310
2010303101
0103031013
1030310132
0303101320
3031013201
0310132011
3101320113
1013201133
0132011331
1320113310
3201133103
2011331030
0113310300
1133103001
1331030011
3310300110
3103001101
1030011013
0300110131
3001101311
0011013110
0110131101
1101311010
1013110100
0131101001
1311010011
3110100110
1101001103
1010011032
0100110320
1001103200
0011032003
0110320030
1103200302
1032003023
0320030233
3200302332
2003023320
0030233201
0302332010
3023320100
0233201000
2332010003
3320100033
3201000333
2010003333
0100033333
1000333330
0003333301
0033333013
0333330132
3333301323
3333013232
3330132320
3301323201
3013232013
0132320130
1323201303
3232013033
2320130333
3201303330
2013033303
0130333033
1303330330
3033303300
0333033002
3330330021
3303300210
3033002103
0330021032
3300210322
3002103220
0021032203
0210322030
2103220300
1032203000
0322030002
3220300022
2203000220
2030002202
0300022020
3000220201
0002202010
0022020100
0220201001
2202010011
2020100111
0201001113
2010011130
0100111300
1001113000
0011130002
0111300022
1113000220
1130002200
1300022001
3000220013
0002200133
0022001330
0220013301
2200133013
2001330130
0013301300
0133013002
1330130021
3301300211
3013002110
0130021102
1300211021
3002110211
0021102111
0211021113
2110211133
1102111333
1021113332
0211133322
2111333222
1113332220
1133322203
1333222033
3332220331
3322203310
3222033102
2220331020
2203310200
2033102001
0331020011
3310200110
3102001100
1020011001
0200110010
2001100102
0011001022
0110010221
1100102210
1001022100
0010221000
0102210003
1022100033
0221000332
2210003321
2100033213
1000332133
0003321332
0033213323
0332133233
3321332333
3213323333
2133233331
1332333313
3323333133
3233331331
2333313313
3333133131
3331331313
3313313133
3133131333
1331313331
3313133313
3131333132
1313331323
3133313231
1333132312
3331323123
3313231233
3132312330
1323123303
3231233033
2312330333
3123303333
1233033332
2330333323
3303333233
3033332333
0333323332
3333233323
3332333233
3323332333
3233323330
2333233303
3332333033
3323330333
3233303332
2333033320
3330333203
3303332033
3033320332
0333203320
3332033203
3320332033
3203320333
2033203333
0332033333
3320333330
3203333301
2033333013
0333330133
3333301333
3333013331
3330133313
3301333133
3013331333
0133313333
1333133331
3331333313
3313333133
3133331330
1333313303
3333133033
3331330333
3313303333
3133033331
1330333311
3303333111
3033331113
0333311133
3333111333
3331113333
3311133333
3111333331
1113333310
1133333103
1333331033
3333310333
3333103333
3331033333
3310333333
3103333333
1033333333
0333333333
3333333333
3333333330
3333333300
3333333000
3333330000
3333300000
3333000000
3330000000
3300000000
3000000002
0000000022
0000000221
0000002210
0000022100
0000221000
0002210000
0022100000
0221000000
2210000000
2100000000
1000000000
0000000000
0000000000
0000000000
0000000000
0000000001
0000000013
0000000132
0000001320
0000013203
0000132033
0001320333
0013203333
0132033331
1320333313
3203333133
2033331332
0333313322
3333133222
3331332220
3313322200
3133222000
1332220000
3322200002
3222000020
2220000200
2200002000
2000020002
0000200020
0002000200
0020002001
0200020013
2000200132
0002001323
0020013233
0200132331
2001323313
0013233133
0132331333
1323313331
3233133313
2331333130
3313331303
3133313030
1333130300
3331303003
3313030032
3130300322
1303003221
3030032213
0300322133
3003221333
0032213332
0322133321
3221333211
2213332111
2133321110
1333211103
3332111033
3321110333
3211103330
2111033300
1110333000
1103330000
1033300000
0333000000
3330000003
3300000032
3000000323
0000003232
0000032322
0000323221
0003232213
0032322131
0323221313
3232213131
2322131310
3221313100
2213131002
2131310022
1313100222
3131002223
1310022233
3100222331
1002223310
0022233103
0222331032
2223310320
2233103200
2331032000
3310320003
3103200032
1032000320
0320003201
3200032013
2000320132
0003201320
0032013202
0320132023
3201320230
2013202303
0132023032
1320230320
3202303202
2023032022
0230320220
2303202203
3032022031
0320220311
3202203110
2022031103
0220311032
2203110323
2031103231
0311032311
3110323113
1103231130
1032311303
0323113030
3231130302
2311303020
3113030200
1130302000
1303020002
3030200021
0302000210
3020002100
0200021001
2000210013
0002100132
0021001321
0210013212
2100132121
1001321211
0013212113
0132121131
1321211310
3212113103
2121131030
1211310303
2113103030
1131030301
1310303013
3103030132
1030301321
0303013211
3030132110
0301321100
3013211000
0132110000
1321100000
3211000003
2110000030
1100000302
1000003023
0000030232
0000302323
0003023233
0030232330
0302323302
3023233023
0232330233
2323302333
3233023331
2330233310
3302333103
3023331033
0233310330
2333103300
3331033003
3310330032
3103300323
1033003232
0330032320
3300323200
3003232000
0032320003
0323200033
3232000333
2320003331
3200033311
2000333110
0003331102
0033311021
0333110210
3331102103
3311021033
3110210331
1102103310
1021033102
0210331023
2103310230
1033102302
0331023023
3310230231
3102302312
1023023123
0230231230
2302312300
3023123003
0231230032
2312300323
3123003233
1230032330
2300323302
3003233020
0032330200
0323302000
3233020001
2330200010
3302000100
3020001003
0200010033
2000100332
0001003321
0010033213
0100332132
1003321322
0033213223
0332132231
3321322310
3213223100
2132231002
1322310023
3223100233
2231002331
2310023310
3100233100
1002331001
0023310013
0233100133
2331001332
3310013323
3100133233
1001332332
0013323321
0133233213
1332332130
3323321303
3233213033
2332130332
3321303323
3213033233
2130332333
1303323333
3033233333
0332333330
3323333300
3233333003
2333330033
3333300333
3333003332
3330033321
3300333210
3003332101
0033321010
0333210102
3332101022
3321010220
3210102202
2101022023
1010220230
0102202302
1022023023
0220230230
2202302303
2023023031
0230230310
2302303102
3023031020
0230310200
2303102000
3031020003
0310200033
3102000330
1020003302
0200033023
2000330232
0003302323
0033023231
0330232310
3302323101
3023231013
0232310132
2323101321
3231013213
2310132133
3101321332
1013213323
0132133230
1321332303
3213323031
2133230313
1332303130
3323031302
3230313021
2303130213
3031302132
0313021320
3130213201
1302132013
3021320133
0213201333
2132013333
1320133330
3201333300
2013333000
0133330001
1333300010
3333000100
3330001001
3300010010
3000100102
0001001020
0010010200
0100102001
1001020010
0010200103
0102001033
1020010330
0200103302
2001033023
0010330233
0103302333
1033023333
0330233333
3302333333
3023333330
0233333303
2333333032
3333330323
3333303233
3333032332
3330323322
3303233223
3032332232
0323322321
3233223211
2332232110
3322321101
3223211011
2232110110
2321101100
3211011001
2110110013
1101100132
1011001323
0110013230
1100132300
1001323000
0013230003
0132300032
1323000320
3230003201
2300032010
3000320103
0003201030
0032010300
0320103002
3201030023
2010300233
0103002330
1030023302
0300233023
3002330233
0023302330
0233023303
2330233033
3302330330
3023303301
0233033010
2330330100
3303301000
3033010000
0330100001
3301000010
3010000101
0100001010
1000010102
0000101023
0001010230
0010102300
0101023003
1010230033
0102300330
1023003302
0230033020
2300330201
3003302013
0033020132
0330201323
3302013233
3020132332
0201323321
2013233210
0132332100
1323321001
3233210011
2332100110
3321001103
3210011031
2100110313
1001103130
0011031300
0110313000
1103130000
1031300001
0313000011
3130000113
1300001133
3000011330
0000113302
0001133022
0011330221
0113302213
1133022133
1330221331
3302213311
3022133110
0221331102
2213311023
2133110231
1331102313
3311023132
3110231323
1102313232
1023132321
0231323213
2313232132
3132321323
1323213233
3232132330
2321323302
3213233023
2132330232
1323302323
3233023230
2330232300
3302323000
3023230002
0232300022
2323000223
3230002232
2300022323
3000223230
0002232300
0022323000
0223230002
2232300023
2323000232
3230002321
2300023210
3000232100
0002321003
0023210031
0232100311
2321003113
3210031130
2100311300
1003113002
0031130021
0311300213
3113002130
1130021300
1300213001
3002130010
0021300103
0213001033
2130010330
1300103303
3001033031
0010330313
0103303132
1033031323
0330313232
3303132321
3031323210
0313232100
3132321002
1323210021
3232100210
2321002101
3210021011
2100210110
1002101103
0021011030
0210110302
2101103020
1011030200
0110302000
1103020001
1030200010
0302000103
3020001033
0200010333
2000103332
0001033321
0010333210
0103332103
1033321030
0333210303
3332103031
3321030313
3210303132
2103031321
1030313210
0303132103
3031321030
0313210302
3132103020
1321030203
3210302031
2103020313
1030203133
0302031330
3020313301
0203133010
2031330100
0313301001
3133010013
1330100130
3301001303
3010013030
0100130301
1001303013
0013030131
0130301313
1303013133
3030131333
0301313330
3013133301
0131333011
1313330113
3133301131
1333011311
3330113113
3301131133
3011311332
0113113323
1131133232
1311332320
3113323203
1133232030
1332320300
3323203000
3232030002
2320300021
3203000213
2030002133
0300021333
3000213332
0002133323
0021333231
0213332313
2133323130
1333231301
3332313011
3323130113
3231301132
2313011321
3130113210
1301132100
3011321000
0113210001
1132100010
1321000101
3210001010
2100010102
1000101023
0001010231
0010102310
0101023100
1010231000
0102310002
1023100022
0231000221
2310002213
3100022130
1000221301
0002213010
0022130102
0221301021
2213010213
2130102132
1301021321
3010213210
0102132100
1021321000
0213210001
2132100011
1321000110
3210001100
2100011000
1000110002
0001100021
0011000211
0110002110
1100021100
1000211001
0002110013
0021100131
0211001313
2110013130
1100131300
1001313001
0013130011
0131300110
1313001103
3130011032
1300110322
3001103221
0011032211
0110322110
1103221100
1032211002
0322110020
3221100202
2211002021
2110020213
1100202131
1002021310
0020213100
0202131002
2021310022
0213100220
2131002201
1310022010
3100220102
1002201020
0022010200
0220102002
2201020021
2010200210
0102002102
1020021021
0200210211
2002102110
0021021101
0210211010
2102110103
1021101032
0211010321
2110103213
1101032133
1010321333
0103213332
1032133322
0321333223
3213332231
2133322310
1333223102
3332231021
3322310211
3223102113
2231021133
2310211331
3102113313
1021133132
0211331323
2113313230
1133132300
1331323001
3313230013
3132300133
1323001331
3230013310
2300133100
3001331003
0013310033
0133100330
1331003302
3310033023
3100330230
1003302301
0033023010
0330230100
3302301000
3023010002
0230100022
2301000220
3010002200
0100022001
1000220011
0002200113
0022001133
0220011333
2200113333
2001133331
0011333311
0113333110
1133331103
1333311032
3333110320
3331103200
3311032001
3110320013
1103200130
1032001301
0320013011
3200130113
2001301132
0013011321
0130113213
1301132132
3011321323
0113213233
1132132333
1321323333
3213233331
2132333313
1323333132
3233331320
2333313203
3333132032
3331320320
3313203201
3132032011
1320320113
3203201131
2032011313
0320113132
3201131322
2011313222
0113132220
1131322203
1313222031
3132220313
1322203133
3222031333
2220313333
2203133331
2031333310
0313333103
3133331033
1333310333
3333103330
3331033302
3310333021
3103330211
1033302111
0333021113
3330211130
3302111300
3021113000
0211130001
2111300010
1113000100
1130001000
1300010002
3000100020
0001000200
0010002000
0100020001
1000200012
0002000120
0020001200
0200012003
2000120030
0001200303
0012003032
0120030320
1200303201
2003032010
0030320100
0303201000
3032010000
0320100001
3201000010
2010000100
0100001000
1000010000
0000100000
0001000001
0010000010
0100000100
1000001000
0000010000
0000100000
0001000001
0010000010
0100000100
1000001000
0000010000
0000100000
0001000001
0010000010
0100000100
1000001000
0000010000
0000100000
0001000001
0010000011
0100000111
1000001110
0000011101
0000111010
0001110100
0011101001
0111010013
1110100130
1101001300
1010013000
0100130000
1001300002
0013000020
0130000202
1300002023
3000020233
0000202331
0002023310
0020233103
0202331033
2023310331
0233103310
2331033102
3310331023
3103310231
1033102310
0331023101
3310231010
3102310102
1023101020
0231010202
2310102023
3101020230
1010202300
0102023003
1020230031
0202300313
2023003133
0230031331
2300313313
3003133132
0031331320
0313313202
3133132022
1331320221
3313202211
3132022110
1320221100
3202211000
2022110000
0221100002
2211000023
2110000231
1100002311
1000023110
0000231103
0002311031
0023110313
0231103130
2311031300
3110313000
1103130003
1031300032
0313000321
3130003210
1300032100
3000321003
0003210032
0032100320
0321003200
3210032002
2100320020
1003200203
0032002033
0320020333
3200203332
2002033321
0020333213
0203332133
2033321333
0333213331
3332133310
3321333103
3213331033
2133310330
1333103300
3331033000
3310330002
3103300020
1033000201
0330002010
3300020102
3000201020
0002010202
0020102022
0201020223
2010202232
0102022320
1020223202
0202232022
2022320220
0223202201
2232022010
2320220100
3202201000
2022010000
0220100003
2201000031
2010000313
0100003132
1000031321
0000313210
0003132102
0031321023
0313210232
3132102322
1321023220
3210232200
2102322002
1023220023
0232200233
2322002330
3220023303
2200233032
2002330320
0023303201
0233032010
2330320101
3303201013
3032010131
0320101313
3201013130
2010131302
0101313020
1013130200
0131302000
1313020002
3130200021
1302000210
3020002100
0200021001
2000210010
0002100100
0021001000
0210010003
2100100032
1001000323
0010003232
0100032322
1000323220
0003232203
0032322031
0323220310
3232203101
2322031013
3220310132
2203101320
2031013201
0310132011
3101320110
1013201100
0132011000
1320110000
3201100001
2011000010
0110000100
1100001003
1000010033
0000100330
0001003303
0010033032
0100330323
1003303230
0033032301
0330323013
3303230133
3032301332
0323013320
3230133203
2301332032
3013320321
0133203210
1332032100
3320321000
3203210003
2032100032
0321000321
3210003210
2100032102
1000321020
0003210203
0032102033
0321020332
3210203321
2102033212
1020332123
0203321230
2033212303
0332123033
3321230332
3212303323
2123033233
1230332330
2303323303
3033233030
0332330303
3323303030
3233030303
2330303030
3303030303
3030303030
0303030302
3030303023
0303030230
3030302301
0303023010
3030230103
0302301033
3023010332
0230103321
2301033212
3010332123
0103321233
1033212333
0332123333
3321233333
3212333332
2123333323
1233333233
2333332333
3333323333
3333233331
3332333311
3323333111
3233331111
2333311110
3333111103
3331111031
3311110313
3111103133
1111031333
1110313333
1103133333
1031333332
0313333322
3133333223
1333332232
3333322322
3333223223
3332232232
3322322320
3223223202
2232232023
2322320233
3223202331
2232023310
2320233103
3202331032
2023310323
0233103233
2331032332
3310323323
3103233233
1032332330
0323323302
3233233020
2332330200
3323302002
3233020023
2330200230
3302002301
3020023010
0200230103
2002301032
0023010323
0230103231
2301032313
3010323133
0103231332
1032313323
0323133230
3231332303
2313323032
3133230322
1332303223
3323032231
3230322313
2303223133
3032231330
0322313300
3223133003
2231330031
2313300313
3133003131
1330031313
3300313132
3003131323
0031313233
0313132332
3131323323
1313233232
3132332323
1323323230
3233232301
2332323013
3323230130
3232301303
2323013033
3230130333
2301303333
3013033333
0130333333
1303333333
3033333330
0333333303
3333333030
3333330302
3333303023
3333030231
3330302313
3303023133
3030231330
0302313300
3023133002
0231330023
2313300233
3133002330
1330023303
3300233030
3002330300
0023303003
0233030030
2330300300
3303003000
3030030000
0300300000
3003000000
0030000000
0300000000
3000000000
0000000001
0000000010
0000000100
0000001000
0000010000
0000100001
0001000010
0010000100
0100001000
1000010000
0000100000
0001000000
0010000000
0100000000
1000000000
0000000000
0000000000
0000000001
0000000010
0000000100
0000001000
0000010000
0000100000
0001000000
0010000001
0100000010
1000000100
0000001000
0000010000
0000100000
0001000002
0010000023
0100000230
1000002302
0000023022
0000230220
0002302200
0023022001
0230220011
2302200110
3022001100
0220011000
2200110001
2001100010
0011000103
0110001030
1100010300
1000103000
0001030000
0010300002
0103000022
1030000223
0300002231
3000022313
0000223130
0002231302
0022313023
0223130230
2231302300
2313023000
3130230002
1302300021
3023000211
0230002110
2300021100
3000211000
0002110000
0021100000
0211000003
2110000033
1100000330
1000003300
0000033003
0000330033
0003300333
0033003331
0330033311
3300333113
3003331130
0033311303
0333113033
3331130332
3311303320
3113033203
1130332033
1303320333
3033203333
0332033330
3320333300
3203333000
2033330002
0333300023
3333000232
3330002320
3300023203
3000232031
0002320313
0023203130
0232031302
2320313021
3203130213
2031302132
0313021320
3130213202
1302132023
3021320233
0213202333
2132023333
1320233333
3202333330
2023333301
0233333010
2333330101
3333301013
3333010132
3330101320
3301013200
3010132000
0101320002
1013200021
0132000210
1320002100
3200021000
2000210002
0002100020
0021000203
0210002033
2100020330
1000203303
0002033030
0020330302
0203303021
2033030210
0330302100
3303021002
3030210023
0302100232
3021002323
0210023230
2100232302
1002323021
0023230211
0232302111
2323021110
3230211103
2302111032
3021110322
0211103223
2111032230
1110322303
1103223033
1032230333
0322303330
3223033303
2230333033
2303330333
3033303333
0333033331
3330333310
3303333102
3033331023
0333310231
3333102310
3331023100
3310231000
3102310001
1023100011
0231000110
2310001100
3100011000
1000110002
0001100023
0011000233
0110002330
1100023301
1000233010
0002330103
0023301030
0233010303
2330103030
3301030300
3010303003
0103030033
1030300331
0303003313
3030033132
0300331321
3003313211
0033132113
0331321131
3313211313
3132113132
1321131321
3211313213
2113132133
1131321330
1313213303
3132133030
1321330301
3213303012
2133030122
1330301222
3303012220
3030122203
0301222030
3012220303
0122203032
1222030320
2220303200
2203032001
2030320010
0303200101
3032001013
0320010130
3200101300
2001013001
0010130010
0101300101
1013001010
0130010101
1300101013
3001010131
0010101311
0101013111
1010131113
0101311133
1013111331
0131113310
1311133100
3111331000
1113310002
1133100020
1331000201
3310002013
3100020133
1000201332
0002013323
0020133232
0201332321
2013323210
0133232102
1332321022
3323210221
3232102211
2321022110
3210221100
2102211000
1022110003
0221100033
2211000332
2110003323
1100033233
1000332332
0003323322
0033233220
0332332200
3323322003
3233220032
2332200321
3322003213
3220032132
2200321320
2003213203
0032132033
0321320333
3213203333
2132033331
1320333313
3203333133
2033331332
0333313320
3333133201
3331332010
3313320100
3133201001
1332010013
3320100131
3201001313
2010013130
0100131300
1001313000
0013130001
0131300011
1313000111
3130001111
1300011110
3000111100
0001111000
0011110000
0111100001
1111000013
1110000130
1100001303
1000013032
0000130320
0001303203
0013032030
0130320300
1303203002
3032030020
0320300201
3203002012
2030020123
0300201233
3002012330
0020123303
0201233032
2012330322
0123303223
1233032232
2330322323
3303223230
3032232302
0322323023
3223230233
2232302332
2323023320
3230233200
2302332002
3023320020
0233200203
2332002030
3320020302
3200203021
2002030210
0020302103
0203021030
2030210302
0302103023
3021030231
0210302310
2103023102
1030231020
0302310203
3023102032
0231020323
2310203233
3102032333
1020323332
0203233321
2032333213
0323332133
3233321330
2333213300
3332133000
3321330000
3213300001
2133000011
1330000113
3300001130
3000011302
0000113020
0001130202
0011302020
0113020201
1130202013
1302020133
3020201333
0202013330
2020133301
0201333012
2013330123
0133301232
1333012323
3330123233
3301232332
3012323321
0123233213
1232332133
2323321333
3233213333
2332133331
3321333310
3213333103
2133331032
1333310323
3333103232
3331032321
3310323213
3103232132
1032321323
0323213232
3232132321
2321323211
3213232110
2132321100
1323211002
3232110023
2321100231
3211002313
2110023133
1100231332
1002313320
0023133203
0231332030
2313320300
3133203003
1332030030
3320300301
3203003013
2030030133
0300301333
3003013333
0030133333
0301333331
3013333311
0133333111
1333331111
3333311111
3333111110
3331111100
3311111001
3111110011
1111100110
1111001100
1110011002
1100110022
1001100222
0011002220
0110022201
1100222011
1002220113
0022201131
0222011310
2220113103
2201131030
2011310300
0113103001
1131030011
1310300113
3103001132
1030011320
0300113203
3001132033
0011320330
0113203303
1132033032
1320330322
3203303223
2033032233
0330322330
3303223303
3032233033
0322330332
3223303321
2233033213
2330332133
3303321333
3033213330
0332133301
3321333010
3213330100
2133301000
1333010001
3330100010
3301000102
3010001023
0100010233
1000102333
0001023333
0010233332
0102333320
1023333201
0233332010
2333320102
3333201020
3332010200
3320102002
3201020022
2010200223
0102002232
1020022322
0200223221
2002232213
0022322132
0223221321
2232213213
2322132130
3221321302
2213213020
2132130202
1321302021
3213020213
2130202133
1302021330
3020213300
0202133001
2021330010
0213300100
2133001000
1330010003
3300100030
3001000303
0010003031
0100030311
1000303111
0003031112
0030311122
0303111223
3031112233
0311122331
3111223311
1112233110
1122331103
1223311032
2233110323
2331103232
3311032320
3110323203
1103232032
1032320322
0323203220
3232032202
2320322021
3203220211
2032202112
0322021122
3220211223
2202112233
2021122331
0211223313
2112233133
1122331332
1223313321
2233133210
2331332100
3313321000
3133210001
1332100013
3321000130
3210001300
2100013002
1000130021
0001300213
0013002131
0130021310
1300213100
3002131003
0021310032
0213100323
2131003233
1310032333
3100323330
1003233303
0032333031
0323330311
3233303113
2333031133
3330311333
3303113332
3031133321
0311333213
3113332132
1133321320
1333213200
3332132002
3321320023
3213200231
2132002310
1320023102
3200231021
2002310210
0023102100
0231021000
2310210003
3102100030
1021000302
0210003020
2100030202
1000302023
0003020233
0030202330
0302023302
3020233020
0202330202
2023302020
0233020202
2330202020
3302020203
3020202030
0202020301
2020203011
0202030111
2020301110
0203011102
2030111023
0301110231
3011102310
0111023103
1110231031
1102310313
1023103130
0231031303
2310313031
3103130310
1031303101
0313031010
3130310101
1303101011
3031010110
0310101100
3101011000
1010110003
0101100030
1011000300
0110003000
1100030000
1000300002
0003000022
0030000220
0300002201
3000022010
0000220103
0002201030
0022010300
0220103001
2201030012
2010300122
0103001221
1030012213
0300122133
3001221333
0012213331
0122133310
1221333100
2213331000
2133310002
1333100022
3331000222
3310002223
3100022233
1000222333
0002223333
0022233331
0222333311
2223333111
2233331110
2333311101
3333111013
3331110133
3311101330
3111013301
1110133011
1101330111
1013301110
0133011100
1330111000
3301110000
3011100002
0111000022
1110000221
1100002213
1000022133
0000221333
0002213331
0022133313
0221333132
2213331320
2133313200
1333132000
3331320002
3313200021
3132000213
1320002133
3200021331
2000213313
0002133130
0021331301
0213313011
2133130113
1331301131
3313011313
3130113132
1301131321
3011313210
0113132100
1131321000
1313210000
3132100000
1321000000
3210000002
2100000020
1000000200
0000002000
0000020000
0000200000
0002000000
0020000002
0200000020
2000000200
0000002000
0000020000
0000200000
0002000000
0020000000
0200000000
2000000000
0000000000
0000000000
0000000000
0000000000
0000000000
