1211221321
2112213211
1122132112
1221321121
2213211213
2132112133
1321121331
3211213311
2112133113
1121331131
1213311310
2133113102
1331131020
3311310201
3113102012
1131020121
1310201211
3102012111
1020121111
0201211111
2012111110
0121111102
1211111022
2111110221
1111102213
1111022131
1110221312
1102213122
1022131221
0221312211
2213122111
2131221111
1312211111
3122111110
1221111101
2211111013
2111110130
1111101302
1111013021
1110130212
1101302122
1013021221
0130212210
1302122102
3021221021
0212210210
2122102102
1221021021
2210210211
2102102112
1021021121
0210211210
2102112102
1021121022
0211210222
2112102220
1121022201
1210222013
2102220131
1022201312
0222013122
2220131221
2201312212
2013122121
0131221212
1312212123
3122121232
1221212322
2212123222
2121232223
1212322232
2123222323
1232223232
2322232323
3222323233
2223232332
2232323323
2323233233
3232332332
2323323322
3233233222
2332332222
3323322222
3233222222
2332222221
3322222213
3222222133
2222221331
2222213313
2222133132
2221331321
2213313211
2133132113
1331321131
3313211312
3132113122
1321131221
3211312212
2113122121
1131221212
1312212122
3122121221
1221212212
2212122122
2121221222
1212212223
2122122232
1221222321
2212223211
2122232110
1222321101
2223211011
2232110113
2321101133
3211011331
2110113311
1101133112
1011331122
0113311222
1133112220
1331122201
3311222012
3112220121
1122201213
1222012132
2220121321
2201213211
2012132111
0121321111
1213211112
2132111122
1321111221
3211112212
2111122123
1111221231
1112212311
1122123111
1221231111
2212311112
2123111122
1231111223
2311112233
3111122332
1111223321
1112233212
1122332120
1223321203
2233212031
2332120310
3321203100
3212031000
2120310001
1203100010
2031000103
0310001030
3100010303
1000103030
0001030300
0010303003
0103030030
1030300302
0303003020
3030030200
0300302002
3003020023
0030200231
0302002313
3020023132
0200231323
2002313233
0023132332
0231323320
2313233200
3132332002
1323320021
3233200213
2332002133
3320021333
3200213332
2002133323
0021333231
0213332311
2133323113
1333231132
3332311320
3323113201
3231132011
2311320113
3113201130
1132011303
1320113033
3201130331
2011303313
0113033132
1130331322
1303313220
3033132200
0331322002
3313220023
3132200230
1322002302
3220023020
2200230200
2002302002
0023020020
0230200200
2302002003
3020020030
0200200301
2002003011
0020030111
0200301113
2003011132
0030111322
0301113220
3011132202
0111322020
1113220200
1132202000
1322020002
3220200022
2202000220
2020002202
0200022021
2000220210
0002202103
0022021033
0220210332
2202103323
2021033230
0210332300
2103323002
1033230020
0332300202
3323002021
3230020210
2300202100
3002021000
0020210002
0202100020
2021000200
0210002003
2100020030
1000200300
0002003002
0020030020
0200300201
2003002013
0030020131
0300201311
3002013113
0020131131
0201311310
2013113100
0131131003
1311310031
3113100311
1131003113
1310031132
3100311322
1003113222
0031132220
0311322202
3113222020
1132220202
1322202020
3222020202
2220202020
2202020202
2020202020
0202020202
2020202020
0202020200
2020202003
0202020033
2020200332
0202003320
2020033200
0200332002
2003320023
0033200231
0332002313
3320023132
3200231321
2002313211
0023132111
0231321111
2313211113
3132111131
1321111311
3211113110
2111131100
1111311000
1113110003
1131100032
1311000321
3110003211
1100032113
1000321130
0003211301
0032113013
0321130131
3211301313
2113013130
1130131300
1301313003
3013130032
0131300323
1313003232
3130032320
1300323203
3003232032
0032320321
0323203213
3232032132
2320321322
3203213222
2032132220
0321322203
3213222033
2132220332
1322203320
3222033200
2220332003
2203320031
2033200313
0332003130
3320031301
3200313011
2003130113
0031301130
0313011302
3130113022
1301130220
3011302201
0113022013
1130220133
1302201333
3022013330
0220133303
2201333033
2013330333
0133303331
1333033310
3330333100
3303331002
3033310022
0333100223
3331002233
3310022332
3100223320
1002233201
0022332013
0223320131
2233201310
2332013100
3320131000
3201310000
2013100002
0131000023
1310000231
3100002313
1000023133
0000231332
0002313323
0023133232
0231332322
2313323221
3133232210
1332322102
3323221020
3232210203
2322102031
3221020313
2210203132
2102031320
1020313200
0203132000
2031320000
0313200000
3132000000
1320000001
3200000013
2000000130
0000001302
0000013023
0000130230
0001302303
0013023033
0130230330
1302303300
3023033002
0230330023
2303300231
3033002310
0330023103
3300231032
3002310320
0023103203
0231032032
2310320321
3103203210
1032032102
0320321022
3203210220
2032102200
0321022003
3210220031
2102200313
1022003132
0220031321
2200313212
2003132120
0031321201
0313212010
3132120102
1321201020
3212010202
2120102020
1201020201
2010202010
0102020100
1020201003
0202010030
2020100300
0201003002
2010030021
0100300210
1003002100
0030021001
0300210010
3002100102
0021001023
0210010233
2100102331
1001023310
0010233100
0102331003
1023310032
0233100320
2331003200
3310032003
3100320031
1003200310
0032003100
0320031000
3200310000
2003100003
0031000032
0310000322
3100003220
1000032200
0000322003
0003220032
0032200320
0322003202
3220032021
2200320210
2003202101
0032021013
0320210131
3202101313
2021013130
0210131300
2101313002
1013130021
0131300210
1313002102
3130021021
1300210211
3002102110
0021021100
0210211003
2102110033
1021100330
0211003302
2110033020
1100330203
1003302032
0033020321
0330203213
3302032132
3020321322
0203213221
2032132210
0321322102
3213221021
2132210210
1322102102
3221021020
2210210202
2102102020
1021020203
0210202032
2102020322
1020203220
0202032200
2020322002
0203220020
2032200203
0322002031
3220020310
2200203100
2002031002
0020310023
0203100232
2031002322
0310023223
3100232232
1002322320
0023223201
0232232010
2322320101
3223201011
2232010110
2320101102
3201011021
2010110213
0101102131
1011021313
0110213132
1102131320
1021313200
0213132002
2131320023
1313200230
3132002300
1320023002
3200230021
2002300210
0023002101
0230021010
2300210102
3002101023
0021010232
0210102322
2101023220
1010232200
0102322001
1023220013
0232200132
2322001321
3220013213
2200132132
2001321321
0013213210
0132132101
1321321011
3213210113
2132101132
1321011321
3210113210
2101132100
1011321001
0113210010
1132100100
1321001001
3210010010
2100100102
1001001021
0010010210
0100102102
1001021022
0010210221
0102102213
1021022131
0210221313
2102213131
1022131311
0221313110
2213131102
2131311022
1313110221
3131102210
1311022102
3110221021
1102210210
1022102100
0221021002
2210210020
2102100201
1021002010
0210020100
2100201001
1002010013
0020100133
0201001331
2010013313
0100133131
1001331313
0013313133
0133131330
1331313301
3313133010
3131330102
1313301021
3133010210
1330102102
3301021021
3010210210
0102102100
1021021000
0210210001
2102100010
1021000100
0210001002
2100010023
1000100232
0001002322
0010023220
0100232203
1002322033
0023220332
0232203320
2322033200
3220332000
2203320003
2033200031
0332000313
3320003131
3200031311
2000313113
0003131130
0031311300
0313113002
3131130020
1311300202
3113002021
1130020210
1300202102
3002021023
0020210232
0202102320
2021023203
0210232030
2102320300
1023203000
0232030001
2320300010
3203000102
2030001020
0300010202
3000102020
0001020201
0010202011
0102020110
1020201101
0202011013
2020110132
0201101321
2011013210
0110132102
1101321022
1013210223
0132102233
1321022330
3210223300
2102233000
1022330003
0223300033
2233000332
2330003321
3300033213
3000332131
0003321311
0033213111
0332131110
3321311102
3213111020
2131110200
1311102000
3111020001
1110200010
1102000100
1020001000
0200010000
2000100003
0001000033
0010000330
0100003303
1000033032
0000330323
0003303232
0033032323
0330323231
3303232313
3032323132
0323231323
3232313232
2323132322
3231323221
2313232213
3132322133
1323221331
3232213313
2322133131
3221331313
2213313133
2133131331
1331313313
3313133132
3131331322
1313313223
3133132230
1331322300
3313223003
3132230032
1322300322
3223003221
2230032211
2300322110
3003221103
0032211031
0322110311
3221103113
2211031133
2110311330
1103113303
1031133030
0311330300
3113303001
1133030010
1330300101
3303001010
3030010101
0300101013
3001010133
0010101330
0101013301
1010133010
0101330102
1013301023
0133010232
1330102321
3301023211
3010232113
0102321132
1023211323
0232113232
2321132323
3211323231
2113232310
1132323102
1323231023
3232310232
2323102322
3231023221
2310232211
3102322110
1023221103
0232211032
2322110320
3221103203
2211032032
2110320320
1103203201
1032032011
0320320111
3203201111
2032011111
0320111111
3201111110
2011111102
0111111022
1111110223
1111102232
1111022320
1110223203
1102232031
1022320310
0223203101
2232031011
2320310111
3203101111
2031011113
0310111131
3101111310
1011113102
0111131021
1111310210
1113102100
1131021000
1310210003
3102100032
1021000321
0210003210
2100032102
1000321021
0003210210
0032102102
0321021020
3210210203
2102102031
1021020311
0210203113
2102031133
1020311331
0203113310
2031133102
0311331021
3113310210
1133102102
1331021021
3310210210
3102102100
1021021002
0210210023
2102100231
1021002311
0210023113
2100231132
1002311323
0023113231
0231132313
2311323131
3113231311
1132313113
1323131131
3231311310
2313113102
3131131021
1311310210
3113102102
1131021021
1310210213
3102102131
1021021311
0210213110
2102131100
1021311002
0213110021
2131100211
1311002111
3110021113
1100211133
1002111331
0021113313
0211133131
2111331311
1113313110
1133131102
1331311021
3313110210
3131102102
1311021021
3110210210
1102102102
1021021021
0210210210
2102102102
1021021022
0210210221
2102102210
1021022102
0210221023
2102210231
1022102310
0221023103
2210231032
2102310321
1023103213
0231032132
2310321321
3103213210
1032132102
0321321021
3213210210
2132102102
1321021021
3210210210
2102102100
1021021001
0210210010
2102100100
1021001001
0210010013
2100100130
1001001301
0010013010
0100130100
1001301002
0013010020
0130100202
1301002023
3010020233
0100202333
1002023333
0020233330
0202333301
2023333010
0233330100
2333301002
3333010020
3330100200
3301002000
3010020001
0100200010
1002000102
0020001021
0200010210
2000102100
0001021002
0010210020
0102100202
1021002021
0210020210
2100202102
1002021023
0020210233
0202102330
2021023301
0210233010
2102330103
1023301031
0233010313
2330103133
3301031331
3010313310
0103133102
1031331021
0313310213
3133102133
1331021333
3310213333
3102133332
1021333321
0213333210
2133332102
1333321021
3333210210
3332102102
3321021021
3210210210
2102102102
1021021021
0210210210
2102102102
1021021021
0210210210
2102102102
1021021021
0210210210
2102102102
1021021021
0210210210
2102102100
1021021001
0210210010
2102100102
1021001021
0210010210
2100102102
1001021021
0010210210
0102102102
1021021021
0210210210
2102102102
1021021021
0210210210
2102102102
1021021021
0210210210
2102102102
1021021021
0210210210
2102102102
1021021021
0210210210
2102102102
1021021021
0210210210
2102102100
1021021001
0210210010
2102100102
1021001021
0210010210
2100102100
1001021001
0010210010
0102100102
1021001021
0210010210
2100102102
1001021021
0010210210
0102102102
1021021021
0210210210
2102102102
1021021021
0210210210
2102102102
1021021021
0210210210
2102102102
1021021021
0210210210
2102102100
1021021001
0210210010
2102100102
1021001021
0210010210
2100102102
1001021021
0010210210
0102102102
1021021021
0210210210
2102102100
1021021001
0210210010
2102100102
1021001021
0210010210
2100102102
1001021021
0010210210
0102102102
1021021021
0210210210
2102102102
1021021021
0210210210
2102102102
1021021021
0210210210
2102102102
1021021021
0210210210
2102102102
1021021021
0210210210
2102102103
1021021031
0210210311
2102103113
1021031132
0210311322
2103113220
1031132200
0311322000
3113220002
1132200021
1322000210
3220002100
2200021002
2000210021
0002100210
0021002100
0210021000
2100210000
1002100002
0021000020
0210000202
2100002020
1000020202
0000202020
0002020202
0020202020
0202020202
2020202021
0202020210
2020202100
0202021001
2020210010
0202100102
2021001021
0210010210
2100102102
1001021021
0010210210
0102102102
1021021021
0210210210
2102102102
1021021021
0210210210
2102102102
1021021021
0210210210
2102102102
1021021021
0210210210
2102102102
1021021023
0210210233
2102102332
1021023322
0210233221
2102332210
1023322102
0233221021
2332210211
3322102111
3221021110
2210211102
2102111021
1021110210
0211102102
2111021021
1110210213
1102102133
1021021332
0210213323
2102133231
1021332313
0213323133
2133231331
1332313311
3323133110
3231331102
2313311021
3133110210
1331102102
3311021021
3110210210
1102102102
1021021021
0210210213
2102102133
1021021331
0210213313
2102133131
1021331311
0213313110
2133131102
1331311020
3313110203
3131102032
1311020321
3110203210
1102032102
1020321021
0203210210
2032102100
0321021001
3210210013
2102100131
1021001311
0210013110
2100131102
1001311021
0013110210
0131102102
1311021021
3110210210
1102102102
1021021021
0210210210
2102102102
1021021021
0210210210
2102102103
1021021031
0210210313
2102103132
1021031321
0210313213
2103132132
1031321320
0313213202
3132132021
1321320211
3213202113
2132021133
1320211331
3202113310
2021133102
0211331021
2113310212
1133102123
1331021231
3310212310
3102123102
1021231022
0212310222
2123102220
1231022201
2310222013
3102220131
1022201310
0222013103
2220131031
2201310313
2013103131
0131031311
1310313110
3103131103
1031311031
0313110311
3131103111
1311031110
3110311101
1103111011
1031110113
0311101132
3111011322
1110113221
1101132211
1011322110
0113221102
1132211022
1322110221
3221102212
2211022122
2110221221
1102212210
1022122101
0221221013
2212210131
2122101311
1221013111
2210131111
2101311112
1013111123
0131111231
1311112311
3111123110
1111231102
1112311023
1123110231
1231102312
2311023121
3110231213
1102312132
1023121321
0231213211
2312132113
3121321131
1213211310
2132113100
1321131002
3211310021
2113100213
1131002132
1310021322
3100213221
1002132213
0021322133
0213221330
2132213300
1322133002
3221330023
2213300231
2133002311
1330023113
3300231132
3002311321
0023113213
0231132132
2311321320
3113213202
1132132020
1321320203
3213202031
2132020311
1320203110
3202031100
2020311001
0203110010
2031100102
0311001023
3110010233
1100102330
1001023303
0010233032
0102330322
1023303220
0233032200
2330322000
3303220002
3032200020
0322000200
3220002002
2200020023
2000200232
0002002320
0020023201
0200232013
2002320132
0023201322
0232013220
2320132202
3201322023
2013220233
0132202331
1322023310
3220233101
2202331010
2023310102
0233101023
2331010230
3310102303
3101023032
1010230322
0102303220
1023032200
0230322002
2303220020
3032200201
0322002010
3220020100
2200201003
2002010032
0020100322
0201003221
2010032210
0100322103
1003221033
0032210330
0322103300
3221033000
2210330001
2103300010
1033000103
0330001032
3300010322
3000103220
0001032202
0010322022
0103220222
1032202221
0322022213
3220222130
2202221302
2022213020
0222130201
2221302011
2213020113
2130201131
1302011310
3020113101
0201131013
2011310130
0113101301
1131013013
1310130130
3101301300
1013013001
0130130010
1301300100
3013001003
0130010033
1300100331
3001003311
0010033113
0100331131
1003311311
0033113113
0331131131
3311311312
3113113120
1131131201
1311312013
3113120130
1131201301
1312013011
3120130113
1201301131
2013011311
0130113113
1301131131
3011311311
0113113110
1131131101
1311311011
3113110110
1131101101
1311011013
3110110133
1101101331
1011013311
0110133110
1101331100
1013311000
0133110002
1331100021
3311000210
3110002103
1100021031
1000210310
0002103101
0021031011
0210310110
2103101101
1031011011
0310110110
3101101100
1011011003
0110110030
1101100300
1011003001
0110030013
1100300131
1003001310
0030013103
0300131031
3001310310
0013103103
0131031033
1310310331
3103103311
1031033110
0310331103
3103311030
1033110302
0331103023
3311030232
3110302320
1103023200
1030232003
0302320032
3023200322
0232003220
2320032201
3200322010
2003220102
0032201023
0322010231
3220102313
2201023133
2010231331
0102313310
1023133102
0231331023
2313310233
3133102331
1331023313
3310233130
3102331300
1023313000
0233130003
2331300032
3313000321
3130003210
1300032100
3000321002
0003210022
0032100221
0321002212
3210022120
2100221202
1002212020
0022120201
0221202010
2212020102
2120201021
1202010213
2020102131
0201021312
2010213123
0102131231
1021312310
0213123101
2131231010
1312310103
3123101032
1231010320
2310103202
3101032022
1010320220
0103202202
1032022020
0320220201
3202202013
2022020132
0220201322
2202013222
2020132222
0201322221
2013222212
0132222123
1322221232
3222212323
2222123231
2221232310
2212323103
2123231030
1232310301
2323103013
3231030131
2310301313
3103013131
1030131313
0301313130
3013131303
0131313032
1313130322
3131303221
1313032211
3130322110
1303221103
3032211032
0322110322
3221103220
2211032202
2110322023
1103220231
1032202313
0322023132
3220231321
2202313210
2023132100
0231321000
2313210003
3132100032
1321000322
3210003221
2100032211
1000322110
0003221102
0032211022
0322110223
3221102233
2211022332
2110223323
1102233232
1022332320
0223323200
2233232000
2332320002
3323200021
3232000210
2320002103
3200021033
2000210333
0002103332
0021033323
0210333232
2103332320
1033323200
0333232002
3332320020
3323200203
3232002033
2320020333
3200203333
2002033332
0020333322
0203333220
2033332201
0333322010
3333220102
3332201023
3322010233
3220102333
2201023333
2010233333
0102333330
1023333300
0233333000
2333330002
3333300021
3333000210
3330002101
3300021011
3000210113
0002101133
0021011330
0210113300
2101133001
1011330010
0113300100
1133001001
1330010012
3300100120
3001001200
0010012001
0100120010
1001200103
0012001032
0120010321
1200103212
2001032123
0010321233
0103212332
1032123322
0321233220
3212332203
2123322032
1233220320
2332203201
3322032010
3220320102
2203201020
2032010200
0320102002
3201020021
2010200210
0102002101
1020021013
0200210132
2002101321
0021013211
0210132111
2101321110
1013211102
0132111023
1321110232
3211102323
2111023231
1110232312
1102323120
1023231202
0232312023
2323120232
3231202321
2312023210
3120232100
1202321000
2023210003
0232100032
2321000321
3210003210
2100032102
1000321022
0003210223
0032102232
0321022322
3210223223
2102232230
1022322301
0223223010
2232230100
2322301001
3223010010
2230100102
2301001023
3010010233
0100102330
1001023302
0010233020
0102330200
1023302000
0233020003
2330200030
3302000301
3020003010
0200030102
2000301021
0003010213
0030102133
0301021333
3010213331
0102133313
1021333130
0213331300
2133313000
1333130002
3331300020
3313000200
3130002001
1300020012
3000200121
0002001212
0020012120
0200121200
2001212001
0012120012
0121200123
1212001231
2120012313
1200123133
2001231331
0012313310
0123133100
1231331002
2313310021
3133100210
1331002100
3310021003
3100210032
1002100320
0021003203
0210032032
2100320320
1003203201
0032032011
0320320111
3203201110
2032011101
0320111013
3201110133
2011101332
0111013321
1110133210
1101332101
1013321010
0133210103
1332101032
3321010321
3210103212
2101032120
1010321201
0103212011
1032120111
0321201113
3212011131
2120111310
1201113102
2011131020
0111310202
1113102021
1131020211
1310202111
3102021110
1020211100
0202111000
2021110001
0211100011
2111000110
1110001103
1100011031
1000110313
0001103131
0011031311
0110313111
1103131110
1031311100
0313111000
3131110001
1311100011
3111000113
1110001131
1100011313
1000113130
0001131300
0011313000
0113130003
1131300031
1313000313
3130003132
1300031322
3000313223
0003132232
0031322323
0313223231
3132232313
1322323130
3223231302
2232313023
2323130232
3231302323
2313023231
3130232310
1302323101
3023231011
0232310110
2323101103
3231011032
2310110323
3101103231
1011032312
0110323120
1103231200
1032312002
0323120020
3231200200
2312002001
3120020010
1200200103
2002001032
0020010323
0200103233
2001032332
0010323322
0103233220
1032332202
0323322020
3233220201
2332202010
3322020103
3220201031
2202010311
2020103111
0201031111
2010311110
0103111101
1031111010
0311110102
3111101020
1111010202
1110102021
1101020213
1010202133
0102021330
1020213301
0202133011
2021330113
0213301131
2133011310
1330113100
3301131000
3011310001
0113100011
1131000111
1310001111
3100011113
1000111130
0001111301
0011113011
0111130110
1111301101
1113011010
1130110101
1301101011
3011010110
0110101100
1101011001
1010110012
0101100122
1011001221
0110012211
1100122111
1001221111
0012211110
0122111102
1221111023
2211110231
2111102310
1111023101
1110231011
1102310111
1023101111
0231011112
2310111120
3101111203
1011112033
0111120330
1111203301
1112033011
1120330111
1203301110
2033011102
0330111022
3301110222
3011102220
0111022201
1110222011
1102220111
1022201113
0222011131
2220111310
2201113102
2011131023
0111310230
1113102300
1131023003
1310230031
3102300310
1023003101
0230031011
2300310111
3003101111
0031011110
0310111102
3101111021
1011110211
0111102110
1111021102
1110211023
1102110232
1021102323
0211023232
2110232321
1102323211
1023232111
0232321110
2323211100
3232111003
2321110032
3211100323
2111003232
1110032322
1100323222
1003232220
0032322202
0323222021
3232220211
2322202110
3222021103
2220211030
2202110301
2021103012
0211030120
2110301200
1103012002
1030120022
0301200221
3012002212
0120022120
1200221201
2002212010
0022120103
0221201033
2212010331
2120103310
1201033102
2010331020
0103310201
1033102010
0331020100
3310201000
3102010003
1020100030
0201000301
2010003010
0100030100
1000301001
0003010010
0030100103
0301001033
3010010331
0100103311
1001033111
0010331110
0103311103
1033111032
0331110323
3311103231
3111032310
1110323103
1103231031
1032310310
0323103102
3231031020
2310310200
3103102000
1031020003
0310200033
3102000332
1020003321
0200033211
2000332111
0003321111
0033211110
0332111100
3321111000
3211110001
2111100013
1111000130
1110001301
1100013012
1000130120
0001301200
0013012003
0130120033
1301200333
3012003333
0120033330
1200333303
2003333030
0033330300
0333303000
3333030000
3330300000
3303000003
3030000032
0300000321
3000003210
0000032102
0000321020
0003210203
0032102032
0321020323
3210203231
2102032310
1020323102
0203231020
2032310201
0323102011
3231020113
2310201131
3102011311
1020113110
0201131103
2011311033
0113110333
1131103330
1311033301
3110333013
1103330133
1033301330
0333013303
3330133032
3301330321
3013303210
0133032100
1330321001
3303210013
3032100131
0321001313
3210013131
2100131310
1001313103
0013131030
0131310300
1313103002
3131030022
1310300221
3103002210
1030022102
0300221022
3002210221
0022102213
0221022130
2210221303
2102213031
1022130310
0221303103
2213031032
2130310322
1303103220
3031032200
0310322003
3103220031
1032200310
0322003103
3220031031
2200310313
2003103132
0031031320
0310313201
3103132010
1031320102
0313201022
3132010221
1320102210
3201022102
2010221023
0102210233
1022102330
0221023300
2210233001
2102330010
1023300101
0233001013
2330010133
3300101330
3001013300
0010133003
0101330032
1013300320
0133003200
1330032000
3300320003
3003200033
0032000333
0320003330
3200033301
2000333010
0003330102
0033301021
0333010213
3330102132
3301021322
3010213223
0102132233
1021322333
0213223330
2132233301
1322333012
3223330121
2233301212
2333012122
3330121220
3301212201
3012122010
0121220103
1212201033
2122010333
1220103332
2201033321
2010333213
0103332133
1033321330
0333213301
3332133013
3321330133
3213301331
2133013310
1330133102
3301331022
3013310221
0133102212
1331022123
3310221230
3102212300
1022123003
0221230032
2212300321
2123003210
1230032102
2300321021
3003210210
0032102100
0321021001
3210210013
2102100133
1021001332
0210013322
2100133220
1001332200
0013322002
0133220020
1332200200
3322002003
3220020032
2200200321
2002003210
0020032102
0200321023
2003210230
0032102301
0321023012
3210230123
2102301231
1023012310
0230123103
2301231030
3012310300
0123103003
1231030031
2310300313
3103003133
1030031330
0300313302
3003133021
0031330211
0313302113
3133021132
1330211321
3302113210
3021132101
0211321010
2113210100
1132101002
1321010023
3210100232
2101002323
1010023233
0100232333
1002323333
0023233332
0232333323
2323333233
3233332331
2333323312
3333233120
3332331202
3323312023
3233120230
2331202302
3312023020
3120230200
1202302000
2023020000
0230200001
2302000012
3020000123
0200001233
2000012330
0000123300
0001233000
0012330002
0123300022
1233000220
2330002202
3300022021
3000220212
0002202122
0022021223
0220212232
2202122323
2021223232
0212232322
2122323220
1223232201
2232322010
2323220102
3232201023
2322010232
3220102322
2201023220
2010232203
0102322032
1023220320
0232203200
2322032002
3220320023
2203200230
2032002302
0320023020
3200230200
2002302003
0023020030
0230200301
2302003011
3020030110
0200301102
2003011020
0030110200
0301102002
3011020021
0110200212
1102002120
1020021200
0200212002
2002120022
0021200223
0212002231
2120022312
1200223121
2002231210
0022312100
0223121000
2231210000
2312100002
3121000020
1210000203
2100002030
1000020300
0000203001
0002030010
0020300102
0203001022
2030010220
0300102200
3001022002
0010220021
0102200211
1022002111
0220021110
2200211100
2002111001
0021110011
0211100113
2111001133
1110011330
1100113302
1001133023
0011330230
0113302300
1133023000
1330230000
3302300000
3023000000
0230000003
2300000030
3000000303
0000003030
0000030301
0000303011
0003030111
0030301110
0303011101
3030111010
0301110100
3011101002
0111010023
1110100233
1101002333
1010023330
0100233302
1002333022
0023330221
0233302213
2333022130
3330221303
3302213032
3022130322
0221303220
2213032202
2130322021
1303220210
3032202102
0322021021
3220210213
2202102131
2021021313
0210213133
2102131330
1021313300
0213133003
2131330032
1313300321
3133003211
1330032110
3300321102
3003211023
0032110233
0321102333
3211023332
2110233321
1102333210
1023332102
0233321022
2333210221
3332102213
3321022132
3210221321
2102213211
1022132113
0221321133
2213211332
2132113322
1321133221
3211332212
2113322122
1133221220
1332212202
3322122020
3221220202
2212202021
2122020210
1220202102
2202021023
2020210233
0202102333
2021023330
0210233301
2102333011
1023330113
0233301133
2333011333
3330113332
3301133321
3011333213
0113332130
1133321300
1333213002
3332130023
3321300230
3213002300
2130023001
1300230011
3002300111
0023001111
0230011112
2300111122
3001111220
0011112201
0111122013
1111220132
1112201320
1122013203
1220132031
2201320310
2013203100
0132031003
1320310030
3203100300
2031003001
0310030012
3100300121
1003001211
0030012113
0300121131
3001211311
0012113110
0121131102
1211311023
2113110232
1131102322
1311023221
3110232211
1102322113
1023221130
0232211301
2322113013
3221130132
2211301321
2113013210
1130132102
1301321022
3013210221
0132102211
1321022112
3210221123
2102211231
1022112311
0221123110
2211231101
2112311012
1123110120
1231101200
2311012002
3110120020
1101200201
1012002011
0120020113
1200201131
2002011310
0020113100
0201131003
2011310032
0113100322
1131003223
1310032233
3100322331
1003223311
0032233111
0322331113
3223311132
2233111322
2331113220
3311132203
3111322031
1113220310
1132203101
1322031010
3220310103
2203101031
2031010312
0310103120
3101031201
1010312010
0103120102
1031201021
0312010210
3120102100
1201021003
2010210032
0102100322
1021003222
0210032220
2100322200
1003222001
0032220010
0322200102
3222001021
2220010210
2200102102
2001021023
0010210231
0102102311
1021023112
0210231122
2102311222
1023112221
0231122213
2311222132
3112221321
1122213213
1222132131
2221321312
2213213121
2132131211
1321312112
3213121121
2131211210
1312112102
3121121021
1211210211
2112102112
1121021121
1210211210
2102112101
1021121010
0211210103
2112101030
1121010301
1210103010
2101030101
1010301013
0103010131
1030101310
0301013100
3010131003
0101310031
1013100311
0131003110
1310031103
3100311032
1003110323
0031103231
0311032310
3110323100
1103231002
1032310022
0323100220
3231002202
2310022022
3100220220
1002202202
0022022021
0220220211
2202202110
2022021102
0220211023
2202110232
2021102320
0211023203
2110232033
1102320332
1023203321
0232033210
2320332102
3203321020
2033210202
0332102022
3321020220
3210202203
2102022032
1020220320
0202203200
2022032002
0220320020
2203200201
2032002013
0320020132
3200201321
2002013211
0020132111
0201321111
2013211110
0132111103
1321111032
3211110323
2111103231
1111032310
1110323103
1103231033
1032310330
0323103302
3231033023
2310330232
3103302320
1033023201
0330232010
3302320100
3023201001
0232010010
2320100102
3201001021
2010010211
0100102110
1001021100
0010211001
0102110011
1021100110
0211001101
2110011010
1100110102
1001101023
0011010231
0110102311
1101023110
1010231102
0102311020
1023110202
0231102023
2311020233
3110202330
1102023302
1020233020
0202330200
2023302002
0233020020
2330200201
3302002012
3020020120
0200201201
2002012010
0020120102
0201201020
2012010202
0120102020
1201020202
2010202020
0102020203
1020202033
0202020332
2020203320
0202033200
2020332002
0203320020
2033200200
0332002002
3320020020
3200200202
2002002021
0020020211
0200202113
2002021133
0020211333
0202113330
2021133303
0211333031
2113330313
1133303132
1333031320
3330313200
3303132002
3031320020
0313200201
3132002011
1320020113
3200201132
2002011322
0020113220
0201132200
2011322003
0113220032
1132200320
1322003200
3220032000
2200320000
2003200001
0032000013
0320000132
3200001320
2000013201
0000132013
0001320133
0013201332
0132013323
1320133232
3201332320
2013323200
0133232000
1332320001
3323200011
3232000113
2320001131
3200011310
2000113102
0001131020
0011310200
0113102003
1131020032
1310200320
3102003200
1020032002
0200320022
2003200222
0032002220
0320022201
3200222010
2002220103
0022201030
0222010303
2220103031
2201030310
2010303101
0103031013
1030310132
0303101320
3031013201
0310132011
3101320113
1013201133
0132011331
1320113310
3201133103
2011331030
0113310300
1133103001
1331030011
3310300110
3103001101
1030011013
0300110131
3001101311
0011013110
0110131101
1101311010
1013110100
0131101001
1311010011
3110100110
1101001103
1010011032
0100110320
1001103200
0011032003
0110320030
1103200303
1032003033
0320030333
3200303332
2003033320
0030333201
0303332010
3033320102
0333201020
3332010203
3320102033
3201020333
2010203333
0102033333
1020333330
0203333301
2033333013
0333330132
3333301323
3333013232
3330132320
3301323201
3013232013
0132320130
1323201303
3232013033
2320130333
3201303330
2013033303
0130333033
1303330330
3033303300
0333033002
3330330021
3303300210
3033002103
0330021032
3300210322
3002103220
0021032203
0210322031
2103220310
1032203100
0322031002
3220310022
2203100220
2031002202
0310022020
3100220201
1002202010
0022020102
0220201021
2202010211
2020102111
0201021113
2010211130
0102111300
1021113000
0211130002
2111300022
1113000220
1130002200
1300022001
3000220013
0002200133
0022001330
0220013301
2200133013
2001330130
0013301300
0133013002
1330130021
3301300211
3013002110
0130021102
1300211021
3002110211
0021102111
0211021113
2110211133
1102111333
1021113332
0211133322
2111333222
1113332220
1133322203
1333222033
3332220331
3322203310
3222033102
2220331023
2203310230
2033102301
0331023011
