2201311031
2013110311
0131103110
1311031103
3110311033
1103110331
1031103311
0311033113
3110331132
1103311323
1033113232
0331132320
3311323201
3113232012
1132320122
1323201220
3232012201
2320122011
3201220110
2012201101
0122011010
1220110100
2201101001
2011010012
0110100122
1101001221
1010012210
0100122100
1001221002
0012210023
0122100233
1221002331
2210023313
2100233131
1002331313
0023313131
0233131311
2331313111
3313131113
3131311133
1313111330
3131113302
1311133022
3111330222
1113302220
1133022203
1330222032
3302220320
3022203200
0222032000
2220320003
2203200030
2032000303
0320003032
3200030321
2000303210
0003032101
0030321010
0303210103
3032101032
0321010321
3210103210
2101032101
1010321010
0103210103
1032101033
0321010331
3210103313
2101033132
1010331321
0103313210
1033132101
0331321011
3313210111
3132101112
1321011123
3210111230
2101112302
1011123020
0111230200
1112302002
1123020020
1230200200
2302002000
3020020002
0200200021
2002000210
0020002102
0200021020
2000210201
0002102012
0021020120
0210201202
2102012020
1020120201
0201202010
2012020101
0120201010
1202010101
2020101012
0201010123
2010101233
0101012330
1010123300
0101233000
1012330002
0123300023
1233000231
2330002311
3300023110
3000231100
0002311000
0023110002
0231100023
2311000232
3110002322
1100023223
1000232233
0002322333
0023223333
0232233330
2322333300
3223333000
2233330003
2333300031
3333000310
3330003103
3300031032
3000310320
0003103203
0031032032
0310320320
3103203203
1032032032
0320320321
3203203210
2032032102
0320321022
3203210220
2032102202
0321022023
3210220231
2102202312
1022023122
0220231221
2202312211
2023122110
0231221101
2312211010
3122110102
1221101020
2211010202
2110102020
1101020201
1010202010
0102020100
1020201003
0202010030
2020100300
0201003002
2010030021
0100300210
1003002100
0030021001
0300210010
3002100102
0021001023
0210010233
2100102331
1001023310
0010233100
0102331003
1023310032
0233100320
2331003202
3310032023
3100320231
1003202310
0032023100
0320231000
3202310000
2023100003
0231000032
2310000322
3100003220
1000032200
0000322003
0003220032
0032200320
0322003202
3220032021
2200320210
2003202101
0032021011
0320210111
3202101113
2021011130
0210111300
2101113002
1011130021
0111300210
1113002102
1130021021
1300210210
3002102102
0021021021
0210210211
2102102110
1021021100
0210211003
2102110033
1021100330
0211003302
2110033020
1100330202
1003302022
0033020221
0330202213
3302022132
3020221322
0202213221
2022132210
0221322102
2213221023
2132210230
1322102302
3221023020
2210230202
2102302020
1023020203
0230202032
2302020322
3020203222
0202032220
2020322202
0203222020
2032220203
0322202031
3222020310
2220203100
2202031002
2020310021
0203100212
2031002121
0310021213
3100212132
1002121322
0021213223
0212132232
2121322320
1213223201
2132232010
1322320101
3223201012
2232010120
2320101202
3201012021
2010120210
0101202102
1012021021
0120210212
1202102120
2021021200
0210212002
2102120023
1021200230
0212002300
2120023002
1200230021
2002300210
0023002101
0230021010
2300210102
3002101023
0021010231
0210102312
2101023120
1010231202
0102312021
1023120213
0231202132
2312021321
3120213213
1202132132
2021321321
0213213210
2132132103
1321321031
3213210313
2132103132
1321031321
3210313210
2103132100
1031321001
0313210010
3132100100
1321001001
3210010010
2100100102
1001001021
0010010210
0100102102
1001021022
0010210221
0102102211
1021022110
0210221103
2102211030
1022110301
0221103010
2211030100
2110301002
1103010021
1030100210
0301002102
3010021021
0100210212
1002102120
0021021202
0210212022
2102120221
1021202210
0212022100
2120221003
1202210033
2022100330
0221003301
2210033013
2100330131
1003301313
0033013133
0330131332
3301313321
3013133210
0131332102
1313321021
3133210210
1332102102
3321021021
3210210211
2102102110
1021021102
0210211022
2102110221
1021102210
0211022102
2110221023
1102210232
1022102322
0221023221
2210232211
2102322113
1023221132
0232211320
2322113200
3221132000
2211320003
2113200031
1132000313
1320003131
3200031311
2000313110
0003131100
0031311000
0313110002
3131100020
1311000202
3110002021
1100020211
1000202110
0002021102
0020211022
0202110220
2021102201
0211022010
2110220100
1102201002
1022010021
0220100210
2201002102
2010021021
0100210212
1002102123
0021021231
0210212311
2102123110
1021231101
0212311013
2123110132
1231101321
2311013210
3110132102
1101321022
1013210223
0132102233
1321022331
3210223311
2102233110
1022331102
0223311023
2233110232
2331102323
3311023231
3110232312
1102323122
1023231223
0232312232
2323122322
3231223221
2312232211
3122322110
1223221103
2232211032
2322110320
3221103203
2211032032
2110320320
1103203202
1032032023
0320320231
3203202311
2032023111
0320231111
3202311110
2023111102
0231111022
2311110223
3111102232
1111022320
1110223203
1102232031
1022320310
0223203101
2232031012
2320310121
3203101211
2031012112
0310121121
3101211210
1012112100
0121121001
1211210010
2112100102
1121001020
1210010203
2100102032
1001020321
0010203210
0102032102
1020321021
0203210210
2032102102
0321021020
3210210203
2102102031
1021020311
0210203113
2102031133
1020311331
0203113310
2031133102
0311331021
3113310210
1133102102
1331021021
3310210210
3102102102
1021021022
0210210223
2102102232
1021022321
0210223213
2102232131
1022321313
0223213131
2232131311
2321313111
3213131111
2131311111
1313111111
3131111110
1311111102
3111111021
1111110210
1111102102
1111021021
1110210213
1102102131
1021021311
0210213110
2102131102
1021311022
0213110221
2131102211
1311022111
3110221113
1102211132
1022111321
0221113213
2211132133
2111321331
1113213310
1132133102
1321331021
3213310210
2133102102
1331021021
3310210210
3102102102
1021021021
0210210210
2102102102
1021021022
0210210221
2102102211
1021022112
0210221123
2102211232
1022112320
0221123203
2211232032
2112320321
1123203213
1232032133
2320321331
3203213310
2032133102
0321331021
3213310210
2133102102
1331021021
3310210210
3102102100
1021021001
0210210010
2102100101
1021001011
0210010113
2100101132
1001011321
0010113210
0101132102
1011321022
0113210220
1132102202
1321022023
3210220233
2102202333
1022023333
0220233330
2202333303
2023333030
0233330300
2333303002
3333030020
3330300200
3303002000
3030020001
0300200010
3002000102
0020001021
0200010210
2000102102
0001021022
0010210220
0102102202
1021022021
0210220210
2102202102
1022021021
0220210213
2202102133
2021021331
0210213310
2102133103
1021331031
0213310313
2133103132
1331031321
3310313210
3103132100
1031321001
0313210013
3132100133
1321001331
3210013313
2100133132
1001331321
0013313210
0133132102
1331321021
3313210210
3132102102
1321021021
3210210210
2102102100
1021021001
0210210010
2102100101
1021001011
0210010111
2100101111
1001011112
0010111122
0101111221
1011112210
0111122100
1111221000
1112210001
1122100010
1221000102
2210001022
2100010221
1000102213
0001022130
0010221300
0102213000
1022130002
0221300020
2213000202
2130002021
1300020210
3000202100
0002021001
0020210010
0202100102
2021001021
0210010210
2100102102
1001021021
0010210210
0102102102
1021021021
0210210210
2102102102
1021021021
0210210210
2102102102
1021021021
0210210210
2102102102
1021021021
0210210210
2102102102
1021021021
0210210210
2102102102
1021021021
0210210210
2102102102
1021021021
0210210213
2102102132
1021021322
0210213221
2102132211
1021322112
0213221121
2132211211
1322112111
3221121110
2211211102
2112111021
1121110210
1211102102
2111021021
1110210213
1102102133
1021021332
0210213323
2102133231
1021332313
0213323133
2133231331
1332313311
3323133110
3231331102
2313311021
3133110210
1331102102
3311021021
3110210210
1102102102
1021021021
0210210213
2102102131
1021021311
0210213113
2102131132
1021311321
0213113210
2131132102
1311321020
3113210203
1132102032
1321020321
3210203210
2102032102
1020321021
0203210210
2032102102
0321021021
3210210213
2102102131
1021021311
0210213110
2102131102
1021311021
0213110210
2131102102
1311021021
3110210210
1102102102
1021021021
0210210210
2102102102
1021021021
0210210210
2102102101
1021021011
0210210113
2102101132
1021011321
0210113213
2101132131
1011321310
0113213100
1132131001
1321310010
3213100103
2131001032
1310010321
3100103210
1001032102
0010321021
0103210212
1032102122
0321021221
3210212210
2102122102
1021221022
0212210222
2122102221
1221022211
2210222113
2102221132
1022211321
0222113213
2221132131
2211321310
2113213101
1132131012
1321310121
3213101213
2131012132
1310121321
3101213211
1012132111
0121321112
1213211122
2132111222
1321112221
3211122211
2111222113
1112221132
1122211321
1222113213
2221132131
2211321311
2113213111
1132131112
1321311122
3213111221
2131112211
1311122110
3111221102
1112211022
1122110221
1221102213
2211022132
2110221321
1102213211
1022132111
0221321113
2213211132
2132111321
1321113211
3211132111
2111321112
1113211122
1132111220
1321112201
3211122010
2111220102
1112201020
1122010201
1220102011
2201020111
2010201113
0102011132
1020111321
0201113211
2011132111
0111321111
1113211111
1132111110
1321111100
3211111001
2111110010
1111100102
1111001021
1110010211
1100102112
1001021122
0010211221
0102112211
1021122113
0211221132
2112211320
1122113202
1221132021
2211320211
2113202111
1132021113
1320211132
3202111321
2021113210
0211132102
2111321020
1113210202
1132102021
1321020213
3210202132
2102021321
1020213210
0202132102
2021321021
0213210210
2132102102
1321021021
3210210213
2102102132
1021021323
0210213232
2102132322
1021323220
0213232200
2132322002
1323220022
3232200220
2322002201
3220022012
2200220123
2002201232
0022012320
0220123201
2201232011
2012320112
0123201122
1232011220
2320112202
3201122022
2011220221
0112202212
1122022122
1220221223
2202212232
2022122322
0221223223
2212232231
2122322310
1223223101
2232231010
2322310100
3223101001
2231010010
2310100103
3101001032
1010010322
0100103220
1001032202
0010322022
0103220220
1032202201
0322022010
3220220100
2202201001
2022010012
0220100122
2201001221
2010012210
0100122103
1001221031
0012210310
0122103100
1221031000
2210310001
2103100010
1031000101
0310001010
3100010102
1000101021
0001010210
0010102102
0101021021
1010210210
0102102100
1021021001
0210210010
2102100102
1021001023
0210010232
2100102322
1001023221
0010232210
0102322100
1023221001
0232210012
2322100122
3221001223
2210012230
2100122301
1001223011
0012230112
0122301122
1223011221
2230112212
2301122122
3011221220
0112212202
1122122022
1221220223
2212202232
2122022322
1220223221
2202232212
2022322122
0223221221
2232212212
2322122122
3221221223
2212212233
2122122333
1221223330
2212233302
2122333020
1223330201
2233302011
2333020113
3330201131
3302011313
3020113131
0201131311
2011313110
0113131101
1131311011
1313110110
3131101100
1311011001
3110110010
1101100100
1011001001
0110010013
1100100131
1001001313
0010013133
0100131331
1001313313
0013133133
0131331331
1313313310
3133133100
1331331001
3313310013
3133100130
1331001301
3310013011
3100130113
1001301131
0013011311
0130113113
1301131131
3011311311
0113113113
1131131131
1311311311
3113113113
1131131131
1311311311
3113113110
1131131100
1311311003
3113110031
1131100311
1311003111
3110031112
1100311121
1003111211
0031112110
0311121100
3111211000
1112110002
1121100021
1211000210
2110002103
1100021031
1000210312
0002103121
0021031211
0210312113
2103121131
1031211311
0312113111
3121131110
1211311103
2113111031
1131110313
1311103131
3111031313
1110313131
1103131310
1031313101
0313131011
3131310110
1313101103
3131011033
1310110331
3101103311
1011033110
0110331103
1103311031
1033110312
0331103121
3311031211
3110312110
1103121100
1031211001
0312110012
3121100122
1211001220
2110012201
1100122010
1001220102
0012201023
0122010231
1220102311
2201023111
2010231111
0102311111
1023111112
0231111121
2311111211
3111112111
1111121113
1111211131
1112111310
1121113100
1211131001
2111310011
1113100110
1131001101
1310011010
3100110102
1001101020
0011010200
0110102002
1101020020
1010200202
0102002020
1020020202
0200202020
2002020202
0020202022
0202020222
2020202220
0202022202
2020222021
0202220212
2022202122
0222021222
2220212220
2202122200
2021222001
0212220012
2122200122
1222001222
2220012220
2200122200
2001222001
0012220012
0122200122
1222001222
2220012220
2200122200
2001222001
0012220012
0122200122
1222001222
2220012220
2200122202
2001222021
0012220212
0122202120
1222021202
2220212020
2202120202
2021202020
0212020202
2120202023
1202020233
2020202331
0202023310
2020233101
0202331013
2023310130
0233101301
2331013010
3310130103
3101301032
1013010320
0130103200
1301032002
3010320020
0103200200
1032002000
0320020002
3200200023
2002000232
0020002322
0200023220
2000232202
0002322022
0023220222
0232202220
2322022201
3220222011
2202220111
2022201110
0222011103
2220111031
2201110311
2011103111
0111031111
1110311113
1103111132
1031111323
0311113230
3111132301
1111323012
1113230122
1132301223
1323012231
3230122310
2301223103
3012231032
0122310322
1223103223
2231032232
2310322323
3103223230
1032232303
0322323032
3223230323
2232303230
2323032300
3230323000
2303230003
3032300032
0323000322
3230003221
2300032211
3000322113
0003221132
0032211322
0322113221
3221132213
2211322132
2113221323
1132213232
1322132320
3221323202
2213232020
2132320200
1323202001
3232020010
2320200103
3202001031
2020010313
0200103132
2001031323
0010313232
0103132320
1031323202
0313232022
3132320220
1323202201
3232022013
2320220133
3202201333
2022013332
0220133322
2201333220
2013332201
0133322010
1333220102
3332201023
3322010233
3220102333
2201023333
2010233333
0102333330
1023333300
0233333000
2333330002
3333300021
3333000210
3330002103
3300021031
3000210313
0002103130
0021031300
0210313000
2103130001
1031300010
0313000102
3130001023
1300010232
3000102320
0001023200
0010232001
0102320010
1023200103
0232001032
2320010321
3200103211
2001032111
0010321113
0103211133
1032111332
0321113320
3211133203
2111332032
1113320320
1133203201
1332032011
3320320112
3203201122
2032011220
0320112202
3201122021
2011220210
0112202101
1122021010
1220210102
2202101021
2021010213
0210102131
2101021310
1010213102
0102131023
1021310232
0213102323
2131023231
1310232312
3102323120
1023231202
0232312023
2323120231
3231202311
2312023110
3120231102
1202311020
2023110203
0231102032
2311020321
3110203210
1102032102
1020321022
0203210223
2032102233
0321022332
3210223323
2102233230
1022332301
0223323010
2233230102
2332301021
3323010210
3230102102
2301021021
3010210213
0102102132
1021021322
0210213220
2102132200
1021322000
0213220003
2132200030
1322000301
3220003010
2200030102
2000301021
0003010213
0030102130
0301021303
3010213031
0102130313
1021303130
0213031300
2130313000
1303130002
3031300020
0313000200
3130002001
1300020012
3000200123
0002001232
0020012320
0200123202
2001232021
0012320212
0123202123
1232021231
2320212313
3202123133
2021231331
0212313310
2123133102
1231331022
2313310221
3133102212
1331022120
3310221203
3102212032
1022120320
0221203203
2212032032
2120320320
1203203201
2032032011
0320320111
3203201110
2032011101
0320111013
3201110133
2011101332
0111013321
1110133210
1101332101
1013321010
0133210103
1332101032
3321010321
3210103212
2101032122
1010321221
0103212211
1032122111
0321221113
3212211131
2122111312
1221113122
2211131220
2111312200
1113122001
1131220011
1312200112
3122001120
1220011200
2200112002
2001120023
0011200231
0112002310
1120023103
1200231031
2002310313
0023103131
0231031311
2310313111
3103131110
1031311100
0313111000
3131110001
1311100011
3111000110
1110001101
1100011013
1000110131
0001101310
0011013100
0110131001
1101310013
1013100133
0131001332
1310013322
3100133223
1001332232
0013322323
0133223231
1332232311
3322323110
3223231102
2232311021
2323110212
3231102123
2311021231
3110212310
1102123101
1021231011
0212310110
2123101103
1231011032
2310110323
3101103231
1011032311
0110323110
1103231100
1032311002
0323110020
3231100200
2311002001
3110020013
1100200133
1002001330
0020013301
0200133011
2001330111
0013301113
0133011131
1330111312
3301113122
3011131221
0111312210
1113122103
1131221031
1312210312
3122103121
1221031211
2210312111
2103121111
1031211111
0312111111
3121111110
1211111100
2111111001
1111110013
1111100133
1111001330
1110013301
1100133011
1001330113
0013301131
0133011310
1330113102
3301131020
3011310201
0113102012
1131020121
1310201211
3102012112
1020121120
0201211201
2012112011
0121120110
1211201101
2112011012
1120110121
1201101211
2011012111
0110121110
1101211101
1012111012
0121110122
1211101221
2111012210
1110122101
1101221011
1012210112
0122101120
1221011203
2210112031
2101120310
1011203101
0112031010
1120310101
1203101011
2031010111
0310101110
3101011103
1010111032
0101110323
1011103231
0111032311
1110323112
1103231121
1032311211
0323112110
3231121103
2311211032
3112110321
1121103211
1211032111
2110321111
1103211110
1032111102
0321111022
3211110223
2111102232
1111022321
1110223211
1102232110
1022321103
0223211031
2232110312
2321103122
3211031223
2110312230
1103122301
1031223013
0312230132
3122301322
1223013222
2230132221
2301322212
3013222122
0132221220
1322212202
3222122021
2221220210
2212202100
2122021000
1220210001
2202100012
2021000123
0210001232
2100012321
1000123211
0001232111
0012321110
0123211102
1232111021
2321110210
3211102103
2111021032
1110210322
1102103222
1021032220
0210322202
2103222021
1032220211
0322202110
3222021103
2220211032
2202110321
2021103212
0211032121
2110321210
1103212102
1032121020
0321210201
3212102012
2121020121
1210201211
2102012110
1020121101
0201211013
2012110131
0121101312
1211013122
2110131220
1101312201
1013122010
0131220100
1312201000
3122010003
1220100030
2201000301
2010003013
0100030131
1000301311
0003013110
0030131103
0301311032
3013110321
0131103211
1311032111
3110321111
1103211113
1032111133
0321111333
3211113331
2111133310
1111333102
1113331022
1133310223
1333102232
3331022322
3310223223
3102232232
1022322320
0223223201
2232232010
2322320101
3223201010
2232010102
2320101023
3201010230
2010102303
0101023033
1010230333
0102303330
1023033303
0230333033
2303330333
3033303333
0333033333
3330333331
3303333311
3033333110
0333331102
3333311020
3333110202
3331102020
3311020203
3110202031
1102020312
1020203121
0202031211
2020312111
0203121111
2031211110
0312111100
3121111000
1211110001
2111100013
1111000130
1110001301
1100013012
1000130120
0001301202
0013012023
0130120233
1301202333
3012023333
0120233330
1202333303
2023333030
0233330300
2333303000
3333030000
3330300000
3303000001
3030000012
0300000121
3000001210
0000012102
0000121020
0001210203
0012102032
0121020323
1210203231
2102032310
1020323102
0203231020
2032310201
0323102011
3231020112
2310201121
3102011211
1020112110
0201121103
2011211033
0112110333
1121103330
1211033301
2110333013
1103330133
1033301330
0333013303
3330133032
3301330321
3013303210
0133032100
1330321001
3303210011
3032100111
0321001113
3210011131
2100111310
1001113103
0011131030
0111310300
1113103002
1131030020
1310300201
3103002010
1030020102
0300201022
3002010221
0020102213
0201022130
2010221303
0102213031
1022130310
0221303103
2213031032
2130310322
1303103220
3031032201
0310322013
3103220131
1032201313
0322013132
3220131321
2201313211
2013132112
0131321120
1313211201
3132112010
1321120103
3211201032
2112010321
1120103210
1201032102
2010321023
0103210233
1032102330
0321023300
3210233001
2102330012
1023300121
0233001213
2330012133
3300121330
3001213300
0012133003
0121330032
1213300320
2133003200
1330032000
3300320003
3003200031
0032000313
0320003130
3200031301
2000313010
0003130102
0031301021
0313010213
3130102132
1301021322
3010213223
0102132233
1021322331
0213223310
2132233101
1322331012
3223310121
2233101212
2331012121
3310121210
3101212101
1012121010
0121210103
1212101033
2121010333
1210103332
2101033321
1010333211
0103332113
1033321130
0333211301
3332113013
3321130133
3211301331
2113013310
1130133102
1301331020
3013310201
0133102012
1331020121
3310201210
3102012100
1020121001
0201210012
2012100121
0121001211
1210012112
2100121121
1001211210
0012112100
0121121001
1211210013
2112100133
1121001332
1210013322
2100133220
1001332200
0013322002
0133220020
1332200200
3322002001
3220020012
2200200121
2002001211
0020012112
0200121123
2001211232
0012112321
0121123212
1211232121
2112321211
1123212110
1232121101
2321211010
3212110100
2121101001
1211010011
2110100113
1101001131
1010011310
0100113102
1001131023
0011310231
0113102313
1131023132
1310231321
3102313210
1023132101
0231321010
2313210100
3132101002
1321010023
3210100232
2101002321
1010023213
0100232133
1002321333
0023213332
0232133323
2321333232
3213332321
2133323212
1333232121
3332321212
3323212123
3232121232
2321212322
3212123220
2121232202
1212322020
2123220200
1232202001
2322020012
3220200123
2202001232
2020012320
0200123200
2001232002
0012320022
0123200222
1232002221
2320022212
3200222121
2002221211
0022212112
0222121123
2221211232
2212112323
2121123232
1211232322
2112323220
1123232201
1232322011
2323220112
3232201123
2322011232
3220112322
2201123220
2011232201
0112322012
1123220120
1232201202
2322012022
3220120223
2201202232
2012022322
0120223220
1202232202
2022322023
0223220230
2232202301
2322023011
3220230110
2202301102
2023011020
0230110200
2301102000
3011020001
0110200012
1102000121
1020001210
0200012102
2000121022
0001210223
0012102231
0121022312
1210223121
2102231210
1022312100
0223121000
2231210000
2312100002
3121000020
1210000203
2100002031
1000020310
0000203101
0002031010
0020310102
0203101022
2031010220
0310102200
3101022002
1010220023
0102200231
1022002311
0220023112
2200231123
2002311231
0023112312
0231123121
2311231213
3112312131
1123121312
1231213123
2312131231
3121312310
1213123100
2131231002
1312310020
3123100200
1231002001
2310020011
3100200113
1002001132
0020011321
0200113211
2001132111
0011321113
0113211131
1132111311
1321113110
3211131102
2111311023
1113110231
1131102313
1311023132
3110231322
1102313222
1023132221
0231322213
2313222130
3132221303
1322213032
3222130322
2221303220
2213032200
2130322001
1303220013
3032200132
0322001321
3220013210
2200132101
2001321013
0013210130
0132101300
1321013000
3210130001
2101300012
1013000121
0130001213
1300012130
3000121302
0001213021
0012130213
0121302133
1213021330
2130213301
1302133010
3021330102
0213301022
2133010221
1330102211
3301022112
3010221121
0102211212
1022112121
0221121213
2211212132
2112121322
1121213221
1212132210
2121322102
1213221020
2132210202
1322102020
3221020201
2210202010
2102020103
1020201031
0202010311
2020103111
0201031113
2010311132
0103111321
1031113211
0311132113
3111321133
1113211333
1132113332
1321133321
3211333213
2113332132
1133321322
1333213222
3332132223
3321322230
3213222300
2132223001
1322230011
3222300111
2223001111
2230011112
2300111122
3001111221
0011112211
0111122113
1111221131
1112211310
1122113103
1221131032
2211310322
2113103222
1131032221
1310322212
3103222122
1032221221
0322212212
3222122122
2221221221
2212212212
2122122121
1221221211
2212212110
2122121101
1221211012
2212110122
2121101222
1211012221
2110122211
1101222111
1012221112
0122211120
1222111203
2221112032
2211120322
2111203222
1112032220
1120322202
1203222022
2032220221
0322202212
3222022122
2220221221
2202212213
2022122132
0221221321
2212213211
2122132110
1221321101
2213211012
2132110122
1321101221
3211012211
2110122113
1101221131
1012211311
0122113113
1221131132
2211311322
2113113222
1131132221
1311322212
3113222122
1132221220
1322212202
3222122020
2221220201
2212202011
2122020111
1220201112
2202011123
2020111231
0201112311
2011123110
0111231103
1112311032
1123110321
1231103213
2311032132
3110321320
1103213201
1032132012
0321320122
3213201222
2132012221
1320122212
3201222122
2012221220
0122212200
1222122002
2221220023
2212200231
2122002311
1220023112
2200231121
2002311211
0023112111
0231121112
2311211122
3112111220
1121112201
1211122013
2111220131
1112201313
1122013133
1220131330
2201313302
2013133022
0131330221
1313302212
3133022122
1330221221
3302212210
3022122102
0221221021
2212210211
2122102111
1221021111
2210211111
2102111111
1021111112
0211111122
2111111222
1111112221
1111122210
1111222101
1112221012
1122210121
1222101213
2221012132
2210121320
2101213202
1012132021
0121320212
1213202122
2132021221
1320212210
3202122102
2021221021
0212210211
2122102111
1221021112
2210211121
2102111211
1021112111
0211121110
2111211101
1112111013
1121110131
1211101313
2111013132
1110131321
1101313213
1013132132
0131321321
1313213210
3132132101
1321321013
3213210131
2132101311
1321013112
3210131121
2101311211
1013112111
0131121110
1311211101
3112111012
1121110120
1211101202
2111012022
1110120220
1101202202
1012022021
0120220213
1202202131
2022021310
0220213100
2202131001
2021310012
0213100122
2131001220
1310012200
3100122001
1001220012
0012200121
0122001213
1220012132
2200121322
2001213220
0012132201
0121322011
1213220110
2132201101
1322011011
3220110113
2201101132
2011011322
0110113220
1101132201
1011322010
0113220101
1132201011
1322010110
3220101100
2201011001
2010110012
0101100122
1011001220
0110012201
1100122010
1001220101
0012201012
0122010122
1220101221
2201012210
2010122102
0101221021
1012210211
0122102111
1221021111
2210211110
2102111102
1021111020
0211110203
2111102030
1111020301
1110203013
1102030131
1020301311
0203013111
2030131111
0301311110
3013111101
0131111011
1311110110
3111101102
1111011023
1110110230
1101102301
1011023010
0110230101
1102301010
1023010103
0230101032
2301010322
3010103222
0101032223
1010322233
0103222333
1032223333
0322233331
3222333311
2223333110
2233331102
2333311023
3333110233
3331102333
3311023331
3110233313
1102333133
1023331333
0233313330
2333133300
3331333000
3313330003
3133300033
1333000333
3330003333
3300033332
3000333321
0003333210
0033332101
0333321010
3333210103
3332101032
3321010320
3210103201
2101032010
1010320100
0103201000
1032010001
0320100013
3201000133
2010001330
0100013300
1000133002
0001330023
0013300232
0133002322
1330023221
3300232211
3002322112
0023221121
0232211211
2322112111
3221121112
2211211123
2112111231
1121112311
1211123110
2111231101
1112311012
1123110123
1231101232
2311012320
3110123200
1101232002
1012320022
0123200220
1232002202
2320022022
3200220220
2002202202
0022022021
0220220211
2202202112
2022021121
0220211213
2202112131
2021121310
0211213100
2112131001
1121310010
1213100103
2131001032
1310010322
3100103220
1001032201
0010322012
0103220120
1032201201
0322012012
3220120120
2201201201
2012012012
0120120120
1201201201
2012012013
0120120132
1201201323
2012013231
0120132311
1201323112
2013231120
0132311203
1323112032
3231120323
2311203231
3112032310
1120323101
1203231013
2032310132
0323101322
3231013223
2310132232
3101322320
1013223201
0132232012
1322320120
3223201201
2232012012
2320120122
3201201221
2012012211
0120122110
1201221100
2012211003
0122110031
1221100310
2211003101
2110031010
1100310102
1003101023
0031010231
0310102311
3101023112
1010231122
0102311220
1023112202
0231122021
2311220213
3112202132
1122021322
1220213220
2202132201
2021322012
0213220120
2132201201
1322012012
3220120120
2201201201
2012012011
0120120112
1201201122
2012011222
0120112220
1201122202
2011222021
0112220213
1122202132
1222021322
2220213220
2202132202
2021322022
0213220220
2132202200
1322022002
3220220022
2202200222
2022002220
0220022200
2200222001
2002220013
0022200133
0222001330
2220013303
2200133031
2001330310
0013303102
0133031020
1330310200
3303102002
3031020020
0310200201
3102002011
1020020113
0200201131
2002011312
0020113120
0201131202
2011312023
0113120232
1131202320
1312023201
3120232013
1202320132
2023201322
0232013222
2320132222
3201322220
2013222200
0132222003
1322220032
3222200322
2222003222
2220032220
2200322201
2003222010
0032220102
0322201023
3222010233
2220102333
2201023333
2010233333
0102333332
1023333323
0233333233
2333332331
3333323311
3333233112
3332331120
3323311201
3233112012
2331120123
3311201232
3112012323
1120123231
1201232311
2012323111
0123231111
1232311111
2323111111
3231111111
2311111111
3111111111
1111111110
1111111101
1111111011
1111110110
1111101100
1111011001
1110110011
1101100110
1011001100
0110011001
1100110011
1001100111
0011001112
0110011121
1100111213
1001112131
0011121311
0111213111
1112131113
1121311131
1213111311
2131113110
1311131101
3111311010
1113110101
1131101010
1311010101
3110101010
1101010101
1010101010
0101010101
1010101010
0101010101
1010101012
0101010121
1010101211
0101012111
1010121111
0101211112
1012111123
0121111231
1211112312
2111123121
1111231210
1112312101
1123121013
1231210132
2312101323
3121013233
1210132333
2101323333
1013233333
0132333333
1323333331
3233333313
2333333131
3333331310
3333313101
3333131010
3331310101
3313101010
3131010102
1310101020
3101010201
1010102011
0101020113
1010201131
0102011311
1020113113
0201131132
2011311321
0113113210
1131132100
1311321002
3113210020
1132100201
1321002013
3210020130
2100201302
1002013020
0020130200
0201302000
2013020001
0130200011
1302000110
3020001101
0200011013
2000110131
0001101311
0011013110
0110131101
1101311010
1013110102
0131101023
1311010231
3110102311
1101023110
1010231101
0102311012
1023110120
0231101200
2311012000
3110120000
1101200000
1012000001
0120000010
1200000101
2000001010
0000010102
0000101021
0001010213
0010102132
0101021320
1010213201
0102132013
1021320131
0213201311
2132013111
1320131113
3201311131
2013111313
0131113133
1311131333
3111313332
1113133321
1131333211
1313332113
3133321131
1333211312
3332113120
3321131203
3211312031
2113120310
1131203101
1312031011
3120310110
1203101101
2031011013
0310110132
3101101322
1011013222
0110132220
1101322201
1013222013
0132220130
1322201303
3222013033
2220130333
2201303330
2013033303
0130333033
1303330332
3033303320
0333033202
3330332021
3303320210
3033202103
0332021032
3320210321
3202103210
2021032103
0210321031
2103210311
1032103112
0321031122
3210311220
2103112203
1031122032
0311220322
3112203220
1122032202
1220322020
2203220201
2032202011
0322020110
3220201102
2202011023
2020110231
0201102311
2011023110
0110231100
1102311000
1023110002
0231100022
2311000220
3110002200
1100022001
1000220013
0002200131
0022001313
0220013133
2200131333
2001313332
0013133323
0131333233
1313332332
3133323321
1333233210
3332332102
3323321021
3233210211
2332102111
3321021113
3210211133
2102111333
1021113333
0211133332
2111333322
1113333220
1133332201
1333322011
3333220111
3332201111
3322011111
3220111111
2201111112
2011111120
0111111200
1111112001
1111120011
1111200111
1112001111
1120011111
1200111111
2001111111
0011111111
0111111111
1111111111
1111111111
1111111111
1111111111
1111111111
1111111111
1111111111
1111111111
1111111111
1111111111
1111111112
1111111120
1111111200
1111112001
1111120010
1111200103
1112001032
1120010320
1200103201
2001032010
0010320103
0103201032
1032010322
0320103222
3201032221
2010322210
0103222103
1032221032
0322210320
3222103202
2221032022
2210320223
2103202232
1032022323
0320223231
3202232313
2022323132
0223231322
2232313223
2323132233
3231322331
2313223310
3132233100
1322331000
3223310000
2233100003
2331000032
3310000320
3100003200
1000032001
0000320013
0003200131
0032001313
0320013133
3200131331
2001313313
0013133132
0131331320
1313313202
3133132020
1331320201
3313202011
3132020113
1320201130
3202011303
2020113033
0201130333
2011303331
0113033310
1130333101
1303331013
3033310130
0333101303
3331013030
3310130302
3101303020
1013030201
0130302012
1303020122
3030201221
0302012212
3020122123
0201221232
2012212322
0122123221
1221232211
2212322110
2123221101
1232211012
2322110123
3221101231
2211012310
2110123101
1101231010
1012310102
0123101023
1231010230
2310102301
3101023012
1010230120
0102301202
1023012022
0230120220
2301202203
3012022032
0120220322
1202203221
2022032212
0220322122
2203221220
2032212201
0322122013
3221220131
2212201310
2122013101
1220131010
2201310101
2013101012
0131010121
1310101212
3101012121
1010121212
0101212122
1012121220
0121212202
1212122020
2121220202
1212202020
2122020200
1220202000
2202020001
2020200010
0202000101
2020001011
0200010110
2000101101
0001011012
0010110120
0101101202
1011012021
0110120210
1101202102
1012021022
0120210223
1202102231
2021022310
0210223103
2102231032
1022310323
0223103233
2231032331
2310323311
3103233111
1032331112
0323311122
3233111223
2331112232
3311122320
3111223200
1112232000
1122320002
1223200021
2232000213
2320002130
3200021300
2000213002
0002130021
0021300212
0213002122
2130021221
1300212211
3002122113
0021221132
0212211320
2122113203
1221132030
2211320303
2113203030
1132030301
1320303013
3203030132
2030301321
0303013211
3030132110
0301321100
3013211000
0132110000
1321100000
3211000000
2110000000
1100000002
1000000020
0000000200
0000002000
0000020000
0000200000
0002000000
0020000000
0200000000
2000000000
0000000000
0000000002
0000000020
0000000200
0000002002
0000020020
0000200201
0002002012
0020020123
0200201233
2002012333
0020123333
0201233330
2012333303
0123333032
1233330323
2333303233
3333032333
3330323332
3303233323
3032333232
0323332320
3233323200
2333232003
3332320030
3323200300
3232003003
2320030031
3200300311
2003003110
0030031100
0300311001
3003110011
0031100111
0311001111
3110011110
1100111101
1001111010
0011110102
0111101023
1111010230
1110102302
1101023023
1010230233
0102302332
1023023323
0230233233
2302332330
3023323300
0233233003
2332330032
3323300323
3233003231
2330032313
3300323130
3003231302
0032313020
0323130202
3231302020
2313020201
3130202010
1302020100
3020201003
0202010033
2020100332
0201003321
2010033213
0100332132
1003321322
0033213223
0332132233
3321322331
3213223310
2132233100
1322331003
3223310033
2233100331
2331003310
3310033100
3100331002
1003310023
0033100233
0331002332
3310023323
3100233233
1002332330
0023323301
0233233013
2332330131
3323301313
3233013132
2330131323
3301313233
3013132333
0131323333
1313233331
3132333310
1323333103
3233331033
2333310333
3333103332
3331033321
3310333210
3103332101
1033321010
0333210102
3332101022
3321010220
3210102202
2101022023
1010220230
0102202302
1022023023
0220230231
2202302313
2023023131
0230231310
2302313102
3023131020
0231310200
2313102000
3131020003
1310200033
3102000333
1020003332
0200033323
2000333232
0003332323
0033323231
0333232310
3332323101
3323231013
3232310132
2323101321
3231013211
2310132113
3101321132
1013211323
0132113230
1321132303
3211323032
2113230323
1132303233
1323032332
3230323321
2303233213
3032332131
0323321313
3233213130
2332131301
3321313013
3213130130
2131301303
1313013030
3130130300
1301303003
3013030030
0130300300
1303003000
3030030000
0300300000
3003000000
0030000000
0300000000
3000000001
0000000011
0000000110
0000001102
0000011023
0000110230
0001102303
0011023030
0110230303
1102303033
1023030332
