2231110221
2311102210
3111022102
1110221023
1102210233
1022102330
0221023302
2210233021
2102330213
1023302130
0233021301
2330213011
3302130113
3021301133
0213011332
2130113321
1301133211
3011332113
0113321133
1133211330
1332113300
3321133002
3211330023
2113300231
1133002310
1330023101
3300231013
3002310132
0023101321
0231013213
2310132132
3101321321
1013213211
0132132111
1321321111
3213211113
2132111132
1321111320
3211113201
2111132010
1111320102
1113201023
1132010232
1320102320
3201023203
2010232033
0102320333
1023203333
0232033332
2320333320
3203333200
2033332002
0333320023
3333200232
3332002320
3320023202
3200232022
2002320222
0023202221
0232022212
2320222122
3202221222
2022212221
0222122213
2221222132
2212221320
2122213201
1222132013
2221320131
2213201310
2132013100
1320131001
3201310011
2013100113
0131001132
1310011321
3100113211
1001132110
0011321101
0113211013
1132110131
1321101311
3211013111
2110131111
1101311112
1013111121
0131111213
1311112131
3111121310
1111213102
1112131022
1121310221
1213102211
2131022113
1310221131
3102211311
1022113110
0221131101
2211311012
2113110122
1131101222
1311012220
3110122202
1101222021
1012220212
0122202121
1222021212
2220212121
2202121211
2021212113
0212121131
2121211313
1212113130
2121131301
1211313013
2113130131
1131301313
1313013133
3130131332
1301313321
3013133212
0131332121
1313321212
3133212121
1332121210
3321212102
3212121023
2121210231
1212102310
2121023101
1210231012
2102310121
1023101213
0231012133
2310121333
3101213330
1012133301
0121333013
1213330130
2133301301
1333013011
3330130110
3301301100
3013011001
0130110010
1301100102
3011001022
0110010221
1100102210
1001022101
0010221013
0102210133
1022101330
0221013300
2210133001
2101330013
1013300131
0133001311
1330013110
3300131102
3001311022
0013110222
0131102220
1311022202
3110222022
1102220220
1022202200
0222022002
2220220023
2202200231
2022002310
0220023101
2200231010
2002310102
0023101020
0231010202
2310102020
3101020203
1010202033
0102020332
1020203322
0202033222
2020332220
0203322200
2033222000
0332220001
3322200012
3222000120
2220001202
2200012021
2000120210
0001202102
0012021022
0120210222
1202102220
2021022201
0210222013
2102220131
1022201311
0222013110
2220131100
2201311000
2013110001
0131100012
1311000123
3110001232
1100012321
1000123211
0001232110
0012321100
0123211000
1232110003
2321100030
3211000300
2110003000
1100030000
1000300000
0003000000
0030000000
0300000000
3000000000
0000000000
0000000000
0000000000
0000000000
0000000002
0000000020
0000000200
0000002002
0000020020
0000200202
0002002020
0020020200
0200202002
2002020022
0020200222
0202002220
2020022200
0200222000
2002220000
0022200000
0222000001
2220000011
2200000113
2000001133
0000011330
0000113301
0001133011
0011330110
0113301100
1133011002
1330110022
3301100222
3011002220
0110022201
1100222012
1002220122
0022201222
0222012220
2220122202
2201222022
2012220220
0122202200
1222022002
2220220023
2202200232
2022002323
0220023232
2200232320
2002323200
0023232001
0232320012
2323200121
3232001210
2320012102
3200121021
2001210210
0012102103
0121021033
1210210333
2102103331
1021033311
0210333111
2103331113
1033311131
0333111310
3331113102
3311131023
3111310232
1113102322
1131023222
1310232220
3102322200
1023222001
0232220010
2322200102
3222001023
2220010230
2200102300
2001023000
0010230000
0102300000
1023000001
0230000010
2300000103
3000001031
0000010313
0000103130
0001031300
0010313001
0103130013
1031300133
0313001333
3130013330
1300133300
3001333003
0013330030
0133300303
1333003032
3330030322
3300303220
3003032201
0030322013
0303220130
3032201302
0322013020
3220130202
2201302020
2013020201
0130202012
1302020121
3020201213
0202012131
2020121312
0201213122
2012131223
0121312231
1213122312
2131223121
1312231210
3122312102
1223121021
2231210210
2312102102
3121021020
1210210203
2102102032
1021020322
0210203220
2102032202
1020322022
0203220221
2032202212
0322022122
3220221221
2202212212
2022122120
0221221202
2212212020
2122120200
1221202002
2212020023
2120200233
1202002333
2020023332
0200233321
2002333213
0023332132
0233321323
2333213233
3332132333
3321323332
3213233323
2132333231
1323332312
3233323122
2333231222
3332312222
3323122221
3231222211
2312222112
3122221123
1222211232
2222112321
2221123213
2211232132
2112321321
1123213213
1232132131
2321321312
3213213122
2132131220
1321312202
3213122023
2131220232
1312202320
3122023201
1220232012
2202320122
2023201221
0232012211
2320122112
3201221121
2012211211
0122112113
1221121133
2211211332
2112113322
1121133222
1211332220
2113322200
1133222002
1332220020
3322200202
3222002020
2220020200
2200202002
2002020023
0020200232
0202002323
2020023232
0200232321
2002323211
0023232113
0232321132
2323211322
3232113222
2321132223
3211322230
2113222301
1132223010
1322230102
3222301020
2223010201
2230102010
2301020103
3010201032
0102010320
1020103200
0201032002
2010320021
0103200213
1032002130
0320021302
3200213021
2002130211
0021302111
0213021113
2130211132
1302111321
3021113211
0211132111
2111321113
1113211131
1132111313
1321113130
3211131302
2111313021
1113130211
1131302113
1313021131
3130211312
1302113120
3021131200
0211312000
2113120000
1131200001
1312000011
3120000110
1200001101
2000011013
0000110131
0001101313
0011013132
0110131320
1101313202
1013132020
0131320201
1313202011
3132020111
1320201113
3202011132
2020111321
0201113212
2011132122
0111321221
1113212213
1132122130
1321221301
3212213013
2122130131
1221301313
2213013130
2130131301
1301313010
3013130101
0131301011
1313010112
3130101122
1301011221
3010112213
0101122132
1011221321
0112213211
1122132110
1221321102
2213211022
2132110223
1321102231
3211022312
2110223123
1102231231
1022312311
0223123110
2231231103
2312311032
3123110322
1231103221
2311032210
3110322100
1103221001
1032210011
0322100113
3221001132
2210011322
2100113220
1001132202
0011322020
0113220203
1132202033
1322020330
3220203301
2202033010
2020330101
0203301010
2033010101
0330101011
3301010113
3010101133
0101011331
1010113310
0101133101
1011331012
0113310122
1133101220
1331012201
3310122010
3101220102
1012201021
0122010211
1220102113
2201021132
2010211320
0102113201
1021132011
0211320113
2113201131
1132011313
1320113131
3201131311
2011313113
0113131133
1131311331
1313113311
3131133113
1311331130
3113311301
1133113010
1331130102
3311301022
3113010222
1130102222
1301022220
3010222203
0102222033
1022220332
0222203323
2222033232
2220332322
2203323220
2033232200
0332322002
3323220023
3232200232
2322002321
3220023210
2200232102
2002321022
0023210222
0232102221
2321022213
3210222130
2102221303
1022213032
0222130323
2221303233
2213032331
2130323313
1303233133
3032331332
0323313323
3233133230
2331332302
3313323021
3133230211
1332302111
3323021110
3230211103
2302111032
3021110323
0211103233
2111032333
1110323331
1103233310
1032333102
0323331023
3233310232
2333102320
3331023202
3310232023
3102320233
1023202333
0232023332
2320233321
3202333213
2023332132
0233321321
2333213211
3332132113
3321321133
3213211333
2132113332
1321133322
3211333220
2113332201
1133322010
1333220100
3332201001
3322010011
3220100113
2201001133
2010011331
0100113312
1001133122
0011331220
0113312203
1133122031
1331220310
3312203103
3122031031
1220310311
2203103112
2031031120
0310311202
3103112022
1031120221
0311202210
3112022102
1120221021
1202210211
2022102110
0221021102
2210211021
2102110213
1021102132
0211021323
2110213230
1102132301
1021323010
0213230100
2132301001
1323010013
3230100131
2301001311
3010013110
0100131102
1001311021
0013110213
0131102130
1311021303
3110213032
1102130321
1021303211
0213032111
2130321113
1303211132
3032111322
0321113221
3211132213
2111322132
1113221323
1132213232
1322132321
3221323213
2213232132
2132321322
1323213220
3232132203
2321322030
3213220300
2132203003
1322030030
3220300301
2203003013
2030030131
0300301313
3003013132
0030131320
0301313200
3013132003
0131320032
1313200322
3132003220
1320032201
3200322010
2003220102
0032201022
0322010222
3220102220
2201022201
2010222013
0102220131
1022201310
0222013102
2220131023
2201310230
2013102301
0131023012
1310230121
3102301213
1023012133
0230121331
2301213312
3012133122
0121331221
1213312213
2133122133
1331221331
3312213312
3122133123
1221331230
2213312302
2133123021
1331230211
3312302113
3123021131
1230211310
2302113101
3021131010
0211310102
2113101020
1131010202
1310102020
3101020203
1010202031
0102020311
1020203113
0202031132
2020311323
0203113233
2031132332
0311323322
3113233222
1132332223
1323322232
3233222322
2332223222
3322232222
3222322223
2223222232
2232222323
2322223230
3222232303
2222323030
2223230303
2232303031
2323030313
3230303132
2303031322
3030313222
0303132222
3031322222
0313222220
3132222200
1322222001
3222220011
2222200111
2222001111
2220011111
2200111110
2001111102
0011111021
0111110213
1111102132
1111021323
1110213232
1102132321
1021323213
0213232133
2132321331
1323213311
3232133111
2321331110
3213311102
2133111020
1331110200
3311102001
3111020011
1110200111
1102001110
1020011100
0200111003
2001110030
0011100300
0111003001
1110030010
1100300103
1003001030
0030010300
0300103003
3001030032
0010300323
0103003232
1030032322
0300323220
3003232200
0032322002
0323220022
3232200220
2322002201
3220022010
2200220101
2002201011
0022010113
0220101133
2201011332
2010113322
0101133220
1011332203
0113322032
1133220320
1332203202
3322032021
3220320210
2203202102
2032021020
0320210200
3202102001
2021020010
0210200103
2102001031
1020010311
0200103110
2001031101
0010311012
0103110121
1031101213
0311012132
3110121322
1101213222
1012132220
0121322200
1213222002
2132220023
1322200230
3222002301
2220023011
2200230110
2002301100
0023011001
0230110013
2301100132
3011001321
0110013210
1100132102
1001321022
0013210221
0132102213
1321022131
3210221312
2102213122
1022131222
0221312221
2213122211
2131222113
1312221131
3122211313
1222113130
2221131300
2211313001
2113130013
1131300132
1313001323
3130013231
1300132311
3001323112
0013231120
0132311202
1323112023
3231120233
2311202332
3112023323
1120233233
1202332331
2023323311
0233233111
2332331111
3323311113
3233111130
2331111301
3311113010
3111130103
1111301032
1113010323
1130103230
1301032300
3010323002
0103230020
1032300200
0323002001
3230020012
2300200122
3002001221
0020012213
0200122132
2001221321
0012213213
0122132132
1221321322
2213213222
2132132222
1321322223
3213222232
2132222320
1322223200
3222232000
2222320001
2223200013
2232000132
2320001321
3200013210
2000132101
0001321010
0013210100
0132101002
1321010020
3210100201
2101002013
1010020132
0100201321
1002013211
0020132110
0201321100
2013211000
0132110003
1321100033
3211000333
2110003333
1100033332
1000333320
0003333201
0033332011
0333320111
3333201112
3332011123
3320111230
3201112301
2011123013
0111230130
1112301300
1123013001
1230130013
2301300132
3013001323
0130013232
1300132321
3001323212
0013232123
0132321231
1323212313
3232123132
2321231322
3212313221
2123132213
1231322132
2313221323
3132213231
1322132310
3221323102
2213231021
2132310212
1323102122
3231021223
2310212232
3102122323
1021223230
0212232300
2122323002
1223230022
2232300222
2323002221
3230022210
2300222103
3002221031
0022210311
0222103113
2221031132
2210311321
2103113211
1031132111
0311321110
3113211100
1132111003
1321110032
3211100320
2111003201
1110032013
1100320132
1003201321
0032013213
0320132132
3201321323
2013213231
0132132310
1321323103
3213231030
2132310303
1323103032
3231030321
2310303210
3103032102
1030321023
0303210232
3032102323
0321023232
3210232321
2102323213
1023232132
0232321321
2323213210
3232132102
2321321022
3213210220
2132102203
1321022032
3210220321
2102203210
1022032101
0220321010
2203210102
2032101022
0321010220
3210102201
2101022011
1010220111
0102201110
1022011100
0220111000
2201110002
2011100020
0111000201
1110002013
1100020131
1000201310
0002013102
0020131020
0201310201
2013102013
0131020132
1310201323
3102013231
1020132313
0201323132
2013231322
0132313221
1323132210
3231322103
2313221032
3132210323
1322103231
3221032312
2210323123
2103231231
1032312310
0323123101
3231231013
2312310133
3123101331
1231013310
2310133100
3101331001
1013310012
0133100120
1331001201
3310012010
3100120102
1001201023
0012010232
0120102322
1201023223
2010232232
0102322323
1023223232
0232232323
2322323232
3223232323
2232323230
2323232300
3232323002
2323230022
3232300220
2323002201
3230022010
2300220100
3002201001
0022010013
0220100132
2201001323
2010013231
0100132311
1001323111
0013231111
0132311111
1323111110
3231111101
2311111011
3111110111
1111101110
1111011101
1110111013
1101110130
1011101303
0111013033
1110130333
1101303330
1013033301
0130333012
1303330120
3033301201
0333012011
3330120111
3301201111
3012011112
0120111123
1201111231
2011112310
0111123101
1111231011
1112310113
1123101133
1231011333
2310113331
3101133310
1011333102
0113331020
1133310201
1333102011
3331020110
3310201100
3102011000
1020110001
0201100011
2011000111
0110001110
1100011100
1000111001
0001110011
0011100111
0111001110
1110011100
1100111000
1001110001
0011100010
0111000100
1110001002
1100010020
1000100200
0001002002
0010020023
0100200233
1002002331
0020023310
0200233102
2002331021
0023310213
0233102133
2331021333
3310213332
3102133322
1021333220
0213332202
2133322021
1333220211
3332202110
3322021101
3220211011
2202110113
2021101132
0211011321
2110113212
1101132123
1011321231
0113212310
1132123100
1321231000
3212310000
2123100001
1231000010
2310000103
3100001032
1000010323
0000103231
0001032311
0010323113
0103231133
1032311330
0323113303
3231133030
2311330300
3113303001
1133030013
1330300130
3303001301
3030013011
0300130113
3001301130
0013011302
0130113021
1301130213
3011302130
0113021303
1130213032
1302130322
3021303220
0213032203
2130322032
1303220323
3032203232
0322032322
3220323221
2203232211
2032322113
0323221132
3232211321
2322113210
3221132101
2211321013
2113210133
1132101333
1321013332
3210133322
2101333223
1013332233
0133322333
1333223332
3332233323
3322333231
3223332311
2233323113
2333231130
3332311300
3323113000
3231130002
2311300021
3113000211
1130002110
1300021100
3000211001
0002110011
0021100110
0211001102
2110011022
1100110220
1001102200
0011022002
0110220023
1102200233
1022002330
0220023303
2200233031
2002330310
0023303101
0233031011
2330310110
3303101101
3031011011
0310110110
3101101100
1011011003
0110110031
1101100311
1011003113
0110031132
1100311320
1003113203
0031132032
0311320322
3113203222
1132032220
1320322200
3203222003
2032220032
0322200320
3222003200
2220032000
2200320003
2003200032
0032000321
0320003210
3200032102
2000321020
0003210200
0032102000
0321020003
3210200032
2102000323
1020003232
0200032320
2000323200
0003232000
0032320000
0323200002
3232000023
2320000232
3200002323
2000023232
0000232320
0002323200
0023232002
0232320022
2323200220
3232002202
2320022020
3200220201
2002202013
0022020132
0220201323
2202013231
2020132311
0201323111
2013231110
0132311100
1323111000
3231110002
2311100023
3111000232
1110002323
1100023232
1000232323
0002323233
0023232330
0232323303
2323233032
3232330322
2323303223
3233032231
2330322313
3303223133
3032231332
0322313322
3223133223
2231332230
2313322303
3133223032
1332230322
3322303220
3223032201
2230322010
2303220100
3032201001
0322010011
3220100113
2201001133
2010011332
0100113322
1001133223
0011332232
0113322323
1133223231
1332232310
3322323103
3223231032
2232310322
2323103220
3231032201
2310322010
3103220100
1032201001
0322010011
3220100110
2201001103
2010011032
0100110321
1001103213
0011032132
0110321323
1103213231
1032132310
0321323101
3213231011
2132310110
1323101103
3231011032
2310110322
3101103223
1011032230
0110322300
1103223001
1032230011
0322300113
3223001131
2230011311
2300113113
3001131131
0011311313
0113113130
1131131300
1311313003
3113130032
1131300323
1313003232
3130032322
1300323220
3003232200
0032322001
0323220010
3232200103
2322001033
3220010333
2200103331
2001033310
0010333100
0103331001
1033310010
0333100101
3331001013
3310010133
3100101332
1001013323
0010133230
0101332300
1013323000
0133230000
1332300000
3323000002
3230000020
2300000203
3000002033
0000020333
0000203333
0002033333
0020333332
0203333322
2033333221
0333332210
3333322102
3333221023
3332210231
3322102313
3221023132
2210231322
2102313221
1023132211
0231322113
2313221133
3132211331
1322113311
3221133113
2211331133
2113311331
1133113311
1331133111
3311331111
3113311110
1133111102
1331111020
3311110202
3111102023
1111020233
1110202333
1102023333
1020233332
0202333320
2023333202
0233332020
2333320202
3333202022
3332020222
3320202220
3202022201
2020222011
0202220110
2022201103
0222011032
2220110323
2201103232
2011032320
0110323201
1103232010
1032320100
0323201000
3232010001
2320100010
3201000101
2010001013
0100010133
1000101331
0001013310
0010133102
0101331022
1013310221
0133102211
1331022113
3310221132
3102211320
1022113201
0221132013
2211320133
2113201333
1132013331
1320133312
3201333120
2013331202
0133312021
1333120210
3331202102
3312021021
3120210213
1202102132
2021021320
0210213202
2102132023
1021320232
0213202321
2132023211
1320232113
3202321133
2023211331
0232113310
2321133100
3211331002
2113310020
1133100200
1331002001
3310020011
3100200113
1002001132
0020011322
0200113220
2001132200
0011322002
0113220020
1132200202
1322002020
3220020203
2200202033
2002020330
0020203301
0202033010
2020330102
0203301022
2033010223
0330102233
3301022330
3010223303
0102233033
1022330333
0223303332
2233033323
2330333230
3303332301
3033323010
0333230103
3332301033
3323010332
3230103320
2301033203
3010332032
0103320321
1033203211
0332032113
3320321132
3203211322
2032113221
0321132211
3211322110
2113221102
1132211020
1322110202
3221102020
2211020200
2110202001
1102020013
1020200132
0202001322
2020013222
0200132221
2001322213
0013222130
0132221300
1322213001
3222130013
2221300133
2213001330
2130013300
1300133002
3001330023
0013300232
0133002323
1330023232
3300232323
3002323233
0023232333
0232323332
2323233320
3232333202
2323332020
3233320200
2333202001
3332020011
3320200113
3202001132
2020011320
0200113200
2001132002
0011320022
0113200223
1132002232
1320022320
3200223203
2002232031
0022320310
0223203102
2232031020
2320310202
3203102022
2031020221
0310202210
3102022102
1020221022
0202210220
2022102203
0221022032
2210220321
2102203213
1022032131
0220321313
2203213130
2032131301
0321313010
3213130100
2131301002
1313010022
3130100222
1301002223
3010022232
0100222323
1002223232
0022232323
0222323233
2223232333
2232323333
2323233331
3232333310
2323333101
3233331013
2333310132
3333101322
3331013221
3310132211
3101322110
1013221103
0132211033
1322110331
3221103310
2211033102
2110331020
1103310200
1033102001
0331020013
3310200133
3102001330
1020013301
0200133010
2001330101
0013301010
0133010103
1330101031
3301010311
3010103110
0101031102
1010311023
0103110231
1031102313
0311023131
3110231313
1102313133
1023131332
0231313322
2313133222
3131332223
1313322233
3133222332
1332223321
3322233212
3222332123
2223321233
2233212331
2332123310
3321233101
3212331013
2123310130
1233101301
2331013012
3310130121
3101301210
1013012102
0130121023
1301210232
3012102323
0121023231
1210232310
2102323102
1023231023
0232310232
2323102322
3231023220
2310232202
3102322022
1023220223
0232202233
2322022333
3220223330
2202233302
2022333023
0223330233
2233302331
2333023313
3330233132
3302331323
3023313233
0233132331
2331323311
3313233110
3132331101
1323311010
3233110100
2331101003
3311010030
3110100300
1101003003
1010030033
0100300331
1003003311
0030033111
0300331110
3003311102
0033111023
0331110233
3311102332
3111023323
1110233232
1102332321
1023323213
0233232130
2332321301
3323213010
3232130101
2321301011
3213010110
2130101100
1301011003
3010110033
0101100331
1011003311
0110033111
1100331113
1003311132
0033111321
0331113211
3311132111
3111321113
1113211132
1132111322
1321113222
3211132222
2111322222
1113222220
1132222202
1322222023
3222220231
2222202313
2222023131
2220231311
2202313113
2023131131
0231311311
2313113110
3131131103
1311311031
3113110311
1131103111
1311031110
3110311101
1103111011
1031110111
0311101110
3111011102
1110111022
1101110222
1011102220
0111022201
1110222011
1102220113
1022201131
0222011310
2220113101
2201131013
2011310130
0113101301
1131013010
1310130103
3101301031
1013010312
0130103123
1301031231
3010312310
0103123100
1031231001
0312310011
3123100110
1231001101
2310011010
3100110100
1001101001
0011010011
0110100110
1101001100
1010011002
0100110020
1001100201
0011002012
0110020121
1100201211
1002012110
0020121100
0201211000
2012110002
0121100023
1211000231
2110002313
1100023132
1000231323
0002313232
0023132320
0231323202
2313232020
3132320201
1323202010
3232020102
2320201020
3202010200
2020102002
0201020022
2010200221
0102002211
1020022112
0200221123
2002211232
0022112323
0221123233
2211232333
2112323332
1123233321
1232333211
2323332110
3233321103
2333211031
3332110311
3321103112
3211031121
2110311213
1103112132
1031121323
0311213232
3112132323
1121323232
1213232320
2132323201
1323232012
3232320122
2323201222
3232012222
2320122222
3201222220
2012222203
0122222032
1222220323
2222203233
2222032332
2220323322
2203233222
2032332222
0323322221
3233222211
2332222111
3322221110
3222211102
2222111022
2221110222
2211102221
2111022211
1110222112
1102221120
1022211202
0222112021
2221120211
2211202110
2112021102
1120211023
1202110232
2021102323
0211023232
2110232323
1102323232
1023232323
0232323231
2323232311
3232323113
2323231132
3232311321
2323113210
3231132100
2311321002
3113210022
1132100221
1321002213
3210022133
2100221333
1002213331
0022133311
0221333110
2213331100
2133311001
1333110012
3331100120
3311001202
3110012022
1100120221
1001202210
0012022101
0120221013
1202210132
2022101320
0221013202
2210132023
2101320232
1013202323
0132023232
1320232323
3202323230
2023232302
0232323020
2323230201
3232302011
2323020110
3230201102
2302011023
3020110232
0201102323
2011023232
0110232320
1102323201
1023232010
0232320103
2323201031
3232010313
2320103130
3201031303
2010313031
0103130310
1031303102
0313031022
3130310222
1303102222
3031022223
0310222231
3102222313
1022223132
0222231323
2222313232
2223132321
2231323212
2313232123
3132321232
1323212320
3232123200
2321232003
3212320030
2123200301
1232003010
2320030100
3200301000
2003010002
0030100020
0301000203
3010002032
0100020322
1000203220
0002032203
0020322031
0203220310
2032203103
0322031033
3220310332
2203103323
2031033232
0310332323
3103323232
1033232323
0332323231
3323232312
3232323121
2323231211
3232312113
2323121132
3231211323
2312113231
3121132310
1211323101
2113231012
1132310122
1323101220
3231012202
2310122020
3101220202
1012202023
0122020232
1220202323
2202023231
2020232312
0202323122
2023231221
0232312211
2323122113
3231221131
2312211313
3122113131
1221131310
2211313100
2113131003
1131310032
1313100322
3131003221
1310032213
3100322131
1003221313
0032213132
0322131321
3221313211
2213132113
2131321131
1313211311
3132113113
1321131132
3211311323
2113113231
1131132310
1311323103
3113231032
1132310322
1323103221
3231032212
2310322121
3103221212
1032212122
0322121222
3221212220
2212122201
2121222011
1212220111
2122201110
1222011100
2220111001
2201110011
2011100110
0111001102
1110011023
1100110232
1001102321
0011023210
0110232101
1102321010
1023210102
0232101020
2321010202
3210102023
2101020232
1010202323
0102023231
1020232310
0202323102
2023231020
0232310200
2323102001
3231020013
2310200133
3102001331
1020013311
0200133110
2001331102
0013311022
0133110220
1331102201
3311022012
3110220122
1102201223
1022012232
0220122320
2201223202
2012232023
0122320231
1223202313
2232023133
2320231332
3202313323
2023133232
0231332323
2313323232
3133232322
1332323220
3323232203
3232322031
2323220310
3232203103
2322031033
3220310332
2203103323
2031033231
0310332311
3103323110
1033231100
0332311002
3323110023
3231100232
2311002322
3110023223
1100232232
1002322323
0023223232
0232232320
2322323200
3223232002
2232320022
2323200220
3232002202
2320022022
3200220220
2002202203
0022022031
0220220310
2202203102
2022031021
0220310210
2203102103
2031021030
0310210301
3102103013
1021030132
0210301323
2103013232
1030132323
0301323232
3013232322
0132323220
1323232200
3232322002
2323220023
3232200230
2322002301
3220023010
2200230102
2002301021
0023010210
0230102100
2301021003
3010210032
0102100321
1021003213
0210032130
2100321301
1003213010
0032130102
0321301022
3213010222
2130102221
1301022210
3010222101
0102221013
1022210132
0222101323
2221013231
2210132313
2101323132
1013231321
0132313211
1323132113
3231321133
2313211332
3132113321
1321133210
3211332100
2113321001
1133210010
1332100101
3321001011
3210010110
2100101100
1001011001
0010110013
0101100132
1011001321
0110013210
1100132101
1001321010
0013210101
0132101013
1321010132
3210101323
2101013231
1010132311
0101323113
1013231132
0132311321
1323113210
3231132101
2311321013
3113210131
1132101310
1321013102
3210131020
2101310203
1013102032
0131020322
1310203220
3102032203
1020322032
0203220320
2032203202
0322032020
3220320202
2203202020
2032020202
0320202022
3202020221
2020202213
0202022132
2020221321
0202213211
2022132111
0221321111
2213211110
2132111103
1321111033
3211110331
2111103310
1111033103
1110331030
1103310301
1033103011
0331030110
3310301100
3103011002
1030110020
0301100201
3011002013
0110020132
1100201322
1002013220
0020132201
0201322011
2013220112
0132201122
1322011223
3220112233
2201122330
2011223301
0112233010
1122330100
1223301001
2233010013
2330100130
3301001303
3010013031
0100130312
1001303121
0013031212
0130312122
1303121221
3031212213
0312122132
3121221321
1212213210
2122132102
1221321023
2213210232
2132102322
1321023222
3210232223
2102322232
1023222322
0232223223
2322232232
3222322323
2223223230
2232232302
2322323023
3223230232
2232302321
2323023213
3230232131
2302321313
3023213133
0232131331
2321313313
3213133133
2131331331
1313313310
3133133103
1331331031
3313310311
3133103113
1331031132
3310311321
3103113213
1031132132
0311321322
3113213221
1132132213
1321322131
3213221313
2132213132
1322131321
3221313213
2213132132
2131321322
1313213223
3132132231
1321322313
3213223133
2132231331
1322313313
3223133130
2231331301
2313313011
3133130113
1331301132
3313011320
3130113202
1301132022
3011320220
0113202202
1132022020
1320220201
3202202010
2022020102
0220201020
2202010200
2020102002
0201020020
2010200200
0102002002
1020020021
0200200213
2002002132
0020021320
0200213200
2002132002
0021320020
0213200202
2132002022
1320020220
3200202200
2002022002
0020220022
0202200220
2022002202
0220022020
2200220201
2002202011
0022020110
0220201103
2202011032
2020110320
0201103202
2011032022
0110320220
1103202202
1032022022
0320220220
3202202203
2022022031
0220220311
2202203113
2022031132
0220311321
2203113210
2031132102
0311321022
3113210220
1132102202
1321022021
3210220210
2102202101
1022021012
0220210120
2202101202
2021012021
0210120213
2101202133
1012021332
0120213323
1202133232
2021332322
0213323220
2133232202
1332322021
3323220211
3232202113
2322021131
3220211313
2202113130
2021131300
0211313001
2113130010
1131300101
1313001011
3130010111
1300101110
3001011102
0010111023
0101110232
1011102322
0111023220
1110232202
1102322021
1023220211
0232202113
2322021131
3220211310
2202113101
2021131011
0211310111
2113101110
1131011100
1310111003
3101110031
1011100310
0111003102
1110031022
1100310221
1003102211
0031022111
0310221110
3102211100
1022111000
0221110003
2211100032
2111000321
1110003212
1100032123
1000321230
0003212303
0032123031
0321230311
3212303113
2123031131
1230311310
2303113100
3031131000
0311310002
3113100020
1131000202
1310002020
3100020201
1000202011
0002020112
0020201120
0202011200
2020112001
0201120013
2011200132
0112001320
1120013200
1200132000
2001320000
0013200000
0132000002
1320000021
3200000213
2000002131
0000021310
0000213102
0002131022
0021310222
0213102223
2131022232
1310222321
3102223213
1022232132
0222321322
2223213222
2232132223
2321322232
3213222321
2132223210
1322232102
3222321022
2223210222
2232102222
2321022221
3210222213
2102222133
1022221333
0222213333
2222133332
2221333322
2213333223
2133332230
1333322301
3333223013
3332230132
3322301323
3223013233
2230132333
2301323330
3013233301
0132333010
1323330100
3233301002
2333010022
3330100222
3301002220
3010022202
0100222023
1002220232
0022202323
0222023232
2220232322
2202323222
2023232221
0232322213
2323222131
3232221311
2322213113
3222131132
2221311320
2213113203
2131132032
1311320322
3113203222
1132032222
1320322220
3203222200
2032222000
0322220000
3222200003
2222000032
2220000323
2200003232
2000032320
0000323200
0003232002
0032320020
0323200203
3232002030
2320020301
3200203011
2002030110
0020301102
0203011023
2030110232
0301102322
3011023221
0110232211
1102322110
1023221103
0232211033
2322110330
3221103300
2211033002
2110330022
1103300223
1033002233
0330022333
3300223333
3002233330
0022333300
0223333002
2233330020
2333300202
3333002020
3330020202
3300202020
3002020200
0020202001
0202020010
2020200101
0202001011
2020010113
0200101131
2001011310
0010113101
0101131011
1011310110
0113101100
1131011000
1310110000
3101100002
1011000021
0110000211
1100002110
1000021100
0000211003
0002110030
0021100300
0211003000
2110030002
1100300020
1003000200
0030002000
0300020003
3000200031
0002000311
0020003113
0200031133
2000311332
0003113320
0031133203
0311332032
3113320320
1133203202
1332032022
3320320221
3203202211
2032022113
0320221130
3202211303
2022113032
0221130323
2211303232
2113032320
1130323203
1303232032
3032320322
0323203221
3232032212
2320322122
3203221222
2032212222
0322122222
3221222223
2212222232
2122222322
1222223221
2222232211
2222322110
2223221102
2232211021
2322110211
3221102111
2211021111
2110211113
1102111130
1021111303
0211113032
2111130323
1111303232
1113032323
1130323232
1303232323
3032323231
0323232312
3232323123
2323231231
3232312313
2323123132
3231231321
2312313213
3123132132
1231321322
2313213222
3132132222
1321322220
3213222203
2132222033
1322220333
3222203332
2222033323
2220333231
2203332313
2033323132
0333231320
3332313201
3323132011
3231320113
2313201131
3132011311
1320113110
3201131101
2011311010
0113110102
1131101023
1311010232
3110102321
1101023210
1010232102
0102321021
1023210213
0232102132
2321021322
3210213223
2102132233
1021322330
0213223301
2132233013
1322330131
3223301310
2233013102
2330131021
3301310213
3013102132
0131021320
1310213203
3102132032
1021320321
0213203211
2132032112
1320321123
3203211230
2032112301
0321123012
3211230122
2112301221
1123012213
1230122132
2301221321
3012213211
0122132113
1221321131
2213211311
2132113113
1321131131
3211311312
2113113120
1131131201
1311312013
3113120130
1131201303
1312013032
3120130323
1201303231
2013032310
0130323102
1303231022
3032310222
0323102220
3231022202
2310222020
3102220200
1022202001
0222020010
2220200100
2202001002
2020010022
0200100220
2001002201
0010022011
0100220112
1002201121
0022011210
0220112103
2201121031
2011210312
0112103122
1121031221
1210312213
2103122131
1031221311
0312213111
3122131110
1221311102
2213111023
2131110233
1311102331
3111023311
1110233113
1102331131
1023311311
0233113113
2331131131
3311311310
3113113100
1131131001
1311310013
3113100132
1131001322
1310013223
3100132232
1001322323
0013223232
0132232323
1322323231
3223232311
2232323110
2323231102
3232311020
2323110203
3231102033
2311020332
3110203321
1102033210
1020332100
0203321000
2033210002
0332100022
3321000222
3210002222
2100022220
1000222203
0002222032
0022220320
0222203202
2222032021
2220320213
2203202130
2032021303
0320213031
3202130313
2021303130
0213031302
2130313020
1303130202
3031302022
0313020220
3130202202
1302022022
3020220223
0202202231
2022022311
0220223112
2202231122
2022311221
0223112213
2231122132
2311221322
3112213223
1122132231
1221322311
2213223110
2132231101
1322311010
3223110102
2231101020
2311010202
3110102020
1101020203
1010202033
0102020333
1020203332
0202033322
2020333221
0203332213
2033322132
0333221321
3332213211
3322132111
3221321112
2213211121
2132111210
1321112100
3211121003
2111210032
1112100323
1121003233
1210032333
2100323333
1003233332
0032333322
0323333223
3233332232
2333322320
3333223200
3332232002
3322320020
3223200200
2232002001
2320020011
3200200111
2002001110
0020011100
0200111000
2001110003
0011100031
0111000310
1110003101
1100031012
1000310123
0003101230
0031012300
0310123000
3101230002
1012300020
0123000203
1230002031
2300020310
3000203101
0002031013
0020310132
0203101320
2031013201
0310132013
3101320133
1013201333
0132013332
1320133322
3201333223
2013332231
0133322313
1333223132
3332231322
3322313221
3223132211
2231322111
2313221112
3132211121
1322111213
3221112133
2211121332
2111213321
1112133213
1121332131
1213321312
2133213120
1332131203
3321312030
3213120303
2131203030
1312030302
3120303020
1203030203
2030302032
0303020320
3030203202
0302032020
3020320201
0203202013
2032020132
0320201320
3202013200
2020132003
0201320030
2013200303
0132003031
1320030310
3200303103
2003031032
0030310321
0303103210
3031032102
0310321020
3103210203
1032102032
0321020322
3210203220
2102032202
1020322022
0203220222
2032202220
0322022200
3220222002
2202220022
2022200223
0222002230
2220022301
2200223011
2002230113
0022301130
0223011303
2230113033
2301130330
3011303300
0113033000
1130330003
1303300032
3033000322
0330003220
3300032203
3000322032
0003220322
0032203221
0322032213
3220322131
2203221313
2032213132
0322131322
3221313220
2213132202
2131322023
1313220231
3132202310
1322023100
3220231003
2202310033
2023100331
0231003313
2310033132
3100331321
1003313210
0033132101
0331321010
3313210102
3132101020
1321010200
3210102000
2101020002
1010200023
0102000233
1020002331
0200023310
2000233101
0002331013
0023310131
0233101310
2331013103
3310131031
3101310310
1013103102
0131031020
1310310202
3103102023
1031020232
0310202320
3102023201
1020232012
0202320123
2023201233
0232012333
2320123332
3201233322
2012333220
0123332202
1233322021
2333220213
3332202130
3322021301
3220213012
2202130122
2021301222
0213012222
2130122223
1301222232
3012222320
0122223201
1222232012
2222320122
2223201223
2232012232
2320122323
3201223232
2012232322
0122323222
1223232220
2232322202
2323222021
3232220213
2322202132
3222021320
2220213203
2202132032
2021320320
0213203201
2132032012
1320320123
3203201233
2032012333
0320123332
3201233322
2012333223
0123332232
1233322321
2333223213
3332232130
3322321300
3223213000
2232130001
2321300011
3213000111
2130001113
1300011130
3000111301
0001113012
0011130120
0111301201
1113012010
1130120103
1301201032
3012010320
0120103203
1201032031
2010320311
0103203111
1032031110
0320311102
3203111021
2031110212
0311102120
3111021202
1110212022
1102120222
1021202220
0212022200
2120222000
1202220003
2022200031
0222000311
2220003111
2200031110
2000311102
0003111020
0031110203
0311102032
3111020323
1110203233
1102032333
1020323333
0203233332
2032333322
0323333220
3233332202
2333322022
3333220222
3332202220
3322022202
3220222022
2202220220
2022202202
0222022020
2220220200
2202202001
2022020012
0220200122
2202001221
2020012213
0200122132
2001221321
0012213211
0122132112
1221321121
2213211210
2132112102
1321121021
3211210211
2112102111
1121021111
1210211113
2102111131
1021111310
0211113103
2111131031
1111310313
1113103132
1131031321
1310313210
3103132101
1031321011
0313210110
3132101103
1321011031
3210110312
2101103120
1011031203
0110312032
1103120323
1031203231
0312032313
3120323130
1203231301
2032313010
0323130103
3231301032
2313010320
3130103203
1301032033
3010320330
0103203303
1032033032
0320330322
3203303223
2033032231
0330322310
3303223100
3032231000
0322310003
3223100032
2231000323
2310003233
3100032332
1000323322
0003233220
0032332203
0323322032
3233220320
2332203203
3322032033
3220320332
2203203320
2032033201
0320332011
3203320111
2033201110
0332011102
3320111020
3201110203
2011102030
0111020302
1110203021
1102030210
1020302102
0203021020
2030210201
0302102011
3021020110
0210201100
2102011002
1020110022
0201100223
2011002233
0110022331
1100223310
1002233100
0022331000
0223310002
2233100020
2331000203
3310002031
3100020313
1000203133
0002031332
0020313323
0203133232
2031332320
0313323200
3133232003
1332320032
3323200320
3232003203
2320032033
3200320333
2003203333
0032033330
0320333301
3203333013
2033330132
0333301321
3333013211
3330132110
3301321103
3013211032
0132110322
1321103221
3211032213
2110322130
1103221302
1032213020
0322130202
3221302020
2213020203
2130202031
1302020311
3020203110
0202031101
2020311011
0203110113
2031101131
0311011312
3110113121
1101131213
1011312130
0113121301
1131213012
1312130123
3121301230
1213012302
2130123023
1301230233
3012302330
0123023303
1230233033
2302330331
3023303310
0233033102
2330331020
3303310200
3033102003
0331020032
3310200320
3102003203
1020032032
0200320320
2003203202
0032032021
0320320210
3203202102
2032021020
0320210203
3202102032
2021020320
0210203202
2102032021
1020320210
0203202103
2032021032
0320210323
3202103231
2021032311
0210323110
2103231102
1032311023
0323110231
3231102311
2311023110
3110231102
1102311023
1023110232
0231102322
2311023220
3110232201
1102322010
1023220102
0232201021
2322010211
3220102110
2201021102
2010211023
0102110233
1021102331
0211023313
2110233133
1102331331
1023313311
0233133112
2331331122
3313311220
3133112203
1331122032
3311220321
3112203213
1122032133
1220321331
2203213313
2032133132
0321331322
3213313220
2133132202
1331322022
3313220220
3132202202
1322022022
3220220220
2202202202
2022022022
0220220222
2202202222
2022022220
0220222200
2202222001
2022220010
0222200100
2222001003
2220010030
2200100303
2001003032
0010030320
0100303202
1003032020
0030320202
0303202020
3032020200
0320202001
3202020013
2020200132
0202001321
2020013213
0200132132
2001321322
0013213220
0132132203
1321322032
3213220321
2132203213
1322032132
3220321320
2203213202
2032132022
0321320220
3213202202
2132022023
1320220230
3202202303
2022023031
0220230313
2202303132
2023031322
0230313223
2303132232
3031322321
0313223211
3132232110
1322321101
3223211010
2232110100
2321101001
3211010011
2110100110
1101001100
1010011000
0100110001
1001100011
0011000113
0110001131
1100011313
1000113133
0001131331
0011313311
0113133111
1131331111
1313311110
3133111102
1331111022
3311110220
3111102201
1111022013
1110220131
1102201311
1022013112
0220131122
2201311222
2013112220
0131122202
1311222020
3112220201
1122202012
1222020122
2220201222
2202012222
2020122221
0201222213
2012222131
0122221310
1222213100
2222131002
2221310021
2213100213
2131002130
1310021300
3100213001
1002130012
0021300122
0213001222
2130012221
1300122211
3001222110
0012221103
0122211031
1222110311
2221103110
2211031102
2110311020
1103110201
1031102010
0311020101
3110201011
1102010110
1020101100
0201011003
2010110031
0101100310
1011003103
0110031030
1100310301
1003103010
0031030102
0310301022
3103010221
1030102210
0301022102
3010221020
0102210202
1022102023
0221020230
2210202302
2102023020
1020230202
0202302020
2023020203
0230202031
2302020310
3020203102
0202031020
2020310202
0203102021
2031020213
0310202133
3102021330
1020213302
0202133020
2021330203
0213302032
2133020323
1330203233
3302032332
3020323320
0203233202
2032332021
0323320211
3233202111
2332021113
3320211131
3202111311
2021113110
0211131103
2111311033
1113110332
1131103323
1311033231
3110332312
1103323122
1033231223
0332312232
3323122322
3231223220
2312232201
3122322011
1223220113
2232201131
2322011312
3220113121
2201131210
2011312102
0113121021
1131210210
1312102103
3121021032
1210210323
2102103230
1021032301
0210323013
2103230131
1032301311
0323013113
3230131131
2301311311
3013113111
0131131113
1311311132
3113111320
1131113202
1311132021
3111320210
1113202101
1132021013
1320210131
3202101313
2021013133
0210131332
2101313322
1013133221
0131332211
1313322112
3133221121
1332211210
3322112102
3221121021
2211210211
2112102110
1121021102
1210211023
2102110230
1021102301
0211023011
2110230111
1102301111
1023011110
0230111101
2301111011
3011110113
0111101133
1111011330
1110113301
1101133011
1011330110
0113301103
1133011033
1330110330
3301103302
3011033022
0110330220
1103302202
1033022022
0330220221
3302202210
3022022102
0220221021
2202210210
2022102101
0221021011
2210210113
2102101131
1021011311
0210113110
2101131100
1011311003
0113110032
1131100322
1311003221
3110032210
1100322103
1003221032
0032210323
0322103232
3221032322
2210323220
2103232201
1032322013
0323220131
3232201311
2322013111
3220131111
2201311110
2013111102
0131111023
1311110230
3111102301
1111023011
1110230111
1102301111
1023011110
0230111101
2301111010
3011110101
0111101013
1111010130
1110101302
1101013021
1010130213
0101302131
1013021312
0130213121
1302131210
3021312102
0213121023
2131210231
1312102311
3121023111
1210231113
2102311131
1023111311
0231113112
2311131121
3111311211
1113112110
1131121102
1311211023
3112110232
1121102322
1211023221
2110232211
1102322110
1023221102
0232211023
2322110231
3221102313
2211023132
2110231320
1102313201
1023132013
0231320131
2313201313
3132013132
1320131323
3201313231
2013132313
0131323133
1313231331
3132313311
1323133113
3231331132
2313311322
3133113220
1331132203
3311322032
3113220322
1132203222
1322032221
3220322211
2203222113
2032221131
0322211311
3222113110
2221131102
2211311020
2113110202
1131102022
1311020220
3110202200
1102022001
1020220010
0202200101
2022001012
0220010122
2200101222
2001012221
0010122213
0101222132
1012221321
0122213211
1222132111
2221321111
2213211111
2132111112
1321111123
3211111231
2111112313
1111123130
1111231302
1112313021
1123130211
1231302111
2313021111
3130211112
1302111122
3021111220
0211112201
2111122012
1111220123
1112201233
1122012330
1220123301
2201233013
2012330132
0123301321
1233013210
2330132100
3301321000
3013210002
0132100020
1321000201
3210002011
2100020111
1000201111
0002011110
0020111101
0201111011
2011110113
0111101130
1111011301
1110113011
1101130111
1011301111
0113011110
1130111100
1301111001
3011110012
0111100120
1111001201
1110012010
1100120102
1001201021
0012010211
0120102110
1201021102
2010211022
0102110220
1021102201
0211022012
2110220120
1102201201
1022012011
0220120113
2201201132
2012011322
0120113220
1201132202
2011322020
0113220201
1132202010
1322020102
3220201020
2202010201
2020102012
0201020122
2010201222
0102012221
1020122211
0201222110
2012221100
0122211000
1222110003
2221100032
2211000322
2110003222
1100032222
1000322223
0003222233
0032222331
0322223310
3222233103
2222331031
2223310311
2233103113
2331031131
3310311310
3103113103
1031131031
0311310310
3113103101
1131031013
1310310133
3103101333
1031013331
0310133310
3101333103
1013331031
0133310310
1333103101
3331031013
3310310131
3103101310
1031013101
0310131013
3101310132
1013101321
0131013211
1310132111
3101321110
1013211102
0132111020
1321110201
3211102012
2111020120
1110201200
1102012002
1020120023
0201200231
2012002310
0120023101
1200231012
2002310122
0023101222
0231012223
2310122230
3101222303
1012223030
0122230300
1222303003
2223030031
2230300310
2303003103
3030031030
0300310300
3003103003
0031030031
0310300310
3103003103
1030031032
0300310321
3003103211
0031032113
0310321133
3103211332
1032113321
0321133211
3211332110
2113321102
1133211020
1332110202
3321102023
3211020230
2110202301
1102023012
1020230123
0202301231
2023012310
0230123100
2301231001
3012310011
0123100110
1231001102
2310011022
3100110220
1001102200
0011022002
0110220023
1102200231
1022002311
0220023110
2200231100
2002311002
0023110020
0231100203
2311002031
3110020313
1100203131
1002031310
0020313102
0203131022
2031310221
0313102211
3131022110
1310221102
3102211022
1022110222
0221102220
2211022203
2110222031
1102220311
1022203111
0222031113
2220311132
2203111320
2031113202
0311132021
3111320212
1113202122
1132021221
1320212211
3202122111
2021221110
0212211102
2122111021
1221110210
2211102101
2111021012
1110210121
1102101213
1021012132
0210121321
2101213211
1012132113
0121321131
1213211312
2132113123
1321131230
3211312300
2113123000
1131230002
1312300022
3123000221
1230002212
2300022121
3000221211
0002212110
0022121100
0221211000
2212110002
2121100023
1211000232
2110002322
1100023220
1000232202
0002322021
0023220212
0232202120
2322021201
3220212012
2202120123
2021201231
0212012313
2120123133
1201231331
2012313311
0123133111
1231331110
2313311100
3133111003
1331110032
3311100322
3111003221
1110032211
1100322113
1003221132
0032211320
0322113202
3221132021
2211320213
2113202131
1132021313
1320213132
3202131322
2021313223
0213132231
2131322310
1313223101
3132231010
1322310102
3223101023
2231010232
2310102323
3101023232
1010232322
0102323220
1023232202
0232322020
2323220200
3232202001
2322020011
3220200111
2202001110
2020011102
0200111022
2001110221
0011102213
0111022130
1110221301
1102213013
1022130133
0221301332
2213013322
2130133223
1301332231
3013322311
0133223111
1332231111
3322311110
3223111103
2231111032
2311110320
3111103200
1111032001
1110320013
1103200131
1032001311
0320013110
3200131102
2001311022
0013110222
0131102221
1311022210
3110222103
1102221031
1022210311
0222103110
2221031101
2210311011
2103110113
1031101131
0311011312
3110113121
1101131211
1011312110
0113121102
1131211021
1312110211
3121102113
1211021133
2110211333
1102113332
1021133320
0211333201
2113332010
1133320100
1333201001
3332010011
3320100111
3201001110
2010011103
0100111030
1001110301
0011103013
0111030130
1110301301
1103013011
1030130113
0301301132
3013011322
0130113220
1301132203
3011322031
0113220313
1132203133
1322031332
3220313323
2203133232
2031332322
0313323221
3133232213
1332322130
3323221300
3232213000
2322130002
3221300021
2213000211
2130002110
1300021100
3000211003
0002110032
0021100321
0211003213
2110032132
1100321323
1003213230
0032132302
0321323021
3213230212
2132302122
1323021222
3230212222
2302122222
3021222221
0212222213
2122222132
1222221321
2222213210
2222132102
2221321021
2213210212
2132102122
1321021223
3210212233
2102122332
1021223320
0212233203
2122332032
1223320322
2233203221
2332032211
3320322111
3203221113
2032211132
0322111322
3221113222
2211132221
2111322210
1113222100
1132221001
1322210013
3222100132
2221001322
2210013220
2100132202
1001322021
0013220210
0132202100
1322021002
3220210020
2202100201
2021002012
0210020120
2100201200
1002012002
0020120022
0201200220
2012002200
0120022003
1200220032
2002200321
0022003211
0220032111
2200321110
2003211102
0032111022
0321110221
3211102210
2111022100
1110221002
1102210023
1022100232
0221002320
2210023200
2100232001
1002320012
0023200122
0232001222
2320012223
3200122233
2001222333
0012223332
0122233323
1222333232
2223332320
2233323201
2333232011
3332320113
3323201131
3232011313
2320113130
3201131301
2011313012
0113130122
1131301221
1313012210
3130122102
1301221020
3012210202
0122102020
1221020200
2210202003
2102020031
1020200311
0202003110
2020031102
0200311020
2003110202
0031102023
0311020230
3110202303
1102023031
1020230313
0202303132
2023031322
0230313222
2303132220
3031322201
0313222013
3132220130
1322201302
3222013021
2220130212
2201302122
2013021220
0130212201
1302122010
3021220101
0212201011
2122010113
1220101132
2201011322
2010113220
0101132202
1011322023
0113220232
1132202322
1322023220
3220232203
2202322030
2023220303
0232203030
2322030301
3220303013
2203030133
2030301332
0303013320
3030133202
0301332020
3013320203
0133202032
1332020322
3320203222
3202032222
2020322220
0203222200
2032222003
0322220032
3222200322
2222003220
2220032200
2200322002
2003220023
0032200232
0322002320
3220023203
2200232032
2002320323
0023203232
0232032320
2320323202
3203232022
2032320220
0323202200
3232022001
2320220013
3202200133
2022001330
0220013300
2200133002
2001330023
0013300232
0133002322
1330023220
3300232202
3002322023
0023220231
0232202312
2322023121
3220231210
2202312102
2023121022
0231210223
2312102233
3121022332
1210223323
2102233232
1022332323
0223323233
2233232331
2332323313
3323233131
3232331310
2323313102
3233131020
2331310202
3313102023
3131020232
1310202320
3102023202
1020232020
0202320200
2023202003
0232020032
2320200322
3202003221
2020032210
0200322102
2003221020
0032210200
0322102000
3221020003
2210200032
2102000320
1020003202
0200032021
2000320213
0003202133
0032021330
0320213302
3202133022
2021330221
0213302213
2133022133
1330221332
3302213323
3022133233
0221332333
2213323332
2133233320
1332333200
3323332003
3233320033
2333200333
3332003332
3320033322
3200333222
2003332220
0033322200
0333222000
3332220000
3322200003
3222000033
2220000332
2200003323
2000033232
0000332321
0003323210
0033232101
0332321010
3323210103
3232101030
2321010300
3210103002
2101030022
1010300220
0103002200
1030022001
0300220013
3002200132
0022001320
0220013203
2200132030
2001320301
0013203013
0132030133
1320301331
3203013313
2030133131
0301331313
3013313132
0133131322
1331313220
3313132202
3131322020
1313220202
3132202020
1322020200
3220202002
2202020020
2020200202
0202002020
2020020200
0200202002
2002020023
0020200232
0202002321
2020023213
0200232131
2002321310
0023213100
0232131000
2321310003
3213100030
2131000302
1310003020
3100030200
1000302000
0003020000
0030200000
0302000000
3020000000
0200000000
2000000001
0000000010
0000000102
0000001023
0000010233
0000102332
0001023320
0010233202
0102332022
1023320222
0233202223
2332022232
3320222321
3202223210
2022232101
0222321010
2223210102
2232101021
2321010210
3210102102
2101021020
1010210200
0102102000
1021020003
0210200031
2102000310
1020003101
0200031011
2000310110
0003101100
0031011000
0310110003
3101100031
1011000310
0110003102
1100031023
1000310232
0003102320
0031023201
0310232010
3102320101
1023201010
0232010100
2320101001
3201010010
2010100103
0101001032
1010010320
0100103201
1001032013
0010320131
0103201310
1032013102
0320131021
3201310210
2013102101
0131021010
1310210102
3102101023
1021010232
0210102323
2101023230
1010232302
0102323021
1023230210
0232302103
2323021033
3230210330
2302103300
3021033003
0210330031
2103300313
1033003132
0330031322
3300313223
3003132232
0031322323
0313223231
3132232311
1322323110
3223231101
2232311012
2323110122
3231101221
2311012210
3110122103
1101221030
1012210300
0122103003
1221030031
2210300313
2103003130
1030031303
0300313030
3003130303
0031303033
0313030331
3130303311
1303033113
3030331132
0303311323
3033113231
0331132311
3311323113
3113231131
1132311313
1323113131
3231131313
2311313132
3113131320
1131313202
1313132021
3131320210
1313202100
3132021003
1320210031
3202100313
2021003132
0210031323
2100313232
1003132321
0031323213
0313232131
3132321313
1323213131
3232131313
2321313130
3213131303
2131313032
1313130323
3131303232
1313032320
3130323201
1303232013
3032320132
0323201322
3232013223
2320132230
3201322303
2013223031
0132230312
1322303122
3223031223
2230312232
2303122321
3031223211
0312232110
3122321100
1223211000
2232110000
2321100000
3211000000
2110000000
1100000000
1000000002
0000000020
0000000201
0000002013
0000020131
0000201310
0002013102
0020131021
0201310211
2013102110
0131021101
1310211013
3102110132
1021101323
0211013230
2110132300
1101323000
1013230003
0132300030
1323000300
3230003003
2300030033
3000300331
0003003310
0030033102
0300331023
3003310230
0033102301
0331023013
3310230133
3102301332
1023013320
0230133203
2301332030
3013320300
0133203002
1332030021
3320300210
3203002100
2030021000
0300210002
3002100022
0021000220
0210002202
2100022023
1000220233
0002202331
0022023310
0220233100
2202331000
2023310003
0233100031
2331000313
3310003132
3100031323
1000313231
0003132310
0031323100
0313231000
3132310000
1323100001
3231000011
2310000111
3100001110
1000011103
0000111031
0001110310
0011103103
0111031032
1110310322
1103103223
1031032230
0310322301
3103223013
1032230131
0322301312
3223013120
2230131200
2301312002
3013120022
0131200220
1312002202
3120022020
1200220200
2002202001
0022020013
0220200132
2202001322
2020013222
0200132222
2001322220
0013222200
0132222002
1322220023
3222200233
2222002333
2220023333
2200233333
2002333330
0023333300
0233333003
2333330031
3333300313
3333003131
3330031310
3300313102
3003131020
0031310200
0313102003
3131020031
1310200311
3102003110
1020031100
0200311001
2003110010
0031100103
0311001033
3110010333
1100103332
1001033320
0010333201
0103332013
1033320132
0333201322
3332013220
3320132203
3201322031
2013220310
0132203100
1322031003
3220310032
2203100320
2031003200
0310032003
3100320032
1003200321
0032003213
0320032132
3200321320
2003213203
0032132033
0321320333
3213203333
2132033333
1320333331
3203333313
2033333133
0333331333
3333313333
3333133333
3331333333
3313333333
3133333333
1333333333
3333333330
3333333300
3333333000
3333330003
3333300032
3333000323
3330003233
3300032331
3000323310
0003233103
0032331033
0323310333
3233103333
2331033331
3310333313
3103333133
1033331333
0333313331
3333133310
3331333100
3313331002
3133310022
1333100223
3331002233
3310022333
3100223333
1002233333
0022333330
0223333300
2233333000
2333330000
3333300000
3333000000
3330000000
3300000000
3000000000
0000000000
0000000003
0000000032
0000000323
0000003233
0000032332
0000323322
0003233223
0032332232
0323322323
3233223233
2332232332
3322323323
3223233233
2232332333
2323323331
3233233313
2332333130
3323331301
3233313013
2333130130
3331301301
3313013010
3130130103
1301301032
3013010323
0130103232
1301032320
3010323200
0103232002
1032320021
0323200210
3232002103
2320021033
3200210333
2002103333
0021033333
0210333333
2103333330
1033333303
0333333030
3333330300
3333303003
3333030033
3330300331
3303003311
3030033113
0300331133
3003311331
0033113310
0331133101
3311331013
3113310133
1133101331
1331013313
3310133131
3101331311
1013313112
0133131122
1331311223
3313112232
3131122321
1311223210
3112232103
1122321031
1223210311
2232103113
2321031132
3210311320
2103113203
1031132030
0311320303
3113203032
1132030321
1320303213
3203032130
2030321302
0303213023
3032130231
0321302310
3213023102
2130231021
1302310211
3023102111
0231021110
2310211102
3102111021
1021110213
0211102130
2111021300
1110213000
1102130001
1021300010
0213000102
2130001020
1300010200
3000102000
0001020000
0010200000
0102000001
1020000010
0200000103
2000001030
0000010300
0000103000
0001030002
0010300023
0103000230
1030002301
0300023013
3000230133
0002301333
0023013332
0230133320
2301333201
3013332010
0133320100
1333201000
3332010002
3320100023
3201000232
2010002320
0100023202
1000232021
0002320211
0023202110
0232021103
2320211030
3202110300
2021103003
0211030030
2110300303
1103003032
1030030321
0300303210
3003032103
0030321033
0303210332
3032103320
0321033200
3210332002
2103320020
1033200201
0332002012
3320020120
3200201203
2002012032
0020120323
0201203233
2012032333
0120323330
1203233302
2032333023
0323330230
3233302303
2333023033
3330230331
3302303313
3023033132
0230331322
2303313223
3033132231
0331322310
3313223101
3132231013
1322310133
3223101333
2231013331
2310133313
3101333131
1013331311
0133313113
1333131132
3331311320
3313113201
3131132011
1311320113
3113201132
1132011320
1320113203
3201132032
2011320322
0113203222
1132032222
1320322222
3203222223
2032222231
0322222313
3222223133
2222231331
2222313310
2223133100
2231331003
2313310030
3133100301
1331003010
3310030101
3100301013
1003010131
0030101310
0301013100
3010131000
0101310000
1013100002
0131000021
1310000211
3100002110
1000021103
0000211033
0002110333
0021103333
0211033332
2110333323
1103333233
1033332333
0333323333
3333233332
3332333322
3323333221
3233332211
2333322110
3333221102
3332211020
3322110202
3221102022
2211020220
2110202202
1102022022
1020220221
0202202211
2022022111
0220221113
2202211132
2022111321
0221113210
2211132102
2111321021
1113210211
1132102111
1321021110
3210211103
2102111031
1021110313
0211103132
2111031322
1110313221
1103132211
1031322110
0313221102
3132211023
1322110230
3221102302
2211023020
2110230201
1102302012
1023020123
0230201232
2302012321
3020123213
0201232131
2012321311
0123213111
1232131113
2321311132
3213111320
2131113200
1311132000
3111320002
1113200020
1132000200
1320002000
3200020002
2000200022
0002000221
0020002210
0200022103
2000221031
0002210311
0022103113
0221031132
2210311323
2103113230
1031132303
0311323032
3113230323
1132303230
1323032302
3230323020
2303230200
3032302002
0323020020
3230200201
2302002010
3020020102
0200201020
2002010202
0020102022
0201020221
2010202210
0102022103
1020221033
0202210332
2022103323
0221033232
2210332321
2103323213
1033232132
0332321321
3323213210
3232132101
2321321013
3213210132
2132101320
1321013203
3210132032
2101320323
1013203230
0132032303
1320323032
3203230323
2032303232
0323032322
3230323223
2303232233
3032322332
0323223323
3232233233
2322332330
3223323302
2233233023
2332330232
3323302323
3233023231
2330232312
3302323123
3023231233
0232312332
2323123322
3231233223
2312332232
3123322322
1233223221
2332232213
3322322132
3223221321
2232213210
2322132102
3221321021
2213210213
2132102130
1321021301
3210213013
2102130133
1021301333
0213013332
2130133323
1301333232
3013332322
0133323223
1333232230
3332322301
3323223010
3232230100
2322301001
3223010010
2230100102
2301001020
3010010203
0100102032
1001020320
0010203202
0102032022
1020320223
0203202230
2032022303
0320223032
3202230320
2022303202
0223032022
2230320223
2303202230
3032022302
0320223021
3202230210
2022302102
0223021021
2230210210
2302102102
3021021020
0210210201
2102102013
1021020133
0210201333
2102013333
1020133333
0201333333
2013333333
0133333330
1333333302
3333333022
3333330220
3333302203
3333022032
3330220321
3302203210
3022032100
0220321000
2203210003
2032100031
0321000313
3210003131
2100031310
1000313103
0003131030
0031310300
0313103000
3131030001
1310300013
3103000131
1030001313
0300013132
3000131323
0001313230
0013132301
0131323013
1313230132
3132301322
1323013223
3230132230
2301322300
3013223003
0132230033
1322300330
3223003300
2230033002
2300330023
3003300233
0033002330
0330023300
3300233002
3002330023
0023300233
0233002333
2330023333
3300233331
3002333310
0023333102
0233331022
2333310220
3333102200
3331022003
3310220032
3102200323
1022003230
0220032303
2200323033
2003230330
0032303303
0323033033
3230330333
2303303333
3033033333
0330333331
3303333310
3033333100
0333331000
3333310002
3333100020
3331000203
3310002032
3100020320
1000203202
0002032023
0020320230
0203202303
2032023033
0320230333
3202303332
2023033321
0230333210
2303332103
3033321033
0333210333
3332103330
3321033300
3210333000
2103330003
1033300033
0333000330
3330003303
3300033032
3000330321
0003303210
0033032101
0330321010
3303210100
3032101003
0321010032
3210100321
2101003210
1010032101
0100321013
1003210132
0032101321
0321013210
3210132103
2101321032
1013210323
0132103233
1321032330
3210323302
2103233022
1032330220
0323302203
3233022030
2330220301
3302203013
3022030132
0220301321
2203013210
2030132103
0301321030
3013210303
0132103033
1321030333
3210303331
2103033311
1030333111
0303331110
3033311103
0333111031
3331110310
3311103102
3111031022
1110310221
1103102213
1031022133
0310221332
3102213323
1022133232
0221332323
2213323233
2133232330
1332323303
3323233031
3232330310
2323303101
3233031010
2330310100
3303101003
3031010033
0310100330
3101003302
1010033021
0100330211
1003302113
0033021133
0330211333
3302113333
3021133332
0211333322
2113333223
1133332233
1333322333
3333223331
3332233310
3322333102
3223331023
2233310232
2333102322
3331023220
3310232201
3102322012
1023220123
0232201233
2322012332
3220123323
2201233232
2012332321
0123323210
1233232100
2332321002
3323210020
3232100200
2321002000
3210020002
2100200021
1002000210
0020002101
0200021013
2000210130
0002101301
0021013010
0210130100
2101301002
1013010021
0130100213
1301002130
3010021303
0100213033
1002130331
0021303312
0213033123
2130331232
1303312320
3033123200
0331232003
3312320030
3123200303
1232003030
2320030303
3200303033
2003030331
0030303311
0303033110
3030331100
0303311002
3033110020
0331100200
3311002000
3110020000
1100200002
1002000023
0020000232
0200002320
2000023200
0000232002
0002320020
0023200200
0232002003
2320020033
3200200333
2002003332
0020033321
0200333210
2003332103
0033321032
0333210323
3332103232
3321032323
3210323230
2103232303
1032323030
0323230303
3232303030
2323030301
3230303010
2303030103
3030301032
0303010323
3030103230
0301032301
3010323013
0103230133
1032301332
0323013323
3230133230
2301332300
3013323001
0133230011
1332300111
3323001113
3230011133
2300111333
3001113330
0011133303
0111333032
1113330322
1133303220
1333032200
3330322001
3303220010
3032200100
0322001000
3220010000
2200100000
2001000002
0010000021
0100000210
1000002102
0000021022
0000210223
0002102233
0021022333
0210223332
2102233321
1022333213
0223332132
2233321323
2333213233
3332132333
3321323332
3213233323
2132333230
1323332303
3233323033
2333230333
3332303333
3323033333
3230333332
2303333323
3033333232
0333332323
3333323230
3333232300
3332323000
3323230000
3232300002
2323000023
3230000232
2300002320
3000023202
0000232021
0002320210
0023202100
0232021001
2320210012
3202100121
2021001210
0210012101
2100121013
1001210130
0012101302
0121013020
1210130201
2101302010
1013020101
0130201013
1302010132
3020101322
0201013220
2010132202
0101322021
1013220213
0132202132
1322021320
3220213200
2202132003
2021320032
0213200323
2132003232
1320032320
3200323203
2003232033
0032320333
0323203330
3232033303
2320333032
3203330320
2033303203
0333032032
3330320320
3303203203
3032032032
0320320321
3203203210
2032032100
0320321000
3203210001
2032100010
0321000101
3210001013
2100010132
1000101321
0001013213
0010132132
0101321323
1013213232
0132132321
1321323213
3213232131
2132321312
1323213122
3232131223
2321312233
3213122333
2131223332
1312233322
3122333220
1223332203
2233322030
2333220300
3332203003
3322030031
3220300310
2203003100
2030031003
0300310032
3003100321
0031003210
0310032103
3100321032
1003210322
0032103221
0321032213
3210322131
2103221310
1032213100
0322131000
3221310003
2213100033
2131000331
1310003311
3100033110
1000331101
0003311013
0033110131
0331101310
3311013101
3110131013
1101310132
1013101320
0131013202
1310132020
3101320200
1013202001
0132020011
1320200111
3202001110
2020011101
0200111013
2001110132
0011101322
0111013221
1110132210
1101322103
1013221031
0132210311
1322103111
3221031110
2210311102
2103111023
1031110233
0311102330
3111023300
1110233003
1102330032
1023300320
0233003203
2330032031
3300320310
3003203100
0032031001
0320310010
3203100102
2031001021
0310010210
3100102103
1001021033
0010210333
0102103333
1021033333
0210333333
2103333333
1033333332
0333333320
3333333200
3333332002
3333320020
3333200202
3332002023
3320020232
3200202320
2002023203
0020232033
0202320333
2023203333
0232033331
2320333313
3203333131
2033331313
0333313131
3333131313
3331313131
3313131313
3131313133
1313131333
3131313333
1313133333
3131333333
1313333333
3133333331
1333333310
3333333103
3333331032
3333310323
3333103233
3331032330
3310323300
3103233001
1032330013
0323300132
3233001322
2330013223
3300132232
3001322323
0013223233
0132232332
1322323322
3223233222
2232332221
2323322213
3233222132
2332221322
3322213222
3222132222
2221322222
2213222220
2132222202
1322222022
3222220223
2222202231
2222022310
2220223100
2202231000
2022310001
0223100010
2231000102
2310001021
3100010212
1000102123
0001021231
0010212310
0102123100
1021231003
0212310032
2123100322
1231003220
2310032202
3100322021
1003220211
0032202110
0322021103
3220211033
2202110332
2021103323
0211033231
2110332313
1103323132
1033231320
0332313201
3323132011
3231320111
2313201111
3132011111
1320111110
3201111103
2011111032
0111110323
1111103233
1111032331
1110323313
1103233133
1032331332
0323313323
3233133233
2331332332
3313323320
3133233200
1332332000
3323320000
3233200002
2332000023
3320000231
3200002310
2000023102
0000231021
0002310210
0023102101
0231021013
2310210131
3102101313
1021013131
0210131311
2101313111
1013131110
0131311100
1313111001
3131110013
1311100131
3111001312
1110013121
1100131213
1001312131
0013121312
0131213120
1312131201
3121312011
1213120110
2131201102
1312011021
3120110210
1201102100
2011021001
0110210013
1102100132
1021001320
0210013203
2100132032
1001320323
0013203233
0132032333
1320323333
3203233331
2032333312
0323333121
3233331210
2333312102
3333121021
3331210210
3312102103
3121021033
1210210332
2102103320
1021033200
0210332000
2103320000
1033200002
0332000022
3320000222
3200002220
2000022200
0000222000
0002220000
0022200000
0222000002
2220000020
2200000203
2000002033
0000020333
0000203333
0002033333
0020333332
0203333322
2033333222
0333332220
3333322201
3333222013
3332220131
3322201313
3222013132
2220131321
2201313213
2013132132
0131321321
1313213210
3132132102
1321321020
3213210200
2132102003
1321020032
3210200323
2102003232
1020032322
0200323222
2003232223
0032322231
0323222310
3232223102
2322231023
3222310232
2223102323
2231023233
2310232333
3102323332
1023233320
0232333202
2323332022
3233320221
2333202213
3332022131
3320221312
3202213123
2022131230
0221312302
2213123023
2131230232
1312302320
3123023202
1230232022
2302320220
3023202200
0232022001
2320220010
3202200103
2022001033
0220010333
2200103333
2001033333
0010333330
0103333300
1033333002
0333330022
3333300221
3333002213
3330022133
3300221332
3002213320
0022133200
0221332000
2213320001
2133200010
1332000102
3320001022
3200010220
2000102203
0001022030
0010220303
0102203033
1022030333
0220303332
2203033322
2030333223
0303332232
3033322320
0333223203
3332232033
3322320333
3223203333
2232033333
2320333333
3203333331
2033333311
0333333111
3333331113
3333311133
3333111331
3331113313
3311133131
3111331313
1113313131
1133131311
1331313113
3313131132
3131311323
1313113233
3131132332
1311323321
3113233210
1132332103
1323321030
3233210301
2332103013
3321030130
3210301300
2103013000
1030130000
0301300001
3013000013
0130000132
1300001321
3000013210
0000132100
0001321001
0013210013
0132100133
1321001332
3210013323
2100133231
1001332310
0013323103
0133231032
1332310321
3323103210
3231032102
2310321021
3103210213
1032102130
0321021301
3210213013
2102130130
1021301301
0213013013
2130130132
1301301320
3013013202
0130132023
1301320230
3013202300
0132023002
1320230020
3202300203
2023002030
0230020300
2300203000
3002030001
0020300012
0203000123
2030001233
0300012330
3000123300
0001233000
0012330000
0123300000
1233000003
2330000032
3300000323
3000003233
0000032333
0000323333
0003233330
0032333300
0323333000
3233330001
2333300010
3333000103
3330001032
3300010320
3000103200
0001032001
0010320011
0103200113
1032001131
0320011313
3200113131
2001131313
0011313132
0113131320
1131313202
1313132020
3131320201
1313202010
3132020102
1320201020
3202010203
2020102030
0201020300
2010203003
0102030033
1020300333
0203003331
2030033313
0300333131
3003331310
0033313102
0333131023
3331310232
3313102320
3131023203
1310232033
3102320331
1023203313
0232033131
2320331311
3203313110
2033131101
0331311013
3313110131
3131101311
1311013110
3110131101
1101311010
1013110100
0131101001
1311010013
3110100133
1101001330
1010013300
0100133000
1001330003
0013300032
0133000323
1330003232
3300032321
3000323211
0003232111
0032321110
0323211102
3232111022
2321110222
3211102220
2111022200
1110222002
1102220020
1022200202
0222002023
2220020232
2200202322
2002023221
0020232210
0202322100
2023221002
0232210022
2322100222
3221002223
2210022232
2100222320
1002223202
0022232020
0222320202
2223202023
2232020233
2320202330
3202023303
2020233033
0202330333
2023303333
0233033332
2330333320
3303333200
3033332000
0333320000
3333200003
3332000032
3320000323
3200003232
2000032323
0000323230
0003232301
0032323010
0323230100
3232301002
2323010021
3230100211
2301002111
3010021111
0100211111
1002111111
0021111111
0211111110
2111111103
1111111031
1111110310
1111103103
1111031033
1110310333
1103103333
1031033332
0310333323
3103333231
1033332310
0333323102
3333231023
3332310233
3323102333
3231023333
2310233330
3102333301
1023333010
0233330101
2333301013
3333010132
3330101320
3301013200
3010132002
0101320023
1013200232
0132002323
1320023232
3200232323
2002323232
0023232322
0232323222
2323232220
3232322200
2323222000
3232220003
2322200032
3222000320
2220003203
2200032031
2000320313
0003203133
0032031333
0320313333
3203133331
2031333310
0313333103
3133331031
1333310313
3333103133
3331031332
3310313320
3103133203
1031332032
0313320323
3133203233
1332032331
3320323313
3203233131
2032331310
0323313103
3233131030
2331310301
3313103012
3131030122
1310301222
3103012223
1030122233
0301222333
3012223330
0122233300
1222333000
2223330002
2233300020
2333000200
3330002000
3300020000
3000200002
0002000023
0020000233
0200002333
2000023332
0000233320
0002333200
0023332002
0233320020
2333200202
3332002023
3320020233
3200202333
2002023333
0020233332
0202333323
2023333233
0233332331
2333323311
3333233110
3332331101
3323311010
3233110100
2331101003
3311010033
3110100330
1101003301
1010033010
0100330103
1003301031
0033010313
0330103133
3301031333
3010313330
0103133300
1031333000
0313330000
3133300000
1333000003
3330000032
3300000320
3000003203
0000032030
0000320301
0003203011
0032030113
0320301132
3203011320
2030113203
0301132033
3011320333
0113203331
1132033310
1320333103
3203331030
2033310303
0333103030
3331030300
3310303003
3103030030
1030300300
0303003003
3030030033
0300300333
3003003331
0030033313
0300333133
3003331330
0033313301
0333133010
3331330103
3313301030
3133010301
1330103013
3301030130
3010301302
0103013023
1030130230
0301302300
3013023003
0130230030
1302300303
3023003032
0230030323
2300303233
3003032333
0030323333
0303233333
3032333333
0323333333
3233333333
2333333330
3333333300
3333333003
3333330031
3333300310
3333003100
3330031000
3300310000
3003100001
0031000010
0310000103
3100001030
1000010303
0000103033
0001030332
0010303323
0103033230
1030332300
0303323003
3033230030
0332300301
3323003011
3230030113
2300301133
3003011331
0030113313
0301133132
3011331321
0113313211
1133132110
1331321103
3313211033
3132110330
1321103303
3211033030
2110330303
1103303030
1033030301
0330303013
3303030130
3030301300
0303013001
3030130010
0301300103
3013001033
0130010332
1300103323
3001033233
0010332331
0103323310
1033233102
0332331020
3323310200
3233102003
2331020033
3310200330
3102003300
1020033000
0200330003
2003300030
0033000303
0330003030
3300030303
3000303033
0003030333
0030303333
0303033333
3030333333
0303333332
3033333320
0333333202
3333332023
3333320232
3333202320
3332023203
3320232030
3202320300
2023203002
0232030020
2320300202
3203002023
2030020230
0300202300
3002023001
0020230010
0202300103
2023001030
0230010300
2300103001
3001030010
0010300102
0103001023
1030010233
0300102333
3001023333
0010233332
0102333323
1023333230
0233332300
2333323003
3333230030
3332300303
3323003033
3230030333
2300303333
3003033333
0030333330
0303333303
3033333030
0333330303
3333303030
3333030303
3330303030
3303030300
3030303000
0303030002
3030300023
0303000232
3030002322
0300023220
3000232203
0002322033
0023220333
0232203330
2322033300
3220333002
2203330023
2033300232
0333002323
3330023233
3300232333
3002323333
0023233332
0232333322
2323333220
3233332200
2333322003
3333220032
3332200320
3322003200
3220032001
2200320011
2003200111
0032001113
0320011133
3200111331
2001113310
0011133103
0111331030
1113310303
1133103032
1331030323
3310303230
3103032303
1030323033
0303230332
3032303323
0323033233
3230332332
2303323321
3033233213
0332332132
3323321323
3233213231
2332132310
3321323102
3213231022
2132310223
1323102232
3231022320
2310223200
3102232003
1022320030
0223200301
2232003011
2320030113
3200301131
2003011310
0030113103
0301131030
3011310302
0113103021
1131030213
1310302131
3103021311
1030213110
0302131101
3021311012
0213110123
2131101231
1311012310
3110123100
1101231001
1012310013
0123100133
1231001333
2310013333
3100133333
1001333330
0013333300
0133333002
1333330020
3333300202
3333002020
3330020201
3300202012
3002020120
0020201202
0202012021
2020120210
0201202102
2012021021
0120210213
1202102133
2021021333
0210213330
2102133300
1021333000
0213330002
2133300022
1333000220
3330002201
3300022010
3000220102
0002201022
0022010223
0220102233
2201022331
2010223310
0102233101
1022331010
0223310103
2233101033
2331010333
3310103333
3101033333
1010333331
0103333310
1033333100
0333331002
3333310023
3333100231
3331002313
3310023132
3100231323
1002313230
0023132303
0231323033
2313230330
3132303300
1323033000
3230330000
2303300001
3033000013
0330000130
3300001301
3000013010
0000130102
0001301023
0013010231
0130102310
1301023102
3010231022
0102310221
1023102212
0231022121
2310221213
3102212131
1022121310
0221213103
2212131030
2121310303
1213103032
2131030320
1310303200
3103032001
1030320010
0303200102
3032001023
0320010232
3200102321
2001023210
0010232100
0102321001
1023210013
0232100132
2321001321
3210013213
2100132133
1001321333
0013213333
0132133333
1321333333
3213333332
2133333322
1333333222
3333332221
3333322213
3333222130
3332221303
3322213030
3222130300
2221303003
2213030031
2130300310
1303003103
3030031033
0300310333
3003103331
0031033313
0310333131
3103331311
1033313113
0333131132
3331311323
3313113233
3131132331
1311323310
3113233103
1132331030
1323310301
3233103013
2331030132
3310301320
3103013201
1030132011
0301320110
3013201103
0132011033
1320110330
3201103302
2011033020
0110330200
1103302002
1033020020
0330200203
3302002031
3020020311
0200203113
2002031131
0020311313
0203113131
2031131311
0311313110
3113131102
1131311020
1313110200
3131102000
1311020003
3110200032
1102000323
1020003233
0200032333
2000323333
0003233330
0032333300
0323333003
3233330033
2333300330
3333003303
3330033030
3300330300
3003303002
0033030021
0330300211
3303002110
3030021103
0300211032
3002110322
0021103222
0211032220
2110322202
1103222020
1032220203
0322202030
3222020300
2220203000
2202030000
2020300003
0203000031
2030000311
0300003110
3000031101
0000311010
0003110102
0031101023
0311010231
3110102311
1101023113
1010231131
0102311310
1023113100
0231131002
2311310023
3113100233
1131002331
1310023310
3100233103
1002331031
0023310313
0233103132
2331031320
3310313200
3103132002
1031320021
0313200213
3132002130
1320021300
3200213001
2002130012
0021300123
0213001232
2130012321
1300123210
3001232102
0012321021
0123210211
1232102110
2321021103
3210211030
2102110302
1021103023
0211030231
2110302312
1103023122
1030231221
0302312211
3023122110
0231221101
2312211010
3122110103
1221101033
2211010333
2110103333
1101033333
1010333331
0103333310
1033333100
0333331000
3333310003
3333100033
3331000330
3310003300
3100033000
1000330003
0003300032
0033000322
0330003220
3300032200
3000322003
0003220033
0032200332
0322003323
3220033233
2200332331
2003323311
0033233110
0332331100
3323311002
3233110023
2331100233
3311002330
3110023302
1100233023
1002330230
0023302303
0233023032
2330230323
3302303233
3023032333
0230323333
2303233331
3032333310
0323333100
3233331003
2333310030
3333100301
3331003010
3310030100
3100301000
1003010000
0030100003
0301000033
3010000332
0100003323
1000033233
0000332333
0003323330
0033233303
0332333031
3323330311
3233303111
2333031113
3330311132
3303111322
3031113222
0311132221
3111322210
1113222102
1132221023
1322210232
3222102323
2221023231
2210232313
2102323133
1023231333
0232313333
2323133331
3231333313
2313333132
3133331323
1333313232
3333132320
3331323202
3313232023
3132320232
1323202322
3232023221
2320232210
3202322103
2023221033
0232210332
2322103320
3221033202
2210332020
2103320202
1033202022
0332020220
3320202203
3202022030
2020220303
0202203033
2022030330
0220303300
2203033001
2030330010
0303300100
3033001000
0330010003
3300100031
3001000311
0010003110
0100031102
1000311020
0003110202
0031102020
0311020200
3110202000
1102020003
1020200033
0202000333
2020003332
0200033322
2000333220
0003332202
0033322023
0333220233
3332202332
3322023323
3220233233
2202332332
2023323322
0233233223
2332332230
3323322300
3233223001
2332230013
3322300133
3223001330
2230013300
2300133001
3001330011
0013300113
0133001131
1330011313
3300113133
3001131332
0011313322
0113133223
1131332233
1313322333
3133223333
1332233330
3322333303
3223333033
2233330330
2333303300
3333033003
3330330033
3303300333
3033003332
0330033320
3300333200
3003332001
0033320010
0333200102
3332001021
3320010210
3200102100
2001021000
0010210000
0102100002
1021000021
0210000213
2100002133
1000021331
0000213310
0002133103
0021331030
0213310303
2133103033
1331030330
3310303302
3103033021
1030330213
0303302133
3033021331
0330213313
3302133132
3021331320
0213313203
2133132030
1331320300
3313203000
3132030001
1320300013
3203000133
2030001331
0300013313
3000133130
0001331300
0013313000
0133130003
1331300030
3313000303
3130003032
1300030323
3000303233
0003032333
0030323333
0303233333
3032333332
0323333321
3233333210
2333332101
3333321010
3333210100
3332101001
3321010011
3210100112
2101001120
1010011203
0100112032
1001120322
0011203222
0112032223
1120322232
1203222320
2032223203
0322232032
3222320322
2223203222
2232032223
2320322233
3203222333
2032223333
0322233333
3222333333
2223333331
2233333312
2333333123
3333331231
3333312310
3333123103
3331231031
3312310310
3123103101
1231031013
2310310133
3103101330
1031013301
0310133010
3101330103
1013301033
0133010332
1330103320
3301033200
3010332000
0103320002
1033200020
0332000200
3320002001
3200020010
2000200102
0002001021
0020010213
0200102130
2001021303
0010213033
0102130331
1021303313
0213033132
2130331322
1303313223
3033132231
0331322310
3313223102
3132231023
1322310231
3223102313
2231023132
2310231320
3102313200
1023132001
0231320012
2313200122
3132001222
1320012220
3200122202
2001222022
0012220220
0122202201
1222022013
2220220132
2202201320
2022013203
0220132030
2201320300
2013203001
0132030010
1320300102
3203001021
2030010211
0300102110
3001021102
0010211021
0102110210
1021102100
0211021000
2110210002
1102100020
1021000203
0210002030
2100020303
1000203033
0002030331
0020303310
0203033103
2030331033
0303310333
3033103333
0331033330
3310333303
3103333031
1033330310
0333303100
3333031003
3330310032
3303100323
3031003233
0310032331
3100323310
1003233103
0032331030
0323310303
3233103030
2331030303
3310303030
3103030301
1030303010
0303030102
3030301021
0303010213
3030102132
0301021320
3010213203
0102132033
1021320330
0213203302
2132033023
1320330232
3203302323
2033023233
0330232333
3302323333
3023233330
0232333300
2323333002
3233330020
2333300201
3333002010
3330020102
3300201023
3002010233
0020102332
0201023320
2010233200
0102332000
1023320003
0233200032
2332000323
3320003232
3200032320
2000323200
0003232003
0032320031
0323200313
3232003130
2320031303
3200313032
2003130321
0031303213
0313032133
3130321333
1303213333
3032133330
0321333300
3213333002
2133330020
1333300203
3333002033
3330020332
3300203320
3002033201
0020332011
0203320110
2033201100
0332011000
3320110000
3201100001
2011000012
0110000121
1100001213
1000012133
0000121333
0001213333
0012133333
0121333333
1213333333
2133333332
1333333321
3333333210
3333332103
3333321033
3333210332
3332103320
3321033203
3210332033
2103320330
1033203303
0332033032
3320330320
3203303203
2033032033
0330320333
3303203333
3032033333
0320333330
3203333300
2033333000
0333330003
3333300032
3333000320
3330003201
3300032011
3000320111
0003201111
0032011111
0320111111
3201111111
