3122022213
1220222131
2202221312
2022213120
0222131203
2221312033
2213120333
2131203332
1312033323
3120333233
1203332330
2033323302
0333233023
3332330232
3323302320
3233023201
2330232012
3302320123
3023201231
0232012310
2320123101
3201231013
2012310132
0123101321
1231013212
2310132120
3101321201
1013212013
0132120132
1321201323
3212013232
2120132323
1201323232
2013232320
0132323202
1323232022
3232320220
2323202200
3232022001
2320220013
3202200131
2022001312
0220013120
2200131202
2001312020
0013120202
0131202022
1312020222
3120202222
1202022220
2020222203
0202222033
2022220332
0222203322
2222033223
2220332233
2203322332
2033223322
0332233221
3322332212
3223322120
2233221202
2332212021
3322120212
3221202122
2212021223
2120212233
1202122332
2021223321
0212233211
2122332113
1223321131
2233211312
2332113122
3321131220
3211312200
2113122000
1131220001
1312200013
3122000132
1220001322
2200013221
2000132211
0001322111
0013221110
0132211100
1322111000
3221110000
2211100002
2111000022
1110000221
1100002212
1000022121
0000221212
0002212120
0022121200
0221212000
2212120000
2121200002
1212000022
2120000222
1200002220
2000022200
0000222000
0002220000
0022200000
0222000002
2220000022
2200000220
2000002202
0000022021
0000220212
0002202120
0022021201
0220212012
2202120120
2021201200
0212012003
2120120030
1201200300
2012003002
0120030022
1200300221
2003002211
0030022110
0300221100
3002211002
0022110022
0221100221
2211002212
2110022123
1100221230
1002212302
0022123020
0221230202
2212302020
2123020200
1230202002
2302020023
3020200233
0202002333
2020023332
0200233320
2002333203
0023332033
0233320332
2333203322
3332033220
3320332203
3203322033
2033220333
0332203331
3322033311
3220333113
2203331130
2033311300
0333113000
3331130002
3311300020
3113000202
1130002022
1300020222
3000202220
0002022200
0020222000
0202220002
2022200021
0222000212
2220002121
2200021213
2000212132
0002121322
0021213220
0212132202
2121322022
1213220223
2132202230
1322022301
3220223011
2202230113
2022301132
0223011320
2230113202
2301132020
3011320200
0113202002
1132020021
1320200213
3202002130
2020021303
0200213032
2002130322
0021303220
0213032203
2130322033
1303220331
3032203311
0322033113
3220331131
2203311313
2033113132
0331131323
3311313233
3113132331
1131323311
1313233110
3132331100
1323311001
3233110011
2331100110
3311001103
3110011031
1100110312
1001103121
0011031213
0110312132
1103121320
1031213200
0312132002
3121320023
1213200231
2132002311
1320023110
3200231103
2002311032
0023110322
0231103222
2311032220
3110322203
1103222032
1032220321
0322203213
3222032132
2220321321
2203213213
2032132132
0321321322
3213213221
2132132213
1321322133
3213221333
2132213332
1322133321
3221333210
2213332102
2133321020
1333210200
3332102002
3321020020
3210200200
2102002001
1020020011
0200200113
2002001132
0020011322
0200113220
2001132202
0011322023
0113220232
1132202321
1322023211
3220232111
2202321111
2023211110
0232111103
2321111033
3211110333
2111103332
1111033321
1110333211
1103332113
1033321132
0333211322
3332113220
3321132202
3211322022
2113220223
1132202232
1322022320
3220223203
2202232032
2022320320
0223203200
2232032002
2320320022
3203200220
2032002202
0320022021
3200220211
2002202110
0022021102
0220211023
2202110231
2021102313
0211023131
2110231310
1102313100
1023131001
0231310010
2313100100
3131001000
1310010001
3100100013
1001000132
0010001323
0100013232
1000132321
0001323211
0013232111
0132321110
1323211103
3232111030
2321110303
3211103031
2111030313
1110303133
1103031333
1030313333
0303133332
3031333321
0313333210
3133332102
1333321022
3333210223
3332102233
3321022331
3210223313
2102233132
1022331321
0223313210
2233132101
2331321013
3313210133
3132101333
1321013332
3210133320
2101333200
1013332000
0133320001
1333200013
3332000131
3320001311
3200013113
2000131133
0001311330
0013113302
0131133020
1311330201
3113302010
1133020102
1330201020
3302010200
3020102002
0201020020
2010200200
0102002000
1020020002
0200200022
2002000223
0020002232
0200022323
2000223230
0002232300
0022323001
0223230010
2232300101
2323001010
3230010102
2300101023
3001010232
0010102323
0101023231
1010232311
0102323110
1023231101
0232311013
2323110133
3231101333
2311013332
3110133321
1101333210
1013332100
0133321003
1333210032
3332100321
3321003211
3210032110
2100321100
1003211002
0032110022
0321100223
3211002231
2110022310
1100223101
1002231011
0022310110
0223101100
2231011000
2310110000
3101100002
1011000020
0110000200
1100002002
1000020023
0000200231
0002002313
0020023130
0200231300
2002313002
0023130022
0231300222
2313002220
3130022200
1300222002
3002220020
0022200203
0222002032
2220020323
2200203231
2002032311
0020323112
0203231120
2032311203
0323112033
3231120333
2311203330
3112033300
1120333002
1203330021
2033300210
0333002100
3330021002
3300210023
3002100230
0021002300
0210023003
2100230031
1002300310
0023003100
0230031000
2300310002
3003100023
0031000232
0310002322
3100023223
1000232232
0002322321
0023223213
0232232132
2322321322
3223213220
2232132200
2321322002
3213220023
2132200231
1322002310
3220023103
2200231030
2002310301
0023103010
0231030103
2310301032
3103010321
1030103213
0301032133
3010321333
0103213333
1032133332
0321333320
3213333202
2133332021
1333320212
3333202123
3332021232
3320212320
3202123203
2021232030
0212320301
2123203010
1232030102
2320301022
3203010222
2030102221
0301022213
3010222131
0102221310
1022213100
0222131002
2221310023
2213100233
2131002333
1310023333
3100233331
1002333310
0023333102
0233331020
2333310203
3333102032
3331020320
3310203203
3102032031
1020320312
0203203122
2032031223
0320312232
3203122323
2031223233
0312232333
3122323331
1223233311
2232333111
2323331111
3233311110
2333111100
3331111002
3311110020
3111100202
1111002020
1110020202
1100202020
1002020201
0020202010
0202020101
2020201010
0202010102
2020101020
0201010200
2010102000
0101020001
1010200011
0102000110
1020001101
0200011013
2000110133
0001101331
0011013313
0110133130
1101331301
1013313013
0133130132
1331301321
3313013210
3130132102
1301321020
3013210203
0132102031
1321020311
3210203110
2102031103
1020311032
0203110322
2031103220
0311032200
3110322002
1103220022
1032200220
0322002200
3220022001
2200220010
2002200102
0022001021
0220010211
2200102110
2001021102
0010211023
0102110233
1021102332
0211023323
2110233233
1102332332
1023323320
0233233201
2332332013
3323320132
3233201323
2332013230
3320132300
3201323000
2013230002
0132300022
1323000220
3230002203
2300022030
3000220301
0002203010
0022030102
0220301022
2203010222
2030102220
0301022201
3010222010
0102220102
1022201022
0222010221
2220102213
2201022132
2010221320
0102213200
1022132000
0221320000
2213200002
2132000020
1320000202
3200002020
2000020202
0000202020
0002020200
0020202002
0202020022
2020200220
0202002200
2020022002
0200220020
2002200200
0022002000
0220020000
2200200000
2002000000
0020000000
0200000002
2000000022
0000000222
0000002222
0000022220
0000222200
0002222003
0022220033
0222200333
2222003333
2220033330
2200333301
2003333011
0033330113
0333301133
3333011332
3330113322
3301133222
3011332223
0113322232
1133222320
1332223202
3322232020
3222320202
2223202021
2232020213
2320202131
3202021313
2020213130
0202131300
2021313001
0213130013
2131300133
1313001332
3130013321
1300133211
3001332110
0013321102
0133211023
1332110230
3321102303
3211023032
2110230321
1102303210
1023032102
0230321023
2303210232
3032102322
0321023220
3210232200
2102322001
1023220013
0232200130
2322001300
3220013001
2200130010
2001300100
0013001000
0130010000
1300100002
3001000020
0010000203
0100002030
1000020303
0000203033
0002030331
0020303311
0203033111
2030331113
0303311132
3033111320
0331113202
3311132020
3111320200
1113202002
1132020020
1320200200
3202002000
2020020000
0200200000
2002000002
0020000021
0200000210
2000002102
0000021023
0000210233
0002102331
0021023311
0210233110
2102331102
1023311023
0233110230
2331102300
3311023000
3110230002
1102300021
1023000213
0230002132
2300021323
3000213233
0002132332
0021323323
0213233231
2132332311
1323323113
3233231133
2332311332
3323113320
3231133200
2311332002
3113320023
1133200233
1332002332
3320023322
3200233220
2002332203
0023322031
0233220310
2332203102
3322031020
3220310201
2203102013
2031020131
0310201310
3102013103
1020131031
0201310313
2013103132
0131031320
1310313200
3103132002
1031320020
0313200203
3132002032
1320020321
3200203211
2002032113
0020321130
0203211303
2032113030
0321130300
3211303002
2113030020
1130300200
1303002002
3030020020
0300200201
3002002010
0020020102
0200201021
2002010213
0020102132
0201021321
2010213210
0102132102
1021321023
0213210231
2132102310
1321023100
3210231000
2102310003
1023100032
0231000323
2310003232
3100032323
1000323232
0003232322
0032323220
0323232203
3232322033
2323220333
3232203331
2322033310
3220333102
2203331020
2033310200
0333102000
3331020000
3310200000
3102000000
1020000000
0200000003
2000000031
0000000313
0000003131
0000031313
0000313132
0003131323
0031313231
0313132313
3131323131
1313231310
3132313103
1323131032
3231310320
2313103203
3131032032
1310320320
3103203203
1032032032
0320320320
3203203200
2032032000
0320320003
3203200030
2032000303
0320003030
3200030303
2000303032
0003030321
0030303213
0303032132
3030321320
0303213202
3032132020
0321320200
3213202003
2132020031
1320200310
3202003100
2020031000
0200310002
2003100021
0031000211
0310002111
3100021113
1000211133
0002111332
0021113323
0211133231
2111332310
1113323102
1133231022
1332310223
3323102232
3231022322
2310223220
3102232201
1022322011
0223220113
2232201133
2322011331
3220113311
2201133113
2011331130
0113311302
1133113022
1331130221
3311302211
3113022110
1130221100
1302211002
3022110023
0221100232
2211002321
2110023213
1100232132
1002321320
0023213200
0232132002
2321320020
3213200203
2132002032
1320020320
3200203202
2002032022
0020320221
0203202210
2032022103
0320221033
3202210330
2022103300
0221033000
2210330001
2103300010
1033000103
0330001033
3300010333
3000103333
0001033330
0010333302
0103333022
1033330223
0333302232
3333022321
3330223210
3302232103
3022321032
0223210321
2232103212
2321032122
3210321223
2103212233
1032122333
0321223331
3212233313
2122333133
1223331332
2233313322
2333133220
3331332200
3313322002
3133220020
1332200200
3322002000
3220020002
2200200020
2002000201
0020002013
0200020132
2000201322
0002013222
0020132220
0201322200
2013222002
0132220021
1322200210
3222002103
2220021030
2200210302
2002103020
0021030200
0210302003
2103020032
1030200321
0302003210
3020032101
0200321013
2003210131
0032101311
0321013110
3210131102
2101311021
1013110211
0131102110
1311021102
3110211022
1102110220
1021102201
0211022013
2110220132
1102201320
1022013200
0220132000
2201320000
2013200003
0132000032
1320000323
3200003230
2000032302
0000323020
0003230200
0032302002
0323020023
3230200233
2302002332
3020023323
0200233233
2002332332
0023323321
0233233210
2332332102
3323321020
3233210202
2332102020
3321020200
3210202003
2102020032
1020200323
0202003233
2020032332
0200323321
2003233213
0032332132
0323321321
3233213212
2332132121
3321321210
3213212102
2132121020
1321210200
3212102002
2121020020
1210200202
2102002021
1020020211
0200202110
2002021102
0020211022
0202110222
2021102223
0211022233
2110222333
1102223332
1022233323
0222333231
2223332313
2233323133
2333231333
3332313333
3323133333
3231333331
2313333310
3133333102
1333331020
3333310203
3333102031
3331020311
3310203113
3102031132
1020311321
0203113211
2031132110
0311321103
3113211032
1132110320
1321103202
3211032020
2110320201
1103202010
1032020102
0320201021
3202010210
2020102103
0201021032
2010210320
0102103203
1021032030
0210320301
2103203010
1032030100
0320301000
3203010000
2030100001
0301000011
3010000113
0100001132
1000011320
0000113200
0001132002
0011320021
0113200211
1132002112
1320021122
3200211223
2002112233
0021122331
0211223311
2112233110
1122331102
1223311020
2233110201
2331102010
3311020102
3110201021
1102010210
1020102102
0201021022
2010210220
0102102203
1021022032
0210220322
2102203220
1022032201
0220322013
2203220133
2032201333
0322013332
3220133321
2201333213
2013332131
0133321313
1333213133
3332131331
3321313310
3213133101
2131331013
1313310131
3133101310
1331013102
3310131022
3101310220
1013102200
0131022002
1310220020
3102200202
1022002021
0220020210
2200202100
2002021002
0020210022
0202100221
2021002210
0210022100
2100221003
1002210033
0022100332
0221003322
2210033222
2100332222
1003322220
0033222200
0332222002
3322220021
3222200211
2222002110
2220021102
2200211020
2002110202
0021102020
0211020203
2110202031
1102020311
1020203111
0202031110
2020311101
0203111013
2031110130
0311101301
3111013010
1110130100
1101301000
1013010003
0130100032
1301000320
3010003202
0100032021
1000320210
0003202102
0032021022
0320210221
3202102210
2021022102
0210221022
2102210223
1022102232
0221022320
2210223203
2102232032
1022320322
0223203223
2232032230
2320322301
3203223010
2032230102
0322301020
3223010200
2230102003
2301020032
3010200322
0102003222
1020032221
0200322213
2003222132
0032221322
0322213223
3222132232
2221322323
2213223233
2132232332
1322323323
3223233232
2232332321
2323323213
3233232132
2332321321
3323213211
3232132113
2321321132
3213211321
2132113213
1321132132
3211321322
2113213220
1132132201
1321322010
3213220101
2132201010
1322010101
3220101010
2201010101
2010101011
0101010110
1010101100
0101011001
1010110010
0101100101
1011001013
0110010131
1100101313
1001013132
0010131323
0101313232
1013132320
0131323200
1313232002
3132320020
1323200203
3232002032
2320020320
3200203202
2002032022
0020320220
0203202202
2032022021
0320220210
3202202101
2022021011
0220210113
2202101132
2021011321
0210113213
2101132130
1011321301
0113213010
1132130100
1321301003
3213010031
2130100311
1301003111
3010031110
0100311102
1003111020
0031110201
0311102013
3111020131
1110201311
1102013110
1020131102
0201311021
2013110213
0131102130
1311021300
3110213001
1102130010
1021300102
0213001023
2130010231
1300102311
3001023113
0010231133
0102311333
1023113332
0231133320
2311333200
3113332003
1133320031
1333200310
3332003102
3320031022
3200310223
2003102231
0031022310
0310223101
3102231013
1022310132
0223101322
2231013222
2310132220
3101322200
1013222002
0132220020
1322200202
3222002020
2220020201
2200202013
2002020132
0020201320
0202013203
2020132032
0201320321
2013203212
0132032122
1320321220
3203212202
2032122023
0321220230
3212202303
2122023031
1220230311
2202303112
2023031122
0230311220
2303112200
3031122002
0311220022
3112200223
1122002231
1220022310
2200223100
2002231003
0022310032
0223100320
2231003200
2310032003
3100320032
1003200322
0032003221
0320032213
3200322133
2003221333
0032213331
0322133310
3221333100
2213331000
2133310000
1333100000
3331000002
3310000021
3100000210
1000002100
0000021003
0000210032
0002100320
0021003202
0210032022
2100320223
1003202231
0032022311
0320223113
3202231133
2022311333
0223113331
2231133313
2311333131
3113331311
1133313113
1333131130
3331311302
3313113021
3131130213
1311302131
3113021311
1130213110
1302131103
3021311032
0213110321
2131103210
1311032102
3110321022
1103210220
1032102201
0321022010
3210220103
2102201033
1022010331
0220103310
2201033102
2010331020
0103310201
1033102013
0331020132
3310201320
3102013200
1020132002
0201320020
2013200202
0132002022
1320020223
3200202232
2002022322
0020223220
0202232203
2022322031
0223220310
2232203102
2322031022
3220310220
2203102203
2031022031
0310220313
3102203132
1022031320
0220313200
2203132001
2031320013
0313200131
3132001313
1320013133
3200131332
2001313323
0013133232
0131332323
1313323232
3133232320
1332323203
3323232032
3232320322
2323203220
3232032203
2320322033
3203220331
2032203310
0322033102
3220331020
2203310201
2033102013
0331020133
3310201331
3102013313
1020133132
0201331323
2013313232
0133132323
1331323231
3313232313
3132323131
1323231313
3232313131
2323131310
3231313100
2313131000
3131310000
1313100002
3131000020
1310000201
3100002013
1000020132
0000201322
0002013220
0020132201
0201322010
2013220102
0132201020
1322010203
3220102033
2201020332
2010203320
0102033200
1020332002
0203320020
2033200201
0332002011
3320020110
3200201102
2002011022
0020110222
0201102220
2011022200
0110222000
1102220002
1022200023
0222000233
2220002333
2200023330
2000233301
0002333010
0023330100
0233301001
2333010012
3330100123
3301001232
3010012322
0100123221
1001232210
0012322103
0123221032
1232210320
2322103200
3221032000
2210320002
2103200023
1032000232
0320002320
3200023201
2000232013
0002320132
0023201322
0232013221
2320132211
3201322110
2013221103
0132211033
1322110330
3221103302
2211033021
2110330211
1103302110
1033021100
0330211000
3302110001
3021100011
0211000110
2110001102
1100011023
1000110233
0001102330
0011023301
0110233011
1102330113
1023301131
0233011313
2330113130
3301131302
3011313022
0113130220
1131302203
1313022033
3130220332
1302203320
3022033200
0220332002
2203320020
2033200203
0332002030
3320020300
3200203000
2002030000
0020300003
0203000030
2030000303
0300003033
3000030333
0000303332
0003033322
0030333222
0303332220
3033322202
0333222020
3332220200
3322202001
3222020013
2220200133
2202001330
2020013301
0200133010
2001330102
0013301021
0133010210
1330102102
3301021022
3010210222
0102102220
1021022200
0210222001
2102220012
1022200121
0222001210
2220012100
2200121002
2001210023
0012100231
0121002310
1210023100
2100231001
1002310011
0023100113
0231001131
2310011310
3100113101
1001131013
0011310133
0113101331
1131013310
1310133102
3101331020
1013310200
0133102003
1331020032
3310200320
3102003200
1020032000
0200320002
2003200020
0032000202
0320002020
3200020201
2000202010
0002020101
0020201010
0202010100
2020101003
0201010031
2010100311
0101003110
1010031103
0100311030
1003110303
0031103030
0311030301
3110303010
1103030100
1030301002
0303010021
3030100210
0301002102
3010021020
0100210202
1002102022
0021020220
0210202200
2102022003
1020220032
0202200321
2022003210
0220032103
2200321033
2003210332
0032103321
0321033213
3210332132
2103321323
1033213231
0332132310
3321323100
3213231001
2132310010
1323100101
3231001010
2310010100
3100101000
1001010000
0010100003
0101000031
1010000311
0100003111
1000031112
0000311123
0003111232
0031112320
0311123202
3111232020
1112320201
1123202010
1232020101
2320201011
3202010113
2020101130
0201011302
2010113020
0101130200
1011302000
0113020000
1130200000
1302000001
3020000010
0200000100
2000001001
0000010011
0000100113
0001001133
0010011330
0100113300
1001133001
0011330010
0113300101
1133001012
1330010120
3300101200
3001012000
0010120002
0101200020
1012000202
0120002022
1200020220
2000202200
0002022002
0020220022
0202200221
2022002211
0220022110
2200221101
2002211010
0022110103
0221101031
2211010310
2110103102
1101031020
1010310202
0103102021
1031020213
0310202132
3102021320
1020213201
0202132010
2021320101
0213201011
2132010113
1320101132
3201011320
2010113203
0101132032
1011320320
0113203203
1132032033
1320320333
3203203331
2032033310
0320333103
3203331031
2033310310
0333103102
3331031020
3310310200
3103102002
1031020020
0310200201
3102002010
1020020102
0200201022
2002010220
0020102203
0201022032
2010220323
0102203232
1022032320
0220323200
2203232000
2032320002
0323200020
3232000200
2320002003
3200020032
2000200323
0002003231
0020032312
0200323122
2003231220
0032312200
0323122002
3231220020
2312200202
3122002020
1220020201
2200202011
2002020113
0020201132
0202011323
2020113231
0201132310
2011323103
0113231032
1132310322
1323103220
3231032203
2310322032
3103220320
1032203203
0322032032
3220320322
2203203223
2032032232
0320322321
3203223213
2032232131
0322321311
3223213113
2232131133
2321311333
3213113332
2131133322
1311333220
3113332200
1133322002
1333220020
3332200200
3322002003
3220020032
2200200323
2002003232
0020032320
0200323202
2003232021
0032320210
0323202100
3232021000
2320210001
3202100011
2021000113
0210001133
2100011333
1000113332
0001133321
0011333213
0113332131
1133321313
1333213133
3332131332
3321313323
3213133233
2131332332
1313323320
3133233203
1332332032
3323320320
3233203201
2332032010
3320320100
3203201002
2032010021
0320100211
3201002113
2010021132
0100211323
1002113233
0021132332
0211323320
2113233200
1132332001
1323320010
3233200101
2332001011
3320010110
3200101100
2001011000
0010110002
0101100020
1011000202
0110002020
1100020203
1000202032
0002020321
0020203213
0202032130
2020321300
0203213002
2032130023
0321300233
3213002332
2130023321
1300233211
3002332113
0023321132
0233211320
2332113200
3321132002
3211320020
2113200200
1132002001
1320020011
3200200113
2002001133
0020011331
0200113313
2001133130
0011331303
0113313031
1133130310
1331303100
3313031002
3130310022
1303100220
3031002200
0310022002
3100220021
1002200210
0022002102
0220021023
2200210232
2002102323
0021023231
0210232311
2102323110
1023231100
0232311003
2323110033
3231100333
2311003332
3110033322
1100333220
1003332200
0033322002
0333220022
3332200220
3322002200
3220022003
2200220033
2002200332
0022003320
0220033200
2200332000
2003320002
0033200023
0332000232
3320002322
3200023220
2000232201
0002322010
0023220100
0232201002
2322010021
3220100213
2201002131
2010021313
0100213132
1002131320
0021313200
0213132001
2131320010
1313200103
3132001031
1320010313
3200103132
2001031321
0010313211
0103132110
1031321103
0313211030
3132110300
1321103002
3211030023
2110300233
1103002332
1030023321
0300233211
3002332110
0023321102
0233211020
2332110202
3321102023
3211020231
2110202310
1102023100
1020231002
0202310021
2023100211
0231002113
2310021132
3100211320
1002113200
0021132000
0211320000
2113200000
1132000003
1320000033
3200000331
2000003312
0000033120
0000331200
0003312002
0033120020
0331200200
3312002002
3120020020
1200200202
2002002020
0020020201
0200202011
2002020110
0020201100
0202011000
2020110001
0201100013
2011000131
0110001310
1100013103
1000131033
0001310332
0013103320
0131033202
1310332023
3103320230
1033202302
0332023022
3320230220
3202302202
2023022020
0230220200
2302202002
3022020023
0220200230
2202002302
2020023020
0200230201
2002302010
0023020100
0230201003
2302010031
3020100310
0201003100
2010031003
0100310032
1003100320
0031003202
0310032022
3100320221
1003202211
0032022110
0320221101
3202211013
2022110133
0221101332
2211013322
2110133223
1101332231
1013322310
0133223102
1332231023
3322310233
3223102332
2231023321
2310233210
3102332100
1023321003
0233210033
2332100333
3321003332
3210033323
2100333232
1003332322
0033323223
0333232230
3332322302
3323223020
3232230203
2322302032
3223020322
2230203220
2302032200
3020322000
0203220001
2032200013
0322000131
3220001311
2200013110
2000131102
0001311022
0013110223
0131102231
1311022313
3110223131
1102231311
1022313113
0223131132
2231311320
2313113200
3131132001
1311320010
3113200102
1132001023
1320010231
3200102310
2001023100
0010231000
0102310000
1023100000
0231000003
2310000030
3100000302
1000003020
0000030202
0000302020
0003020201
0030202010
0302020102
3020201020
0202010202
2020102022
0201020220
2010202203
0102022032
1020220320
0202203202
2022032022
0220320220
2203202202
2032022022
0320220221
3202202210
2022022100
0220221000
2202210000
2022100002
0221000020
2210000200
2100002002
1000020021
0000200210
0002002102
0020021020
0200210201
2002102010
0021020101
0210201010
2102010102
1020101022
0201010221
2010102211
0101022110
1010221102
0102211020
1022110200
0221102000
2211020001
2110200010
1102000102
1020001020
0200010203
2000102031
0001020310
0010203102
0102031022
1020310221
0203102212
2031022122
0310221220
3102212202
1022122023
0221220230
2212202302
2122023022
1220230220
2202302202
2023022022
0230220221
2302202213
3022022133
0220221331
2202213310
2022133100
0221331003
2213310033
2133100330
1331003301
3310033013
3100330131
1003301310
0033013101
0330131010
3301310102
3013101020
0131010200
1310102002
3101020022
1010200220
0102002202
1020022021
0200220211
2002202113
0022021131
0220211312
2202113120
2021131202
0211312023
2113120232
1131202322
1312023222
3120232220
1202322201
2023222011
0232220110
2322201101
3222011012
2220110122
2201101220
2011012200
0110122003
1101220031
1012200313
0122003131
1220031310
2200313102
2003131021
0031310213
0313102132
3131021321
1310213210
3102132100
1021321001
0213210011
2132100110
1321001102
3210011020
2100110200
1001102002
0011020022
0110200220
1102002202
1020022021
0200220213
2002202133
0022021332
0220213322
2202133220
2021332200
0213322002
2133220021
1332200210
3322002100
3220021000
2200210002
2002100023
0021000232
0210002320
2100023202
1000232021
0002320211
0023202110
0232021102
2320211021
3202110210
2021102100
0211021000
2110210002
1102100021
1021000212
0210002120
2100021202
1000212020
0002120200
0021202000
0212020000
2120200002
1202000022
2020000220
0200002200
2000022000
0000220000
0002200003
0022000032
0220000321
2200003212
2000032120
0000321200
0003212003
0032120032
0321200320
3212003200
2120032000
1200320002
2003200020
0032000202
0320002020
3200020200
2000202000
0002020000
0020200002
0202000020
2020000200
0200002000
2000020001
0000200010
0002000100
0020001000
0200010002
2000100022
0001000223
0010002232
0100022322
1000223223
0002232231
0022322313
0223223131
2232231310
2322313100
3223131002
2231310021
2313100210
3131002102
1310021022
3100210220
1002102200
0021022000
0210220003
2102200030
1022000303
0220003032
2200030321
2000303211
0003032110
0030321101
0303211011
3032110113
0321101131
3211011310
2110113101
1101131013
1011310131
0113101313
1131013132
1310131323
3101313230
1013132300
0131323001
1313230010
3132300102
1323001020
3230010200
2300102000
3001020000
0010200003
0102000032
1020000320
0200003201
2000032011
0000320111
0003201111
0032011110
0320111102
3201111023
2011110232
0111102321
1111023210
1110232103
1102321031
1023210312
0232103121
2321031210
3210312102
2103121020
1031210200
0312102000
3121020002
1210200023
2102000233
1020002333
0200023333
2000233332
0002333323
0023333231
0233332310
2333323103
3333231032
3332310322
3323103223
3231032233
2310322330
3103223302
1032233020
0322330201
3223302010
2233020101
2330201011
3302010110
3020101102
0201011021
2010110211
0101102110
1011021102
0110211020
1102110203
1021102032
0211020320
2110203200
1102032001
1020320010
0203200103
2032001032
0320010322
3200103220
2001032200
0010322001
0103220013
1032200133
0322001332
3220013320
2200133203
2001332032
0013320321
0133203210
1332032100
3320321002
3203210023
2032100230
0321002300
3210023002
2100230022
1002300223
0023002233
0230022333
2300223332
3002233323
0022333232
0223332321
2233323213
2333232130
3332321300
3323213001
3232130011
2321300111
3213001113
2130011133
1300111331
3001113310
0011133100
0111331001
1113310010
1133100103
1331001031
3310010313
3100103131
1001031311
0010313113
0103131133
1031311332
0313113323
3131133232
1311332321
3113323212
1133232120
1332321201
3323212010
3232120102
2321201022
3212010220
2120102202
1201022023
2010220233
0102202332
1022023323
0220233230
2202332300
2023323000
0233230000
2332300000
3323000002
3230000023
2300000231
3000002313
0000023132
0000231320
0002313200
0023132003
0231320032
2313200323
3132003233
1320032332
3200323320
2003233200
0032332002
0323320020
3233200200
2332002000
3320020001
3200200013
2002000130
0020001300
0200013000
2000130002
0001300020
0013000202
0130002022
1300020222
3000202221
0002022211
0020222110
0202221103
2022211030
0222110302
2221103023
2211030231
2110302311
1103023113
1030231133
0302311332
3023113323
0231133233
2311332333
3113323331
1133233310
1332333103
3323331033
3233310332
2333103323
3331033233
3310332331
3103323311
1033233111
0332331110
3323311101
3233111010
2331110102
3311101021
3111010210
1110102100
1101021002
1010210021
0102100213
1021002131
0210021311
2100213111
1002131110
0021311100
0213111002
2131110020
1311100201
3111002010
1110020102
1100201021
1002010213
0020102132
0201021323
2010213233
0102132331
1021323310
0213233101
2132331013
1323310131
3233101311
2331013113
3310131132
3101311321
1013113210
0131132102
1311321023
3113210233
1132102331
1321023311
3210233111
2102331112
1023311121
0233111211
2331112113
3311121130
3111211301
1112113010
1121130100
1211301000
2113010000
1130100002
1301000023
3010000232
0100002320
1000023200
0000232002
0002320021
0023200210
0232002100
2320021000
3200210003
2002100031
0021000310
0210003101
2100031013
1000310133
0003101331
0031013313
0310133132
3101331320
1013313201
0133132012
1331320120
3313201202
3132012022
1320120222
3201202221
2012022210
0120222100
1202221002
2022210020
0222100200
2221002002
2210020021
2100200213
1002002131
0020021310
0200213103
2002131030
0021310302
0213103021
2131030210
1310302102
3103021020
1030210203
0302102031
3021020310
0210203100
2102031001
1020310011
0203100113
2031001132
0310011320
3100113202
1001132020
0011320200
0113202002
1132020020
1320200202
3202002023
2020020230
0200202303
2002023030
0020230303
0202303033
2023030330
0230303303
2303033032
3030330323
0303303230
3033032302
0330323023
3303230231
3032302310
0323023102
3230231020
2302310203
3023102032
0231020321
2310203210
3102032100
1020321002
0203210020
2032100202
0321002022
3210020222
2100202221
1002022210
0020222100
0202221003
2022210032
0222100320
2221003203
2210032033
2100320331
1003203313
0032033133
0320331332
3203313321
2033133210
0331332101
3313321010
3133210102
1332101022
3321010222
3210102222
2101022223
1010222233
0102222332
1022223321
0222233211
2222332110
2223321101
2233211010
2332110102
3321101020
3211010200
2110102000
1101020002
1010200021
0102000213
1020002132
0200021321
2000213210
0002132100
0021321003
0213210031
2132100310
1321003103
3210031032
2100310321
1003103213
0031032132
0310321320
3103213203
1032132032
0321320320
3213203203
2132032030
1320320300
3203203000
2032030002
0320300021
3203000213
2030002132
0300021321
3000213210
0002132102
0021321020
0213210202
2132102020
1321020201
3210202011
2102020110
1020201103
0202011032
2020110322
0201103220
2011032202
0110322023
1103220233
1032202332
0322023320
3220233200
2202332001
2023320011
0233200111
2332001110
3320011102
3200111020
2001110200
0011102000
0111020001
1110200013
1102000132
1020001320
0200013203
2000132032
0001320320
0013203201
0132032010
1320320102
3203201021
2032010212
0320102120
3201021200
2010212001
0102120013
1021200130
0212001302
2120013020
1200130203
2001302032
0013020321
0130203210
1302032102
3020321020
0203210201
2032102013
0321020133
3210201333
2102013332
1020133323
0201333230
2013332301
0133323010
1333230102
3332301020
3323010200
3230102001
2301020010
3010200103
0102001030
1020010303
0200103033
2001030331
0010303310
0103033102
1030331021
0303310213
3033102132
0331021323
3310213233
3102132332
1021323321
0213233210
2132332100
1323321000
3233210001
2332100012
3321000121
3210001211
2100012110
1000121102
0001211023
0012110231
0121102310
1211023103
2110231033
1102310331
1023103313
0231033133
2310331330
3103313301
1033133013
0331330133
3313301331
3133013310
1330133103
3301331031
3013310311
0133103110
1331031102
3310311022
3103110223
1031102231
0311022311
3110223110
1102231102
1022311023
0223110232
2231102320
2311023200
3110232002
1102320022
1023200220
0232002202
2320022023
3200220231
2002202313
0022023132
0220231321
2202313213
2023132131
0231321311
2313213113
3132131132
1321311320
3213113200
2131132000
1311320003
3113200033
1132000331
1320003310
3200033100
2000331000
0003310002
0033100022
0331000222
3310002220
3100022200
1000222001
0002220013
0022200131
0222001310
2220013100
2200131000
2001310002
0013100021
0131000213
1310002132
3100021322
1000213221
0002132210
0021322101
0213221010
2132210102
1322101023
3221010230
2210102302
2101023020
1010230200
0102302002
1023020020
0230200203
2302002030
3020020302
0200203021
2002030210
0020302102
0203021022
2030210222
0302102223
3021022233
0210222332
2102223320
1022233200
0222332003
2223320030
2233200303
2332003033
3320030333
3200303332
2003033322
0030333220
0303332202
3033322020
0333220200
3332202000
3322020003
3220200033
2202000332
2020003320
0200033201
2000332013
0003320131
0033201313
0332013130
3320131303
3201313030
2013130303
0131303032
1313030320
3130303202
1303032022
3030320220
0303202200
3032022000
0320220002
3202200020
2022000200
0220002002
2200020020
2000200202
0002002020
0020020201
0200202012
2002020121
0020201213
0202012132
2020121323
0201213233
2012132332
0121323321
1213233211
2132332113
1323321132
3233211323
2332113232
3321132323
3211323232
2113232322
1132323221
1323232210
3232322102
2323221020
3232210201
2322102010
3221020100
2210201000
2102010002
1020100022
0201000221
2010002210
0100022103
1000221031
0002210310
0022103101
0221031013
2210310132
2103101323
1031013231
0310132311
3101323110
1013231100
0132311000
1323110002
3231100020
2311000201
3110002013
1100020132
1000201322
0002013221
0020132210
0201322100
2013221001
0132210011
1322100113
3221001131
2210011313
2100113132
1001131323
0011313231
0113132313
1131323131
1313231311
3132313112
1323131122
3231311223
2313112233
3131122333
1311223331
3112233311
1122333111
1223331110
2233311102
2333111020
3331110202
3311102021
3111020213
1110202133
1102021332
1020213320
0202133202
2021332020
0213320200
2133202003
1332020030
3320200300
3202003000
2020030000
0200300001
2003000013
0030000132
0300001320
3000013202
0000132021
0001320210
0013202101
0132021011
1320210113
3202101131
2021011311
0210113110
2101131102
1011311021
0113110213
1131102133
1311021332
3110213321
1102133213
1021332133
0213321333
2133213332
1332133321
3321333210
3213332102
2133321022
1333210221
3332102213
3321022131
3210221311
2102213111
1022131113
0221311133
2213111332
2131113321
1311133211
3111332110
1113321102
1133211020
1332110203
3321102031
3211020310
2110203103
1102031031
1020310313
0203103130
2031031301
0310313011
3103130111
1031301110
0313011103
3130111032
1301110321
3011103211
0111032110
1110321102
1103211023
1032110232
0321102321
3211023210
2110232102
1102321023
1023210231
0232102310
2321023102
3210231022
2102310223
1023102232
0231022321
2310223211
3102232110
1022321102
0223211020
2232110200
2321102000
3211020003
2110200032
1102000322
1020003220
0200032202
2000322020
0003220202
0032202022
0322020222
3220202221
2202022212
2020222122
0202221220
2022212200
0222122000
2221220003
2212200031
2122000310
1220003102
2200031021
2000310213
0003102133
0031021331
0310213310
3102133100
1021331000
0213310002
2133100023
1331000231
3310002310
3100023100
1000231000
0002310000
0023100000
0231000001
2310000011
3100000111
1000001110
0000011101
0000111010
0001110100
0011101001
0111010013
1110100132
1101001320
1010013200
0100132000
1001320000
0013200000
0132000000
1320000002
3200000023
2000000232
0000002321
0000023210
0000232103
0002321031
0023210313
0232103131
2321031311
3210313110
2103131102
1031311020
0313110200
3131102000
1311020003
3110200032
1102000322
1020003220
0200032200
2000322002
0003220020
0032200200
0322002000
3220020000
2200200001
2002000010
0020000101
0200001010
2000010100
0000101000
0001010003
0010100031
0101000311
1010003111
0100031110
1000311102
0003111023
0031110232
0311102322
3111023221
1110232210
1102322100
1023221003
0232210030
2322100300
3221003003
2210030030
2100300302
1003003020
0030030201
0300302012
3003020123
0030201233
0302012333
3020123332
0201233320
2012333202
0123332023
1233320232
2333202322
3332023220
3320232200
3202322000
2023220003
0232200032
2322000322
3220003223
2200032230
2000322302
0003223020
0032230200
0322302000
3223020003
2230200031
2302000311
3020003110
0200031100
2000311002
0003110023
0031100232
0311002323
3110023233
1100232333
1002323331
0023233312
0232333120
2323331202
3233312020
2333120200
3331202000
3312020003
3120200032
1202000322
2020003221
0200032210
2000322100
0003221001
0032210011
0322100113
3221001131
2210011311
2100113110
1001131100
0011311000
0113110002
1131100021
1311000213
3110002132
1100021321
1000213210
0002132102
0021321023
0213210233
2132102333
1321023330
3210233300
2102333002
1023330021
0233300211
2333002113
3330021132
3300211322
3002113223
0021132233
0211322330
2113223300
1132233003
1322330032
3223300320
2233003202
2330032020
3300320201
3003202010
0032020101
0320201012
3202010123
2020101233
0201012331
2010123311
0101233110
1012331102
0123311021
1233110210
2331102103
3311021030
3110210302
1102103022
1021030221
0210302211
2103022110
1030221101
0302211013
3022110133
0221101333
2211013331
2110133310
1101333100
1013331002
0133310020
1333100200
3331002002
3310020020
3100200200
1002002002
0020020020
0200200200
2002002003
0020020031
0200200311
2002003112
0020031121
0200311210
2003112102
0031121022
0311210223
3112102232
1121022321
1210223213
2102232132
1022321320
0223213200
2232132000
2321320000
3213200001
2132000010
1320000100
3200001000
2000010002
0000100022
0001000222
0010002221
0100022213
1000222132
0002221320
0022213201
0222132010
2221320103
2213201033
2132010330
1320103300
3201033002
2010330021
0103300212
1033002121
0330021213
3300212131
3002121310
0021213100
0212131001
2121310011
1213100110
2131001102
1310011020
3100110200
1001102003
0011020031
0110200310
1102003100
1020031003
0200310032
2003100321
0031003210
0310032102
3100321022
1003210221
0032102210
0321022103
3210221032
2102210323
1022103231
0221032311
2210323113
2103231132
1032311323
0323113230
3231132302
2311323023
3113230233
1132302333
1323023332
3230233323
2302333231
3023332310
0233323102
2333231021
3332310211
3323102110
3231021101
2310211011
3102110110
1021101101
0211011013
2110110133
1101101331
1011013311
0110133113
1101331131
1013311310
0133113100
1331131003
3311310033
3113100331
1131003310
1310033102
3100331021
1003310211
0033102110
0331021103
3310211032
3102110323
1021103233
0211032332
2110323322
1103233222
1032332220
0323322200
3233222000
2332220000
3322200000
3222000000
2220000003
2200000032
2000000322
0000003220
0000032203
0000322032
0003220322
0032203220
0322032200
3220322001
2203220010
2032200100
0322001000
3220010000
2200100002
2001000021
0010000210
0100002100
1000021003
0000210033
0002100332
0021003320
0210033200
2100332001
1003320010
0033200102
0332001023
3320010232
3200102320
2001023201
0010232010
0102320103
1023201030
0232010302
2320103020
3201030202
2010302022
0103020220
1030202200
0302022003
3020220031
0202200310
2022003100
0220031001
2200310013
2003100132
0031001320
0310013203
3100132030
1001320303
0013203033
0132030333
1320303331
3203033311
2030333110
0303331102
3033311023
0333110230
3331102303
3311023030
3110230302
1102303022
1023030223
0230302232
2303022323
3030223233
0302232331
3022323311
0223233113
2232331130
2323311300
3233113002
2331130023
3311300232
3113002321
1130023211
1300232113
3002321132
0023211320
0232113203
2321132033
3211320331
2113203311
1132033111
1320331110
3203311102
2033111020
0331110202
3311102020
3111020202
1110202020
1102020202
1020202022
0202020220
2020202203
0202022032
2020220322
0202203220
2022032200
0220322001
2203220010
2032200100
0322001003
3220010030
2200100301
2001003010
0010030101
0100301013
1003010132
0030101320
0301013202
3010132022
0101320220
1013202202
0132022022
1320220221
3202202212
2022022123
0220221231
2202212311
2022123111
0221231110
2212311103
2123111032
1231110321
2311103211
3111032113
1110321133
1103211333
1032113332
0321133320
3211333200
2113332001
1133320013
1333200131
3332001313
3320013131
3200131310
2001313103
0013131031
0131310312
1313103122
3131031220
1310312202
3103122020
1031220201
0312202010
3122020101
1220201011
2202010112
2020101122
0201011220
2010112200
0101122002
1011220022
0112200221
1122002213
1220022133
2200221332
2002213321
0022133213
0221332132
2213321322
2133213220
1332132201
3321322011
3213220111
2132201110
1322011102
3220111021
2201110213
2011102130
0111021303
1110213031
1102130311
1021303110
0213031100
2130311000
1303110002
3031100021
0311000210
3110002100
1100021000
1000210002
0002100020
0021000200
0210002002
2100020020
1000200201
0002002011
0020020111
0200201110
2002011101
0020111011
0201110113
2011101130
0111011302
1110113023
1101130231
1011302311
0113023113
1130231133
1302311333
3023113332
0231133322
2311333220
3113332200
1133322000
1333220001
3332200010
3322000102
3220001020
2200010202
2000102020
0001020202
0010202022
0102020222
1020202220
0202022200
2020222002
0202220020
2022200201
0222002010
2220020103
2200201031
2002010313
0020103131
0201031310
2010313100
0103131003
1031310033
0313100332
3131003323
1310033230
3100332301
1003323011
0033230113
0332301130
3323011301
3230113013
2301130130
3011301300
0113013000
1130130000
1301300003
3013000032
0130000322
1300003220
3000032201
0000322010
0003220100
0032201002
0322010021
3220100210
2201002100
2010021003
0100210031
1002100313
0021003131
0210031313
2100313133
1003131332
0031313323
0313133233
3131332332
1313323322
3133233222
1332332220
3323322200
3233222000
2332220002
3322200020
3222000203
2220002031
2200020313
2000203132
0002031322
0020313220
0203132201
2031322010
0313220103
3132201031
1322010310
3220103100
2201031003
2010310032
0103100320
1031003201
0310032010
3100320102
1003201020
0032010200
0320102002
3201020021
2010200210
0102002102
1020021023
0200210233
2002102331
0021023311
0210233110
2102331103
1023311032
0233110323
2331103233
3311032332
3110323320
1103233200
1032332002
0323320020
3233200202
2332002022
3320020220
3200202200
2002022000
0020220001
0202200012
2022000123
0220001233
2200012333
2000123333
0001233332
0012333323
0123333233
1233332333
2333323333
3333233332
3332333322
3323333221
3233332210
2333322101
3333221010
3332210101
3322101011
3221010112
2210101120
2101011200
1010112002
0101120020
1011200201
0112002011
1120020110
1200201102
2002011023
0020110232
0201102321
2011023212
0110232122
1102321220
1023212200
0232122000
2321220001
3212200013
2122000132
1220001321
2200013211
2000132110
0001321103
0013211031
0132110313
1321103133
3211031331
2110313310
1103133102
1031331020
0313310200
3133102002
1331020020
3310200202
3102002022
1020020220
0200202203
2002022032
0020220320
0202203203
2022032033
0220320331
2203203311
2032033110
0320331102
3203311023
2033110232
0331102320
3311023202
3110232022
1102320220
1023202202
0232022022
2320220220
3202202200
2022022001
0220220010
2202200102
2022001021
0220010213
2200102132
2001021321
0010213211
0102132110
1021321103
0213211032
2132110323
1321103233
3211032333
2110323333
1103233331
1032333310
0323333102
3233331022
2333310221
3333102210
3331022101
3310221013
3102210132
1022101323
0221013233
2210132330
2101323303
1013233033
0132330333
1323303332
3233033320
2330333201
3303332010
3033320100
0333201000
3332010003
3320100031
3201000310
2010003103
0100031031
1000310310
0003103101
0031031010
0310310101
3103101013
1031010133
0310101330
3101013303
1010133033
0101330332
1013303322
0133033222
1330332222
3303322222
3033222220
0332222200
3322222000
3222220000
2222200000
2222000002
2220000020
2200000202
2000002020
0000020201
0000202010
0002020103
0020201031
0202010310
2020103102
0201031021
2010310210
0103102102
1031021020
0310210202
3102102020
1021020203
0210202032
2102020321
1020203213
0202032132
2020321322
0203213221
2032132210
0321322101
3213221013
2132210132
1322101320
3221013200
2210132002
2101320020
1013200202
0132002023
1320020232
3200202322
2002023221
0020232210
0202322102
2023221021
0232210210
2322102102
3221021020
2210210200
2102102002
1021020023
0210200230
2102002300
1020023001
0200230011
2002300113
0023001131
0230011310
2300113100
3001131000
0011310001
0113100011
1131000111
1310001111
3100011110
1000111102
0001111022
0011110220
0111102203
1111022032
1110220320
1102203203
1022032032
0220320320
2203203203
2032032032
0320320323
3203203231
2032032313
0320323131
3203231313
2032313131
0323131311
3231313110
2313131100
3131311002
1313110021
3131100211
1311002110
3110021102
1100211022
1002110220
0021102202
0211022023
2110220231
1102202310
1022023102
0220231020
2202310202
2023102023
0231020232
2310202321
3102023213
1020232131
0202321313
2023213132
0232131323
2321313232
3213132320
2131323200
1313232001
3132320011
1323200113
3232001132
2320011323
3200113233
2001132333
0011323333
0113233331
1132333311
1323333113
3233331131
2333311311
3333113111
3331131110
3311311102
3113111023
1131110231
1311102310
3111023101
1110231010
1102310103
1023101032
0231010321
2310103210
3101032103
1010321031
0103210313
1032103132
0321031322
3210313222
2103132222
1031322220
0313222201
3132222013
1322220131
3222201313
2222013133
2220131332
2201313321
2013133210
0131332102
1313321023
3133210230
1332102300
3321023002
3210230022
2102300221
1023002211
0230022113
2300221132
3002211323
0022113232
0221132320
2211323201
2113232010
1132320101
1323201010
3232010100
2320101000
3201010002
2010100021
0101000210
1010002103
0100021033
1000210333
0002103330
0021033300
0210333001
2103330011
1033300111
0333001111
3330011110
3300111102
3001111023
0011110233
0111102333
1111023332
1110233323
1102333230
1023332302
0233323023
2333230233
3332302331
3323023313
3230233130
2302331303
3023313030
0233130302
2331303020
3313030200
3130302000
1303020000
3030200002
0302000021
3020000213
0200002133
2000021332
0000213321
0002133210
0021332100
0213321002
2133210023
1332100231
3321002313
3210023131
2100231313
1002313132
0023131323
0231313232
2313132320
3131323202
1313232020
3132320200
1323202003
3232020030
2320200300
3202003000
2020030000
0200300000
2003000000
0030000001
0300000010
3000000103
0000001030
0000010301
0000103013
0001030131
0010301310
0103013100
1030131002
0301310021
3013100211
0131002110
1310021102
3100211021
1002110210
0021102102
0211021023
2110210232
1102102320
1021023201
0210232010
2102320101
1023201013
0232010131
2320101311
3201013111
2010131110
0101311102
1013111020
0131110202
1311102020
3111020200
1110202002
1102020021
1020200213
0202002132
2020021323
0200213232
2002132321
0021323210
0213232100
2132321001
1323210011
3232100110
2321001100
3210011000
2100110000
1001100002
0011000020
0110000203
1100002032
1000020322
0000203220
0002032201
0020322010
0203220100
2032201001
0322010011
3220100111
2201001110
2010011102
0100111020
1001110203
0011102032
0111020323
1110203232
1102032323
1020323232
0203232320
2032323200
0323232003
3232320033
2323200331
3232003310
2320033102
3200331020
2003310200
0033102003
0331020031
3310200311
3102003110
1020031100
0200311003
2003110033
0031100333
0311003330
3110033302
1100333022
1003330223
0033302232
0333022320
3330223200
3302232002
3022320020
0223200200
2232002003
2320020032
3200200321
2002003210
0020032103
0200321032
2003210322
0032103222
0321032221
3210322213
2103222130
1032221303
0322213032
3222130320
2221303201
2213032010
2130320102
1303201023
3032010232
0320102320
3201023200
2010232002
0102320021
1023200213
0232002130
2320021302
3200213021
2002130211
0021302110
0213021101
2130211011
1302110113
3021101132
0211011322
2110113222
1101132220
1011322202
0113222020
1132220203
1322202033
3222020331
2220203310
2202033103
2020331031
0203310310
2033103102
0331031022
3310310221
3103102211
1031022113
0310221130
3102211303
1022113031
0221130311
2211303113
2113031131
1130311311
1303113111
3031131110
0311311102
3113111022
1131110222
1311102223
3111022232
1110222320
1102223202
1022232020
0222320203
2223202031
2232020311
2320203113
3202031131
2020311310
0203113101
2031131011
0311310110
3113101101
1131011010
1310110101
3101101010
1011010102
0110101021
1101010210
1010102100
0101021003
1010210031
0102100313
1021003132
0210031320
2100313200
1003132002
0031320020
0313200200
3132002000
1320020002
3200200022
2002000223
0020002233
0200022333
2000223331
0002233310
0022333100
0223331002
2233310021
2333100211
3331002110
3310021102
3100211020
1002110201
0021102010
0211020101
2110201010
1102010103
1020101032
0201010320
2010103200
0101032000
1010320001
0103200010
1032000102
0320001021
3200010210
2000102100
0001021000
0010210002
0102100020
1021000203
0210002030
2100020303
1000203032
0002030321
0020303211
0203032110
2030321103
0303211032
3032110321
0321103210
3211032100
2110321000
1103210000
1032100003
0321000032
3210000320
2100003201
1000032013
0000320133
0003201330
0032013300
0320133000
3201330002
2013300020
0133000200
1330002000
3300020001
3000200013
0002000131
0020001311
0200013110
2000131102
0001311021
0013110210
0131102102
1311021022
3110210220
1102102202
1021022020
0210220203
2102202032
1022020322
0220203223
2202032233
2020322330
0203223303
2032233031
0322330310
3223303103
2233031033
2330310332
3303103320
3031033202
0310332022
3103320221
1033202210
0332022102
3320221021
3202210213
2022102131
0221021313
2210213131
2102131310
1021313100
0213131000
2131310001
1313100010
3131000102
1310001022
3100010222
1000102220
0001022200
0010222002
0102220021
1022200211
0222002110
2220021102
2200211021
2002110210
0021102103
0211021032
2110210320
1102103203
1021032032
0210320321
2103203213
1032032131
0320321311
3203213113
2032131132
0321311320
3213113200
2131132002
1311320020
3113200200
1132002003
1320020033
3200200332
2002003321
0020033213
0200332132
2003321321
0033213210
0332132100
3321321001
3213210013
2132100130
1321001302
3210013020
2100130203
1001302030
0013020300
0130203002
1302030022
3020300220
0203002200
2030022002
0300220020
3002200203
0022002032
0220020320
2200203203
2002032033
0020320333
0203203331
2032033310
0320333101
3203331013
2033310132
0333101322
3331013220
3310132202
3101322020
1013220200
0132202001
1322020010
3220200102
2202001020
2020010200
0200102002
2001020020
0010200202
0102002020
1020020203
0200202031
2002020310
0020203103
0202031033
2020310332
0203103320
2031033200
0310332000
3103320002
1033200020
0332000200
3320002000
3200020002
2000200021
0002000210
0020002101
0200021010
2000210102
0002101023
0021010232
0210102320
2101023200
1010232002
0102320022
1023200223
0232002232
2320022320
3200223201
2002232013
0022320133
0223201331
2232013313
2320133132
3201331320
2013313200
0133132002
1331320020
3313200201
3132002010
1320020100
3200201000
2002010001
0020100010
0201000100
2010001000
0100010000
1000100003
0001000032
0010000323
0100003233
1000032331
0000323313
0003233130
0032331302
0323313022
3233130223
2331302232
3313022320
3130223203
1302232033
3022320331
0223203313
2232033133
2320331333
3203313331
2033133313
0331333131
3313331311
3133313110
1333131103
3331311033
3313110332
3131103323
1311033231
3110332310
1103323100
1033231000
0332310000
3323100002
3231000021
2310000210
3100002101
1000021010
0000210101
0002101010
0021010103
0210101032
2101010322
1010103220
0101032200
1010322001
0103220010
1032200101
0322001013
3220010130
2200101302
2001013022
0010130221
0101302210
1013022102
0130221023
1302210231
3022102310
0221023103
2210231033
2102310331
1023103311
0231033110
2310331103
3103311031
1033110311
0331103111
3311031113
3110311133
1103111331
1031113311
0311133113
3111331131
1113311310
1133113100
1331131000
3311310002
3113100021
1131000210
1310002103
3100021032
1000210320
0002103200
0021032002
0210320020
2103200202
1032002022
0320020220
3200202201
2002022010
0020220103
0202201033
2022010333
0220103331
2201033311
2010333110
0103331102
1033311023
0333110230
3331102300
3311023002
3110230020
1102300201
1023002010
0230020100
2300201001
3002010010
0020100100
0201001000
2010010000
0100100002
1001000021
0010000210
0100002103
1000021031
0000210313
0002103131
0021031311
0210313113
2103131132
1031311322
0313113223
3131132232
1311322321
3113223211
1132232110
1322321101
3223211010
2232110101
2321101011
3211010110
2110101102
1101011022
1010110221
0101102210
1011022101
0110221010
1102210103
1022101033
0221010331
2210103310
2101033102
1010331020
0103310200
1033102002
0331020020
3310200201
3102002011
1020020110
0200201101
2002011013
0020110133
0201101330
2011013301
0110133010
1101330101
1013301011
0133010110
1330101100
3301011002
3010110020
0101100201
1011002010
0110020103
1100201032
1002010320
0020103202
0201032022
2010320221
0103202210
1032022101
0320221010
3202210102
2022101020
0221010202
2210102020
2101020200
1010202002
0102020022
1020200223
0202002233
2020022330
0200223300
2002233003
0022330031
0223300313
2233003131
2330031313
3300313131
3003131311
0031313111
0313131111
3131311113
1313111132
3131111320
1311113201
3111132010
1111320101
1113201011
1132010113
1320101130
3201011301
2010113010
0101130102
1011301021
0113010210
1130102101
1301021010
3010210101
0102101010
1021010100
0210101003
2101010033
1010100332
0101003321
1010033213
0100332131
1003321311
0033213112
0332131120
3321311200
3213112000
2131120000
1311200000
3112000002
1120000020
1200000202
2000002020
0000020200
0000202001
0002020013
0020200131
0202001310
2020013100
0200131000
2001310002
0013100022
0131000222
1310002221
3100022211
1000222111
0002221110
0022211103
0222111033
2221110331
2211103311
2111033113
1110331132
1103311320
1033113202
0331132021
3311320210
3113202102
1132021021
1320210210
3202102100
2021021002
0210210020
2102100202
1021002022
0210020220
2100202200
1002022003
0020220030
0202200303
2022003032
0220030323
2200303231
2003032313
0030323131
0303231313
3032313132
0323131322
3231313223
2313132232
3131322322
1313223221
3132232210
1322322103
3223221031
2232210310
2322103102
3221031022
2210310223
2103102231
1031022313
0310223132
3102231320
1022313200
0223132001
2231320011
2313200110
3132001100
1320011002
3200110022
2001100221
0011002212
0110022120
1100221202
1002212023
0022120233
0221202332
2212023321
2120233212
1202332120
2023321201
0233212013
2332120130
3321201302
3212013023
2120130232
1201302321
2013023210
0130232102
1302321021
3023210212
0232102122
2321021223
3210212233
2102122333
1021223332
0212233321
2122333211
1223332110
2233321102
2333211022
3332110220
3321102200
3211022000
2110220000
1102200001
1022000013
0220000132
2200001320
2000013202
0000132020
0001320202
0013202021
0132020210
1320202101
3202021013
2020210133
0202101332
2021013322
0210133223
2101332231
1013322310
0133223100
1332231000
3322310003
3223100030
2231000300
2310003000
3100030000
1000300003
0003000033
0030000332
0300003323
3000033233
0000332332
0003323320
0033233200
0332332002
3323320020
3233200200
2332002000
3320020001
3200200010
2002000100
0020001001
0200010011
2000100111
0001001110
0010011103
0100111032
1001110323
0011103230
0111032302
1110323023
1103230230
1032302300
0323023003
3230230032
2302300320
3023003200
0230032000
2300320000
3003200001
0032000011
0320000112
3200001120
2000011203
0000112032
0001120320
0011203202
0112032022
1120320220
1203202203
2032022031
0320220312
3202203122
2022031222
0220312223
2203122233
2031222333
0312223332
3122233323
1222333232
2223332320
2233323200
2333232001
3332320012
3323200120
3232001200
2320012001
3200120011
2001200111
0012001113
0120011132
1200111320
2001113200
0011132002
0111320023
1113200230
1132002301
1320023013
3200230133
2002301331
0023013313
0230133133
2301331332
3013313322
0133133222
1331332223
3313322230
3133222303
1332223033
3322230332
3222303321
2223033213
2230332132
2303321321
3033213210
0332132101
3321321010
3213210102
2132101020
1321010200
3210102000
2101020003
1010200032
0102000322
1020003222
0200032223
2000322232
0003222322
0032223223
0322232230
3222322300
2223223002
2232230021
2322300213
3223002130
2230021301
2300213011
3002130110
0021301100
0213011003
2130110032
1301100322
3011003220
0110032203
1100322033
1003220332
0032203320
0322033200
3220332001
2203320010
2033200103
0332001033
3320010331
3200103310
2001033101
0010331013
0103310131
1033101310
0331013100
3310131000
3101310002
1013100021
0131000210
1310002102
3100021022
1000210220
0002102200
0021022002
0210220020
2102200202
1022002023
0220020231
2200202311
2002023113
0020231133
0202311330
2023113300
0231133003
2311330032
3113300320
1133003202
1330032022
3300320220
3003202202
0032022022
0320220220
3202202201
2022022013
0220220133
2202201333
2022013332
0220133320
2201333200
2013332002
0133320023
1333200231
3332002310
3320023100
3200231000
2002310002
0023100022
0231000220
2310002202
3100022020
1000220203
0002202032
0022020323
0220203230
2202032300
2020323003
0203230031
2032300310
0323003100
3230031003
2300310032
3003100322
0031003221
0310032210
3100322102
1003221020
0032210200
0322102002
3221020021
2210200211
2102002110
1020021103
0200211031
2002110310
0021103100
0211031002
2110310022
1103100220
1031002201
0310022011
3100220111
1002201110
0022011100
0220111000
2201110000
2011100002
0111000020
1110000202
1100002021
1000020210
0000202100
0002021002
0020210022
0202100222
2021002220
0210022200
2100222003
1002220031
0022200313
0222003131
2220031311
2200313113
2003131132
0031311321
0313113213
3131132132
1311321322
3113213220
1132132200
1321322001
3213220012
2132200121
1322001213
3220012133
2200121333
2001213333
0012133331
0121333310
1213333100
2133331000
1333310002
3333100022
3331000221
3310002211
3100022113
1000221131
0002211312
0022113120
0221131200
2211312000
2113120003
1131200030
1312000303
3120003032
1200030321
2000303213
0003032132
0030321323
0303213233
3032132330
0321323303
3213233032
2132330322
1323303220
3233032201
2330322011
3303220110
3032201103
0322011033
3220110331
2201103310
2011033101
0110331013
1103310132
1033101320
0331013201
3310132010
3101320103
1013201032
0132010321
1320103213
3201032133
2010321331
0103213311
1032133110
0321331102
3213311020
2133110200
1331102001
3311020010
3110200100
1102001001
1020010013
0200100132
2001001322
0010013220
0100132202
1001322023
0013220232
0132202322
1322023220
3220232203
2202322032
2023220322
0232203223
2322032230
3220322302
2203223020
2032230202
0322302021
3223020213
2230202132
2302021323
3020213232
0202132323
2021323232
0213232322
2132323221
1323232212
3232322121
2323221211
3232212113
2322121131
3221211313
2212113131
2121131313
1211313133
2113131332
1131313323
1313133232
3131332320
1313323200
3133232000
1332320001
3323200010
3232000100
2320001001
3200010011
2000100113
0001001131
0010011310
0100113103
1001131033
0011310333
0113103330
1131033303
1310333033
3103330333
1033303332
0333033321
3330333211
3303332111
3033321110
0333211103
3332111032
3321110321
3211103210
2111032100
1110321001
1103210010
1032100100
0321001000
3210010001
2100100013
1001000131
0010001313
0100013133
1000131331
0001313313
0013133132
0131331321
1313313213
3133132132
1331321323
3313213232
3132132322
1321323223
3213232232
2132322320
1323223203
3232232033
2322320332
3223203323
2232033233
2320332331
3203323310
2033233102
0332331021
3323310211
3233102113
2331021132
3310211320
3102113203
1021132032
0211320321
2113203213
1132032133
1320321332
3203213322
2032133220
0321332203
3213322030
2133220302
1332203020
3322030200
3220302002
2203020020
2030200203
0302002032
3020020321
0200203213
2002032132
0020321321
0203213211
2032132113
0321321132
3213211321
2132113211
1321132110
3211321100
2113211002
1132110022
1321100222
3211002221
2110022213
1100222131
1002221311
0022213111
0222131110
2221311101
2213111011
2131110112
1311101121
3111011210
1110112102
1101121023
1011210232
0112102321
1121023210
1210232102
2102321023
1023210232
0232102321
2321023213
3210232130
2102321301
1023213013
0232130132
2321301323
3213013230
2130132302
1301323023
3013230233
0132302333
1323023333
3230233330
2302333301
3023333012
0233330123
2333301232
3333012320
3330123202
3301232023
3012320232
0123202322
1232023222
2320232223
3202322232
2023222321
0232223213
2322232132
3222321322
2223213220
2232132201
2321322010
3213220102
2132201021
1322010210
3220102103
2201021033
2010210332
0102103321
1021033213
0210332133
2103321332
1033213321
0332133213
3321332130
3213321301
2133213011
1332130110
3321301100
3213011001
2130110012
1301100121
3011001211
0110012110
1100121102
1001211021
0012110211
0121102110
1211021103
2110211033
1102110331
1021103312
0211033120
2110331203
1103312032
1033120320
0331203200
3312032003
3120320030
1203200303
2032003030
0320030303
3200303033
2003030332
0030303323
0303033232
3030332321
0303323210
3033232102
0332321021
3323210211
3232102110
2321021100
3210211003
2102110032
1021100323
0211003232
2110032320
1100323203
1003232032
0032320322
0323203222
3232032220
2320322203
3203222032
2032220320
0322203201
3222032011
2220320111
2203201113
2032011133
0320111333
3201113332
2011133322
0111333222
1113332220
1133322200
1333222000
3332220003
3322200030
3222000303
2220003033
2200030331
2000303310
0003033102
0030331022
0303310220
3033102200
0331022003
3310220030
3102200301
1022003010
0220030100
2200301002
2003010020
0030100203
0301002031
3010020313
0100203131
1002031312
0020313120
0203131202
2031312020
0313120200
3131202003
1312020033
3120200332
1202003322
2020033220
0200332202
2003322023
0033220233
0332202331
3322023313
3220233132
2202331323
2023313232
0233132322
2331323221
3313232210
3132322101
1323221013
3232210133
2322101333
3221013333
2210133333
2101333330
1013333303
0133333032
1333330320
3333303200
3333032000
3330320001
3303200010
3032000101
0320001013
3200010133
2000101330
0001013301
0010133013
0101330133
1013301330
0133013301
1330133010
3301330102
3013301020
0133010202
1330102020
3301020202
3010202023
0102020232
1020202323
0202023230
2020232302
0202323021
2023230213
0232302133
2323021333
3230213332
2302133323
3021333233
0213332333
2133323332
1333233321
3332333210
3323332100
3233321002
2333210020
3332100203
3321002032
3210020323
2100203230
1002032303
0020323030
0203230303
2032303033
0323030333
3230303331
2303033310
3030333102
0303331023
3033310230
0333102302
3331023020
3310230201
3102302010
1023020101
0230201010
2302010100
3020101002
0201010020
2010100200
0101002000
1010020002
0100200021
1002000211
0020002111
0200021113
2000211132
0002111323
0021113231
0211132313
2111323131
1113231313
1132313131
1323131313
3231313132
2313131321
3131313211
1313132110
3131321100
1313211000
3132110002
1321100022
3211000221
2110002210
1100022102
1000221020
0002210200
0022102001
0221020013
2210200133
2102001330
1020013300
0200133000
2001330000
0013300001
0133000013
1330000132
3300001323
3000013230
0000132300
0001323000
0013230000
0132300003
1323000033
3230000333
2300003331
3000033313
0000333132
0003331321
0033313211
0333132113
3331321133
3313211333
3132113331
1321133311
3211333111
2113331111
1133311111
1333111110
3331111102
3311111023
3111110233
1111102331
1111023313
1110233133
1102331332
1023313321
0233133210
2331332100
3313321003
3133210032
1332100320
3321003200
3210032001
2100320011
1003200110
0032001100
0320011002
3200110020
2001100200
0011002003
0110020033
1100200330
1002003302
0020033021
0200330212
2003302123
0033021232
0330212322
3302123223
3021232231
0212322311
2123223113
1232231131
2322311313
3223113132
2231131323
2311313233
3113132331
1131323313
1313233133
3132331330
1323313303
3233133030
2331330303
3313303033
3133030332
1330303320
3303033200
3030332002
0303320021
3033200210
0332002103
3320021033
3200210330
2002103303
0021033033
0210330333
2103303330
1033033301
0330333013
3303330132
3033301323
0333013231
3330132311
3301323110
3013231100
0132311001
1323110011
3231100110
2311001101
3110011011
1100110110
1001101103
0011011031
0110110313
1101103133
1011031332
0110313323
1103133233
1031332333
0313323332
3133233323
1332333230
3323332300
3233323000
2333230000
3332300001
3323000010
3230000103
2300001033
3000010333
0000103333
0001033333
0010333331
0103333313
1033333133
0333331333
3333313331
3333133313
3331333133
3313331331
3133313310
1333133101
3331331010
3313310100
3133101003
1331010030
3310100303
3101003031
1010030313
0100303133
1003031333
0030313333
0303133330
3031333302
0313333020
3133330203
1333302032
3333020323
3330203232
3302032320
3020323203
0203232031
2032320310
0323203103
3232031033
2320310333
3203103332
2031033323
0310333233
3103332333
1033323332
0333233323
3332333233
3323332330
3233323303
2333233030
3332330300
3323303002
3233030022
2330300220
3303002202
3030022021
0300220213
3002202131
0022021310
0220213100
2202131000
2021310002
0213100021
2131000213
1310002133
3100021331
1000213310
0002133102
0021331023
0213310233
2133102330
1331023300
3310233003
3102330033
1023300331
0233003310
2330033102
3300331021
3003310211
0033102110
0331021102
3310211020
3102110203
1021102030
0211020300
2110203001
1102030011
1020300110
0203001103
2030011030
0300110302
3001103023
0011030233
0110302333
1103023330
1030233303
0302333032
3023330322
0233303220
2333032202
3330322022
3303220222
3032202220
0322022200
3220222003
2202220032
2022200323
0222003233
2220032331
2200323310
2003233101
0032331010
0323310103
3233101030
2331010303
3310103030
3101030300
1010303000
0103030002
1030300020
0303000203
3030002032
0300020321
3000203210
0002032101
0020321013
0203210133
2032101330
0321013303
3210133032
2101330321
1013303213
0133032132
1330321322
3303213221
