3333311113
3333111131
3331111313
3311113131
3111131311
1111313111
1113131113
1131311133
1313111331
3131113311
1311133112
3111331121
1113311213
1133112132
1331121320
3311213201
3112132012
1121320123
1213201232
2132012323
1320123231
3201232313
2012323132
0123231322
1232313220
2323132203
3231322031
2313220313
3132203133
1322031332
3220313323
2203133232
2031332323
0313323233
3133232331
1332323311
3323233113
3232331130
2323311302
3233113020
2331130202
3311302022
3113020221
1130202211
1302022110
3020221102
0202211021
2022110212
0221102121
2211021213
2110212131
1102121310
1021213102
0212131021
2121310211
1213102112
2131021121
1310211211
3102112110
1021121100
0211211002
2112110021
1121100212
1211002120
2110021201
1100212011
1002120112
0021201122
0212011223
2120112233
1201122333
2011223331
0112233311
1122333113
1223331133
2233311332
2333113322
3331133221
3311332212
3113322120
1133221201
1332212010
3322120101
3221201010
2212010102
2120101020
1201010202
2010102021
0101020212
1010202121
0102021212
1020212122
0202121222
2021212220
0212122200
2121222003
1212220033
2122200330
1222003301
2220033010
2200330102
2003301020
0033010203
0330102030
3301020300
3010203000
0102030003
1020300033
0203000332
2030003323
0300033230
3000332300
0003323003
0033230033
0332300332
3323003321
3230033212
2300332122
3003321221
0033212213
0332122132
3321221321
3212213212
2122132121
1221321212
2213212122
2132121221
1321212212
3212122122
2121221221
1212212211
2122122112
1221221121
2212211213
2122112132
1221121322
2211213223
2112132232
1121322321
1213223211
2132232112
1322321121
3223211212
2232112122
2321121223
3211212233
2112122332
1121223322
1212233220
2122332201
1223322011
2233220113
2332201130
3322011302
3220113021
2201130212
2011302121
0113021213
1130212133
1302121333
3021213333
0212133331
2121333313
1213333130
2133331302
1333313020
3333130202
3331302022
3313020221
3130202213
1302022133
3020221331
0202213313
2022133131
0221331311
2213313112
2133131122
1331311222
3313112220
3131122203
1311222033
3112220333
1122203332
1222033322
2220333222
2203332221
2033322211
0333222110
3332221100
3322211002
3222110022
2221100222
2211002222
2110022221
1100222213
1002222131
0022221312
0222213122
2222131222
2221312220
2213122202
2131222023
1312220230
3122202301
1222023012
2220230122
2202301220
2023012201
0230122012
2301220123
3012201233
0122012333
1220123333
2201233332
2012333321
0123333213
1233332131
2333321312
3333213122
3332131223
3321312232
3213122323
2131223230
1312232300
3122323000
1223230002
2232300021
2323000213
3230002131
2300021310
3000213102
0002131022
0021310220
0213102200
2131022002
1310220020
3102200201
1022002013
0220020132
2200201321
2002013213
0020132132
0201321320
2013213200
0132132001
1321320013
3213200133
2132001333
1320013333
3200133332
2001333320
0013333202
0133332020
1333320203
3333202031
3332020310
3320203100
3202031002
2020310023
0203100231
2031002310
0310023101
3100231011
1002310111
0023101113
0231011133
2310111331
3101113313
1011133131
0111331311
1113313113
1133131133
1331311331
3313113310
3131133102
1311331021
3113310213
1133102133
1331021331
3310213313
3102133131
1021331311
0213313110
2133131103
1331311033
3313110333
3131103331
1311033311
3110333113
1103331132
1033311322
0333113222
3331132220
3311322201
3113222013
1132220130
1322201303
3222013030
2220130302
2201303023
2013030233
0130302331
1303023310
3030233101
0302331011
3023310110
0233101103
2331011030
3310110301
3101103011
1011030113
0110301132
1103011322
1030113220
0301132200
3011322002
0113220020
1132200200
1322002000
3220020003
2200200032
2002000322
0020003220
0200032203
2000322033
0003220333
0032203330
0322033303
3220333031
2203330313
2033303132
0333031321
3330313213
3303132132
3031321323
0313213233
3132132331
1321323310
3213233100
2132331000
1323310003
3233100031
2331000312
3310003120
3100031200
1000312002
0003120020
0031200200
0312002002
3120020023
1200200230
2002002301
0020023010
0200230100
2002301000
0023010000
0230100003
2301000032
3010000323
0100003231
1000032311
0000323113
0003231133
0032311331
0323113310
3231133103
2311331032
3113310321
1133103213
1331032130
3310321303
3103213032
1032130321
0321303210
3213032102
2130321020
1303210200
3032102000
0321020001
3210200013
2102000131
1020001311
0200013113
2000131130
0001311302
0013113020
0131130202
1311302023
3113020232
1130202323
1302023231
3020232311
0202323110
2023231100
0232311003
2323110031
3231100313
2311003132
3110031323
1100313233
1003132333
0031323332
0313233322
3132333220
1323332200
3233322001
2333220013
3332200132
3322001320
3220013203
2200132031
2001320310
0013203100
0132031000
1320310002
3203100020
2031000200
0310002001
3100020011
1000200111
0002001110
0020011103
0200111033
2001110333
0011103331
0111033311
1110333110
1103331101
1033311010
0333110100
3331101000
3311010002
3110100023
1101000232
1010002323
0100023232
1000232320
0002323201
0023232011
0232320110
2323201101
3232011010
2320110103
3201101030
2011010303
0110103033
1101030333
1010303333
0103033332
1030333321
0303333210
3033332100
0333321000
3333210003
3332100033
3321000333
3210003333
2100033332
1000333323
0003333230
0033332303
0333323032
3333230320
3332303203
3323032032
3230320320
2303203200
3032032000
0320320001
3203200013
2032000133
0320001331
3200013313
2000133133
0001331330
0013313300
0133133001
1331330011
3313300110
3133001102
1330011020
3300110200
3001102002
0011020020
0110200200
1102002000
1020020002
0200200022
2002000222
0020002221
0200022211
2000222113
0002221133
0022211331
0222113310
2221133101
2211331010
2113310100
1133101003
1331010032
3310100323
3101003231
1010032311
0100323113
1003231133
0032311333
0323113332
3231133323
2311333232
3113332323
1133323230
1333232300
3332323002
3323230020
3232300200
2323002003
3230020032
2300200320
3002003202
0020032020
0200320203
2003202030
0032020300
0320203001
3202030011
2020300110
0203001100
2030011000
0300110000
3001100002
0011000022
0110000220
1100002202
1000022021
0000220211
0002202113
0022021133
0220211331
2202113310
2021133100
0211331002
2113310022
1133100220
1331002200
3310022002
3100220021
1002200210
0022002101
0220021010
2200210100
2002101002
0021010022
0210100223
2101002233
1010022333
0100223330
1002233302
0022333023
0223330231
2233302310
2333023102
3330231021
3302310213
3023102133
0231021332
2310213323
3102133233
1021332332
0213323320
2133233200
1332332002
3323320020
3233200202
2332002021
3320020213
3200202132
2002021323
0020213233
0202132332
2021323320
0213233200
2132332000
1323320000
3233200003
2332000031
3320000310
3200003101
2000031013
0000310132
0003101320
0031013203
0310132032
3101320321
1013203213
0132032133
1320321333
3203213333
2032133332
0321333320
3213333200
2133332001
1333320013
3333200133
3332001332
3320013320
3200133201
2001332010
0013320101
0133201010
1332010102
3320101022
3201010220
2010102200
0101022003
1010220032
0102200321
1022003210
0220032102
2200321023
2003210233
0032102333
0321023332
3210233321
2102333210
1023332100
0233321000
2333210001
3332100012
3321000122
3210001223
2100012233
1000122330
0001223301
0012233010
0122330102
1223301023
2233010232
2330102323
3301023233
3010232333
0102323331
1023233310
0232333100
2323331000
3233310000
2333100002
3331000023
3310000232
3100002320
1000023200
0000232000
0002320000
0023200000
0232000003
2320000033
3200000331
2000003313
0000033133
0000331331
0003313313
0033133132
0331331320
3313313200
3133132001
1331320011
3313200113
3132001133
1320011333
3200113332
2001133320
0011333200
0113332003
1133320032
1333200320
3332003202
3320032022
3200320220
2003202200
0032022002
0320220021
3202200213
2022002133
0220021331
2200213311
2002133110
0021331103
0213311031
2133110310
1331103103
3311031033
3110310331
1103103310
1031033102
0310331020
3103310202
1033102023
0331020232
3310202323
3102023230
1020232302
0202323022
2023230221
0232302213
2323022130
3230221301
2302213011
3022130112
0221301120
2213011200
2130112000
1301120001
3011200011
0112000112
1120001121
1200011212
2000112122
0001121221
0011212210
0112122100
1121221000
1212210000
2122100002
1221000020
2210000201
2100002013
1000020133
0000201331
0002013310
0020133102
0201331021
2013310210
0133102102
1331021020
3310210203
3102102033
1021020332
0210203320
2102033200
1020332003
0203320031
2033200313
0332003132
3320031322
3200313220
2003132200
0031322000
0313220003
3132200032
1322000321
3220003211
2200032110
2000321101
0003211011
0032110113
0321101133
3211011332
2110113320
1101133200
1011332002
0113320022
1133200220
1332002201
3320022010
3200220100
2002201003
0022010031
0220100313
2201003131
2010031310
0100313102
1003131023
0031310232
0313102323
3131023231
1310232311
3102323110
1023231102
0232311021
2323110213
3231102132
2311021323
3110213231
1102132313
1021323130
0213231300
2132313001
1323130011
3231300113
2313001133
3130011332
1300113322
3001133220
0011332200
0113322003
1133220033
1332200332
3322003323
3220033232
2200332320
2003323202
0033232020
0332320200
3323202002
3232020022
2320200220
3202002200
2020022000
0200220000
2002200002
0022000023
0220000231
2200002312
2000023123
0000231231
0002312310
0023123102
0231231022
2312310221
3123102210
1231022101
2310221010
3102210102
1022101021
0221010211
2210102113
2101021131
1010211312
0102113120
1021131200
0211312000
2113120003
1131200030
1312000300
3120003000
1200030003
2000300031
0003000313
0030003132
0300031323
3000313232
0003132323
0031323230
0313232301
3132323010
1323230103
3232301033
2323010332
3230103320
2301033200
3010332003
0103320033
1033200330
0332003302
3320033020
3200330202
2003302023
0033020231
0330202313
3302023132
3020231320
0202313203
2023132033
0231320331
2313203313
3132033133
1320331331
3203313313
2033133132
0331331320
3313313200
3133132002
1331320020
3313200202
3132002020
1320020201
3200202010
2002020102
0020201023
0202010233
2020102330
0201023302
2010233023
0102330230
1023302300
0233023000
2330230001
3302300011
3023000110
0230001102
2300011020
3000110203
0001102032
0011020320
0110203201
1102032013
1020320132
0203201321
2032013210
0320132102
3201321023
2013210232
0132102323
1321023232
3210232320
2102323202
1023232020
0232320202
2323202020
3232020201
2320202011
3202020110
2020201102
0202011022
2020110220
0201102200
2011022003
0110220033
1102200332
1022003323
0220033233
2200332330
2003323301
0033233010
0332330103
3323301032
3233010321
2330103213
3301032130
3010321301
0103213011
1032130111
0321301111
3213011113
2130111131
1301111312
3011113122
0111131220
1111312202
1113122020
1131220202
1312202021
3122020213
1220202132
2202021322
2020213220
0202132202
2021322021
0213220213
2132202132
1322021322
3220213220
2202132202
2021322021
0213220211
2132202110
1322021102
3220211023
2202110233
2021102333
0211023332
2110233322
1102333220
1023332203
0233322031
2333220311
3332203113
3322031132
3220311321
2203113210
2031132100
0311321000
3113210001
1132100010
1321000102
3210001022
2100010222
1000102221
0001022213
0010222132
0102221321
1022213213
0222132133
2221321332
2213213323
2132133232
1321332320
3213323202
2133232023
1332320233
3323202333
3232023333
2320233331
3202333313
2023333132
0233331320
2333313202
3333132022
3331320220
3313202203
3132022032
1320220323
3202203230
2022032300
0220323001
2203230010
2032300100
0323001000
3230010003
2300100030
3001000303
0010003033
0100030332
1000303320
0003033200
0030332001
0303320013
3033200132
0332001321
3320013210
3200132101
2001321011
0013210110
0132101102
1321011023
3210110232
2101102321
1011023210
0110232102
1102321023
1023210230
0232102300
2321023003
3210230030
2102300300
1023003000
0230030002
2300300020
3003000203
0030002033
0300020333
3000203332
0002033320
0020333200
0203332001
2033320011
0333200111
3332001111
3320011110
3200111103
2001111033
0011110332
0111103320
1111033202
1110332020
1103320200
1033202003
0332020031
3320200310
3202003103
2020031032
0200310321
2003103210
0031032100
0310321001
3103210013
1032100132
0321001322
3210013220
2100132200
1001322002
0013220022
0132200221
1322002210
3220022103
2200221031
2002210311
0022103110
0221031102
2210311020
2103110200
1031102000
0311020000
3110200000
1102000003
1020000032
0200000323
2000003231
0000032310
0000323101
0003231012
0032310122
0323101223
3231012230
2310122303
3101223033
1012230333
0122303331
1223033313
2230333132
2303331323
3033313233
0333132333
3331323331
3313233310
3132333100
1323331000
3233310001
2333100013
3331000133
3310001330
3100013301
1000133010
0001330103
0013301032
0133010323
1330103232
3301032322
3010323220
0103232202
1032322021
0323220211
3232202110
2322021103
3220211032
2202110323
2021103232
0211032322
2110323221
1103232210
1032322101
0323221010
3232210102
2322101020
3221010203
2210102030
2101020303
1010203033
0102030331
1020303310
0203033103
2030331032
0303310321
3033103211
0331032110
3310321102
3103211021
1032110213
0321102131
3211021310
2110213103
1102131033
1021310330
0213103301
2131033010
1310330102
3103301021
1033010210
0330102103
3301021032
3010210320
0102103202
1021032020
0210320200
2103202001
1032020010
0320200102
3202001021
2020010210
0200102102
2001021023
0010210233
0102102333
1021023330
0210233303
2102333033
1023330332
0233303321
2333033213
3330332131
3303321310
3033213101
0332131013
3321310132
3213101320
2131013200
1310132002
3101320020
1013200201
0132002010
1320020102
3200201020
2002010200
0020102003
0201020032
2010200320
0102003200
1020032003
0200320032
2003200323
0032003230
0320032302
3200323020
2003230200
0032302000
0323020000
3230200002
2302000022
3020000221
0200002213
2000022132
0000221320
0002213200
0022132003
0221320033
2213200331
2132003313
1320033130
3200331303
2003313030
0033130300
0331303003
3313030030
3130300300
1303003000
3030030000
0300300002
3003000021
0030000210
0300002100
3000021000
0000210001
0002100010
0021000102
0210001023
2100010231
1000102313
0001023132
0010231322
0102313221
1023132213
0231322133
2313221330
3132213300
1322133001
3221330011
2213300110
2133001102
1330011022
3300110220
3001102202
0011022021
0110220211
1102202110
1022021100
0220211001
2202110010
2021100102
0211001020
2110010200
1100102001
1001020010
0010200102
0102001020
1020010203
0200102032
2001020322
0010203222
0102032221
1020322213
0203222132
2032221320
0322213201
3222132010
2221320102
2213201023
2132010230
1320102300
3201023000
2010230002
0102300020
1023000200
0230002000
2300020001
3000200010
0002000103
0020001032
0200010323
2000103230
0001032300
0010323003
0103230032
1032300320
0323003203
3230032030
2300320302
3003203022
0032030221
0320302210
3203022102
2030221020
0302210203
3022102033
0221020331
2210203311
2102033111
1020331110
0203311102
2033111021
0331110211
3311102111
3111021113
1110211132
1102111320
1021113202
0211132020
2111320200
1113202000
1132020000
1320200000
3202000002
2020000022
0200000223
2000002230
0000022302
0000223020
0002230203
0022302031
0223020313
2230203132
2302031320
3020313200
0203132003
2031320032
0313200321
3132003213
1320032132
3200321320
2003213203
0032132033
0321320331
3213203311
2132033111
1320331113
3203311131
2033111313
0331113132
3311131323
3111313232
1113132322
1131323222
1313232220
3132322202
1323222020
3232220200
2322202000
3222020000
2220200000
2202000000
2020000000
0200000003
2000000032
0000000322
0000003220
0000032200
0000322003
0003220030
0032200300
0322003003
3220030031
2200300310
2003003102
0030031020
0300310200
3003102000
0031020000
0310200002
3102000023
1020000231
0200002313
2000023132
0000231323
0002313232
0023132323
0231323231
2313232311
3132323113
1323231132
3232311320
2323113202
3231132020
2311320200
3113202003
1132020033
1320200331
3202003313
2020033130
0200331302
2003313020
0033130202
0331302021
3313020213
3130202130
1302021301
3020213011
0202130111
2021301110
0213011100
2130111002
1301110020
3011100203
0111002032
1110020323
1100203233
1002032331
0020323311
0203233113
2032331133
0323311332
3233113322
2331133220
3311332203
3113322032
1133220320
1332203201
3322032010
3220320101
2203201013
2032010132
0320101320
3201013200
2010132001
0101320010
1013200102
0132001021
1320010210
3200102102
2001021021
0010210210
0102102103
1021021033
0210210331
2102103310
1021033102
0210331020
2103310200
1033102000
0331020002
3310200023
3102000231
1020002310
0200023100
2000231001
0002310012
0023100120
0231001202
2310012023
3100120232
1001202322
0012023223
0120232233
1202322333
2023223333
0232233331
2322333311
3223333110
2233331100
2333311000
3333110000
3331100001
3311000010
3110000102
1100001022
1000010223
0000102232
0001022320
0010223200
0102232000
1022320003
0223200032
2232000321
2320003213
3200032130
2000321300
0003213001
0032130013
0321300133
3213001331
2130013313
1300133132
3001331320
0013313203
0133132032
1331320322
3313203221
3132032210
1320322101
3203221012
2032210123
0322101231
3221012313
2210123132
2101231320
1012313201
0123132011
1231320112
2313201122
3132011220
1320112202
3201122022
2011220223
0112202232
1122022323
1220223232
2202232320
2022323202
0223232023
2232320231
2323202310
3232023100
2320231000
3202310003
2023100032
0231000321
2310003213
3100032132
1000321320
0003213200
0032132002
0321320021
3213200210
2132002100
1320021000
3200210003
2002100032
0021000323
0210003233
2100032332
1000323323
0003233232
0032332323
0323323233
3233232330
2332323302
3323233020
3232330200
2323302002
3233020023
2330200233
3302002333
3020023331
0200233310
2002333102
0023331020
0233310203
2333102032
3331020320
3310203200
3102032002
1020320023
0203200230
2032002302
0320023020
3200230203
2002302032
0023020322
0230203220
2302032203
3020322032
0203220321
2032203213
0322032131
3220321311
2203213110
2032131102
0321311023
3213110233
2131102331
1311023313
3110233133
1102331331
1023313310
0233133100
2331331000
3313310002
3133100022
1331000220
3310002200
3100022000
1000220003
0002200032
0022000322
0220003220
2200032201
2000322013
0003220133
0032201330
0322013300
3220133003
2201330032
2013300322
0133003221
1330032211
3300322110
3003221100
0032211003
0322110030
3221100300
2211003001
2110030011
1100300111
1003001113
0030011132
0300111320
3001113203
0011132032
0111320320
1113203203
1132032032
1320320321
3203203213
2032032133
0320321333
3203213330
2032133300
0321333000
3213330002
2133300022
1333000222
3330002223
3300022230
3000222300
0002223000
0022230000
0222300002
2223000023
2230000232
2300002320
3000023200
0000232000
0002320002
0023200020
0232000202
2320002020
3200020201
2000202011
0002020113
0020201131
0202011313
2020113131
0201131311
2011313110
0113131100
1131311000
1313110001
3131100011
1311000110
3110001102
1100011023
1000110230
0001102302
0011023020
0110230202
1102302020
1023020200
0230202003
2302020030
3020200300
0202003003
2020030030
0200300303
2003003031
0030030311
0300303112
3003031120
0030311202
0303112020
3031120203
0311202030
3112020300
1120203000
1202030000
2020300003
0203000030
2030000303
0300003033
3000030333
0000303332
0003033322
0030333222
0303332220
3033322200
0333222000
3332220000
3322200001
3222000012
2220000123
2200001230
2000012303
0000123031
0001230310
0012303102
0123031020
1230310202
2303102020
3031020200
0310202000
3102020002
1020200022
0202000222
2020002220
0200022200
2000222002
0002220021
0022200211
0222002113
2220021131
2200211311
2002113111
0021131113
0211311131
2113111310
1131113101
1311131013
3111310133
1113101332
1131013320
1310133200
3101332001
1013320011
0133200110
1332001101
3320011010
3200110103
2001101030
0011010300
0110103001
1101030013
1010300132
0103001320
1030013200
0300132000
3001320003
0013200033
0132000330
1320003303
3200033030
2000330302
0003303022
0033030221
0330302210
3303022101
3030221010
0302210103
3022101033
0221010333
2210103330
2101033301
1010333013
0103330131
1033301311
0333013110
3330131102
3301311020
3013110200
0131102001
1311020011
3110200110
1102001101
1020011010
0200110102
2001101020
0011010203
0110102030
1101020300
1010203001
0102030010
1020300101
0203001010
2030010100
0300101002
3001010020
0010100200
0101002001
1010020010
0100200101
1002001011
0020010111
0200101111
2001011113
0010111133
0101111331
1011113310
0111133101
1111331010
1113310100
1133101000
1331010003
3310100030
3101000300
1010003000
0100030003
1000300033
0003000330
0030003300
0300033000
3000330000
0003300001
0033000012
0330000123
3300001230
3000012300
0000123000
0001230000
0012300002
0123000020
1230000200
2300002002
3000020020
0000200200
0002002001
0020020013
0200200130
2002001301
0020013010
0200130103
2001301032
0013010321
0130103211
1301032113
3010321133
0103211331
1032113310
0321133103
3211331031
2113310311
1133103113
1331031132
3310311320
3103113202
1031132022
0311320220
3113202203
1132022033
1320220333
3202203333
2022033330
0220333303
2203333031
2033330310
0333303100
3333031002
3330310020
3303100200
3031002000
0310020000
3100200001
1002000010
0020000102
0200001020
2000010203
0000102033
0001020333
0010203330
0102033300
1020333001
0203330010
2033300100
0333001003
3330010033
3300100330
3001003301
0010033013
0100330131
1003301310
0033013100
0330131000
3301310000
3013100002
0131000020
1310000201
3100002013
1000020131
0000201311
0002013113
0020131132
0201311320
2013113200
0131132000
1311320000
3113200003
1132000030
1320000303
3200003030
2000030300
0000303000
0003030003
0030300031
0303000310
3030003102
0300031022
3000310222
0003102220
0031022200
0310222001
3102220013
1022200132
0222001320
2220013201
2200132011
2001320110
0013201100
0132011000
1320110003
3201100032
2011000322
0110003220
1100032202
1000322021
0003220211
0032202110
0322021102
3220211020
2202110203
2021102032
0211020320
2110203201
1102032011
1020320110
0203201100
2032011002
0320110023
3201100232
2011002320
0110023203
1100232032
1002320322
0023203223
0232032233
2320322330
3203223303
2032233033
0322330330
3223303301
2233033011
2330330110
3303301102
3033011023
0330110230
3301102300
3011023003
0110230032
1102300320
1023003203
0230032031
2300320310
3003203100
0032031002
0320310020
3203100202
2031002020
0310020200
3100202003
1002020030
0020200300
0202003000
2020030000
0200300003
2003000030
0030000301
0300003010
3000030100
0000301002
0003010022
0030100223
0301002230
3010022300
0100223003
1002230030
0022300300
0223003003
2230030031
2300300313
3003003133
0030031331
0300313310
3003133102
0031331020
0313310200
3133102000
1331020002
3310200020
3102000202
1020002020
0200020200
2000202000
0002020000
0020200000
0202000003
2020000032
0200000321
2000003213
0000032130
0000321300
0003213003
0032130032
0321300321
3213003210
2130032100
1300321003
3003210032
0032100320
0321003200
3210032002
2100320023
1003200231
0032002313
0320023133
3200231333
2002313332
0023133322
0231333220
2313332200
3133322000
1333220000
3332200000
3322000002
3220000020
2200000202
2000002023
0000020231
0000202313
0002023132
0020231323
0202313233
2023132331
0231323313
2313233133
3132331330
1323313301
3233133010
2331330100
3313301001
3133010013
1330100130
3301001300
3010013000
0100130002
1001300021
0013000211
0130002110
1300021100
3000211002
0002110021
0021100211
0211002113
2110021132
1100211323
1002113230
0021132300
0211323002
2113230021
1132300210
1323002100
3230021001
2300210010
3002100102
0021001023
0210010230
2100102303
1001023030
0010230300
0102303002
1023030021
0230300212
2303002120
3030021203
0300212033
3002120333
0021203332
0212033322
2120333220
1203332202
2033322021
0333220213
3332202130
3322021302
3220213020
2202130200
2021302003
0213020033
2130200330
1302003300
3020033000
0200330003
2003300032
0033000323
0330003231
3300032311
3000323110
0003231101
0032311010
0323110100
3231101003
2311010033
3110100331
1101003310
1010033100
0100331000
1003310003
0033100032
0331000321
3310003210
3100032101
1000321011
0003210113
0032101130
0321011300
3210113002
2101130020
1011300200
0113002000
1130020000
1300200000
3002000001
0020000012
0200000122
2000001222
0000012221
0000122213
0001222132
0012221320
0122213202
1222132022
2221320220
2213202202
2132022020
1320220200
3202202000
2022020002
0220200023
2202000231
2020002313
0200023133
2000231331
0002313310
0023133100
0231331001
2313310011
3133100110
1331001102
3310011020
3100110203
1001102032
0011020323
0110203232
1102032323
1020323233
0203232331
2032323313
0323233133
3232331332
2323313321
3233133210
2331332101
3313321013
3133210132
1332101322
3321013220
3210132200
2101322001
1013220011
0132200112
1322001122
3220011223
2200112231
2001122310
0011223102
0112231023
1122310230
1223102302
2231023022
2310230220
3102302200
1023022003
0230220031
2302200311
3022003110
0220031100
2200311000
2003110001
0031100011
0311000111
3110001110
1100011101
1000111011
0001110113
0011101132
0111011321
1110113213
1101132133
1011321332
0113213323
1132133230
1321332300
3213323003
2133230032
1332300320
3323003200
3230032003
2300320033
3003200333
0032003331
0320033310
3200333100
2003331000
0033310003
0333100033
3331000332
3310003320
3100033203
1000332030
0003320302
0033203023
0332030233
3320302332
3203023323
2030233230
0302332302
3023323021
0233230210
2332302102
3323021021
3230210210
2302102102
3021021023
0210210232
2102102320
1021023200
0210232002
2102320020
1023200200
0232002000
2320020001
3200200010
2002000100
0020001002
0200010022
2000100220
0001002200
0010022000
0100220000
1002200000
0022000001
0220000010
2200000100
2000001003
0000010033
0000100331
0001003311
0010033110
0100331100
1003311001
0033110011
0331100110
3311001100
3110011000
1100110001
1001100010
0011000101
0110001011
1100010110
1000101102
0001011023
0010110231
0101102310
1011023100
0110231002
1102310020
1023100200
0231002001
2310020010
3100200103
1002001033
0020010330
0200103302
2001033020
0010330200
0103302000
1033020002
0330200021
3302000211
3020002113
0200021131
2000211310
0002113102
0021131021
0211310213
2113102131
1131021310
1310213103
3102131032
1021310322
0213103220
2131032202
1310322022
3103220220
1032202201
0322022010
3220220101
2202201010
2022010102
0220101020
2201010200
2010102001
0101020011
1010200113
0102001132
1020011321
0200113210
2001132102
0011321021
0113210210
1132102102
1321021020
3210210203
2102102032
1021020321
0210203211
2102032110
1020321100
0203211002
2032110020
0321100200
3211002002
2110020020
1100200200
1002002003
0020020030
0200200300
2002003002
0020030022
0200300220
2003002202
0030022021
0300220211
3002202110
0022021100
0220211000
2202110003
2021100032
0211000320
2110003200
1100032001
1000320010
0003200100
0032001000
0320010003
3200100030
2001000300
0010003002
0100030022
1000300220
0003002200
0030022002
0300220020
3002200202
0022002022
0220020220
2200202202
2002022022
0020220222
0202202221
2022022211
0220222110
2202221102
2022211021
0222110212
2221102120
2211021203
2110212032
1102120321
1021203213
0212032133
2120321333
1203213331
2032133311
0321333111
3213331110
2133311102
1333111020
3331110200
3311102002
3111020020
1110200202
1102002020
1020020200
0200202000
2002020003
0020200033
0202000330
2020003302
0200033023
2000330230
0003302300
0033023000
0330230001
3302300010
3023000103
0230001030
2300010301
3000103011
0001030113
0010301132
0103011322
1030113223
0301132233
3011322333
0113223330
1132233303
1322333033
3223330330
2233303300
2333033001
3330330013
3303300130
3033001300
0330013001
3300130013
3001300132
0013001323
0130013231
1300132313
3001323130
0013231300
0132313002
1323130023
3231300233
2313002331
3130023313
1300233130
3002331302
0023313023
0233130230
2331302300
3313023000
3130230001
1302300011
3023000113
0230001131
2300011310
3000113100
0001131002
0011310020
0113100200
1131002003
1310020031
3100200313
1002003132
0020031321
0200313211
2003132110
0031321102
0313211023
3132110233
1321102331
3211023313
2110233130
1102331302
1023313021
0233130211
2331302111
3313021113
3130211131
1302111310
3021113102
0211131020
2111310200
1113102000
1131020000
1310200000
3102000000
1020000002
0200000020
2000000200
0000002002
0000020023
0000200230
0002002302
0020023020
0200230202
2002302020
0023020200
0230202000
2302020001
3020200013
0202000133
2020001332
0200013320
2000133200
0001332000
0013320001
0133200010
1332000100
3320001002
3200010021
2000100211
0001002110
0010021100
0100211000
1002110003
0021100032
0211000323
2110003231
1100032313
1000323132
0003231320
0032313201
0323132010
3231320102
2313201023
3132010230
1320102301
3201023011
2010230110
0102301100
1023011000
0230110002
2301100020
3011000201
0110002011
1100020113
1000201132
0002011320
0020113200
0201132002
2011320022
0113200220
1132002203
1320022031
3200220313
2002203132
0022031323
0220313233
2203132332
2031323321
0313233213
3132332132
1323321322
3233213222
2332132223
3321322232
3213222322
2132223220
1322232202
3222322020
2223220200
2232202001
2322020010
3220200102
2202001022
2020010222
0200102223
2001022233
0010222333
0102223332
1022233321
0222333211
2223332111
2233321110
2333211101
3332111013
3321110132
3211101320
2111013202
1110132020
1101320202
1013202020
0132020203
1320202031
3202020313
2020203132
0202031320
2020313200
0203132002
2031320020
0313200200
3132002000
1320020002
3200200023
2002000230
0020002301
0200023011
2000230110
0002301102
0023011023
0230110232
2301102323
3011023233
0110232333
1102323331
1023233310
0232333103
2323331033
3233310332
2333103322
3331033223
3310332232
3103322321
1033223211
0332232113
3322321132
3223211320
2232113201
2321132010
3211320101
2113201013
1132010132
1320101320
3201013203
2010132033
0101320330
1013203303
0132033032
1320330320
3203303201
2033032010
0330320101
3303201013
3032010131
0320101310
3201013102
2010131020
0101310200
1013102001
0131020010
1310200102
3102001023
1020010232
0200102323
2001023232
0010232323
0102323231
1023232312
0232323123
2323231233
3232312330
2323123301
3231233013
2312330132
3123301322
1233013220
2330132201
3301322012
3013220121
0132201213
1322012130
3220121300
2201213001
2012130010
0121300101
1213001013
2130010132
1300101323
3001013231
0010132310
0101323102
1013231020
0132310203
1323102030
3231020303
2310203032
3102030321
1020303210
0203032100
2030321000
0303210000
3032100000
0321000001
3210000010
2100000102
1000001022
0000010220
0000102203
0001022031
0010220310
0102203100
1022031002
0220310023
2203100231
2031002310
0310023102
3100231023
1002310232
0023102323
0231023230
2310232303
3102323032
1023230320
0232303201
2323032013
3230320131
2303201310
3032013102
0320131023
3201310233
2013102333
0131023330
1310233303
3102333030
1023330302
0233303021
2333030210
3330302100
3303021002
3030210023
0302100232
3021002320
0210023203
2100232030
1002320300
0023203001
0232030011
2320300111
3203001113
2030011130
0300111300
3001113003
0011130032
0111300320
1113003200
1130032001
1300320013
3003200132
0032001322
0320013223
3200132231
2001322311
0013223110
0132231103
1322311032
3223110322
2231103223
2311032233
3110322331
1103223313
1032233130
0322331300
3223313000
2233130002
2331300020
3313000203
3130002032
1300020321
3000203213
0002032132
0020321322
0203213220
2032132200
0321322002
3213220023
2132200230
1322002302
3220023021
2200230210
2002302101
0023021010
0230210102
2302101020
3021010202
0210102023
2101020232
1010202321
0102023210
1020232103
0202321031
2023210310
0232103100
2321031002
3210310021
2103100210
1031002103
0310021031
3100210311
1002103110
0021031103
0210311033
2103110332
1031103320
0311033202
3110332020
1103320201
1033202010
0332020101
3320201010
3202010100
2020101000
0201010001
2010100013
0101000133
1010001330
0100013302
1000133021
0001330211
0013302110
0133021101
1330211010
3302110103
3021101033
0211010331
2110103310
1101033102
1010331022
0103310220
1033102202
0331022020
3310220201
3102202011
1022020112
0220201123
2202011230
2020112302
0201123020
2011230200
0112302000
1123020003
1230200032
2302000322
3020003220
0200032200
2000322002
0003220020
0032200202
0322002020
3220020202
2200202023
2002020232
0020202320
0202023200
2020232001
0202320013
2023200133
0232001332
2320013320
3200133203
2001332030
0013320301
0133203013
1332030131
3320301310
3203013102
2030131023
0301310230
3013102303
0131023033
1310230333
3102303330
1023033301
0230333010
2303330102
3033301020
0333010200
3330102003
3301020030
3010200301
0102003010
1020030103
0200301033
2003010333
0030103331
0301033310
3010333102
0103331022
1033310223
0333102233
3331022333
3310223331
3102233310
1022333100
0223331000
2233310002
2333100021
3331000212
3310002123
3100021231
1000212310
0002123102
0021231023
0212310231
2123102310
1231023103
2310231033
3102310333
1023103330
0231033301
2310333013
3103330133
1033301333
0333013330
3330133303
3301333033
3013330333
0133303333
1333033331
3330333310
3303333100
3033331000
0333310000
3333100001
3331000011
3310000110
3100001100
1000011002
0000110020
0001100202
0011002020
0110020203
1100202031
1002020311
0020203111
0202031111
2020311110
0203111100
2031111000
0311110000
3111100002
1111000022
1110000220
1100002202
1000022023
0000220230
0002202303
0022023032
0220230321
2202303210
2023032100
0230321001
2303210010
3032100102
0321001021
3210010213
2100102133
1001021332
0010213323
0102133232
1021332321
0213323213
2133232133
1332321331
3323213311
3232133113
2321331131
3213311313
2133113132
1331131323
3311313232
3113132320
1131323201
1313232011
3132320113
1323201133
3232011332
2320113320
3201133202
2011332022
0113320222
1133202220
1332022203
3320222032
3202220323
2022203232
0222032320
2220323202
2203232023
2032320231
0323202311
3232023110
2320231100
3202311000
2023110000
0231100002
2311000023
3110000232
1100002320
1000023203
0000232033
0002320333
0023203331
0232033313
2320333132
3203331320
2033313200
0333132002
3331320022
3313200223
3132002232
1320022320
3200223200
2002232001
0022320010
0223200100
2232001002
2320010020
3200100200
2001002002
0010020020
0100200200
1002002000
0020020000
0200200003
2002000031
0020000310
0200003102
2000031022
0000310222
0003102220
0031022201
0310222010
3102220101
1022201012
0222010120
2220101200
2201012002
2010120020
0101200202
1012002022
0120020221
1200202213
2002022132
0020221320
0202213200
2022132000
0221320003
2213200031
2132000310
1320003102
3200031023
2000310232
0003102320
0031023201
0310232010
3102320103
1023201030
0232010301
2320103010
3201030102
2010301022
0103010221
1030102210
0301022102
3010221022
0102210222
1022102221
0221022211
2210222113
2102221132
1022211323
0222113232
2221132322
2211323221
2113232210
1132322102
1323221023
3232210232
2322102322
3221023222
2210232221
2102322213
1023222133
0232221332
2322213321
3222133211
2221332111
2213321111
2133211113
1332111132
3321111321
3211113213
2111132133
1111321331
1113213310
1132133103
1321331031
3213310310
2133103102
1331031022
3310310222
3103102220
1031022202
0310222022
3102220223
1022202232
0222022320
2220223202
2202232021
2022320211
0223202110
2232021102
2320211022
3202110221
2021102212
0211022121
2110221213
1102212132
1022121320
0221213203
2212132030
2121320301
1213203010
2132030100
1320301003
3203010032
2030100321
0301003212
3010032123
0100321232
1003212321
0032123213
0321232132
3212321321
2123213210
1232132102
2321321023
3213210232
2132102323
1321023231
3210232311
2102323110
1023231102
0232311022
2323110221
3231102211
2311022113
3110221133
1102211332
1022113321
0221133211
2211332111
2113321110
1133211103
1332111031
3321110310
3211103103
2111031031
1110310313
1103103131
1031031310
0310313100
3103131003
1031310030
0313100301
3131003010
1310030102
3100301020
1003010200
0030102002
0301020021
3010200210
0102002100
1020021003
0200210032
2002100320
0021003200
0210032000
2100320000
1003200003
0032000032
0320000320
3200003203
2000032031
0000320313
0003203131
0032031310
0320313102
3203131021
2031310210
0313102101
3131021013
1310210132
3102101321
1021013210
0210132103
2101321032
1013210323
0132103231
1321032310
3210323101
2103231011
1032310111
0323101113
3231011132
2310111322
3101113220
1011132200
0111322003
1113220033
1132200331
1322003311
3220033110
2200331101
2003311010
0033110100
0331101000
3311010000
3110100001
1101000013
1010000131
0100001310
1000013101
0000131010
0001310103
0013101031
0131010311
1310103113
3101031130
1010311300
0103113000
1031130001
0311300010
3113000100
1130001003
1300010031
3000100310
0001003101
0010031013
0100310133
1003101333
0031013331
0310133313
3101333131
1013331311
0133313111
1333131110
3331311103
3313111031
3131110310
1311103103
3111031032
1110310323
1103103231
1031032313
0310323133
3103231331
1032313313
0323133130
3231331303
2313313030
3133130300
1331303000
3313030000
3130300000
1303000001
3030000013
0300000132
3000001322
0000013221
0000132211
0001322110
0013221103
0132211032
1322110322
3221103222
2211032220
2110322200
1103222000
1032220000
0322200001
3222000011
2220000111
2200001113
2000011132
0000111323
0001113231
0011132310
0111323102
1113231020
1132310202
1323102022
3231020220
2310202200
3102022001
1020220010
0202200100
2022001003
0220010033
2200100333
2001003332
0010033320
0100333202
1003332020
0033320200
0333202000
3332020001
3320200010
3202000103
2020001030
0200010301
2000103010
0001030103
0010301033
0103010332
1030103323
0301033231
3010332310
0103323100
1033231000
0332310003
3323100032
3231000320
2310003200
3100032000
1000320000
0003200002
0032000022
0320000221
3200002210
2000022102
0000221023
0002210232
0022102322
0221023222
2210232220
2102322200
1023222000
0232220003
2322200032
3222000320
2220003202
2200032020
2000320201
0003202011
0032020113
0320201133
3202011333
2020113332
0201133323
2011333233
0113332331
1133323310
1333233100
3332331000
3323310002
3233100023
2331000230
3310002301
3100023010
1000230100
0002301003
0023010031
0230100311
2301003110
3010031101
0100311010
1003110101
0031101010
0311010100
3110101003
1101010033
1010100330
0101003302
1010033021
0100330211
1003302110
0033021100
0330211000
3302110000
3021100001
0211000011
2110000110
1100001101
1000011010
0000110103
0001101030
0011010300
0110103000
1101030000
1010300000
0103000000
1030000003
0300000032
3000000321
0000003213
0000032133
0000321332
0003213323
0032133231
0321332310
3213323100
2133231002
1332310020
3323100200
3231002002
2310020021
3100200211
1002002110
0020021100
0200211001
2002110013
0021100131
0211001310
2110013102
1100131022
1001310221
0013102210
0131022102
1310221023
3102210230
1022102303
0221023033
2210230330
2102303300
1023033003
0230330032
2303300320
3033003201
0330032010
3300320103
3003201032
0032010320
0320103202
3201032023
2010320233
0103202331
1032023311
0320233110
3202331100
2023311003
0233110032
2331100322
3311003223
3110032232
1100322320
1003223200
0032232000
0322320000
3223200001
2232000013
2320000133
3200001331
2000013311
0000133110
0001331100
0013311002
0133110022
1331100222
3311002221
3110022210
1100222100
1002221001
0022210013
0222100130
2221001302
2210013022
2100130223
1001302231
0013022312
0130223120
1302231200
3022312000
0223120001
2231200010
2312000102
3120001020
1200010202
2000102022
0001020222
0010202220
0102022201
1020222013
0202220130
2022201300
0222013002
2220130023
2201300233
2013002330
0130023300
1300233000
3002330001
0023300010
0233000101
2330001013
3300010132
3000101323
0001013232
0010132321
0101323211
1013232113
0132321131
1323211311
3232113110
2321131101
3211311013
2113110130
1131101302
1311013022
3110130223
1101302231
1013022313
0130223133
1302231330
3022313303
0223133032
2231330321
2313303210
3133032100
1330321001
3303210011
3032100113
0321001132
3210011322
2100113220
1001132202
0011322023
0113220231
1132202313
1322023132
3220231323
2202313230
2023132300
0231323002
2313230021
3132300210
1323002100
3230021000
2300210002
3002100023
0021000233
0210002333
2100023333
1000233331
0002333311
0023333113
0233331132
2333311323
3333113232
3331132320
3311323202
3113232023
1132320232
1323202320
3232023203
2320232033
3202320330
2023203303
0232033030
2320330300
3203303000
2033030003
0330300030
3303000303
3030003031
0300030313
3000303133
0003031332
0030313320
0303133200
3031332000
0313320003
3133200030
1332000300
3320003000
3200030000
2000300000
0003000000
0030000002
0300000021
3000000210
0000002102
0000021022
0000210220
0002102200
0021022002
0210220022
2102200223
1022002232
0220022320
2200223200
2002232002
0022320021
0223200213
2232002132
2320021323
3200213233
2002132332
0021323322
0213233223
2132332233
1323322331
3233223310
2332233100
3322331000
3223310001
2233100013
2331000133
3310001331
3100013313
1000133131
0001331313
0013313131
0133131311
1331313110
3313131103
3131311032
1313110323
3131103231
1311032313
3110323132
1103231323
1032313233
0323132333
3231323333
2313233331
3132333310
1323333102
3233331020
2333310203
3333102030
3331020300
3310203002
3102030021
1020300213
0203002131
2030021312
0300213120
3002131202
0021312021
0213120210
2131202100
1312021001
3120210011
1202100113
2021001130
0210011303
2100113032
1001130322
0011303222
0113032222
1130322220
1303222202
3032222023
0322220232
3222202322
2222023223
2220232230
2202322300
2023223003
0232230032
2322300323
3223003233
2230032333
2300323333
3003233333
0032333331
0323333310
3233333102
2333331022
3333310223
3333102233
3331022333
3310223332
3102233323
1022333233
0223332331
2233323313
2333233132
3332331320
3323313202
3233132020
2331320201
3313202010
3132020101
1320201011
3202010111
2020101112
0201011120
2010111203
0101112032
1011120320
0111203201
1112032011
1120320113
1203201132
2032011323
0320113233
3201132332
2011323322
0113233220
1132332203
1323322032
3233220320
2332203203
3322032032
3220320323
2203203233
2032032332
0320323320
3203233200
2032332000
0323320003
3233200030
2332000301
3320003010
3200030102
2000301022
0003010220
0030102200
0301022000
3010220000
0102200003
1022000030
0220000301
2200003013
2000030130
0000301302
0003013021
0030130213
0301302133
3013021331
0130213312
1302133121
3021331211
0213312112
2133121120
1331211200
3312112002
3121120022
1211200223
2112002232
1120022320
1200223201
2002232010
0022320103
0223201030
2232010300
2320103003
3201030032
2010300322
0103003220
1030032202
0300322020
3003220200
0032202002
0322020023
3220200231
2202002313
2020023132
0200231321
2002313213
0023132132
0231321323
2313213233
3132132333
1321323333
3213233333
2132333330
1323333300
3233333001
2333330012
3333300122
3333001223
3330012230
3300122302
3001223023
0012230232
0122302323
1223023231
2230232311
2302323110
3023231102
0232311020
2323110202
3231102020
2311020200
3110202002
1102020020
1020200202
0202002020
2020020202
0200202023
2002020233
0020202331
0202023310
2020233102
0202331023
2023310230
0233102302
2331023022
3310230220
3102302202
1023022021
0230220211
2302202111
3022021113
0220211130
2202111302
2021113021
0211130211
2111302111
1113021113
1130211133
1302111333
3021113330
0211133300
2111333001
1113330011
1133300111
1333001110
3330011103
3300111030
3001110301
0011103010
0111030103
1110301031
1103010312
1030103121
0301031213
3010312132
0103121320
1031213201
0312132013
3121320131
1213201312
2132013122
1320131220
3201312202
2013122023
0131220231
1312202313
3122023131
1220231311
2202313110
2023131102
0231311020
2313110202
3131102020
1311020200
3110202002
1102020022
1020200223
0202002231
2020022313
0200223130
2002231302
0022313022
0223130220
2231302200
2313022002
3130220023
1302200233
3022002330
0220023300
2200233000
2002330002
0023300023
0233000231
2330002311
3300023113
3000231131
0002311311
0023113112
0231131120
2311311200
3113112002
1131120020
1311200202
3112002020
1120020202
1200202021
2002020212
0020202122
0202021220
2020212203
0202122031
2021220313
0212203133
2122031332
1220313323
2203133232
2031332320
0313323202
3133232022
1332320220
3323202203
3232022032
2320220320
3202203200
2022032002
0220320020
2203200201
2032002011
0320020113
3200201133
2002011331
0020113311
0201133111
2011331113
0113311132
1133111321
1331113213
3311132133
3111321331
1113213311
1132133110
1321331100
3213311001
2133110010
1331100101
3311001013
3110010133
1100101330
1001013301
0010133013
0101330133
1013301332
0133013322
1330133221
3301332211
3013322110
0133221100
1332211002
3322110023
3221100230
2211002300
2110023002
1100230021
1002300210
0023002100
0230021000
2300210000
3002100001
0021000010
0210000101
2100001013
1000010133
0000101332
0001013320
0010133200
0101332001
1013320011
0133200113
1332001130
3320011301
3200113011
2001130110
0011301102
0113011020
1130110201
1301102010
3011020103
0110201030
1102010302
1020103023
0201030230
2010302302
0103023023
1030230232
0302302323
3023023232
0230232320
2302323201
3023232010
0232320101
2323201010
3232010102
2320101021
3201010212
2010102123
0101021231
1010212313
0102123132
1021231323
0212313231
2123132310
1231323102
2313231020
3132310202
1323102020
3231020200
2310202000
3102020002
1020200021
0202000210
2020002102
0200021020
2000210202
0002102022
0021020222
0210202222
2102022220
1020222201
0202222013
2022220131
0222201312
2222013122
2220131222
2201312223
2013122232
0131222321
1312223211
3122232110
1222321103
2223211032
2232110322
2321103220
3211032200
2110322002
1103220020
1032200202
0322002023
3220020230
2200202302
2002023021
0020230210
0202302103
2023021033
0230210332
2302103322
3021033223
0210332232
2103322320
1033223201
0332232013
3322320132
3223201323
2232013232
2320132320
3201323201
2013232010
0132320100
1323201001
3232010012
2320100120
3201001202
2010012022
0100120223
1001202230
0012022300
0120223003
1202230031
2022300313
0223003133
2230031332
2300313322
3003133223
0031332230
0313322302
3133223020
1332230202
3322302022
3223020221
2230202212
2302022123
3020221231
0202212313
2022123131
0221231310
2212313102
2123131022
1231310220
2313102202
3131022021
1310220210
3102202103
1022021031
0220210312
2202103121
2021031211
0210312111
2103121113
1031211130
0312111302
3121113023
1211130232
2111302320
1113023202
1130232022
1302320220
3023202203
0232022032
2320220321
3202203210
2022032102
0220321020
2203210200
2032102003
0321020030
3210200301
2102003013
1020030131
0200301313
2003013132
0030131322
0301313221
3013132210
0131322102
1313221021
3132210210
1322102103
3221021032
2210210323
2102103233
1021032331
0210323313
2103233131
1032331313
0323313133
3233131331
2331313313
3313133131
3131331310
1313313102
3133131021
1331310210
3313102101
3131021010
1310210102
3102101023
1021010232
0210102321
2101023213
1010232132
0102321323
1023213230
0232132301
2321323010
3213230102
2132301022
1323010220
3230102203
2301022033
3010220331
0102203310
1022033100
0220331001
2203310013
2033100132
0331001321
3310013210
3100132100
1001321000
0013210001
0132100012
1321000121
3210001210
2100012102
1000121021
0001210211
0012102113
0121021131
1210211311
2102113111
1021131112
0211311122
2113111222
1131112220
1311122201
3111222011
1112220113
1122201131
1222011313
2220113133
2201131332
2011313323
0113133233
1131332333
1313323330
3133233300
1332333003
3323330031
3233300311
2333003113
3330031131
3300311311
3003113113
0031131133
0311311331
3113113311
1131133110
1311331102
3113311020
1133110201
1331102010
3311020100
3110201000
1102010000
1020100002
0201000020
2010000202
0100002023
1000020231
0000202311
0002023113
0020231131
0202311310
2023113102
0231131023
2311310231
3113102313
1131023132
1310231320
3102313202
1023132022
0231320220
2313202203
3132022032
1320220320
3202203202
2022032022
0220320220
2203202200
2032022002
0320220020
3202200201
2022002013
0220020133
2200201333
2002013331
0020133313
0201333132
2013331320
0133313202
1333132023
3331320232
3313202320
3132023201
1320232010
3202320100
2023201002
0232010022
2320100220
3201002200
2010022003
0100220033
1002200332
0022003320
0220033203
2200332033
2003320333
0033203331
0332033310
3320333102
3203331020
2033310203
0333102032
3331020320
3310203203
3102032032
1020320320
0203203202
2032032022
0320320220
3203202200
2032022000
0320220003
3202200032
2022000322
0220003222
2200032220
2000322200
0003222001
0032220013
0322200133
3222001332
2220013321
2200133211
2001332113
0013321130
0133211302
1332113020
3321130200
3211302002
2113020020
1130200200
1302002002
3020020020
0200200203
2002002030
0020020300
0200203003
2002030032
0020300320
0203003203
2030032031
0300320310
3003203100
0032031002
0320310020
3203100200
2031002002
0310020020
3100200202
1002002022
0020020220
0200202203
2002022030
0020220303
0202203033
2022030330
0220303303
2203033030
2030330300
0303303003
3033030031
0330300311
3303003111
3030031110
0300311102
3003111020
0031110203
0311102033
3111020331
1110203310
1102033102
1020331021
0203310213
2033102132
0331021320
3310213200
3102132002
1021320021
0213200212
2132002122
1320021221
3200212210
2002122103
0021221031
0212210313
2122103132
1221031322
2210313220
2103132203
1031322030
0313220301
3132203012
1322030120
3220301202
2203012020
2030120202
0301202021
3012020212
0120202120
1202021200
2020212000
0202120001
2021200010
0212000100
2120001000
1200010001
2000100011
0001000113
0010001133
0100011333
1000113331
0001133313
0011333132
0113331320
1133313200
1333132002
3331320020
3313200203
3132002033
1320020332
3200203321
2002033213
0020332131
0203321310
2033213101
0332131010
3321310102
3213101020
2131010202
1310102023
3101020232
1010202320
0102023203
1020232030
0202320303
2023203033
0232030333
2320303333
3203033332
2030333320
0303333202
3033332021
0333320210
3333202101
3332021013
3320210131
3202101310
2021013102
0210131021
2101310210
1013102102
0131021020
1310210202
3102102022
1021020222
0210202221
2102022213
1020222130
0202221301
2022213011
0222130110
2221301103
2213011032
2130110320
1301103200
3011032002
0110320022
1103200220
1032002203
0320022030
3200220300
2002203001
0022030011
0220300113
2203001132
2030011320
0300113203
3001132030
0011320300
0113203000
1132030002
1320300021
3203000213
2030002131
0300021311
3000213110
0002131102
0021311021
0213110210
2131102102
1311021022
3110210220
1102102200
1021022000
0210220003
2102200032
1022000322
0220003221
2200032211
2000322111
0003221110
0032211101
0322111013
3221110133
2211101332
2111013322
1110133220
1101332200
1013322002
0133220021
1332200213
3322002132
3220021323
2200213232
2002132321
0021323213
0213232130
2132321302
1323213020
3232130200
2321302001
3213020010
2130200102
1302001021
3020010210
0200102100
2001021002
0010210022
0102100222
1021002222
0210022220
2100222201
1002222011
0022220110
0222201102
2222011021
2220110211
2201102113
2011021133
0110211331
1102113313
1021133132
0211331322
2113313221
1133132211
1331322110
3313221101
3132211013
1322110131
3221101311
2211013111
2110131111
1101311110
1013111103
0131111031
1311110313
3111103131
1111031313
1110313131
1103131310
1031313103
0313131030
3131310302
1313103021
3131030213
1310302132
3103021320
1030213201
0302132011
3021320111
0213201113
2132011133
1320111332
3201113323
2011133232
0111332321
1113323211
1133232110
1332321101
3323211011
3232110112
2321101120
3211011200
2110112002
1101120020
1011200201
0112002011
1120020111
1200201112
2002011121
0020111211
0201112110
2011121100
0111211000
1112110001
1121100011
1211000111
2110001110
1100011102
1000111020
0001110200
0011102001
0111020010
1110200100
1102001000
1020010000
0200100001
2001000010
0010000103
0100001030
1000010303
0000103031
0001030310
0010303102
0103031022
1030310220
0303102200
3031022001
0310220010
3102200102
1022001021
0220010210
2200102100
2001021002
0010210023
0102100233
1021002333
0210023330
2100233300
1002333001
0023330013
0233300133
2333001331
3330013310
3300133100
3001331000
0013310002
0133100020
1331000202
3310002021
3100020210
1000202103
0002021033
0020210330
0202103300
2021033003
0210330032
2103300320
1033003200
0330032000
3300320000
3003200003
0032000031
0320000311
3200003113
2000031132
0000311323
0003113230
0031132300
0311323002
3113230021
1132300211
1323002112
3230021122
2300211220
3002112200
0021122003
0211220031
2112200313
1122003130
1220031300
2200313001
2003130010
0031300103
0313001032
3130010321
1300103210
3001032103
0010321033
0103210333
1032103331
0321033313
3210333132
2103331321
1033313213
0333132132
3331321320
3313213201
3132132010
1321320100
3213201002
2132010023
1320100233
3201002331
2010023311
0100233110
1002331102
0023311021
0233110211
2331102110
3311021101
3110211010
1102110100
1021101001
0211010011
2110100113
1101001131
1010011311
0100113110
1001131102
0011311020
0113110201
1131102010
1311020102
3110201023
1102010233
1020102331
0201023311
2010233110
0102331102
1023311022
0233110220
2331102202
3311022023
3110220232
1102202320
1022023200
0220232000
2202320000
2023200003
0232000030
2320000300
3200003000
2000030002
0000300020
0003000202
0030002023
0300020231
3000202310
0002023100
0020231002
0202310020
2023100202
0231002022
2310020220
3100202202
1002022022
0020220220
0202202200
2022022002
0220220022
2202200221
2022002211
0220022113
2200221133
2002211331
0022113311
0221133111
2211331111
2113311113
1133111133
1331111333
3311113333
3111133330
1111333300
1113333000
1133330003
1333300031
3333000313
3330003131
3300031311
3000313110
0003131103
0031311033
0313110332
3131103322
1311033221
3110332210
1103322102
1033221022
0332210221
3322102210
3221022102
2210221023
2102210230
1022102302
0221023022
2210230223
2102302232
1023022321
0230223213
2302232131
3022321313
0223213132
2232131321
2321313210
3213132101
2131321010
1313210101
3132101010
1321010102
3210101021
2101010211
1010102112
0101021121
1010211213
0102112131
1021121313
0211213132
2112131322
1121313222
1213132220
2131322202
1313222023
3132220231
1322202313
3222023133
2220231331
2202313310
2023133100
0231331000
2313310000
3133100001
1331000010
3310000102
3100001020
1000010200
0000102000
0001020001
0010200013
0102000132
1020001321
0200013211
2000132111
0001321112
0013211123
0132111231
1321112313
3211123131
2111231310
1112313100
1123131002
1231310020
2313100202
3131002022
1310020220
3100202202
1002022021
0020220211
0202202111
2022021111
0220211113
2202111133
2021111331
0211113310
2111133100
1111331002
1113310023
1133100233
1331002332
3310023323
3100233233
1002332332
0023323320
0233233200
2332332002
3323320021
3233200210
2332002102
3320021022
3200210222
2002102220
0021022200
0210222000
2102220003
1022200031
0222000310
2220003102
2200031020
2000310200
0003102002
0031020022
0310200220
3102002200
1020022001
0200220011
2002200111
0022001111
0220011110
2200111103
2001111030
0011110301
0111103011
1111030113
1110301132
1103011322
1030113222
0301132220
3011322203
0113222031
1132220313
1322203132
3222031322
2220313220
2203132200
2031322003
0313220031
3132200310
1322003102
3220031021
2200310211
2003102113
0031021133
0310211333
3102113333
1021133331
0211333313
2113333131
1133331313
1333313130
3333131300
3331313003
3313130030
3131300302
1313003020
3130030202
1300302020
3003020201
0030202011
0302020111
3020201113
0202011132
2020111320
0201113200
2011132003
0111320031
1113200313
1132003132
1320031320
3200313202
2003132023
0031320231
0313202311
3132023111
1320231111
3202311113
2023111130
0231111300
2311113000
3111130002
1111300022
1113000222
1130002221
1300022211
3000222110
0002221102
0022211021
0222110213
2221102133
2211021330
2110213303
1102133032
1021330323
0213303233
2133032333
1330323332
3303233321
3032333210
0323332101
3233321013
2333210132
3332101321
3321013210
3210132101
2101321011
1013210110
0132101102
1321011021
3210110213
2101102133
1011021331
0110213310
1102133100
1021331001
0213310011
2133100113
1331001131
3310011313
3100113132
1001131321
0011313210
0113132103
1131321032
1313210322
3132103220
1321032201
3210322010
2103220100
1032201003
0322010030
3220100303
2201003031
2010030311
0100303111
1003031110
0030311102
0303111023
3031110230
0311102303
3111023031
1110230311
1102303110
1023031102
0230311023
2303110233
3031102333
0311023331
3110233313
1102333132
1023331320
0233313202
2333132023
3331320231
3313202313
3132023132
1320231323
3202313230
2023132300
0231323000
2313230000
3132300002
1323000020
3230000202
2300002020
3000020202
0000202023
0002020231
0020202311
0202023110
2020231102
0202311021
2023110213
0231102132
2311021321
3110213213
1102132132
1021321321
0213213213
2132132131
1321321310
3213213103
2132131032
1321310321
3213103213
2131032131
1310321310
3103213103
1032131030
0321310301
3213103013
2131030132
1310301321
3103013210
1030132102
0301321023
3013210232
0132102322
1321023223
3210232232
2102322322
1023223220
0232232200
2322322000
3223220001
2232200013
2322000132
3220001323
2200013232
2000132320
0001323202
0013232021
0132320210
1323202100
3232021002
2320210020
3202100200
2021002000
0210020000
2100200000
1002000002
0020000021
0200000211
2000002110
0000021102
0000211020
0002110200
0021102003
0211020033
2110200332
1102003320
1020033201
0200332010
2003320103
0033201031
0332010313
3320103133
3201031331
2010313310
0103133100
1031331000
0313310000
3133100002
1331000022
3310000220
3100002200
1000022002
0000220020
0002200202
0022002021
0220020211
2200202110
2002021100
0020211003
0202110030
2021100301
0211003010
2110030102
1100301022
1003010220
0030102200
0301022003
3010220030
0102200303
1022003031
0220030311
2200303110
2003031103
0030311032
0303110322
3031103223
0311032232
3110322322
1103223223
1032232232
0322322323
3223223231
2232232310
2322323102
3223231022
2232310221
2323102213
3231022133
2310221332
3102213320
1022133201
0221332013
2213320131
2133201313
1332013131
3320131310
3201313100
2013131000
0131310002
1313100020
3131000200
1310002002
3100020023
1000200230
0002002300
0020023003
0200230032
2002300320
0023003203
0230032033
2300320332
3003203323
0032033232
0320332321
3203323210
2033232100
0332321000
3323210000
3232100002
2321000023
3210000233
2100002333
1000023332
0000233321
0002333213
0023332132
0233321320
2333213200
3332132000
3321320000
3213200000
2132000003
1320000030
3200000301
2000003011
0000030110
0000301101
0003011011
0030110113
0301101131
3011011310
0110113101
1101131013
1011310133
0113101333
1131013330
1310133300
3101333001
1013330011
0133300112
1333001120
3330011203
3300112030
3001120303
0011203030
0112030300
1120303003
1203030033
2030300330
0303003301
3030033013
0300330132
3003301320
0033013202
0330132022
3301320220
3013202202
0132022020
1320220201
3202202013
2022020130
0220201301
2202013013
2020130131
0201301310
2013013103
0130131032
1301310323
3013103231
0131032310
1310323103
3103231033
1032310330
0323103303
3231033032
2310330320
3103303200
1033032000
0330320000
3303200001
3032000010
0320000102
3200001020
2000010203
0000102032
0001020321
0010203213
0102032132
1020321320
0203213202
2032132021
0321320213
3213202133
2132021332
1320213323
3202133232
2021332323
0213323232
2133232323
1332323232
3323232320
3232323200
2323232001
3232320012
2323200122
3232001220
2320012201
3200122010
2001220101
0012201013
0122010132
1220101320
2201013200
2010132000
0101320003
1013200030
0132000303
1320003033
3200030333
2000303333
0003033331
0030333310
0303333102
3033331022
0333310222
3333102220
3331022200
3310222003
3102220033
1022200332
0222003321
2220033212
2200332120
2003321202
0033212020
0332120202
3321202022
3212020220
2120202200
1202022000
2020220000
0202200003
2022000032
0220000322
2200003220
2000032203
0000322030
0003220302
0032203023
0322030233
3220302330
2203023302
2030233021
0302330213
3023302130
0233021303
2330213033
3302130331
3021303310
0213033103
2130331032
1303310322
3033103222
0331032223
3310322230
3103222300
1032223003
0322230031
3222300311
2223003112
2230031122
2300311223
3003112232
0031122323
0311223230
3112232303
1122323031
1223230311
2232303110
2323031100
3230311002
2303110020
3031100200
0311002000
3110020002
1100200020
1002000200
0020002000
0200020000
2000200001
0002000013
0020000133
0200001331
2000013313
0000133132
0001331320
0013313202
0133132023
1331320232
3313202323
3132023232
1320232321
3202323210
2023232103
0232321032
2323210320
3232103200
2321032003
3210320033
2103200333
1032003332
0320033320
3200333200
2003332002
0033320023
0333200231
3332002310
3320023102
3200231020
2002310202
0023102022
0231020221
2310202212
3102022120
1020221203
0202212032
2022120323
0221203233
2212032332
2120323323
1203233232
2032332320
0323323201
3233232012
2332320122
3323201222
3232012220
2320122200
3201222002
2012220020
0122200200
1222002000
2220020001
2200200011
2002000110
0020001101
0200011011
2000110110
0001101100
0011011002
0110110022
1101100223
1011002231
0110022311
1100223110
1002231100
0022311000
0223110002
2231100021
2311000212
3110002120
1100021203
1000212031
0002120311
0021203110
0212031102
2120311020
1203110202
2031102020
0311020200
3110202003
1102020031
1020200311
0202003111
2020031110
0200311102
2003111022
0031110220
0311102200
3111022000
1110220000
1102200002
1022000021
0220000213
2200002131
2000021313
0000213133
0002131331
0021313310
0213133100
2131331000
1313310002
3133100022
1331000221
3310002211
3100022113
1000221130
0002211300
0022113001
0221130010
2211300100
2113001003
1130010031
1300100313
3001003132
0010031321
0100313213
1003132132
0031321323
0313213233
3132132332
1321323323
3213233232
2132332320
1323323202
3233232021
2332320211
3323202111
3232021113
2320211133
3202111331
2021113310
0211133101
2111331011
1113310110
1133101100
1331011001
3310110010
3101100103
1011001032
0110010321
1100103211
1001032111
0010321110
0103211100
1032111000
0321110002
3211100020
2111000203
1110002032
1100020320
1000203202
0002032021
0020320213
0203202132
2032021322
0320213220
3202132202
2021322020
0213220202
2132202022
1322020220
3220202203
2202022032
2020220321
0202203213
2022032132
0220321321
2203213210
2032132102
0321321021
3213210213
2132102132
1321021323
3210213232
2102132323
1021323232
0213232322
2132323222
1323232222
3232322221
2323222213
3232222133
2322221331
3222213311
2222133112
2221331123
2213311232
2133112322
1331123223
3311232232
3112322320
1123223200
1232232002
2322320022
3223200220
2232002202
2320022021
3200220213
2002202133
0022021333
0220213331
2202133312
2021333123
0213331231
2133312311
1333123111
3331231113
3312311131
3123111310
1231113101
2311131011
3111310111
1113101112
1131011123
1310111232
3101112320
1011123201
0111232010
1112320101
1123201012
1232010122
2320101221
3201012213
2010122130
0101221303
1012213033
0122130331
1221303310
2213033103
2130331031
1303310311
3033103110
0331031100
3310311003
3103110033
1031100332
0311003323
3110033232
1100332320
1003323203
0033232033
0332320332
3323203323
3232033230
2320332301
3203323010
2033230102
0332301021
3323010211
3230102110
2301021100
3010211002
0102110023
1021100232
0211002321
2110023211
1100232113
1002321132
0023211322
0232113220
2321132201
3211322010
2113220102
1132201020
1322010200
3220102002
2201020020
2010200202
0102002020
1020020200
0200202003
2002020032
0020200322
0202003221
2020032213
0200322132
2003221321
0032213211
0322132111
3221321113
2213211132
2132111320
1321113202
3211132020
2111320203
1113202033
1132020332
1320203322
3202033222
2020332221
0203322210
2033222102
0332221021
3322210213
3222102132
2221021322
2210213222
2102132223
1021322232
0213222320
2132223202
1322232022
3222320221
2223202213
2232022131
2320221310
3202213103
2022131031
0221310313
2213103132
2131031322
1310313223
3103132232
1031322320
0313223203
3132232032
1322320323
3223203232
2232032322
2320323222
3203232220
2032322201
0323222013
3232220132
2322201322
3222013222
2220132223
2201322232
2013222323
0132223233
1322232332
3222323322
2223233220
2232332201
2323322010
3233220102
2332201023
3322010230
3220102303
2201023030
2010230303
0102303031
1023030311
0230303112
2303031123
3030311231
0303112313
3031123130
0311231301
3112313011
1123130110
1231301100
2313011003
3130110032
1301100323
3011003231
0110032312
1100323122
1003231222
0032312220
0323122203
3231222033
2312220333
3122203332
1222033322
2220333220
2203332201
2033322012
0333220121
3332201211
3322012113
3220121130
2201211301
2012113011
0121130113
1211301132
2113011322
1130113223
1301132230
3011322301
0113223010
1132230102
1322301020
3223010200
2230102001
2301020010
3010200103
0102001031
1020010310
0200103101
2001031011
0010310111
0103101110
1031011103
0310111032
3101110322
1011103221
0111032213
1110322132
1103221323
1032213232
0322132320
3221323201
2213232010
2132320102
1323201023
3232010230
2320102302
3201023021
2010230212
0102302120
1023021202
0230212021
2302120211
3021202110
0212021101
2120211010
1202110100
2021101002
0211010020
2110100201
1101002011
1010020111
0100201111
1002011110
0020111100
0201111001
2011110012
0111100120
1111001203
1110012033
1100120330
1001203302
0012033021
0120330213
1203302133
2033021330
0330213300
3302133002
3021330020
0213300200
2133002002
1330020023
3300200232
3002002320
0020023203
0200232031
2002320313
0023203133
0232031333
2320313331
3203133311
2031333110
0313331103
3133311032
1333110321
3331103211
3311032111
3110321110
1103211102
1032111022
0321110222
3211102220
2111022202
1110222021
1102220210
1022202103
0222021031
2220210313
2202103131
2021031313
0210313131
2103131310
1031313101
0313131013
3131310131
1313101313
3131013133
1310131330
3101313302
1013133021
0131330213
1313302132
3133021321
1330213213
3302132133
3021321331
0213213313
2132133130
1321331301
3213313010
2133130101
1331301011
3313010111
3130101113
1301011132
3010111321
0101113213
1011132130
0111321303
1113213033
1132130333
1321303333
3213033330
2130333303
1303333030
3033330300
0333303002
3333030023
3330300232
3303002323
3030023231
0300232310
3002323101
0023231010
0232310101
2323101011
3231010113
2310101132
3101011322
1010113222
0101132222
1011322220
0113222202
1132222022
1322220223
3222202231
2222022313
2220223130
2202231301
2022313011
0223130113
2231301130
2313011303
3130113032
1301130323
3011303232
0113032320
1130323200
1303232003
3032320033
0323200333
3232003330
2320033301
3200333013
2003330133
0033301330
0333013300
3330133000
3301330003
3013300033
0133000333
1330003330
3300033301
3000333013
0003330133
0033301330
0333013300
3330133000
3301330001
3013300011
0133000111
1330001113
3300011130
3000111301
0001113011
0011130110
0111301100
1113011001
1130110013
1301100132
3011001320
0110013200
1100132001
1001320010
0013200100
0132001002
1320010020
3200100203
2001002032
0010020321
0100203213
1002032130
0020321302
0203213020
2032130203
0321302033
3213020331
2130203310
1302033103
3020331033
0203310330
2033103303
0331033030
3310330303
3103303030
1033030303
0330303033
3303030332
3030303323
0303033233
3030332331
0303323313
3033233133
0332331332
3323313322
3233133220
2331332202
3313322020
3133220202
1332202020
3322020201
3220202010
2202020102
2020201020
0202010202
2020102023
0201020230
2010202302
0102023020
1020230200
0202302003
2023020030
0230200301
2302003013
3020030133
0200301332
2003013322
0030133221
0301332213
3013322132
0133221322
1332213223
3322132231
3221322313
2213223132
2132231321
1322313210
3223132101
2231321013
2313210132
3132101322
1321013222
3210132221
2101322210
1013222103
0132221032
1322210322
3222103223
2221032232
2210322323
2103223230
1032232302
0322323022
3223230223
2232302232
2323022321
3230223211
2302232113
3022321130
0223211303
2232113030
2321130300
3211303003
2113030031
1130300310
1303003101
3030031010
0300310100
3003101001
0031010010
0310100101
3101001013
1010010133
0100101332
1001013322
0010133221
0101332212
1013322122
0133221222
1332212220
3322122200
3221222002
2212220020
2122200202
1222002020
2220020201
2200202010
2002020102
0020201022
0202010223
2020102230
0201022303
2010223031
0102230310
1022303103
0223031032
2230310320
2303103202
3031032023
0310320233
3103202331
1032023310
0320233100
3202331002
2023310022
0233100221
2331002213
3310022130
3100221302
1002213021
0022130211
0221302113
2213021132
2130211322
1302113222
3021132221
0211322213
2113222130
1132221301
1322213013
3222130132
2221301320
2213013202
2130132023
1301320230
3013202300
0132023000
1320230003
3202300030
2023000301
0230003011
2300030113
3000301133
0003011332
0030113323
0301133232
3011332322
0113323223
1133232233
1332322331
3323223313
3232233130
2322331300
3223313003
2233130033
2331300333
3313003332
3130033323
1300333233
3003332333
0033323331
0333233313
3332333133
3323331330
3233313303
2333133030
3331330300
3313303003
3133030030
1330300300
3303003000
3030030000
0300300003
3003000031
0030000313
0300003131
3000031310
0000313103
0003131032
0031310323
0313103233
3131032331
1310323310
3103233100
1032331002
0323310023
3233100231
2331002311
3310023113
3100231133
1002311331
0023113310
0231133100
2311331002
3113310020
1133100200
1331002002
3310020020
3100200200
1002002002
0020020022
0200200221
2002002213
0020022133
0200221332
2002213320
0022133202
0221332020
2213320203
2133202031
1332020313
3320203132
3202031323
2020313232
0203132320
2031323203
0313232033
3132320333
1323203332
3232033320
2320333201
3203332013
2033320133
0333201330
3332013300
3320133000
3201330000
2013300003
0133000031
1330000310
3300003102
3000031021
0000310210
0003102101
0031021013
0310210131
3102101310
1021013100
0210131002
2101310022
1013100221
0131002213
1310022131
3100221311
1002213110
0022131102
0221311022
2213110223
2131102233
1311022331
3110223311
1102233110
1022331103
0223311030
2233110301
2331103011
3311030111
3110301110
1103011101
1030111010
0301110101
3011101011
0111010110
1110101100
1101011000
1010110001
0101100011
1011000111
0110001110
1100011103
1000111030
0001110301
0011103013
0111030133
1110301331
1103013311
1030133111
0301331113
3013311131
0133111313
1331113130
3311131301
3111313011
1113130110
1131301101
1313011011
3130110110
1301101103
3011011033
0110110331
1101103311
1011033111
0110331111
1103311111
1033111110
0331111101
3311111011
3111110111
1111101113
1111011131
1110111311
1101113111
1011131113
0111311132
1113111321
1131113213
1311132130
3111321300
1113213002
1132130020
1321300200
3213002001
2130020011
1300200110
3002001102
0020011020
0200110200
2001102000
0011020002
0110200021
1102000211
1020002111
0200021113
2000211133
0002111332
0021113322
0211133222
2111332221
1113322210
1133222100
1332221002
3322210023
3222100231
2221002313
2210023133
2100231332
1002313322
0023133222
0231332223
2313322232
3133222323
1332223231
3322232310
3222323102
2223231023
2232310232
2323102322
3231023220
2310232201
3102322010
1023220101
0232201013
2322010132
3220101320
2201013202
2010132022
0101320220
1013202200
0132022002
1320220023
3202200233
2022002333
0220023330
2200233302
2002333020
0023330202
0233302022
2333020221
3330202210
3302022102
3020221020
0202210203
2022102030
0221020300
2210203003
2102030030
1020300303
0203003030
2030030303
0300303031
3003030311
0030303110
0303031100
3030311003
0303110030
3031100303
0311003032
3110030320
1100303200
1003032003
0030320030
0303200303
3032003032
0320030320
3200303200
2003032002
0030320023
0303200233
3032002333
0320023333
3200233333
2002333331
0023333310
0233333100
2333331002
3333310023
3333100230
3331002301
3310023011
3100230110
1002301102
0023011023
0230110232
2301102323
3011023231
0110232311
1102323110
1023231102
0232311022
2323110220
3231102202
2311022020
3110220202
1102202021
1022020211
0220202113
2202021133
2020211331
0202113313
2021133130
0211331300
2113313003
1133130031
1331300311
3313003111
3130031111
1300311111
3003111113
0031111133
0311111330
3111113300
1111133001
1111330013
1113300132
1133001320
1330013203
3300132032
3001320320
0013203200
0132032001
1320320010
3203200100
2032001000
0320010002
3200100023
2001000232
0010002323
0100023233
1000232333
0002323332
0023233321
0232333213
2323332130
3233321303
2333213030
3332130302
3321303021
3213030213
2130302131
1303021313
3030213132
0302131321
3021313213
0213132130
2131321300
1313213002
3132130022
1321300220
3213002200
2130022001
1300220011
3002200111
0022001110
0220011103
2200111033
2001110331
0011103311
0111033113
1110331131
1103311313
1033113133
0331131330
3311313300
3113133000
1131330000
1313300003
3133000030
1330000301
3300003010
3000030100
0000301002
0003010020
0030100203
0301002031
3010020313
0100203131
1002031313
0020313132
0203131323
2031313233
0313132330
3131323303
1313233032
3132330320
1323303200
3233032003
2330320030
3303200303
3032003033
0320030333
3200303331
2003033310
0030333103
0303331032
3033310323
0333103231
3331032313
3310323132
3103231323
1032313230
0323132300
3231323000
2313230003
3132300032
1323000320
3230003203
2300032032
3000320322
0003203220
0032032203
0320322031
3203220311
2032203111
0322031110
3220311101
2203111011
2031110110
0311101102
3111011022
1110110220
1101102200
1011022000
0110220002
1102200022
1022000220
0220002200
2200022001
2000220013
0002200132
0022001323
0220013233
2200132332
2001323321
0013233213
0132332133
1323321333
3233213331
2332133313
3321333133
3213331333
2133313332
1333133320
3331333200
3313332002
3133320023
1333200230
3332002300
3320023003
3200230033
2002300333
0023003331
0230033313
2300333133
3003331331
0033313311
0333133113
3331331133
3313311333
3133113333
1331133333
3311333332
3113333323
1133333233
1333332331
3333323311
3333233111
3332331113
3323311130
3233111303
2331113033
3311130332
3111303321
1113033213
1130332132
1303321320
3033213200
0332132001
3321320011
3213200110
2132001103
1320011030
3200110301
2001103013
0011030132
0110301321
1103013213
1030132133
0301321331
3013213310
0132133103
1321331030
3213310300
2133103000
1331030003
3310300030
3103000300
1030003003
0300030033
3000300333
0003003333
0030033332
0300333323
3003333233
0033332333
0333323332
3333233321
3332333213
3323332132
3233321320
2333213200
3332132002
3321320022
3213200220
2132002200
1320022002
3200220020
2002200202
0022002020
0220020200
2200202001
2002020012
0020200123
0202001230
2020012303
0200123033
2001230333
0012303333
0123033333
1230333331
2303333310
3033333103
0333331030
3333310300
3333103000
3331030001
3310300013
3103000131
1030001310
0300013103
3000131033
0001310330
0013103303
0131033031
1310330313
3103303133
1033031332
0330313322
3303133220
3031332201
0313322013
3133220132
1332201323
3322013233
3220132333
2201323330
2013233303
0132333030
1323330302
3233303021
2333030213
3330302132
3303021323
3030213233
0302132332
3021323322
0213233220
2132332202
1323322022
3233220222
2332202220
3322022201
3220222013
2202220130
2022201302
0222013022
2220130223
2201302231
2013022313
0130223133
1302231331
3022313311
0223133111
2231331113
2313311132
3133111322
1331113221
3311132211
3111322111
1113221111
1132211111
1322111111
3221111110
2211111102
2111111023
1111110232
1111102323
1111023232
1110232321
1102323210
1023232100
0232321002
2323210022
3232100222
2321002221
3210022210
2100222102
1002221022
0022210222
0222102222
2221022220
2210222202
2102222020
1022220201
0222202011
2222020113
2220201132
2202011320
2020113203
0201132033
2011320332
0113203323
1132033230
1320332301
3203323010
2033230100
0332301000
3323010002
3230100023
2301000230
3010002303
0100023032
1000230323
0002303233
0023032333
0230323333
2303233330
3032333303
0323333030
3233330300
2333303000
3333030003
3330300032
3303000323
3030003233
0300032332
3000323323
0003233232
0032332321
0323323213
3233232132
2332321323
3323213233
3232132330
2321323300
3213233003
2132330030
1323300301
3233003013
2330030132
3300301321
3003013210
0030132100
0301321000
3013210003
0132100030
1321000300
3210003000
2100030001
1000300013
0003000132
0030001320
0300013200
3000132003
0001320030
0013200302
0132003021
1320030210
3200302100
2003021000
0030210001
0302100010
