2212021320
2120213202
1202132020
2021320202
0213202021
2132020212
1320202121
3202021212
2020212121
0202121213
2021212133
0212121332
2121213321
1212133213
2121332131
1213321311
2133213111
1332131110
3321311100
3213111003
2131110031
1311100310
3111003101
1110031010
1100310102
1003101020
0031010200
0310102002
3101020022
1010200220
0102002202
1020022022
0200220220
2002202202
0022022022
0220220220
2202202202
2022022022
0220220220
2202202202
2022022022
0220220220
2202202202
2022022022
0220220220
2202202202
2022022022
0220220222
2202202221
2022022213
0220222132
2202221321
2022213211
0222132113
2221321133
2213211332
2132113320
1321133202
3211332022
2113320220
1133202200
1332022002
3320220023
3202200230
2022002301
0220023010
2200230100
2002301002
0023010020
0230100200
2301002003
3010020032
0100200320
1002003200
0020032002
0200320023
2003200233
0032002332
0320023323
3200233232
2002332322
0023323220
0233232202
2332322021
3323220213
3232202132
2322021320
3220213202
2202132020
2021320203
0213202033
2132020331
1320203311
3202033111
2020331111
0203311113
2033111131
0331111311
3311113112
3111131123
1111311231
1113112312
1131123123
1311231232
3112312321
1123123211
1231232111
2312321110
3123211101
1232111012
2321110122
3211101220
2111012202
1110122021
1101220211
1012202112
0122021120
1220211202
2202112020
2021120201
0211202012
2112020120
1120201202
1202012021
2020120211
0201202111
2012021111
0120211113
1202111132
2021111320
0211113202
2111132022
1111320221
1113202211
1132022112
1320221121
3202211211
2022112112
0221121120
2211211201
2112112011
1121120112
1211201121
2112011213
1120112131
1201121313
2011213130
0112131302
1121313021
1213130212
2131302121
1313021211
3130212111
1302121112
3021211122
0212111223
2121112232
1211122321
2111223211
1112232111
1122321113
1223211133
2232111333
2321113331
3211133311
2111333112
1113331122
1133311221
1333112210
3331122101
3311221013
3112210130
1122101302
1221013021
2210130210
2101302101
1013021011
0130210111
1302101112
3021011122
0210111221
2101112211
1011122111
0111221111
1112211111
1122111113
1221111131
2211111311
2111113111
1111131111
1111311113
1113111131
1131111312
1311113121
3111131211
1111312111
1113121112
1131211121
1312111211
3121112111
1211121112
2111211122
1112111221
1121112212
1211122121
2111221211
1112212111
1122121113
1221211131
2212111311
2121113111
1211131111
2111311112
1113111121
1131111211
1311112111
3111121112
1111211122
1112111223
1121112231
1211122311
2111223110
1112231102
1122311021
1223110211
2231102112
2311021122
3110211220
1102112202
1021122021
0211220211
2112202110
1122021103
1220211032
2202110322
2021103222
0211032222
2110322221
1103222211
1032222112
0322221122
3222211220
2222112202
2221122021
2211220212
2112202122
1122021221
1220212210
2202122102
2021221023
0212210232
2122102320
1221023202
2210232021
2102320210
1023202101
0232021011
2320210110
3202101103
2021011032
0210110322
2101103220
1011032202
0110322021
1103220213
1032202132
0322021322
3220213221
2202132212
2021322122
0213221221
2132212211
1322122113
3221221132
2212211322
2122113223
1221132232
2211322321
2113223211
1132232112
1322321121
3223211213
2232112132
2321121322
3211213222
2112132222
1121322222
1213222221
2132222213
1322222131
3222221311
2222213113
2222131131
2221311311
2213113113
2131131131
1311311312
3113113121
1131131211
1311312111
3113121113
1131211131
1312111311
3121113113
1211131132
2111311321
1113113211
1131132111
1311321111
3113211111
1132111111
1321111112
3211111122
2111111220
1111112202
1111122021
1111220211
1112202112
1122021121
1220211212
2202112122
2021121222
0211212221
2112122210
1121222101
1212221011
2122210111
1222101110
2221011100
2210111002
2101110023
1011100232
0111002323
1110023232
1100232321
1002323210
0023232101
0232321011
2323210112
3232101122
2321011221
3210112210
2101122101
1011221010
0112210102
1122101020
1221010201
2210102010
2101020103
1010201032
0102010320
1020103200
0201032002
2010320021
0103200213
1032002132
0320021321
3200213212
2002132122
0021321221
0213212213
2132122132
1321221321
3212213211
2122132112
1221321122
2213211221
2132112211
1321122110
3211221102
2112211023
1122110231
1221102311
2211023111
2110231112
1102311120
1023111202
0231112020
2311120201
3111202011
1112020111
1120201110
1202011101
2020111011
0201110113
2011101132
0111011322
1110113220
1101132201
1011322010
0113220103
1132201032
1322010321
3220103213
2201032132
2010321321
0103213212
1032132121
0321321211
3213212110
2132121101
1321211011
3212110113
2121101131
1211011313
2110113130
1101131301
1011313011
0113130110
1131301100
1313011002
3130110022
1301100221
3011002213
0110022132
1100221323
1002213231
0022132310
0221323102
2213231022
2132310223
1323102232
3231022322
2310223223
3102232232
1022322321
0223223210
2232232102
2322321022
3223210222
2232102223
2321022230
3210222300
2102223001
1022230011
0222300113
2223001132
2230011322
2300113220
3001132202
0011322021
0113220213
1132202131
1322021310
3220213101
2202131011
2021310113
0213101130
2131011303
1310113031
3101130313
1011303132
0113031321
1130313211
1303132113
3031321132
0313211321
3132113213
1321132132
3211321320
2113213203
1132132032
1321320321
3213203211
2132032110
1320321102
3203211021
2032110211
0321102113
3211021131
2110211313
1102113131
1021131311
0211313113
2113131133
1131311331
1313113311
3131133113
1311331132
3113311321
1133113210
1331132102
3311321022
3113210220
1132102200
1321022000
3210220003
2102200031
1022000311
0220003110
2200031102
2000311022
0003110220
0031102202
0311022022
3110220223
1102202232
1022022321
0220223210
2202232102
2022321022
0223210222
2232102221
2321022213
3210222130
2102221303
1022213032
0222130323
2221303232
2213032321
2130323213
1303232131
3032321310
0323213103
3232131031
2321310312
3213103121
2131031213
1310312131
3103121310
1031213101
0312131010
3121310100
1213101003
2131010031
1310100312
3101003120
1010031202
0100312023
1003120232
0031202320
0312023202
3120232023
1202320231
2023202310
0232023102
2320231022
3202310223
2023102231
0231022311
2310223111
3102231110
1022311101
0223111013
2231110132
2311101321
3111013210
1110132102
1101321020
1013210202
0132102020
1321020201
3210202013
2102020132
1020201321
0202013212
2020132120
0201321200
2013212003
0132120031
1321200312
3212003123
2120031232
1200312321
2003123212
0031232120
0312321202
3123212022
1232120221
2321202210
3212022101
2120221011
1202210111
2022101110
0221011102
2210111021
2101110213
1011102133
0111021333
1110213333
1102133333
1021333332
0213333320
2133333202
1333332022
3333320220
3333202200
3332022001
3320220010
3202200101
2022001013
0220010130
2200101301
2001013012
0010130121
0101301211
1013012111
0130121113
1301211132
3012111322
0121113221
1211132211
2111322112
1113221123
1132211232
1322112321
3221123213
2211232132
2112321322
1123213220
1232132201
2321322010
3213220100
2132201003
1322010032
3220100322
2201003220
2010032202
0100322020
1003220201
0032202013
0322020133
3220201333
2202013331
2020133313
0201333132
2013331322
0133313220
1333132200
3331322000
3313220002
3132200023
1322000232
3220002321
2200023213
2000232132
0002321321
0023213211
0232132111
2321321111
3213211113
2132111132
1321111321
3211113213
2111132132
1111321321
1113213210
1132132102
1321321022
3213210221
2132102210
1321022101
3210221010
2102210102
1022101021
0221010211
2210102111
2101021111
1010211110
0102111102
1021111022
0211110220
2111102202
1111022022
1110220222
1102202221
1022022213
0220222132
2202221321
2022213210
0222132102
2221321022
2213210220
2132102202
1321022021
3210220213
2102202132
1022021321
0220213210
2202132102
2021321021
0213210213
2132102132
1321021321
3210213212
2102132120
1021321200
0213212002
2132120021
1321200211
3212002113
2120021131
1200211310
2002113101
0021131010
0211310102
2113101020
1131010202
1310102020
3101020203
1010202031
0102020311
1020203113
0202031131
2020311310
0203113100
2031131002
0311310022
3113100222
1131002220
1310022202
3100222022
1002220222
0022202222
0222022223
2220222231
2202222313
2022223133
0222231332
2222313320
2223133203
2231332031
2313320311
3133203110
1332031102
3320311021
3203110212
2031102122
0311021220
3110212200
1102122001
1021220011
0212200111
2122001111
1220011111
2200111110
2001111102
0011111021
0111110213
1111102131
1111021313
1110213132
1102131321
1021313211
0213132110
2131321101
1313211011
3132110110
1321101102
3211011022
2110110220
1101102201
1011022010
0110220101
1102201012
1022010120
0220101203
2201012033
2010120333
0101203333
1012033332
0120333323
1203333232
2033332322
0333323222
3333232220
3332322202
3323222022
3232220220
2322202203
3222022030
2220220303
2202203031
2022030313
0220303133
2203031331
2030313311
0303133110
3031331101
0313311010
3133110100
1331101002
3311010020
3110100200
1101002001
1010020010
0100200100
1002001001
0020010011
0200100110
2001001102
0010011021
0100110213
1001102132
0011021321
0110213211
1102132111
1021321111
0213211113
2132111131
1321111310
3211113100
2111131002
1111310021
1113100210
1131002102
1310021020
3100210203
1002102030
0021020302
0210203020
2102030201
1020302010
0203020101
2030201011
0302010110
3020101100
0201011001
2010110011
0101100112
1011001121
0110011213
1100112131
1001121310
0011213101
0112131012
1121310122
1213101222
2131012221
1310122211
3101222113
1012221132
0122211321
1222113212
2221132121
2211321210
2113212101
1132121011
1321210111
3212101113
2121011132
1210111323
2101113233
1011132331
0111323313
1113233131
1132331311
1323313110
3233131102
2331311021
3313110213
3131102133
1311021332
3110213323
1102133230
1021332300
0213323000
2133230002
1332300021
3323000213
3230002131
2300021311
3000213111
0002131110
0021311100
0213111001
2131110013
1311100132
3111001321
1110013213
1100132132
1001321322
0013213222
0132132222
1321322220
3213222202
2132222020
1322220200
3222202000
2222020002
2220200023
2202000233
2020002331
0200023313
2000233131
0002331310
0023313102
0233131022
2331310220
3313102201
3131022013
1310220132
3102201323
1022013231
0220132310
2201323102
2013231020
0132310202
1323102021
3231020213
2310202133
3102021332
1020213320
0202133201
2021332012
0213320121
2133201212
1332012122
3320121220
3201212201
2012122011
0121220112
1212201123
2122011231
1220112313
2201123132
2011231323
0112313232
1123132321
1231323211
2313232110
3132321102
1323211023
3232110232
2321102322
3211023221
2110232213
1102322132
1023221323
0232213232
2322132321
3221323211
2213232111
2132321112
1323211121
3232111213
2321112132
3211121323
2111213230
1112132300
1121323002
1213230022
2132300222
1323002221
3230022211
2300222111
3002221110
0022211101
0222111010
2221110102
2211101021
2111010211
1110102111
1101021110
1010211101
0102111011
1021110112
0211101120
2111011201
1110112013
1101120132
1011201321
0112013213
1120132132
1201321321
2013213211
0132132110
1321321103
3213211032
2132110320
1321103202
3211032021
2110320210
1103202102
1032021023
0320210232
3202102321
2021023212
0210232121
2102321213
1023212132
0232121321
2321213213
3212132132
2121321322
1213213221
2132132213
1321322132
3213221323
2132213230
1322132301
3221323013
2213230132
2132301322
1323013221
3230132211
2301322111
3013221111
0132211110
1322111100
3221111002
2211110021
2111100210
1111002101
1110021013
1100210131
1002101313
0021013132
0210131320
2101313201
1013132013
0131320132
1313201321
3132013211
1320132113
3201321132
2013211322
0132113221
1321132211
3211322113
2113221132
1132211321
1322113211
3221132113
2211321131
2113211311
1132113110
1321131101
3211311013
2113110133
1131101331
1311013310
3110133100
1101331001
1013310011
0133100110
1331001101
3310011010
3100110102
1001101021
0011010212
0110102122
1101021221
1010212210
0102122103
1021221031
0212210313
2122103132
1221031321
2210313212
2103132120
1031321202
0313212021
3132120213
1321202132
3212021321
2120213210
1202132101
2021321013
0213210132
2132101321
1321013211
3210132111
2101321110
1013211102
0132111021
1321110213
3211102131
2111021313
1110213132
1102131322
1021313223
0213132231
2131322310
1313223101
3132231011
1322310113
3223101130
2231011301
2310113010
3101130100
1011301001
0113010010
1130100101
1301001010
3010010102
0100101020
1001010201
0010102010
0101020101
1010201011
0102010113
1020101133
0201011331
2010113312
0101133120
1011331202
0113312023
1133120231
1331202311
3312023110
3120231103
1202311032
2023110321
0231103211
2311032111
3110321110
1103211100
1032111001
0321110011
3211100111
2111001111
1110011112
1100111120
1001111202
0011112022
0111120222
1111202222
1112022221
1120222212
1202222123
2022221233
0222212330
2222123303
2221233030
2212330301
2123303011
1233030113
2330301133
3303011331
3030113312
0301133122
3011331223
0113312232
1133122321
1331223211
3312232110
3122321102
1223211021
2232110213
2321102132
3211021323
2110213232
1102132323
1021323232
0213232320
2132323201
1323232012
3232320122
2323201221
3232012211
2320122113
3201221132
2012211323
0122113231
1221132311
2211323113
2113231133
1132311330
1323113301
3231133010
2311330100
3113301001
1133010013
1330100130
3301001301
3010013011
0100130113
1001301132
0013011323
0130113231
1301132313
3011323130
0113231301
1132313012
1323130122
3231301220
2313012203
3130122032
1301220323
3012203232
0122032322
1220323222
2203232220
2032322203
0323222031
3232220311
2322203113
3222031132
2220311321
2203113210
2031132101
0311321011
3113210111
1132101113
1321011132
3210111322
2101113223
1011132233
0111322333
1113223332
1132233323
1322333231
3223332311
2233323111
2333231111
3332311113
3323111132
3231111320
2311113200
3111132001
1111320010
1113200100
1132001001
1320010011
3200100110
2001001100
0010011002
0100110020
1001100202
0011002022
0110020223
1100202232
1002022320
0020223201
0202232010
2022320102
0223201021
2232010213
2320102132
3201021320
2010213202
0102132022
1021320220
0213202203
2132022032
1320220322
3202203220
2022032200
0220322001
2203220011
2032200111
0322001110
3220011102
2200111020
2001110202
0011102022
0111020223
1110202232
1102022323
1020223232
0202232320
2022323202
0223232020
2232320200
2323202000
3232020003
2320200032
3202000321
2020003210
0200032102
2000321021
0003210210
0032102100
0321021002
3210210021
2102100211
1021002111
0210021113
2100211132
1002111323
0021113232
0211132321
2111323211
1113232111
1132321111
1323211110
3232111102
2321111023
3211110232
2111102323
1111023232
1110232321
1102323213
1023232130
0232321303
2323213032
3232130322
2321303223
3213032231
2130322313
1303223132
3032231322
0322313222
3223132221
2231322210
2313222103
3132221032
1322210322
3222103220
2221032200
2210322001
2103220010
1032200101
0322001011
3220010113
2200101132
2001011321
0010113212
0101132122
1011321222
0113212220
1132122202
1321222022
3212220223
2122202232
1222022320
2220223202
2202232022
2022320222
0223202221
2232022212
2320222122
3202221223
2022212231
0222122310
2221223101
2212231011
2122310110
1223101102
2231011023
2310110232
3101102321
1011023211
0110232110
1102321100
1023211001
0232110010
2321100103
3211001031
2110010311
1100103110
1001031102
0010311022
0103110220
1031102202
0311022023
3110220233
1102202333
1022023332
0220233321
2202333211
2023332112
0233321122
2333211221
3332112213
3321122132
3211221321
2112213210
1122132100
1221321002
2213210020
2132100200
1321002002
3210020020
2100200203
1002002033
0020020333
0200203333
2002033333
0020333332
0203333322
2033333222
0333332220
3333322202
3333222021
3332220211
3322202113
3222021132
2220211322
2202113221
2021132212
0211322123
2113221233
1132212333
1322123331
3221233313
2212333132
2123331321
1233313211
2333132110
3331321102
3313211020
3132110202
1321102020
3211020202
2110202021
1102020213
1020202133
0202021333
2020213332
0202133321
2021333210
0213332102
2133321022
1333210222
3332102222
3321022220
3210222201
2102222011
1022220111
0222201110
2222011102
2220111020
2201110201
2011102013
0111020131
1110201313
1102013130
1020131300
0201313001
2013130010
0131300103
1313001031
3130010312
1300103121
3001031211
0010312111
0103121111
1031211112
0312111121
3121111213
1211112132
2111121321
1111213210
1112132102
1121321022
1213210221
2132102213
1321022132
3210221320
2102213202
1022132021
0221320210
2213202102
2132021021
1320210213
3202102131
2021021310
0210213100
2102131000
1021310002
0213100023
2131000232
1310002323
3100023233
1000232333
0002323332
0023233320
0232333202
2323332023
3233320231
2333202313
3332023131
3320231313
3202313132
2023131322
0231313220
2313132202
3131322022
1313220220
3132202202
1322022020
3220220203
2202202031
2022020310
0220203101
2202031010
2020310102
0203101022
2031010223
0310102233
3101022330
1010223301
0102233011
1022330113
0223301132
2233011323
2330113230
3301132301
3011323010
0113230103
1132301031
1323010313
3230103131
2301031310
3010313102
0103131021
1031310212
0313102123
3131021232
1310212322
3102123221
1021232211
0212322110
2123221102
1232211020
2322110201
3221102010
2211020102
2110201021
1102010211
1020102113
0201021132
2010211321
0102113211
1021132113
0211321132
2113211320
1132113201
1321132011
3211320113
2113201131
1132011310
1320113102
3201131021
2011310212
0113102123
1131021231
1310212313
3102123133
1021231331
0212313311
2123133110
1231331102
2313311020
3133110200
1331102001
3311020011
3110200113
1102001132
1020011321
0200113212
2001132120
0011321202
0113212023
1132120230
1321202300
3212023003
2120230031
1202300311
2023003112
0230031122
2300311222
3003112222
0031122220
0311222201
3112222012
1122220120
1222201202
2222012023
2220120233
2201202331
2012023313
0120233132
1202331321
2023313210
0233132103
2331321032
3313210320
3132103203
1321032032
3210320322
2103203223
1032032232
0320322321
3203223211
2032232113
0322321130
3223211301
2232113013
2321130131
3211301312
2113013121
1130131213
1301312132
3013121320
0131213201
1312132011
3121320111
1213201113
2132011132
1320111321
3201113210
2011132100
0111321002
1113210022
1132100222
1321002221
3210022213
2100222132
1002221322
0022213222
0222132221
2221322210
2213222103
2132221031
1322210310
3222103102
2221031021
2210310213
2103102132
1031021322
0310213221
3102132213
1021322132
0213221322
2132213222
1322132222
3221322221
2213222213
2132222132
1322221321
3222213212
2222132121
2221321213
2213212131
2132121312
1321213121
3212131213
2121312132
1213121321
2131213212
1312132122
3121321222
1213212220
2132122200
1321222001
3212220013
2122200132
1222001322
2220013222
2200132221
2001322210
0013222102
0132221021
1322210212
3222102122
2221021222
2210212221
2102122213
1021222132
0212221322
2122213221
1222132211
2221322111
2213221113
2132211131
1322111310
3221113103
2211131033
2111310331
1113103310
1131033101
1310331011
3103310112
1033101121
0331011210
3310112100
3101121001
1011210012
0112100121
1121001211
1210012111
2100121112
1001211121
0012111211
0121112113
1211121131
2111211313
1112113132
1121131321
1211313213
2113132133
1131321331
1313213312
3132133123
1321331230
3213312301
2133123010
1331230101
3312301010
3123010101
1230101012
2301010122
3010101223
0101012232
1010122321
0101223211
1012232111
0122321113
1223211132
2232111322
2321113222
3211132220
2111322201
1113222011
1132220110
1322201102
3222011021
2220110213
2201102131
2011021313
0110213133
1102131331
1021313311
0213133110
2131331102
1313311020
3133110200
1331102001
3311020011
3110200111
1102001111
1020011111
0200111110
2001111101
0011111011
0111110110
1111101102
1111011022
1110110221
1101102213
1011022131
0110221313
1102213132
1022131321
0221313213
2213132131
2131321311
1313213110
3132131101
1321311010
3213110102
2131101021
1311010212
3110102121
1101021211
1010212110
0102121100
1021211001
0212110010
2121100102
1211001022
2110010221
1100102211
1001022110
0010221102
0102211020
1022110202
0221102022
2211020220
2110202203
1102022032
1020220320
0202203202
2022032023
0220320232
2203202321
2032023212
0320232123
3202321232
2023212322
0232123222
2321232221
3212322212
2123222120
1232221202
2322212022
3222120222
2221202221
2212022211
2120222113
1202221132
2022211322
0222113221
2221132211
2211322113
2113221132
1132211321
1322113213
3221132130
2211321301
2113213011
1132130111
1321301110
3213011101
2130111013
1301110132
3011101323
0111013232
1110132321
1101323212
1013232121
0132321211
1323212111
3232121110
2321211100
3212111002
2121110022
1211100222
2111002221
1110022210
1100222101
1002221013
0022210132
0222101321
2221013213
2210132132
2101321322
1013213222
0132132222
1321322223
3213222231
2132222311
1322223111
3222231112
2222311122
2223111222
2231112221
2311122211
3111222111
1112221110
1122211101
1222111011
2221110111
2211101110
2111011102
1110111023
1101110232
1011102321
0111023212
1110232123
1102321231
1023212310
0232123100
2321231001
3212310013
2123100132
1231001321
2310013210
3100132102
1001321021
0013210211
0132102110
1321021102
3210211023
2102110233
1021102331
0211023311
2110233113
1102331133
1023311331
0233113312
2331133122
3311331222
3113312222
1133122221
1331222211
3312222110
3122221102
1222211022
2222110220
2221102200
2211022003
2110220032
1102200321
1022003212
0220032123
2200321232
2003212322
0032123220
0321232202
3212322022
2123220220
1232202200
2322022003
3220220032
2202200321
2022003211
0220032112
2200321120
2003211202
0032112023
0321120230
3211202301
2112023013
1120230132
1202301321
2023013210
0230132102
2301321022
3013210222
0132102222
1321022221
3210222213
2102222131
1022221311
0222213111
2222131111
2221311111
2213111112
2131111122
1311111222
3111112220
1111122202
1111222023
1112220230
1122202301
1222023012
2220230123
2202301232
2023012320
0230123200
2301232002
3012320022
0123200220
1232002201
2320022010
3200220102
2002201022
0022010223
0220102230
2201022301
2010223013
0102230132
1022301323
0223013231
2230132313
2301323132
3013231321
0132313211
1323132112
3231321123
2313211232
3132112321
1321123211
3211232110
2112321101
1123211011
1232110111
2321101111
3211011112
2110111120
1101111202
1011112023
0111120232
1111202323
1112023231
1120232310
1202323103
2023231031
0232310311
2323103111
3231031111
2310311110
3103111102
1031111020
0311110200
3111102003
1111020032
1110200322
1102003221
1020032213
0200322131
2003221310
0032213102
0322131023
3221310232
2213102320
2131023201
1310232011
3102320113
1023201132
0232011321
2320113213
3201132133
2011321333
0113213332
1132133322
1321333221
3213332213
2133322131
1333221312
3332213122
3322131220
3221312202
2213122022
2131220221
1312202213
3122022132
1220221320
2202213201
2022132011
0221320110
2213201100
2132011003
1320110032
3201100323
2011003232
0110032323
1100323232
1003232322
0032323221
0323232213
3232322133
2323221332
3232213323
2322133232
3221332321
2213323211
2133232111
1332321110
3323211101
3232111013
2321110130
3211101301
2111013010
1110130100
1101301002
1013010022
0130100220
1301002203
3010022031
0100220311
1002203113
0022031131
0220311311
2203113111
2031131113
0311311133
3113111331
1131113313
1311133132
3111331321
1113313212
1133132123
1331321232
3313212322
3132123221
1321232213
3212322131
2123221312
1232213121
2322131213
3221312132
2213121321
2131213211
1312132111
3121321111
1213211110
2132111102
1321111023
3211110232
2111102322
1111023223
1110232232
1102322323
1023223232
0232232320
2322323200
3223232002
2232320021
2323200211
3232002113
2320021132
3200211320
2002113201
0021132011
0211320113
2113201131
1132011313
1320113131
3201131311
2011313113
0113131133
1131311331
1313113310
3131133103
1311331032
3113310321
1133103211
1331032111
3310321110
3103211103
1032111031
0321110313
3211103132
2111031322
1110313220
1103132200
1031322002
0313220023
3132200233
1322002333
3220023331
2200233311
2002333110
0023331102
0233311020
2333110203
3331102032
3311020320
3110203202
1102032022
1020320220
0203202202
2032022022
0320220222
3202202221
2022022210
0220222103
2202221030
2022210303
0222103032
2221030321
2210303211
2103032110
1030321102
0303211021
3032110211
0321102110
3211021103
2110211032
1102110321
1021103211
0211032111
2110321111
1103211110
1032111103
0321111031
3211110310
2111103100
1111031001
1110310013
1103100132
1031001321
0310013210
3100132101
1001321011
0013210111
0132101110
1321011101
3210111013
2101110131
1011101311
0111013113
1110131132
1101311323
1013113232
0131132323
1311323232
3113232322
1132323220
1323232201
3232322013
2323220133
3232201332
2322013322
3220133220
2201332203
2013322032
0133220320
1332203201
3322032010
3220320100
2203201002
2032010022
0320100222
3201002221
2010022213
0100222132
1002221321
0022213211
0222132111
2221321111
2213211112
2132111121
1321111211
3211112112
2111121120
1111211202
1112112021
1121120210
1211202102
2112021020
1120210202
1202102020
2021020202
0210202021
2102020211
1020202110
0202021102
2020211021
0202110211
2021102111
0211021113
2110211132
1102111323
1021113232
0211132320
2111323201
1113232010
1132320103
1323201031
3232010311
2320103110
3201031103
2010311031
0103110310
1031103103
0311031033
3110310332
1103103321
1031033211
0310332112
3103321121
1033211213
0332112132
3321121323
3211213232
2112132322
1121323223
1213232232
2132322322
1323223222
3232232221
2322322212
3223222123
2232221233
2322212331
3222123313
2221233132
2212331321
2123313213
1233132132
2331321322
3313213223
3132132233
1321322332
3213223323
2132233231
1322332311
3223323113
2233231133
2332311332
3323113323
3231133232
2311332322
3113323222
1133232222
1332322221
3323222213
3232222132
2322221322
3222213223
2222132232
2221322323
2213223233
2132232331
1322323312
3223233122
2232331221
2323312210
3233122103
2331221031
3312210311
3122103113
1221031131
2210311310
2103113103
1031131033
0311310330
3113103300
1131033002
1310330021
3103300212
1033002120
0330021200
3300212002
3002120022
0021200221
0212002212
2120022122
1200221221
2002212210
0022122102
0221221020
2212210200
2122102002
1221020020
2210200203
2102002031
1020020311
0200203112
2002031122
0020311220
0203112200
2031122002
0311220023
3112200230
1122002301
1220023010
2200230101
2002301012
0023010120
0230101203
2301012032
3010120321
0101203212
1012032122
0120321220
1203212202
2032122022
0321220221
3212202213
2122022132
1220221321
2202213213
2022132132
0221321321
2213213210
2132132102
1321321022
3213210220
2132102202
1321022020
3210220201
2102202012
1022020122
0220201220
2202012202
2020122021
0201220213
2012202132
0122021322
1220213223
2202132232
2021322322
0213223220
2132232202
1322322021
3223220211
2232202113
2322021131
3220211313
2202113132
2021131320
0211313201
2113132012
1131320121
1313201211
3132012111
1320121110
3201211102
2012111021
0121110212
1211102122
2111021220
1110212202
1102122021
1021220212
0212202120
2122021203
1220212032
2202120321
2021203211
0212032111
2120321110
1203211100
2032111003
0321110031
3211100310
2111003102
1110031022
1100310221
1003102213
0031022131
0310221310
3102213102
1022131020
0221310203
2213102032
2131020321
1310203212
3102032122
1020321220
0203212203
2032122031
0321220313
3212203133
2122031330
1220313300
2203133000
2031330000
0313300002
3133000020
1330000202
3300002020
3000020201
0000202010
0002020102
0020201020
0202010202
2020102021
0201020213
2010202132
0102021320
1020213202
0202132022
2021320220
0213202200
2132022002
1320220022
3202200223
2022002232
0220022320
2200223200
2002232002
0022320022
0223200223
2232002232
2320022321
3200223213
2002232130
0022321302
0223213022
2232130220
2321302203
3213022031
2130220313
1302203132
3022031322
0220313220
2203132202
2031322021
0313220213
3132202133
1322021333
3220213333
2202133332
2021333322
0213333221
2133332210
1333322101
3333221011
3332210112
3322101123
3221011231
2210112313
2101123130
1011231301
0112313010
1123130100
1231301002
2313010022
3130100222
1301002221
3010022210
0100222103
1002221031
0022210313
0222103132
2221031322
2210313220
2103132203
1031322031
0313220311
3132203111
1322031113
3220311132
2203111320
2031113203
0311132032
3111320322
1113203222
1132032222
1320322220
3203222200
2032222000
0322220000
3222200003
2222000032
2220000323
2200003232
2000032320
0000323200
0003232000
0032320000
0323200003
3232000031
2320000311
3200003111
2000031111
0000311112
0003111123
0031111232
0311112322
3111123221
1111232211
1112322110
1123221103
1232211031
2322110310
3221103100
2211031002
2110310022
1103100223
1031002232
0310022323
3100223233
1002232332
0022323320
0223233202
2232332022
2323320222
3233202220
2332022200
3320222000
3202220000
2022200001
0222000010
2220000101
2200001010
2000010103
0000101031
0001010313
0010103131
0101031311
1010313111
0103131110
1031311100
0313111000
3131110002
1311100021
3111000211
1110002110
1100021100
1000211001
0002110010
0021100100
0211001002
2110010022
1100100220
1001002200
0010022000
0100220003
1002200031
0022000313
0220003133
2200031332
2000313322
0003133220
0031332201
0313322012
3133220120
1332201200
3322012002
3220120021
2201200210
2012002103
0120021030
1200210303
2002103032
0021030323
0210303232
2103032320
1030323203
0303232032
3032320322
0323203221
3232032213
2320322132
3203221322
2032213223
0322132232
3221322323
2213223230
2132232302
1322323022
3223230221
2232302213
2323022131
3230221311
2302213111
3022131111
0221311110
2213111103
2131111030
1311110303
3111103032
1111030323
1110303232
1103032323
1030323231
0303232311
3032323111
0323231112
3232311121
2323111211
3231112113
2311121131
3111211311
1112113113
1121131132
1211311322
2113113222
1131132221
1311322210
3113222103
1132221031
1322210313
3222103132
2221031321
2210313211
2103132113
1031321132
0313211320
3132113201
1321132010
3211320103
2113201031
1132010311
1320103110
3201031101
2010311010
0103110102
1031101023
0311010232
3110102321
1101023210
1010232102
0102321021
1023210213
0232102132
2321021322
3210213223
2102132232
1021322320
0213223201
2132232010
1322320101
3223201010
2232010102
2320101021
3201010213
2010102132
0101021320
1010213203
0102132032
1021320321
0213203211
2132032111
1320321113
3203211130
2032111303
0321113032
3211130322
2111303221
1113032213
1130322132
1303221321
3032213211
0322132113
3221321131
2213211311
2132113113
1321131130
3211311302
2113113020
1131130201
1311302011
3113020110
1130201101
1302011012
3020110123
0201101233
2011012331
0110123312
1101233120
1012331202
0123312020
1233120200
2331202001
3312020010
3120200101
1202001011
2020010112
0200101123
2001011232
0010112322
0101123222
1011232221
0112322212
1123222121
1232221211
2322212113
3222121132
2221211322
2212113222
2121132221
1211322213
2113222131
1132221313
1322213131
3222131310
2221313102
2213131022
2131310220
1313102201
3131022011
1310220113
3102201132
1022011321
0220113213
2201132132
2011321320
0113213200
1132132001
1321320013
3213200132
2132001322
1320013223
3200132232
2001322323
0013223232
0132232323
1322323232
3223232321
2232323210
2323232102
3232321020
2323210203
3232102033
2321020332
3210203321
2102033211
1020332110
0203321100
2033211002
0332110022
3321100222
3211002222
2110022220
1100222203
1002222032
0022220320
0222203202
2222032021
2220320213
2203202130
2032021301
0320213013
3202130133
2021301332
0213013322
2130133220
1301332202
3013322022
0133220220
1332202203
3322022032
3220220323
2202203232
2022032321
0220323212
2203232122
2032321221
0323212213
3232122131
2321221312
3212213123
2122131232
1221312321
2213123210
2131232101
1312321010
3123210102
1232101022
2321010222
3210102220
2101022201
1010222011
0102220113
1022201132
0222011322
2220113221
2201132211
2011322112
0113221121
1132211211
1322112111
3221121112
2211211122
2112111220
1121112200
1211122001
2111220012
1112200123
1122001232
1220012321
2200123213
2001232132
0012321322
0123213223
1232132231
2321322310
3213223100
2132231002
1322310020
3223100202
2231002023
2310020231
3100202311
1002023111
0020231110
0202311100
2023111001
0231110011
2311100110
3111001103
1110011032
1100110323
1001103232
0011032320
0110323200
1103232002
1032320020
0323200203
3232002033
2320020330
3200203301
2002033010
0020330102
0203301020
2033010201
0330102013
3301020133
3010201331
0102013312
1020133122
0201331222
2013312221
0133122213
1331222132
3312221322
3122213221
1222132213
2221322131
2213221312
2132213122
1322131221
3221312213
2213122132
2131221321
1312213213
3122132130
1221321302
2213213020
2132130201
1321302010
3213020103
2130201033
1302010332
3020103320
0201033201
2010332012
0103320120
1033201202
0332012020
3320120201
3201202010
2012020102
0120201020
1202010202
2020102023
0201020230
2010202301
0102023011
1020230110
0202301101
2023011012
0230110121
2301101212
3011012122
0110121220
1101212203
1012122032
0121220322
1212203222
2122032222
1220322222
2203222221
2032222210
0322222100
3222221002
2222210022
2222100223
2221002232
2210022321
2100223211
1002232111
0022321110
0223211103
2232111031
2321110310
3211103100
2111031002
1110310023
1103100232
1031002322
0310023220
3100232203
1002322032
0023220322
0232203221
2322032210
3220322103
2203221033
2032210332
0322103322
3221033220
2210332202
2103322023
1033220231
0332202311
3322023110
3220231103
2202311033
2023110331
0231103313
2311033131
3110331311
1103313112
1033131122
0331311221
3313112212
3131122122
1311221221
3112212212
1122122122
1221221223
2212212233
2122122333
1221223330
2212233301
2122333011
1223330111
2233301110
2333011101
3330111011
3301110110
3011101102
0111011020
1110110202
1101102023
1011020232
0110202320
1102023201
1020232012
0202320123
2023201232
0232012323
2320123232
3201232322
2012323220
0123232202
1232322021
2323220213
3232202130
2322021303
3220213032
2202130322
2021303223
0213032232
2130322323
1303223232
3032232320
0322323201
3223232013
2232320132
2323201323
3232013232
2320132323
3201323232
2013232322
0132323222
1323232220
3232322202
2323222021
3232220213
2322202132
3222021320
2220213203
2202132032
2021320320
0213203201
2132032013
1320320133
3203201333
2032013333
0320133332
3201333322
2013333222
0133332222
1333322221
3333222211
3332222110
3322221100
3222211000
2222110001
2221100011
2211000113
2110001133
1100011330
1000113303
0001133032
0011330320
0113303203
1133032032
1330320322
3303203222
3032032220
0320322203
3203222031
2032220311
0322203111
3222031110
2220311102
2203111021
2031110211
0311102111
3111021112
1110211122
1102111222
1021112220
0211122202
2111222020
1112220203
1122202033
1222020331
2220203311
2202033113
2020331132
0203311320
2033113201
0331132011
3311320113
3113201132
1132011321
1320113213
3201132132
2011321322
0113213220
1132132202
1321322020
3213220200
2132202002
1322020022
3220200222
2202002220
2020022202
0200222020
2002220200
0022202001
0222020012
2220200122
2202001221
2020012213
0200122132
2001221321
0012213211
0122132111
1221321111
2213211110
2132111100
1321111001
3211110011
2111100111
1111001111
1110011111
1100111111
1001111110
0011111103
0111111031
1111110313
1111103132
1111031321
1110313210
1103132101
1031321011
0313210110
3132101103
1321011033
3210110332
2101103320
1011033203
0110332032
1103320323
1033203231
0332032313
3320323130
3203231301
2032313010
0323130103
3231301032
2313010320
3130103203
1301032031
3010320310
0103203103
1032031032
0320310322
3203103223
2031032231
0310322310
3103223100
1032231000
0322310003
3223100032
2231000323
2310003233
3100032332
1000323322
0003233220
0032332203
0323322032
3233220320
2332203203
3322032033
3220320332
2203203320
2032033201
0320332013
3203320131
2033201313
0332013132
3320131320
3201313200
2013132003
0131320032
1313200323
3132003231
1320032312
3200323122
2003231221
0032312211
0323122112
3231221120
2312211202
3122112022
1221120223
2211202233
2112022331
1120223311
1202233112
2022331122
0223311222
2233112220
2331122202
3311222023
3112220233
1122202330
1222023302
2220233023
2202330232
2023302322
0233023221
2330232213
3302322132
3023221320
0232213200
2322132003
3221320033
2213200331
2132003313
1320033131
3200331311
2003313111
0033131112
0331311121
3313111210
3131112103
1311121032
3111210322
1112103221
1121032211
1210322110
2103221102
1032211022
0322110222
3221102220
2211022201
2110222011
1102220111
1022201111
0222011111
2220111110
2201111102
2011111021
0111110212
1111102121
1111021213
1110212133
1102121333
1021213332
0212133323
2121333232
1213332322
2133323223
1333232231
3332322310
3323223103
3232231031
2322310311
3223103110
2231031102
2310311020
3103110200
1031102003
0311020032
3110200320
1102003200
1020032002
0200320020
2003200201
0032002010
0320020103
3200201032
2002010322
0020103222
0201032222
2010322221
0103222211
1032222113
0322221132
3222211321
2222113213
2221132130
2211321302
2113213021
1132130211
1321302111
3213021111
2130211111
1302111113
3021111132
0211111322
2111113220
1111132203
1111322030
1113220302
1132203021
1322030210
3220302101
2203021011
2030210113
0302101133
3021011331
0210113313
2101133130
1011331301
0113313011
1133130112
1331301121
3313011213
3130112131
1301121312
3011213121
0112131213
1121312132
1213121321
2131213213
1312132132
3121321322
1213213220
2132132202
1321322022
3213220220
2132202203
1322022032
3220220320
2202203201
2022032012
0220320120
2203201201
2032012010
0320120103
3201201032
2012010322
0120103222
1201032223
2010322232
0103222320
1032223201
0322232011
3222320113
2223201132
2232011322
2320113223
3201132232
2011322322
0113223220
1132232203
1322322032
3223220321
2232203212
2322032122
3220321220
2203212202
2032122022
0321220220
3212202202
2122022023
1220220230
2202202301
2022023011
0220230113
2202301132
2023011322
0230113223
2301132230
3011322301
0113223011
1132230111
1322301111
3223011110
2230111102
2301111021
3011110210
0111102102
1111021022
1110210222
1102102221
1021022213
0210222133
2102221331
1022213313
0222133133
2221331331
2213313313
2133133132
1331331321
3313313211
3133132111
1331321110
3313211102
3132111020
1321110201
3211102011
2111020111
1110201113
1102011132
1020111321
0201113211
2011132111
0111321111
1113211112
1132111122
1321111222
3211112223
2111122232
1111222321
1112223213
1122232132
1222321321
2223213210
2232132102
2321321022
3213210221
2132102210
1321022101
3210221012
2102210122
1022101221
0221012211
2210122111
2101221110
1012211103
0122111031
1221110312
2211103121
2111031210
1110312102
1103121022
1031210221
0312102210
3121022101
1210221011
2102210112
1022101121
0221011210
2210112102
2101121021
1011210210
0112102101
1121021010
1210210103
2102101031
1021010311
0210103110
2101031101
1010311011
0103110110
1031101102
0311011022
3110110220
1101102202
1011022023
0110220232
1102202322
1022023221
0220232212
2202322122
2023221223
0232212232
2322122322
3221223223
2212232232
2122322320
1223223202
2232232021
2322320213
3223202132
2232021320
2320213201
3202132010
2021320101
0213201013
2132010132
1320101322
3201013222
2010132222
0101322221
1013222213
0132222132
1322221322
3222213220
2222132202
2221322021
2213220211
2132202111
1322021113
3220211131
2202111313
2021113132
0211131320
2111313202
1113132022
1131320220
1313202202
3132022022
1320220220
3202202202
2022022021
0220220211
2202202113
2022021131
0220211311
2202113111
2021131110
0211311102
2113111020
1131110203
1311102031
3111020313
1110203131
1102031311
1020313112
0203131121
2031311213
0313112132
3131121322
1311213221
3112132210
1121322101
1213221011
2132210113
1322101133
3221011331
2210113311
2101133112
1011331120
0113311200
1133112002
1331120022
3311200222
3112002222
1120022221
1200222210
2002222102
0022221022
0222210221
2222102213
2221022131
2210221313
2102213132
1022131320
0221313203
2213132032
2131320323
1313203232
3132032323
1320323233
3203232333
2032323332
0323233320
3232333203
2323332032
3233320322
2333203223
3332032232
3320322320
3203223201
2032232013
0322320133
3223201332
2232013322
2320133222
3201332220
2013322200
0133222003
1332220032
3322200322
3222003222
2220032222
2200322222
2003222221
0032222212
0322222122
3222221221
2222212211
2222122110
2221221100
2212211002
2122110022
1221100222
2211002220
2110022201
1100222013
1002220132
0022201321
0222013210
2220132102
2201321021
2013210211
0132102111
1321021111
3210211113
2102111131
1021111311
0211113111
2111131111
1111311111
1113111110
1131111100
1311111001
3111110010
1111100103
1111001032
1110010320
1100103201
1001032013
0010320131
0103201313
1032013130
0320131302
3201313023
2013130231
0131302311
1313023113
3130231131
1302311313
3023113132
0231131321
2311313210
3113132102
1131321021
1313210212
3132102122
1321021223
3210212230
2102122301
1021223010
0212230102
2122301021
1223010212
2230102120
2301021202
3010212022
0102120220
1021202201
0212022011
2120220111
1202201111
2022011110
0220111101
2201111010
2011110102
0111101023
1111010230
1110102301
1101023011
1010230111
0102301111
1023011113
0230111133
2301111333
3011113331
0111133313
1111333131
1113331311
1133313111
1333131112
3331311120
3313111202
3131112022
1311120221
3111202213
1112022132
1120221320
1202213203
2022132032
0221320322
2213203221
2132032213
1320322130
3203221301
2032213012
0322130123
3221301233
2213012332
2130123321
1301233211
3012332111
0123321111
1233211111
2332111113
3321111133
3211111332
2111113320
1111133201
1111332011
1113320113
1133201132
1332011321
3320113210
3201132102
2011321021
0113210211
1132102111
1321021111
3210211111
2102111110
1021111102
0211111021
2111110211
1111102112
1111021122
1110211220
1102112200
1021122003
0211220030
2112200303
1122003032
1220030323
2200303232
2003032320
0030323200
0303232001
3032320011
0323200110
3232001102
2320011021
3200110211
2001102110
0011021102
0110211020
1102110202
1021102022
0211020223
2110202233
1102022331
1020223310
0202233101
2022331011
0223310111
2233101110
2331011101
3310111010
3101110102
1011101021
0111010211
1110102111
1101021111
1010211111
0102111111
1021111113
0211111131
2111111310
1111113101
1111131011
1111310111
1113101111
1131011113
1310111130
3101111302
1011113020
0111130202
1111302022
1113020222
1130202223
1302022231
3020222311
0202223113
2022231131
0222311313
2223113132
2231131321
2311313211
3113132112
1131321121
1313211211
3132112113
1321121131
3211211311
2112113113
1121131131
1211311312
2113113120
1131131201
1311312011
3113120113
1131201132
1312011321
3120113213
1201132132
2011321322
0113213223
1132132233
1321322331
3213223311
2132233110
1322331101
3223311013
2233110131
2331101313
3311013132
3110131322
1101313220
1013132200
0131322000
1313220002
3132200022
1322000221
3220002211
2200022111
2000221110
0002211100
0022111002
0221110020
2211100201
2111002012
1110020121
1100201213
1002012130
0020121303
0201213031
2012130311
0121303111
1213031111
2130311113
1303111132
3031111322
0311113222
3111132220
1111322200
1113222002
1132220020
1322200200
3222002003
2220020032
2200200322
2002003222
0020032222
0200322223
2003222233
0032222332
0322223323
3222233231
2222332310
2223323100
2233231000
2332310002
3323100020
3231000201
2310002012
3100020123
1000201233
0002012333
0020123333
0201233333
2012333332
0123333321
1233333211
2333332113
3333321133
3333211333
3332113332
3321133322
3211333222
2113332222
1133322221
1333222213
3332222132
3322221321
3222213211
2222132112
2221321123
2213211232
2132112322
1321123220
3211232202
2112322020
1123220200
1232202001
2322020011
3220200111
2202001113
2020011132
0200111320
2001113202
0011132023
0111320230
1113202301
1132023013
1320230133
3202301332
2023013322
0230133221
2301332210
3013322101
0133221011
1332210111
3322101111
3221011112
2210111122
2101111222
1011112222
0111122221
1111222210
1112222102
1122221022
1222210222
2222102221
2221022213
2210222132
2102221321
1022213211
0222132111
2221321111
2213211113
2132111131
1321111310
3211113102
2111131023
1111310231
1113102311
1131023111
1310231110
3102311101
1023111011
0231110111
2311101113
3111011133
1110111331
1101113313
1011133131
0111331311
1113313110
1133131102
1331311021
3313110211
3131102113
1311021133
3110211331
1102113310
1021133102
0211331021
2113310211
1133102111
1331021110
3310211102
3102111021
1021110211
0211102113
2111021133
1110211333
1102113332
1021133320
0211333201
2113332010
1133320100
1333201001
3332010011
3320100113
3201001131
2010011313
0100113130
1001131303
0011313033
0113130330
1131303303
1313033033
3130330332
1303303322
3033033222
0330332220
3303322201
3033222011
0332220110
3322201102
3222011022
2220110220
2201102201
2011022011
0110220111
1102201110
1022011103
0220111031
2201110310
2011103102
0111031020
1110310202
1103102021
1031020212
0310202122
3102021222
1020212222
0202122221
2021222210
0212222101
2122221013
1222210131
2222101311
2221013110
2210131101
2101311011
1013110111
0131101110
1311011102
3110111021
1101110210
1011102101
0111021011
1110210113
1102101133
1021011333
0210113332
2101133320
1011333200
0113332002
1133320022
1333200222
3332002220
3320022201
3200222011
2002220111
0022201111
0222011113
2220111130
2201111301
2011113012
0111130122
1111301221
1113012210
1130122102
1301221020
3012210202
0122102020
1221020200
2210202001
2102020011
1020200111
0202001113
2020011132
0200111320
2001113202
0011132023
0111320230
1113202301
1132023013
1320230133
3202301332
2023013322
0230133222
2301332223
3013322231
0133222313
1332223132
3322231322
3222313220
2223132201
2231322010
2313220103
3132201032
1322010321
3220103211
2201032110
2010321102
0103211023
1032110230
0321102303
3211023032
2110230320
1102303202
1023032021
0230320211
2303202110
3032021100
0320211000
3202110000
2021100002
0211000021
2110000211
1100002111
1000021110
0000211102
0002111022
0021110222
0211102221
2111022211
1110222110
1102221101
1022211013
0222110132
2221101320
2211013202
2110132022
1101320221
1013202211
0132022111
1320221113
3202211130
2022111301
0221113013
2211130132
2111301320
1113013200
1130132001
1301320011
3013200111
0132001113
1320011131
3200111310
2001113102
0011131022
0111310222
1113102221
1131022212
1310222123
3102221232
1022212323
0222123232
2221232322
2212323220
2123232200
1232322002
2323220022
3232200221
2322002211
3220022113
2200221132
2002211320
0022113201
0221132013
2211320133
2113201331
1132013313
1320133132
3201331322
2013313221
0133132211
1331322111
3313221110
3132211101
1322111010
3221110103
2211101031
2111010312
1110103122
1101031221
1010312210
0103122101
1031221011
0312210110
3122101102
1221011022
2210110221
2101102210
1011022102
0110221022
1102210222
1022102220
0221022202
2210222021
2102220210
1022202102
0222021022
2220210221
2202102211
2021022111
0210221113
2102211133
1022111332
0221113322
2211133220
2111332203
1113322031
1133220310
1332203103
3322031032
3220310323
2203103231
2031032311
0310323110
3103231102
1032311022
0323110222
3231102222
2311022220
3110222202
1102222021
1022220211
0222202113
2222021132
2220211321
2202113211
2021132110
0211321103
2113211032
1132110321
1321103211
3211032110
2110321102
1103211022
1032110220
0321102200
3211022003
2110220031
1102200313
1022003131
0220031311
2200313113
2003131133
0031311333
0313113331
3131133311
1311333113
3113331130
1133311301
1333113013
3331130133
3311301331
3113013310
1130133100
1301331001
3013310013
0133100131
1331001311
3310013113
3100131130
1001311302
0013113020
0131130203
1311302032
3113020322
1130203221
1302032213
3020322132
0203221320
2032213202
0322132020
3221320200
2213202003
2132020032
1320200322
3202003221
2020032211
0200322111
2003221110
0032211102
0322111021
3221110211
2211102113
2111021132
1110211320
1102113201
1021132013
0211320133
2113201331
1132013313
1320133133
3201331331
2013313311
0133133110
1331331102
3313311020
3133110203
1331102031
3311020311
3110203113
1102031133
1020311332
0203113322
2031133221
0311332210
3113322101
1133221013
1332210132
3322101320
3221013200
2210132001
2101320012
1013200120
0132001201
1320012013
3200120133
2001201330
0012013302
0120133022
1201330222
2013302220
0133022202
1330222022
3302220221
3022202213
0222022132
2220221322
2202213222
2022132221
0221322211
2213222112
2132221120
1322211202
3222112023
2221120232
2211202321
2112023210
1120232100
1202321000
2023210002
0232100020
2321000200
3210002002
2100020022
1000200221
0002002211
0020022111
0200221111
2002211110
0022111100
0221111002
2211110022
2111100222
1111002222
1110022222
1100222223
1002222232
0022222323
0222223231
2222232313
2222323130
2223231302
2232313022
2323130220
3231302200
2313022001
3130220013
1302200130
3022001301
0220013012
2200130122
2001301221
0013012210
0130122100
1301221001
3012210011
0122100111
1221001110
2210011103
2100111033
1001110331
0011103310
0111033102
1110331020
1103310202
1033102020
0331020201
3310202013
3102020132
1020201323
0202013231
2020132311
0201323111
2013231113
0132311132
1323111320
3231113202
2311132020
3111320201
1113202011
1132020111
1320201110
3202011102
2020111021
0201110213
2011102131
0111021313
1110213132
1102131323
1021313231
0213132311
2131323111
1313231113
3132311132
1323111322
3231113222
2311132220
3111322200
1113222002
1132220020
1322200200
3222002000
2220020002
2200200022
2002000220
0020002202
0200022021
2000220210
0002202102
0022021021
0220210210
2202102102
2021021021
0210210210
2102102102
1021021021
0210210210
2102102101
1021021011
0210210113
2102101130
1021011302
0210113020
2101130203
1011302031
0113020311
1130203110
1302031102
3020311023
0203110231
2031102311
0311023113
3110231133
1102311332
1023113323
0231133230
2311332301
3113323010
1133230102
1332301020
3323010201
3230102013
2301020132
3010201321
0102013213
1020132133
0201321333
2013213333
0132133333
1321333333
3213333332
2133333322
1333333223
3333332233
3333322333
3333223333
3332233332
3322333323
3223333233
2233332333
2333323333
3333233333
3332333330
3323333301
3233333013
2333330133
3333301333
3333013333
3330133332
3301333323
3013333233
0133332333
1333323333
3333233333
3332333333
3323333333
3233333332
2333333323
3333333233
3333332333
3333323330
3333233303
3332333033
3323330333
3233303332
2333033323
3330333233
3303332333
3033323333
0333233333
3332333333
3323333333
3233333333
2333333333
3333333330
3333333300
3333333000
3333330003
3333300032
3333000320
3330003200
3300032000
3000320003
0003200030
0032000300
0320003002
3200030022
2000300220
0003002201
0030022013
0300220131
3002201310
0022013102
0220131023
2201310232
2013102322
0131023220
1310232202
3102322020
1023220202
0232202023
2322020232
3220202322
2202023222
2020232223
0202322230
2023222300
0232223003
2322230032
3222300322
2223003221
2230032212
2300322122
3003221221
0032212212
0322122122
3221221222
2212212222
2122122222
1221222222
2212222222
2122222222
1222222220
2222222202
2222222022
2222220221
2222202210
2222022102
2220221023
2202210231
2022102311
0221023111
2210231113
2102311132
1023111322
0231113222
2311132220
3111322203
1113222033
1132220332
1322203322
3222033222
2220332222
2203322222
2033222220
0332222202
3322222022
3222220222
2222202220
2222022203
2220222032
2202220323
2022203231
0222032311
2220323113
2203231131
2032311311
0323113110
3231131101
2311311010
3113110101
1131101013
1311010131
3110101310
1101013101
1010131013
0101310133
1013101333
0131013331
1310133313
3101333131
1013331311
0133313110
1333131103
3331311033
3313110333
3131103332
1311033321
3110333210
1103332100
1033321000
0333210003
3332100030
3321000303
3210003030
2100030303
1000303033
0003030333
0030303333
0303033332
3030333322
0303333220
3033332200
0333322000
3333220000
3332200001
3322000010
3220000102
2200001021
2000010213
0000102132
0001021322
0010213220
