2020232200
0202322001
2023220013
0232200131
2322001312
3220013121
2200131212
2001312121
0013121212
0131212121
1312121210
3121212103
1212121033
2121210333
1212103333
2121033332
1210333321
2103333210
1033332101
0333321012
3333210122
3332101222
3321012222
3210122220
2101222201
1012222012
0122220122
1222201222
2222012222
2220122221
2201222212
2012222120
0122221202
1222212020
2222120202
2221202020
2212020202
2120202022
1202020221
2020202210
0202022102
2020221020
0202210200
2022102001
0221020013
2210200132
2102001322
1020013220
0200132201
2001322010
0013220101
0132201012
1322010122
3220101221
2201012213
2010122133
0101221332
1012213322
0122133222
1221332220
2213322202
2133222022
1332220221
3322202213
3222022131
2220221311
2202213113
2022131131
0221311310
2213113102
2131131020
1311310203
3113102033
1131020331
1310203311
3102033112
1020331122
0203311220
2033112200
0331122003
3311220031
3112200311
1122003111
1220031111
2200311110
2003111100
0031111002
0311110022
3111100220
1111002202
1110022021
1100220213
1002202130
0022021302
0220213020
2202130201
2021302011
0213020111
2130201110
1302011103
3020111031
0201110313
2011103132
0111031323
1110313232
1103132323
1031323230
0313232303
3132323033
1323230333
3232303332
2323033323
3230333233
2303332333
3033323330
0333233303
3332333033
3323330331
3233303310
2333033102
3330331021
3303310213
3033102133
0331021333
3310213333
3102133333
1021333330
0213333300
2133333001
1333330011
3333300110
3333001100
3330011001
3300110010
3001100102
0011001020
0110010203
1100102033
1001020333
0010203330
0102033300
1020333000
0203330001
2033300011
0333000110
3330001101
3300011013
3000110133
0001101330
0011013300
0110133003
1101330032
1013300322
0133003220
1330032201
3300322010
3003220102
0032201021
0322010213
3220102132
2201021321
2010213213
0102132132
1021321323
0213213231
2132132313
1321323132
3213231323
2132313230
1323132302
3231323023
2313230232
3132302321
1323023213
3230232131
2302321311
3023213113
0232131130
2321311303
3213113031
2131130311
1311303111
3113031113
1130311131
1303111311
3031113111
0311131112
3111311121
1113111211
1131112110
1311121101
3111211010
1112110101
1121101010
1211010101
2110101010
1101010101
1010101011
0101010111
1010101111
0101011111
1010111111
0101111113
1011111131
0111111311
1111113111
1111131110
1111311102
1113111023
1131110233
1311102333
3111023331
1110233313
1102333131
1023331313
0233313131
2333131310
3331313101
3313131011
3131310110
1313101101
3131011010
1310110103
3101101032
1011010323
0110103233
1101032332
1010323320
0103233200
1032332000
0323320003
3233200031
2332000311
3320003110
3200031102
2000311023
0003110231
0031102310
0311023102
3110231023
1102310233
1023102333
0231023331
2310233313
3102333133
1023331332
0233313320
2333133203
3331332031
3313320313
3133203133
1332031332
3320313320
3203133202
2031332022
0313320220
3133202203
1332022033
3320220332
3202203323
2022033233
0220332331
2203323311
2033233113
0332331131
3323311312
3233113120
2331131202
3311312023
3113120230
1131202301
1312023013
3120230132
1202301323
2023013233
0230132333
2301323332
3013233321
0132333213
1323332131
3233321311
2333213111
3332131110
3321311102
3213111022
2131110223
1311102232
3111022322
1110223221
1102232211
1022322110
0223221102
2232211022
2322110221
3221102213
2211022133
2110221333
1102213331
1022133310
0221333101
2213331012
2133310120
1333101201
3331012012
3310120121
3101201212
1012012120
0120121202
1201212023
2012120232
0121202321
1212023213
2120232131
1202321310
2023213102
0232131020
2321310200
3213102002
2131020022
1310200222
3102002221
1020022212
0200222122
2002221222
0022212220
0222122200
2221222002
2212220022
2122200220
1222002202
2220022020
2200220200
2002202000
0022020002
0220200022
2202000222
2020002221
0200022212
2000222123
0002221232
0022212322
0222123220
2221232200
2212322002
2123220020
1232200201
2322002011
3220020113
2200201132
2002011323
0020113232
0201132322
2011323222
0113232220
1132322202
1323222023
3232220232
2322202323
3222023233
2220232330
2202323302
2023233022
0232330223
2323302232
3233022323
2330223232
3302232323
3022323230
0223232303
2232323030
2323230303
3232303033
2323030333
3230303331
2303033313
3030333130
0303331302
3033313023
0333130231
3331302310
3313023103
3130231031
1302310310
3023103103
0231031032
2310310322
3103103220
1031032203
0310322033
3103220331
1032203310
0322033102
3220331020
2203310200
2033102002
0331020023
3310200232
3102002321
1020023213
0200232132
2002321320
0023213200
0232132000
2321320002
3213200020
2132000202
1320002021
3200020211
2000202110
0002021101
0020211011
0202110113
2021101131
0211011311
2110113111
1101131111
1011311110
0113111100
1131111001
1311110013
3111100133
1111001332
1110013323
1100133231
1001332311
0013323110
0133231102
1332311020
3323110202
3231102021
2311020211
3110202113
1102021132
1020211321
0202113213
2021132133
0211321330
2113213302
1132133020
1321330200
3213302002
2133020020
1330200200
3302002003
3020020030
0200200300
2002003003
0020030033
0200300330
2003003300
0030033002
0300330023
3003300230
0033002302
0330023023
3300230230
3002302302
0023023021
0230230210
2302302102
3023021022
0230210223
2302102230
3021022301
0210223010
2102230102
1022301020
0223010202
2230102023
2301020232
3010202321
0102023211
1020232113
0202321131
2023211310
0232113100
2321131002
3211310020
2113100202
1131002021
1310020213
3100202133
1002021332
0020213320
0202133202
2021332023
0213320232
2133202323
1332023232
3320232322
3202323220
2023232200
0232322001
2323220010
3232200103
2322001031
3220010310
2200103101
2001031011
0010310110
0103101102
1031011023
0310110232
3101102322
1011023220
0110232200
1102322001
1023220013
0232200132
2322001320
3220013202
2200132022
2001320221
0013202210
0132022103
1320221033
3202210333
2022103331
0221033313
2210333133
2103331331
1033313310
0333133103
3331331032
3313310320
3133103203
1331032031
3310320310
3103203100
1032031000
0320310001
3203100010
2031000100
0310001000
3100010003
1000100030
0001000300
0010003003
0100030030
1000300302
0003003020
0030030200
0300302002
3003020023
0030200231
0302002313
3020023132
0200231323
2002313233
0023132332
0231323320
2313233200
3132332002
1323320021
3233200213
2332002133
3320021333
3200213332
2002133323
0021333231
0213332311
2133323113
1333231132
3332311320
3323113201
3231132011
2311320113
3113201130
1132011303
1320113033
3201130331
2011303313
0113033132
1130331322
1303313220
3033132200
0331322002
3313220023
3132200230
1322002302
3220023020
2200230200
2002302002
0023020020
0230200200
2302002003
3020020030
0200200301
2002003011
0020030111
0200301113
2003011132
0030111322
0301113220
3011132202
0111322020
1113220200
1132202000
1322020002
3220200022
2202000220
2020002202
0200022021
2000220210
0002202103
0022021033
0220210332
2202103323
2021033230
0210332300
2103323002
1033230021
0332300210
3323002101
3230021010
2300210100
3002101000
0021010002
0210100020
2101000200
1010002003
0100020030
1000200300
0002003000
0020030000
0200300001
2003000011
0030000111
0300001111
3000011113
0000111131
0001111310
0011113100
0111131003
1111310031
1113100311
1131003113
1310031132
3100311320
1003113200
0031132000
0311320002
3113200020
1132000202
1320002020
3200020202
2000202020
0002020200
0020202000
0202020000
2020200000
0202000000
2020000000
0200000002
2000000023
0000000231
0000002313
0000023130
0000231300
0002313001
0023130011
0231300111
2313001113
3130011131
1300111311
3001113110
0011131100
0111311000
1113110003
1131100030
1311000302
3110003020
1100030200
1000302001
0003020013
0030200132
0302001323
3020013233
0200132330
2001323300
0013233002
0132330020
1323300200
3233002003
2330020033
3300200333
3002003333
0020033332
0200333320
2003333202
0033332020
0333320202
3333202023
3332020230
3320202303
3202023033
2020230331
0202303313
2023033132
0230331320
2303313203
3033132032
0331320320
3313203200
3132032000
1320320000
3203200002
2032000020
0320000200
3200002002
2000020022
0000200222
0002002221
0020022213
0200222132
2002221321
0022213213
0222132131
2221321313
2213213130
2132131300
1321313003
3213130032
2131300323
1313003232
3130032320
1300323203
3003232030
0032320301
0323203013
3232030132
2320301322
3203013220
2030132200
0301322003
3013220033
0132200332
1322003320
3220033200
2200332003
2003320033
0033200333
0332003330
3320033301
3200333011
2003330113
0033301130
0333011302
3330113022
3301130222
3011302221
0113022213
1130222131
1302221311
3022213110
0222131103
2221311030
2213110303
2131103031
1311030310
3110303100
1103031002
1030310022
0303100223
3031002233
0310022332
3100223320
1002233201
0022332013
0223320133
2233201332
2332013321
3320133210
3201332100
2013321002
0133210023
1332100231
3321002313
3210023133
2100231330
1002313303
0023133033
0231330332
2313303320
3133033200
1330332002
3303320020
3033200203
0332002031
3320020313
3200203132
2002031320
0020313202
0203132020
2031320202
0313202020
3132020200
1320202000
3202020003
2020200030
0202000302
2020003022
0200030223
2000302230
0003022303
0030223033
0302230330
3022303300
0223033002
2230330023
2303300231
3033002310
0330023103
3300231032
3002310320
0023103203
0231032032
2310320321
3103203210
1032032102
0320321022
3203210220
2032102200
0321022003
3210220031
2102200313
1022003132
0220031321
2200313212
2003132120
0031321201
0313212010
3132120102
1321201020
3212010202
2120102020
1201020201
2010202010
0102020100
1020201003
0202010030
2020100300
0201003002
2010030021
0100300210
1003002100
0030021001
0300210010
3002100102
0021001023
0210010233
2100102331
1001023310
0010233100
0102331003
1023310032
0233100320
2331003200
3310032003
3100320031
1003200310
0032003100
0320031000
3200310000
2003100003
0031000032
0310000322
3100003220
1000032200
0000322003
0003220032
0032200320
0322003202
3220032021
2200320210
2003202101
0032021013
0320210131
3202101313
2021013130
0210131300
2101313002
1013130021
0131300210
1313002102
3130021021
1300210211
3002102110
0021021100
0210211003
2102110033
1021100330
0211003302
2110033020
1100330203
1003302032
0033020321
0330203213
3302032132
3020321322
0203213221
2032132210
0321322102
3213221021
2132210210
1322102102
3221021020
2210210202
2102102020
1021020203
0210202032
2102020322
1020203220
0202032200
2020322002
0203220020
2032200203
0322002031
3220020310
2200203100
2002031002
0020310023
0203100232
2031002322
0310023223
3100232232
1002322320
0023223201
0232232010
2322320101
3223201011
2232010110
2320101102
3201011021
2010110213
0101102131
1011021313
0110213132
1102131320
1021313200
0213132002
2131320023
1313200230
3132002300
1320023002
3200230021
2002300210
0023002101
0230021010
2300210102
3002101023
0021010230
0210102302
2101023020
1010230200
0102302001
1023020013
0230200132
2302001321
3020013213
0200132132
2001321321
0013213210
0132132103
1321321031
3213210313
2132103132
1321031321
3210313210
2103132100
1031321001
0313210010
3132100100
1321001001
3210010010
2100100102
1001001021
0010010210
0100102102
1001021022
0010210221
0102102213
1021022131
0210221313
2102213131
1022131311
0221313110
2213131100
2131311002
1313110021
3131100210
1311002102
3110021021
1100210210
1002102100
0021021002
0210210020
2102100201
1021002010
0210020100
2100201001
1002010013
0020100133
0201001331
2010013313
0100133131
1001331313
0013313133
0133131330
1331313301
3313133010
3131330102
1313301021
3133010210
1330102102
3301021021
3010210210
0102102102
1021021020
0210210201
2102102010
1021020100
0210201002
2102010023
1020100232
0201002322
2010023220
0100232203
1002322033
0023220332
0232203320
2322033200
3220332000
2203320003
2033200031
0332000313
3320003131
3200031311
2000313111
0003131110
0031311100
0313111002
3131110020
1311100202
3111002021
1110020210
1100202102
1002021023
0020210232
0202102320
2021023203
0210232030
2102320300
1023203000
0232030001
2320300010
3203000102
2030001020
0300010202
3000102020
0001020201
0010202011
0102020110
1020201101
0202011013
2020110132
0201101321
2011013210
0110132102
1101321022
1013210220
0132102200
1321022003
3210220033
2102200332
1022003321
0220033213
2200332133
2003321331
0033213311
0332133110
3321331102
3213311020
2133110200
1331102000
3311020001
3110200010
1102000100
1020001000
0200010000
2000100003
0001000033
0010000330
0100003303
1000033032
0000330323
0003303232
0033032323
0330323231
3303232313
3032323132
0323231323
3232313232
2323132322
3231323221
2313232211
3132322110
1323221101
3232211013
2322110131
3221101313
2211013133
2110131331
1101313313
1013133132
0131331322
1313313223
3133132232
1331322320
3313223203
3132232032
1322320322
3223203222
2232032221
2320322210
3203222103
2032221031
0322210311
3222103113
2221031131
2210311310
2103113101
1031131010
0311310100
3113101001
1131010010
1310100101
3101001010
1010010103
0100101033
1001010333
0010103332
0101033321
1010333210
0103332102
1033321023
0333210232
3332102321
3321023211
3210232113
2102321132
1023211323
0232113232
2321132323
3211323231
2113232312
1132323122
1323231223
3232312232
2323122322
3231223221
2312232211
3122322110
1223221103
2232211032
2322110320
3221103203
2211032032
2110320320
1103203201
1032032013
0320320131
3203201311
2032013111
0320131111
3201311110
2013111102
0131111022
1311110223
3111102232
1111022320
1110223203
1102232031
1022320310
0223203101
2232031011
2320310111
3203101111
2031011113
0310111131
3101111310
1011113102
0111131021
1111310210
1113102100
1131021000
1310210003
3102100032
1021000321
0210003210
2100032102
1000321021
0003210210
0032102100
0321021000
3210210003
2102100031
1021000311
0210003113
2100031133
1000311331
0003113310
0031133102
0311331021
3113310210
1133102102
1331021021
3310210210
3102102100
1021021002
0210210023
2102100231
1021002311
0210023113
2100231132
1002311323
0023113231
0231132313
2311323131
3113231311
1132313113
1323131131
3231311310
2313113102
3131131021
1311310210
3113102100
1131021001
1310210013
3102100131
1021001311
0210013110
2100131100
1001311002
0013110021
0131100211
1311002111
3110021113
1100211133
1002111331
0021113313
0211133131
2111331311
1113313110
1133131102
1331311021
3313110210
3131102102
1311021021
3110210210
1102102102
1021021021
0210210210
2102102102
1021021022
0210210221
2102102210
1021022102
0210221023
2102210231
1022102310
0221023103
2210231032
2102310321
1023103213
0231032132
2310321321
3103213210
1032132102
0321321021
3213210210
2132102102
1321021021
3210210210
2102102100
1021021001
0210210010
2102100100
1021001001
0210010013
2100100130
1001001301
0010013010
0100130100
1001301002
0013010020
0130100202
1301002023
3010020233
0100202333
1002023333
0020233330
0202333301
2023333010
0233330100
2333301002
3333010020
3330100200
3301002000
3010020001
0100200010
1002000102
0020001021
0200010210
2000102100
0001021002
0010210020
0102100202
1021002021
0210020210
2100202102
1002021023
0020210233
0202102330
2021023301
0210233010
2102330103
1023301031
0233010313
2330103133
3301031331
3010313310
0103133102
1031331021
0313310213
3133102133
1331021333
3310213333
3102133332
1021333321
0213333210
2133332102
1333321021
3333210210
3332102102
3321021021
3210210210
2102102102
1021021021
0210210210
2102102100
1021021001
0210210010
2102100102
1021001021
0210010210
2100102102
1001021021
0010210210
0102102102
1021021021
0210210210
2102102102
1021021021
0210210210
2102102102
1021021021
0210210210
2102102102
1021021021
0210210210
2102102102
1021021021
0210210210
2102102100
1021021001
0210210010
2102100102
1021001021
0210010210
2100102100
1001021001
0010210010
0102100102
1021001021
0210010210
2100102102
1001021021
0010210210
0102102102
1021021021
0210210210
2102102102
1021021021
0210210210
2102102102
1021021021
0210210210
2102102100
1021021001
0210210010
2102100102
1021001021
0210010210
2100102102
1001021021
0010210210
0102102102
1021021021
0210210210
2102102102
1021021021
0210210210
2102102100
1021021001
0210210010
2102100100
1021001001
0210010010
2100100102
1001001021
0010010210
0100102102
1001021021
0010210210
0102102102
1021021021
0210210210
2102102100
1021021001
0210210010
2102100102
1021001021
0210010210
2100102102
1001021021
0010210210
0102102102
1021021021
0210210211
2102102112
1021021121
0210211210
2102112102
1021121021
0211210210
2112102100
1121021001
1210210010
2102100102
1021001021
0210010210
2100102103
1001021031
0010210311
0102103113
1021031132
0210311322
2103113220
1031132200
0311322000
3113220002
1132200021
1322000210
3220002100
2200021002
2000210021
0002100210
0021002100
0210021000
2100210000
1002100002
0021000020
0210000202
2100002022
1000020223
0000202230
0002022302
0020223022
0202230220
2022302203
0223022031
2230220311
2302203110
3022031102
0220311021
2203110211
2031102110
0311021102
3110211021
1102110213
1021102131
0211021310
2110213103
1102131031
1021310311
0213103110
2131031103
1310311032
3103110321
1031103210
0311032102
3110321020
1103210202
1032102022
0321020220
3210202202
2102022021
1020220212
0202202121
2022021212
0220212120
2202121202
2021212021
0212120210
2121202102
1212021021
2120210210
1202102102
2021021021
0210210210
2102102102
1021021021
0210210210
2102102102
1021021021
0210210210
2102102102
1021021023
0210210233
2102102332
1021023322
0210233221
2102332210
1023322102
0233221021
2332210211
3322102111
3221021110
2210211102
2102111021
1021110210
0211102102
2111021021
1110210213
1102102133
1021021332
0210213323
2102133231
1021332313
0213323133
2133231331
1332313311
3323133110
3231331102
2313311021
3133110210
1331102102
3311021021
3110210210
1102102102
1021021021
0210210213
2102102133
1021021331
0210213313
2102133131
1021331311
0213313110
2133131102
1331311020
3313110203
3131102032
1311020321
3110203210
1102032100
1020321001
0203210010
2032100100
0321001001
3210010013
2100100131
1001001311
0010013110
0100131102
1001311021
0013110210
0131102102
1311021021
3110210210
1102102102
1021021021
0210210210
2102102102
1021021021
0210210210
2102102103
1021021031
0210210313
2102103132
1021031321
0210313213
2103132131
1031321310
0313213102
3132131021
1321310211
3213102113
2131021133
1310211331
3102113310
1021133102
0211331021
2113310212
1133102123
1331021231
3310212310
3102123102
1021231022
0212310222
2123102220
1231022201
2310222013
3102220131
1022201310
0222013103
2220131031
2201310313
2013103131
0131031312
1310313120
3103131203
1031312031
0313120311
3131203111
1312031110
3120311101
1203111011
2031110113
0311101132
3111011322
1110113221
1101132211
1011322110
0113221102
1132211022
1322110221
3221102212
2211022122
2110221221
1102212210
1022122101
0221221013
2212210133
2122101331
1221013311
2210133110
2101331102
1013311023
0133110231
1331102311
3311023110
3110231102
1102311023
1023110231
0231102312
2311023121
3110231213
1102312132
1023121321
0231213211
2312132113
3121321131
1213211310
2132113100
1321131002
3211310021
2113100213
1131002132
1310021322
3100213221
1002132213
0021322133
0213221330
2132213300
1322133002
3221330023
2213300231
2133002311
1330023113
3300231132
3002311321
0023113211
0231132112
2311321120
3113211200
1132112000
1321120003
3211200033
2112000331
1120003310
1200033102
2000331021
0003310210
0033102102
0331021023
3310210233
3102102330
1021023303
0210233032
2102330322
1023303220
0233032200
2330322000
3303220002
3032200020
0322000200
3220002002
2200020023
2000200232
0002002320
0020023201
0200232013
2002320132
0023201322
0232013220
2320132202
3201322023
2013220233
0132202331
1322023310
3220233101
2202331010
2023310102
0233101023
2331010230
3310102303
3101023032
1010230322
0102303220
1023032200
0230322002
2303220020
3032200201
0322002010
3220020100
2200201003
2002010032
0020100322
0201003221
2010032210
0100322103
1003221033
0032210330
0322103300
3221033002
2210330021
2103300210
1033002103
0330021032
3300210322
3002103220
0021032202
0210322022
2103220222
1032202221
0322022213
3220222130
2202221302
2022213020
0222130201
2221302011
2213020113
2130201131
1302011310
3020113101
0201131013
2011310130
0113101301
1131013013
1310130130
3101301300
1013013001
0130130010
1301300100
3013001003
0130010033
1300100331
3001003311
0010033113
0100331131
1003311311
0033113113
0331131131
3311311312
3113113120
1131131201
1311312013
3113120130
1131201301
1312013011
3120130113
1201301131
2013011311
0130113113
1301131131
3011311311
0113113110
1131131101
1311311011
3113110110
1131101101
1311011013
3110110133
1101101331
1011013311
0110133110
1101331100
1013311000
0133110002
1331100021
3311000210
3110002103
1100021031
1000210310
0002103101
0021031011
0210310110
2103101101
1031011011
0310110110
3101101100
1011011003
0110110030
1101100300
1011003001
0110030011
1100300111
1003001110
0030011103
0300111031
3001110310
0011103103
0111031030
1110310301
1103103011
1031030110
0310301103
3103011030
1030110302
0301103023
3011030232
0110302320
1103023200
1030232003
0302320032
3023200322
0232003220
2320032201
3200322010
2003220102
0032201023
0322010231
3220102313
2201023133
2010231331
0102313310
1023133102
0231331023
2313310233
3133102331
1331023313
3310233130
3102331300
1023313000
0233130003
2331300032
3313000321
3130003210
1300032100
3000321002
0003210022
0032100221
0321002212
3210022120
2100221202
1002212020
0022120201
0221202010
2212020102
2120201021
1202010213
2020102131
0201021312
2010213123
0102131231
1021312310
0213123101
2131231010
1312310103
3123101032
1231010320
2310103202
3101032022
1010320220
0103202202
1032022020
0320220201
3202202013
2022020132
0220201322
2202013222
2020132222
0201322221
2013222211
0132222113
1322221131
3222211313
2222113131
2221131310
2211313101
2113131010
1131310101
1313101013
3131010131
1310101313
3101013131
1010131313
0101313130
1013131301
0131313012
1313130122
3131301221
1313012211
3130122110
1301221103
3012211032
0122110322
1221103220
2211032202
2110322023
1103220233
1032202333
0322023332
3220233321
2202333210
2023332100
0233321000
2333210003
3332100032
3321000322
3210003221
2100032211
1000322110
0003221102
0032211022
0322110221
3221102213
2211022132
2110221323
1102213232
1022132320
0221323200
2213232000
2132320002
1323200021
3232000210
2320002103
3200021033
2000210333
0002103332
0021033323
0210333232
2103332320
1033323200
0333232002
3332320020
3323200203
3232002033
2320020333
3200203333
2002033332
0020333322
0203333220
2033332201
0333322010
3333220102
3332201023
3322010233
3220102333
2201023333
2010233333
0102333330
1023333300
0233333000
2333330002
3333300021
3333000210
3330002101
3300021011
3000210113
0002101133
0021011330
0210113300
2101133001
1011330010
0113300100
1133001001
1330010012
3300100120
3001001200
0010012001
0100120010
1001200101
0012001012
0120010121
1200101212
2001012121
0010121213
0101212132
1012121322
0121213220
1212132203
2121322032
1213220320
2132203201
1322032011
3220320112
2203201120
2032011200
0320112002
3201120021
2011200210
0112002101
1120021011
1200210112
2002101121
0021011210
0210112101
2101121010
1011210102
0112101023
1121010232
1210102323
2101023231
1010232312
0102323120
1023231202
0232312023
2323120232
3231202321
2312023210
3120232100
1202321000
2023210003
0232100032
2321000321
3210003210
2100032102
1000321022
0003210223
0032102232
0321022322
3210223223
2102232232
1022322321
0223223210
2232232102
2322321021
3223210210
2232102102
2321021023
3210210233
2102102330
1021023302
0210233020
2102330202
1023302020
0233020203
2330202030
3302020301
3020203010
0202030102
2020301021
0203010213
2030102133
0301021333
3010213331
0102133313
1021333130
0213331300
2133313000
1333130002
3331300020
3313000200
3130002001
1300020012
3000200121
0002001212
0020012120
0200121200
2001212001
0012120012
0121200123
1212001231
2120012313
1200123133
2001231331
0012313310
0123133100
1231331002
2313310021
3133100212
1331002120
3310021203
3100212032
1002120320
0021203203
0212032032
2120320320
1203203201
2032032011
0320320111
3203201110
2032011101
0320111013
3201110133
2011101332
0111013321
1110133210
1101332101
1013321010
0133210103
1332101032
3321010321
3210103212
2101032120
1010321201
0103212011
1032120111
0321201113
3212011131
2120111310
1201113102
2011131020
0111310202
1113102021
1131020211
1310202111
3102021110
1020211100
0202111000
2021110001
0211100011
2111000110
1110001103
1100011031
1000110313
0001103131
0011031311
0110313111
1103131110
1031311100
0313111000
3131110001
1311100011
3111000113
1110001131
1100011313
1000113130
0001131300
0011313000
0113130003
1131300031
1313000313
3130003132
1300031322
3000313223
0003132232
0031322323
0313223231
3132232313
1322323130
3223231302
2232313023
2323130232
3231302323
2313023231
3130232310
1302323101
3023231011
0232310110
2323101103
3231011032
2310110323
3101103231
1011032312
0110323120
1103231200
1032312002
0323120020
3231200200
2312002001
3120020010
1200200103
2002001032
0020010323
0200103233
2001032332
0010323322
0103233220
1032332202
0323322020
3233220201
2332202010
3322020103
3220201031
2202010311
2020103111
0201031111
2010311110
0103111101
1031111010
0311110102
3111101020
1111010202
1110102021
1101020213
1010202133
0102021330
1020213301
0202133011
2021330113
0213301131
2133011310
1330113100
3301131000
3011310001
0113100011
1131000111
1310001111
3100011113
1000111130
0001111301
0011113011
0111130110
1111301101
1113011010
1130110101
1301101011
3011010110
0110101100
1101011001
1010110012
0101100122
1011001221
0110012211
1100122111
1001221111
0012211110
0122111102
1221111023
2211110231
2111102310
1111023101
1110231011
1102310111
1023101111
0231011112
2310111120
3101111203
1011112033
0111120330
1111203301
1112033011
1120330111
1203301110
2033011102
0330111022
3301110222
3011102220
0111022201
1110222011
1102220111
1022201113
0222011131
2220111310
2201113102
2011131023
0111310230
1113102300
1131023003
1310230031
3102300310
1023003101
0230031011
2300310111
3003101111
0031011110
0310111102
3101111021
1011110211
0111102110
1111021102
1110211023
1102110232
1021102323
0211023232
2110232321
1102323211
1023232111
0232321110
2323211100
3232111003
2321110032
3211100323
2111003232
1110032322
1100323222
1003232220
0032322202
0323222021
3232220211
2322202110
3222021103
2220211030
2202110301
2021103012
0211030120
2110301200
1103012002
1030120022
0301200221
3012002212
0120022120
1200221201
2002212010
0022120103
0221201033
2212010331
2120103310
1201033102
2010331020
0103310201
1033102010
0331020100
3310201000
3102010003
1020100030
0201000301
2010003010
0100030100
1000301001
0003010010
0030100103
0301001033
3010010331
0100103311
1001033111
0010331110
0103311103
1033111032
0331110323
3311103231
3111032310
1110323103
1103231031
1032310310
0323103102
3231031020
2310310202
3103102020
1031020203
0310202033
3102020332
1020203321
0202033211
2020332111
0203321111
2033211110
0332111100
3321111000
3211110001
2111100013
1111000130
1110001301
1100013012
1000130120
0001301202
0013012023
0130120233
1301202333
3012023333
0120233330
1202333303
2023333030
0233330300
2333303000
3333030000
3330300000
3303000003
3030000032
0300000321
3000003210
0000032102
0000321020
0003210203
0032102032
0321020323
3210203231
2102032310
1020323102
0203231020
2032310201
0323102011
3231020110
2310201101
3102011011
1020110110
0201101103
2011011033
0110110333
1101103330
1011033301
0110333010
1103330103
1033301030
0333010303
3330103032
3301030321
3010303210
0103032100
1030321001
0303210013
3032100131
0321001313
3210013131
2100131310
1001313103
0013131030
0131310300
1313103002
3131030022
1310300221
3103002210
1030022102
0300221022
3002210221
0022102213
0221022130
2210221303
2102213031
1022130310
0221303103
2213031032
2130310322
1303103220
3031032202
0310322023
3103220231
1032202310
0322023103
3220231031
2202310313
2023103132
0231031320
2310313201
3103132010
1031320102
0313201022
3132010221
1320102210
3201022102
2010221023
0102210233
1022102330
0221023300
2210233001
2102330010
1023300101
0233001013
2330010133
3300101330
3001013300
0010133003
0101330032
1013300320
0133003200
1330032000
3300320003
3003200033
0032000333
0320003330
3200033301
2000333010
0003330102
0033301021
0333010213
3330102132
3301021322
3010213223
0102132233
1021322333
0213223330
2132233301
1322333010
3223330101
2233301012
2333010122
3330101220
3301012201
3010122010
0101220103
1012201033
0122010333
1220103332
2201033321
2010333213
0103332133
1033321330
0333213301
3332133013
3321330133
3213301331
2133013310
1330133102
3301331022
3013310221
0133102212
1331022122
3310221220
3102212200
1022122003
0221220032
2212200321
2122003212
1220032122
2200321221
2003212210
0032122100
0321221001
3212210013
2122100133
1221001332
2210013322
2100133220
1001332200
0013322002
0133220020
1332200200
3322002001
3220020012
2200200121
2002001210
0020012102
0200121023
2001210230
0012102301
0121023012
1210230123
2102301231
1023012310
0230123103
2301231030
3012310300
0123103003
1231030031
2310300313
3103003133
1030031330
0300313302
3003133021
0031330211
0313302113
3133021132
1330211321
3302113210
3021132101
0211321010
2113210100
1132101002
1321010023
3210100232
2101002323
1010023233
0100232333
1002323333
0023233332
0232333323
2323333233
3233332331
2333323312
3333233120
3332331202
3323312023
3233120230
2331202302
3312023020
3120230200
1202302000
2023020000
0230200003
2302000032
3020000323
0200003233
2000032330
0000323300
0003233000
0032330002
0323300022
3233000220
2330002202
3300022021
3000220210
0002202102
0022021023
0220210230
2202102303
2021023032
0210230322
2102303220
1023032201
0230322013
2303220132
3032201323
0322013232
3220132322
2201323220
2013232203
0132322032
1323220320
3232203202
2322032022
3220320223
2203202230
2032022302
0320223020
3202230200
2022302003
0223020030
2230200301
2302003011
3020030110
0200301102
2003011020
0030110200
0301102002
3011020021
0110200212
1102002120
1020021200
0200212002
2002120022
0021200223
0212002231
2120022310
1200223101
2002231010
0022310100
0223101000
2231010000
2310100002
3101000020
1010000203
0100002030
1000020300
0000203001
0002030010
0020300102
0203001022
2030010220
0300102200
3001022002
0010220021
0102200211
1022002111
0220021110
2200211100
2002111001
0021110011
0211100113
2111001133
1110011330
1100113302
1001133023
0011330230
0113302300
1133023000
1330230000
3302300000
3023000000
0230000001
2300000010
3000000103
0000001030
0000010301
0000103011
0001030113
0010301130
0103011301
1030113011
0301130110
3011301102
0113011023
1130110233
1301102333
3011023330
0110233302
1102333022
1023330221
0233302213
2333022130
3330221303
3302213032
3022130322
0221303220
2213032202
2130322021
1303220210
3032202102
0322021021
3220210213
2202102131
2021021313
0210213132
2102131320
1021313200
0213132003
2131320032
1313200321
3132003211
1320032110
3200321102
2003211023
0032110233
0321102333
3211023332
2110233321
1102333210
1023332102
0233321022
2333210221
3332102213
3321022132
3210221321
2102213211
1022132113
0221321133
2213211332
2132113322
1321133221
3211332210
2113322102
1133221020
1332210202
3322102020
3221020202
2210202021
2102020210
1020202102
0202021023
2020210233
0202102333
2021023330
0210233301
2102333011
1023330113
0233301133
2333011333
3330113332
3301133321
3011333213
0113332130
1133321300
1333213002
3332130023
3321300230
3213002300
2130023001
1300230011
3002300111
0023001111
0230011112
2300111122
3001111222
0011112221
0111122213
1111222132
1112221320
1122213203
1222132031
2221320310
2213203100
2132031003
1320310030
3203100300
2031003001
0310030012
3100300121
1003001211
0030012113
0300121131
3001211311
0012113110
0121131102
1211311021
2113110212
1131102122
1311021221
3110212211
1102122113
1021221132
0212211321
2122113213
1221132132
2211321321
2113213210
1132132102
1321321022
3213210221
2132102213
1321022132
3210221323
2102213231
1022132311
0221323110
2213231101
2132311012
1323110120
3231101200
2311012002
3110120020
1101200201
1012002011
0120020113
1200201131
2002011310
0020113100
0201131003
2011310032
0113100322
1131003223
1310032233
3100322331
1003223311
0032233111
0322331113
3223311132
2233111322
2331113220
3311132203
3111322031
1113220310
1132203103
1322031030
3220310303
2203103031
2031030312
0310303120
3103031201
1030312010
0303120102
3031201021
0312010210
3120102100
1201021003
2010210032
0102100322
1021003222
0210032220
2100322200
1003222001
0032220010
0322200102
3222001021
2220010210
2200102102
2001021021
0010210211
0102102111
1021021110
0210211102
2102111022
1021110221
0211102213
2111022132
1110221321
1102213213
1022132131
0221321312
2213213121
2132131211
1321312113
3213121131
2131211310
1312113102
3121131021
1211310211
2113102112
1131021121
1310211210
3102112101
1021121010
0211210103
2112101030
1121010301
1210103010
2101030103
1010301033
0103010331
1030103310
0301033100
3010331003
0103310033
1033100331
0331003310
3310033103
3100331032
1003310323
0033103231
0331032310
3310323100
3103231002
1032310022
0323100220
3231002200
2310022002
3100220020
1002200202
0022002021
0220020211
2200202110
2002021102
0020211023
0202110232
2021102320
0211023203
2110232033
1102320332
1023203321
0232033211
2320332112
3203321120
2033211202
0332112022
3321120220
3211202203
2112022032
1120220320
1202203200
2022032002
0220320020
2203200201
2032002013
0320020132
3200201321
2002013211
0020132111
0201321111
2013211110
0132111103
1321111032
3211110323
2111103231
1111032311
1110323113
1103231133
1032311330
0323113302
3231133023
2311330232
3113302320
1133023201
1330232010
3302320100
3023201001
0232010010
2320100102
3201001021
2010010213
0100102130
1001021300
0010213003
0102130031
1021300310
0213003101
2130031010
1300310102
3003101023
0031010231
0310102311
3101023110
1010231102
0102311020
1023110200
0231102001
2311020013
3110200130
1102001302
1020013020
0200130200
2001302002
0013020020
0130200203
1302002032
3020020320
0200203201
2002032010
0020320102
0203201020
2032010202
0320102020
3201020202
2010202020
0102020203
1020202033
0202020332
2020203320
0202033200
2020332002
0203320020
2033200200
0332002002
3320020020
3200200202
2002002021
0020020211
0200202113
2002021133
0020211333
0202113330
2021133303
0211333031
2113330313
1133303132
1333031320
3330313200
3303132002
3031320020
0313200203
3132002031
1320020313
3200203132
2002031322
0020313220
0203132200
2031322003
0313220032
3132200320
1322003202
3220032020
2200320200
2003202001
0032020013
0320200132
3202001320
2020013201
0200132013
2001320133
0013201332
0132013323
1320133232
3201332320
2013323200
0133232000
1332320001
3323200011
3232000113
2320001131
3200011310
2000113102
0001131021
0011310210
0113102103
1131021032
1310210320
3102103200
1021032002
0210320022
2103200222
1032002220
0320022201
3200222010
2002220103
0022201030
0222010303
2220103031
2201030310
2010303101
0103031013
1030310132
0303101320
3031013201
0310132011
3101320113
1013201133
0132011331
1320113310
3201133103
2011331030
0113310300
1133103001
1331030011
3310300110
3103001101
1030011013
0300110131
3001101311
0011013110
0110131101
1101311010
1013110100
0131101001
1311010011
3110100110
1101001103
1010011032
0100110320
1001103200
0011032003
0110320030
1103200303
1032003033
0320030333
3200303332
2003033320
0030333201
0303332010
3033320102
0333201020
3332010203
3320102033
3201020333
2010203333
0102033333
1020333330
0203333301
2033333013
0333330132
3333301323
3333013232
3330132320
3301323201
3013232013
0132320130
1323201303
3232013033
2320130333
3201303330
2013033303
0130333033
1303330330
3033303300
0333033002
3330330021
3303300210
3033002103
0330021032
3300210322
3002103220
0021032203
0210322030
2103220300
1032203000
0322030002
3220300022
2203000220
2030002202
0300022020
3000220201
0002202010
0022020102
0220201021
2202010211
2020102111
0201021113
2010211133
0102111330
1021113300
0211133000
2111330002
1113300022
1133000220
1330002200
3300022001
3000220013
0002200133
0022001330
0220013303
2200133032
2001330320
0013303200
0133032002
1330320021
3303200211
3032002110
0320021102
3200211021
2002110211
0021102111
0211021113
2110211133
1102111333
1021113332
0211133322
2111333222
1113332220
1133322203
1333222033
3332220331
3322203310
3222033102
2220331023
2203310230
2033102301
0331023011
3310230110
3102301100
1023011001
0230110010
2301100102
3011001022
0110010221
1100102210
1001022100
0010221000
0102210003
1022100033
0221000332
2210003321
2100033213
1000332133
0003321332
0033213323
0332133233
3321332333
3213323333
2133233331
1332333313
3323333133
3233331331
2333313313
3333133131
3331331313
3313313131
3133131313
1331313131
3313131311
3131313113
1313131133
3131311331
1313113313
3131133131
1311331313
3113313131
1133131311
1331313113
3313131133
3131311331
1313113313
3131133131
1311331313
3113313132
1133131323
1331313231
3313132313
3131323131
1313231313
3132313133
1323131333
3231313333
2313133333
3131333333
1313333333
3133333333
1333333333
3333333333
3333333330
3333333302
3333333023
3333330230
3333302300
