0230030200
2300302000
3003020000
0030200002
0302000021
3020000210
0200002102
2000021021
0000210211
0002102113
0021021130
0210211302
2102113023
1021130230
0211302302
2113023020
1130230202
1302302020
3023020202
0230202021
2302020211
3020202110
0202021100
2020211003
0202110030
2021100303
0211003032
2110030320
1100303203
1003032032
0030320320
0303203202
3032032022
0320320221
3203202210
2032022102
0320221020
3202210203
2022102032
0221020323
2210203232
2102032322
1020323220
0203232200
2032322001
0323220010
3232200102
2322001023
3220010233
2200102332
2001023321
0010233211
0102332110
1023321103
0233211033
2332110333
3321103331
3211033310
2110333100
1103331001
1033310013
0333100132
3331001321
3310013210
3100132101
1001321013
0013210133
0132101331
1321013313
3210133133
2101331332
1013313321
0133133210
1331332100
3313321002
3133210021
1332100213
3321002130
3210021302
2100213021
1002130213
0021302131
0213021313
2130213133
1302131333
3021313333
0213133331
2131333311
1313333113
3133331133
1333311330
3333113301
3331133011
3311330110
3113301103
1133011032
1330110322
3301103223
3011032233
0110322333
1103223333
1032233331
0322333313
3223333133
2233331331
2333313313
3333133132
3331331323
3313313233
3133132331
1331323313
3313233133
3132331333
1323313331
3233133313
2331333133
3313331331
3133313313
1333133133
3331331332
3313313322
3133133221
1331332212
3313322123
3133221232
1332212321
3322123210
3221232100
2212321001
2123210010
1232100100
2321001000
3210010000
2100100000
1001000001
0010000010
0100000102
1000001020
0000010203
0000102032
0001020322
0010203222
0102032223
1020322232
0203222321
2032223213
0322232133
3222321331
2223213313
2232133131
2321331310
3213313100
2133131002
1331310022
3313100220
3131002200
1310022000
3100220002
1002200020
0022000202
0220002023
2200020233
2000202332
0002023322
0020233220
0202332201
2023322010
0233220101
2332201011
3322010113
3220101131
2201011312
2010113120
0101131202
1011312020
0113120200
1131202000
1312020001
3120200011
1202000113
2020001133
0200011333
2000113333
0001133331
0011333312
0113333122
1133331220
1333312203
3333122031
3331220313
3312203131
3122031311
1220313113
2203131133
2031311332
0313113322
3131133220
1311332200
3113322003
1133220030
1332200303
3322003030
3220030303
2200303033
2003030332
0030303321
0303033213
3030332130
0303321300
3033213003
0332130032
3321300322
3213003222
2130032220
1300322200
3003222001
0032220010
0322200102
3222001020
2220010200
2200102002
2001020023
0010200232
0102002323
1020023230
0200232302
2002323021
0023230213
0232302132
2323021323
3230213231
2302132310
3021323103
0213231033
2132310332
1323103320
3231033203
2310332033
3103320331
1033203311
0332033113
3320331133
3203311333
2033113332
0331133321
3311333210
3113332100
1133321003
1333210032
3332100320
3321003200
3210032002
2100320020
1003200200
0032002001
0320020013
3200200132
2002001321
0020013210
0200132102
2001321021
0013210210
0132102101
1321021010
3210210102
2102101022
1021010223
0210102233
2101022331
1010223313
0102233131
1022331311
0223313113
2233131133
2331311331
3313113311
3131133112
1311331122
3113311223
1133112231
1331122311
3311223113
3112231130
1122311300
1223113000
2231130000
2311300003
3113000032
1130000322
1300003221
3000032213
0000322131
0003221313
0032213132
0322131321
3221313210
2213132102
2131321020
1313210202
3132102023
1321020233
3210202331
2102023311
1020233113
0202331133
2023311331
0233113310
2331133102
3311331021
3113310213
1133102132
1331021321
3310213213
3102132132
1021321322
0213213220
2132132200
1321322003
3213220032
2132200322
1322003220
3220032200
2200322001
2003220013
0032200132
0322001323
3220013232
2200132320
2001323203
0013232031
0132320310
1323203100
3232031002
2320310021
3203100213
2031002132
0310021322
3100213222
1002132220
0021322201
0213222010
2132220102
1322201022
3222010223
2220102232
2201022323
2010223232
0102232323
1022323232
0223232320
2232323201
2323232013
3232320133
2323201331
3232013310
2320133103
3201331031
2013310310
0133103102
1331031020
3310310202
3103102020
1031020201
0310202013
3102020132
1020201323
0202013230
2020132301
0201323010
2013230102
0132301020
1323010202
3230102022
2301020222
3010202220
0102022202
1020222020
0202220202
2022202022
0222020220
2220202201
2202022012
2020220120
0202201202
2022012022
0220120222
2201202220
2012022201
0120222010
1202220102
2022201021
0222010213
2220102132
2201021323
2010213232
0102132321
1021323210
0213232100
2132321000
1323210000
3232100000
2321000000
3210000001
2100000013
1000000133
0000001331
0000013311
0000133111
0001331113
0013311131
0133111313
1331113132
3311131322
3111313221
1113132213
1131322133
1313221331
3132213313
1322133130
3221331301
2213313013
2133130132
1331301321
3313013213
3130132131
1301321311
3013213113
0132131133
1321311333
3213113332
2131133320
1311333200
3113332002
1133320020
1333200203
3332002032
3320020320
3200203200
2002032002
0020320020
0203200201
2032002013
0320020132
3200201323
2002013232
0020132322
0201323221
2013232213
0132322132
1323221322
3232213220
2322132201
3221322013
2213220131
2132201310
1322013100
3220131000
2201310002
2013100023
0131000233
1310002331
3100023310
1000233103
0002331031
0023310310
0233103100
2331031001
3310310013
3103100133
1031001331
0310013311
3100133111
1001331110
0013311100
0133111002
1331110020
3311100202
3111002022
1110020221
1100202211
1002022111
0020221110
0202211103
2022111031
0221110313
2211103132
2111031323
1110313232
1103132322
1031323221
0313232210
3132322103
1323221030
3232210303
2322103033
3221030332
2210303322
2103033220
1030332200
0303322000
3033220003
0332200031
3322000311
3220003110
2200031101
2000311010
0003110100
0031101001
0311010010
3110100103
1101001030
1010010302
0100103021
1001030211
0010302110
0103021103
1030211033
0302110333
3021103333
0211033333
2110333332
1103333323
1033333233
0333332333
3333323332
3333233320
3332333200
3323332000
3233320002
2333200020
3332000200
3320002003
3200020032
2000200323
0002003232
0020032321
0200323210
2003232101
0032321013
0323210133
3232101333
2321013333
3210133332
2101333321
1013333213
0133332133
1333321330
3333213300
3332133001
3321330010
3213300101
2133001010
1330010100
3300101002
3001010023
0010100232
0101002320
1010023202
0100232020
1002320203
0023202032
0232020321
2320203211
3202032110
2020321102
0203211021
2032110213
0321102132
3211021321
2110213210
1102132102
1021321020
0213210200
2132102000
1321020001
3210200010
2102000102
1020001023
0200010233
2000102332
0001023323
0010233232
0102332322
1023323223
0233232232
2332322320
3323223201
3232232013
2322320130
3223201302
2232013023
2320130232
3201302321
2013023213
0130232132
1302321323
3023213232
0232132323
2321323233
3213232333
2132323331
1323233311
3232333110
2323331102
3233311021
2333110213
3331102131
3311021311
3110213111
1102131110
1021311103
0213111032
2131110320
1311103200
3111032000
1110320000
1103200000
1032000001
0320000013
3200000131
2000001310
0000013101
0000131011
0001310111
0013101113
0131011132
1310111323
3101113232
1011132320
0111323202
1113232021
1132320213
1323202131
3232021311
2320213112
3202131122
2021311220
0213112203
2131122032
1311220323
3112203231
1122032310
1220323103
2203231032
2032310322
0323103221
3231032213
2310322132
3103221321
1032213213
0322132131
3221321311
2213213110
2132131103
1321311032
3213110322
2131103223
1311032230
3110322303
1103223031
1032230313
0322303133
3223031333
2230313331
2303133313
3031333133
0313331332
3133313322
1333133220
3331332202
3313322020
3133220203
1332202032
3322020323
3220203233
2202032333
2020323331
0203233311
2032333111
0323331113
3233311132
2333111322
3331113223
3311132231
3111322311
1113223113
1132231133
1322311332
3223113323
2231133231
2311332312
3113323120
1133231202
1332312020
3323120200
3231202001
2312020010
3120200100
1202001002
2020010020
0200100201
2001002013
0010020132
0100201322
1002013222
0020132220
0201322200
2013222002
0132220022
1322200220
3222002200
2220022001
2200220010
2002200102
0022001020
0220010202
2200102021
2001020210
0010202102
0102021022
1020210220
0202102200
2021022000
0210220001
2102200013
1022000131
0220001313
2200013132
2000131322
0001313221
0013132210
0131322101
1313221013
3132210133
1322101332
3221013322
2210133220
2101332200
1013322000
0133220000
1332200003
3322000030
3220000302
2200003020
2000030200
0000302000
0003020000
0030200002
0302000022
3020000220
0200002203
2000022033
0000220332
0002203322
0022033222
0220332222
2203322222
2033222223
0332222232
3322222323
3222223232
2222232322
2222323221
2223232210
2232322102
2323221020
3232210200
2322102002
3221020020
2210200203
2102002032
1020020321
0200203213
2002032131
0020321310
0203213102
2032131022
0321310221
3213102211
2131022113
1310221131
3102211313
1022113131
0221131310
2211313101
2113131012
1131310122
1313101220
3131012203
1310122032
3101220323
1012203230
0122032303
1220323031
2203230310
2032303102
0323031020
3230310201
2303102010
3031020102
0310201022
3102010223
1020102233
0201022333
2010223333
0102233332
1022333322
0223333221
2233332213
2333322133
3333221331
3332213310
3322133102
3221331020
2213310203
2133102033
1331020332
3310203323
3102033233
1020332330
0203323301
2033233010
0332330103
3323301031
3233010311
2330103113
3301031132
3010311322
0103113220
1031132200
0311322000
3113220002
1132200023
1322000233
3220002332
2200023322
2000233220
0002332203
0023322031
0233220310
2332203102
3322031020
3220310201
2203102012
2031020121
0310201211
3102012110
1020121103
0201211031
2012110310
0121103103
1211031033
2110310332
1103103321
1031033213
0310332133
3103321333
1033213333
0332133332
3321333320
3213333203
2133332030
1333320300
3333203003
3332030032
3320300323
3203003232
2030032323
0300323231
3003232310
0032323101
0323231013
3232310131
2323101310
3231013102
2310131021
3101310211
1013102113
0131021132
1310211322
3102113220
1021132201
0211322013
2113220132
1132201321
1322013213
3220132130
2201321303
2013213031
0132130313
1321303133
3213031330
2130313301
1303133010
3031330100
0313301003
3133010031
1330100310
3301003100
3010031003
0100310032
1003100320
0031003200
0310032002
3100320020
1003200202
0032002020
0320020200
3200202002
2002020020
0020200201
0202002010
2020020103
0200201031
2002010313
0020103131
0201031312
2010313120
0103131202
1031312020
0313120201
3131202010
1312020100
3120201001
1202010010
2020100102
0201001021
2010010211
0100102111
1001021112
0010211122
0102111220
1021112201
0211122012
2111220121
1112201210
1122012102
1220121022
2201210221
2012102210
0121022100
1210221003
2102210031
1022100313
0221003132
2210031321
2100313213
1003132131
0031321310
0313213101
3132131013
1321310132
3213101320
2131013200
1310132000
3101320002
1013200020
0132000202
1320002022
3200020221
2000202210
0002022102
0020221022
0202210222
2022102222
0221022222
2210222222
2102222220
1022222200
0222222002
2222220022
2222200222
2222002221
2220022210
2200222102
2002221020
0022210203
0222102033
2221020330
2210203301
2102033010
1020330102
0203301020
2033010202
0330102020
3301020202
3010202022
0102020221
1020202211
0202022110
2020221100
0202211001
2022110010
0221100101
2211001010
2110010102
1100101022
1001010220
0010102203
0101022031
1010220311
0102203113
1022031132
0220311321
2203113210
2031132101
0311321011
3113210110
1132101102
1321011023
3210110233
2101102332
1011023322
0110233221
1102332211
1023322113
0233221133
2332211332
3322113320
3221133200
2211332002
2113320020
1133200203
1332002031
3320020310
3200203103
2002031033
0020310332
0203103322
2031033221
0310332213
3103322131
1033221313
0332213133
3322131331
3221313310
2213133100
2131331003
1313310030
3133100301
1331003013
3310030133
3100301332
1003013323
0030133232
0301332322
3013323223
0133232232
1332322321
3323223213
3232232130
2322321300
3223213003
2232130032
2321300322
3213003220
2130032201
1300322011
3003220113
0032201131
0322011310
3220113100
2201131002
2011310022
0113100222
1131002221
1310022211
3100222111
1002221110
0022211101
0222111011
2221110111
2211101110
2111011102
1110111020
1101110201
1011102011
0111020111
1110201110
1102011100
1020111003
0201110032
2011100321
0111003210
1110032100
1100321003
1003210032
0032100320
0321003203
3210032032
2100320321
1003203211
0032032113
0320321130
3203211303
2032113030
0321130302
3211303022
2113030220
1130302200
1303022001
3030220013
0302200131
3022001311
0220013110
2200131100
2001311003
0013110031
0131100313
1311003131
3110031310
1100313102
1003131023
0031310232
0313102323
3131023230
1310232302
3102323023
1023230232
0232302322
2323023223
3230232230
2302322302
3023223022
0232230222
2322302220
3223022201
2230222012
2302220122
3022201220
0222012202
2220122022
2201220222
2012202223
0122022230
1220222300
2202223003
2022230033
0222300333
2223003333
2230033331
2300333311
3003333110
0033331102
0333311022
3333110223
3331102232
3311022323
3110223230
1102232301
1022323010
0223230100
2232301002
2323010023
3230100232
2301002323
3010023232
0100232322
1002323220
0023232202
0232322020
2323220202
3232202023
2322020232
3220202321
2202023211
2020232110
0202321102
2023211021
0232110210
2321102100
3211021001
2110210011
1102100110
1021001100
0210011003
2100110030
1001100301
0011003013
0110030133
1100301330
1003013301
0030133010
0301330102
3013301020
0133010202
1330102023
3301020231
3010202313
0102023131
1020231312
0202313122
2023131222
0231312221
2313122213
3131222130
1312221303
3122213032
1222130322
2221303222
2213032222
2130322221
1303222210
3032222103
0322221031
3222210311
2222103112
2221031122
2210311223
2103112232
1031122322
0311223221
3112232210
1122322100
1223221000
2232210002
2322100022
3221000222
2210002220
2100022200
1000222002
0002220020
0022200200
0222002001
2220020010
2200200102
2002001023
0020010230
0200102303
2001023031
0010230310
0102303103
1023031032
0230310320
2303103202
3031032022
0310320223
3103202231
1032022310
0320223101
3202231010
2022310103
0223101032
2231010322
2310103223
3101032232
1010322323
0103223232
1032232323
0322323231
3223232313
2232323132
2323231323
3232313232
2323132322
3231323223
2313232233
3132322332
1323223322
3232233220
2322332200
3223322003
2233220030
2332200303
3322003033
3220030333
2200303330
2003033302
0030333020
0303330201
3033302013
0333020131
3330201311
3302013110
3020131102
0201311020
2013110200
0131102000
1311020000
3110200000
1102000001
1020000012
0200000120
2000001203
0000012030
0000120300
0001203001
0012030013
0120300133
1203001332
2030013323
0300133230
3001332303
0013323030
0133230303
1332303033
3323030333
3230303333
2303033332
3030333322
0303333223
3033332232
0333322322
3333223222
3332232220
3322322201
3223222010
2232220100
2322201001
3222010010
2220100100
2201001002
2010010022
0100100220
1001002202
0010022020
0100220200
1002202002
0022020020
0220200203
2202002032
2020020321
0200203211
2002032113
0020321132
0203211321
2032113211
0321132111
3211321113
2113211130
1132111302
1321113023
3211130230
2111302301
1113023013
1130230131
1302301313
3023013132
0230131320
2301313201
3013132011
0131320110
1313201100
3132011001
1320110011
3201100110
2011001100
0110011002
1100110023
1001100233
0011002330
0110023303
1100233030
1002330301
0023303010
0233030102
2330301020
3303010200
3030102002
0301020022
3010200223
0102002231
1020022313
0200223132
2002231321
0022313210
0223132103
2231321033
2313210332
3132103322
1321033220
3210332202
2103322020
1033220202
0332202020
3322020200
3220202003
2202020030
2020200300
0202003003
2020030032
0200300323
2003003233
0030032332
0300323323
3003233233
0032332332
0323323320
3233233200
2332332002
3323320020
3233200203
2332002032
3320020320
3200203200
2002032000
0020320003
0203200033
2032000330
0320003300
3200033000
2000330002
0003300023
0033000230
0330002300
3300023000
3000230003
0002300030
0023000300
0230003002
2300030020
3000300202
0003002023
0030020232
0300202323
3002023231
0020232313
0202323130
2023231303
0232313032
2323130320
3231303200
2313032003
3130320032
1303200322
3032003222
0320032221
3200322213
2003222132
0032221322
0322213220
3222132202
2221322022
2213220223
2132202232
1322022322
3220223223
2202232232
2022322322
0223223223
2232232232
2322322322
3223223220
2232232202
2322322022
3223220223
2232202232
2322022322
3220223220
2202232202
2022322022
0223220220
2232202202
2322022021
3220220210
2202202100
2022021001
0220210013
2202100133
2021001330
0210013303
2100133030
1001330303
0013303030
0133030303
1330303033
3303030333
3030303330
0303033300
3030333002
0303330020
3033300203
0333002032
3330020322
3300203220
3002032200
0020322000
0203220000
2032200003
0322000032
3220000322
2200003220
2000032200
0000322000
0003220002
0032200021
0322000211
3220002110
2200021102
2000211023
0002110231
0021102311
0211023111
2110231111
1102311113
1023111133
0231111332
2311113320
3111133203
1111332033
1113320332
1133203323
1332033233
3320332332
3203323321
2033233210
0332332102
3323321021
3233210210
2332102102
3321021022
3210210220
2102102202
1021022022
0210220223
2102202232
1022022322
0220223223
2202232232
2022322322
0223223221
2232232210
2322322100
3223221002
2232210022
2322100221
3221002211
2210022113
2100221130
1002211301
0022113010
0221130102
2211301022
2113010222
1130102220
1301022201
3010222010
0102220100
1022201000
0222010002
2220100021
2201000210
2010002103
0100021030
1000210303
0002103030
0021030301
0210303010
2103030103
1030301033
0303010333
3030103331
0301033310
3010333101
0103331011
1033310110
0333101100
3331011002
3310110020
3101100200
1011002000
0110020000
1100200000
1002000001
0020000013
0200000132
2000001322
0000013220
0000132202
0001322020
0013220200
0132202003
1322020032
3220200320
2202003201
2020032010
0200320101
2003201010
0032010103
0320101031
3201010313
2010103132
0101031323
1010313233
0103132331
1031323311
0313233110
3132331102
1323311022
3233110222
2331102221
3311022213
3110222131
1102221310
1022213102
0222131023
2221310232
2213102322
2131023222
1310232220
3102322200
1023222000
0232220001
2322200011
3222000110
2220001102
2200011022
2000110220
0001102202
0011022021
0110220211
1102202112
1022021121
0220211210
2202112102
2021121022
0211210223
2112102232
1121022322
1210223223
2102232232
1022322322
0223223220
2232232202
2322322022
3223220223
2232202232
2322022322
3220223221
2202232213
2022322132
0223221322
2232213220
2322132200
3221322003
2213220032
2132200320
1322003203
3220032030
2200320300
2003203001
0032030010
0320300101
3203001013
2030010133
0300101331
3001013311
0010133113
0101331133
1013311331
0133113311
1331133113
3311331131
3113311313
1133113132
1331131322
3311313223
3113132231
1131322312
1313223122
3132231222
1322312220
3223122200
2231222000
2312220000
3122200003
1222000031
2220000311
2200003113
2000031133
0000311332
0003113321
0031133213
0311332132
3113321322
1133213220
1332132200
3321322002
3213220022
2132200221
1322002212
3220022121
2200221213
2002212130
0022121301
0221213011
2212130112
2121301122
1213011220
2130112202
1301122022
3011220220
0112202200
1122022000
1220220000
2202200003
2022000031
0220000311
2200003113
2000031132
0000311321
0003113211
0031132111
0311321111
3113211111
1132111110
1321111102
3211111022
2111110221
1111102211
1111022110
1110221103
1102211032
1022110320
0221103200
2211032002
2110320020
1103200200
1032002002
0320020023
3200200232
2002002322
0020023222
0200232222
2002322222
0023222223
0232222232
2322222322
3222223222
2222232220
2222322202
2223222020
2232220201
2322202010
3222020100
2220201002
2202010020
2020100202
0201002022
2010020222
0100202222
1002022222
0020222223
0202222233
2022222333
0222223331
2222233312
2222333122
2223331220
2233312202
2333122022
3331220222
3312202222
3122022222
1220222223
2202222232
2022222322
0222223220
2222232202
2222322022
2223220222
2232202222
2322022222
3220222222
2202222223
2022222232
0222222321
2222223213
2222232131
2222321311
2223213113
2232131131
2321311310
3213113102
2131131022
1311310223
3113102232
1131022322
1310223220
3102232202
1022322022
0223220220
2232202202
2322022022
3220220221
2202202212
2022022122
0220221220
2202212202
2022122022
0221220220
2212202203
2122022030
1220220303
2202203030
2022030303
0220303030
2203030302
2030303022
0303030223
3030302232
0303022322
3030223221
0302232210
3022322100
0223221003
2232210032
2322100321
3221003210
2210032102
2100321021
1003210210
0032102102
0321021020
3210210200
2102102000
1021020000
0210200001
2102000010
1020000100
0200001003
2000010032
0000100320
0001003201
0010032011
0100320111
1003201110
0032011102
0320111020
3201110202
2011102020
0111020203
1110202032
1102020322
1020203220
0202032203
2020322032
0203220322
2032203220
0322032202
3220322020
2203220200
2032202002
0322020020
3220200203
2202002032
2020020322
0200203223
2002032232
0020322321
0203223210
2032232103
0322321031
3223210313
2232103133
2321031333
3210313333
2103133330
1031333303
0313333033
3133330330
1333303300
3333033003
3330330030
3303300300
3033003003
0330030031
3300300310
3003003102
0030031023
0300310230
3003102303
0031023032
0310230322
3102303223
1023032233
0230322331
2303223310
3032233103
0322331033
3223310332
2233103323
2331033230
3310332301
3103323010
1033230101
0332301011
3323010111
3230101111
2301011110
3010111102
0101111021
1011110210
0111102103
1111021033
1110210330
1102103300
1021033000
0210330000
2103300002
1033000023
0330000232
3300002320
3000023201
0000232010
0002320102
0023201020
0232010203
2320102032
3201020322
2010203222
0102032221
1020322210
0203222103
2032221032
0322210322
3222103221
2221032212
2210322120
2103221200
1032212002
0322120023
3221200231
2212002312
2120023120
1200231200
2002312000
0023120003
0231200031
2312000310
3120003100
1200031000
2000310002
0003100023
0031000232
0310002321
3100023210
1000232103
0002321032
0023210323
0232103232
2321032320
3210323200
2103232001
1032320013
0323200132
3232001323
2320013230
3200132302
2001323021
0013230211
0132302110
1323021101
3230211013
2302110132
3021101323
0211013232
2110132320
1101323203
1013232031
0132320310
1323203101
3232031012
2320310120
3203101203
2031012030
0310120303
3101203032
1012030323
0120303232
1203032321
2030323211
0303232110
3032321101
0323211010
3232110103
2321101033
3211010332
2110103320
1101033203
1010332030
0103320303
1033203032
0332030320
3320303200
3203032002
2030320020
0303200201
3032002010
0320020101
3200201010
2002010102
0020101022
0201010220
2010102202
0101022022
1010220223
0102202233
1022022330
0220223303
2202233033
2022330333
0223303332
2233033321
2330333210
3303332103
3033321030
0333210303
3332103032
3321030323
3210303232
2103032323
1030323233
0303232333
3032323333
0323233331
3232333312
2323333122
3233331222
2333312223
3333122230
3331222303
3312223032
3122230323
1222303232
2223032323
2230323233
2303232332
3032323322
0323233221
3232332213
2323322132
3233221320
2332213203
3322132032
3221320320
2213203203
2132032032
1320320322
3203203223
2032032232
0320322323
3203223231
2032232313
0322323131
3223231313
2232313133
2323131332
3231313321
2313133210
3131332103
1313321030
3133210302
1332103021
3321030213
3210302132
2103021320
1030213202
0302132021
3021320211
0213202113
2132021132
1320211323
3202113230
2021132301
0211323013
2113230132
1132301321
1323013211
3230132113
2301321130
3013211301
0132113012
1321130120
3211301200
2113012002
1130120020
1301200200
3012002003
0120020031
1200200311
2002003113
0020031133
0200311331
2003113311
0031133111
0311331113
3113311131
1133111313
1331113131
3311131311
3111313113
1113131133
1131311332
1313113322
3131133223
1311332231
3113322313
1133223133
1332231332
3322313323
3223133231
2231332313
2313323132
3133231323
1332313230
3323132302
3231323023
2313230232
3132302320
1323023201
3230232010
2302320103
3023201031
0232010313
2320103132
3201031321
2010313211
0103132111
1031321113
0313211131
3132111312
1321113123
3211131233
2111312332
1113123321
1131233213
1312332132
3123321321
1233213213
2332132131
3321321313
3213213132
2132131320
1321313203
3213132031
2131320311
1313203113
3132031130
1320311302
3203113021
2031130211
0311302113
3113021133
1130211333
1302113333
3021133331
0211333313
2113333132
1133331322
1333313222
3333132220
3331322203
3313222031
3132220310
1322203103
3222031032
2220310320
2203103203
2031032030
0310320302
3103203023
1032030232
0320302323
3203023230
2030232301
0302323011
3023230112
0232301123
2323011231
3230112312
2301123122
3011231220
0112312200
1123122000
1231220001
2312200010
3122000101
1220001011
2200010110
2000101102
0001011022
0010110220
0101102200
1011022001
0110220013
1102200132
1022001321
0220013210
2200132100
2001321002
0013210021
0132100213
1321002130
3210021303
2100213032
1002130321
0021303210
0213032102
2130321020
1303210203
3032102032
0321020322
3210203220
2102032202
1020322023
0203220233
2032202330
0322023301
3220233010
2202330102
2023301020
0233010202
2330102021
3301020211
3010202111
0102021111
1020211112
0202111120
2021111202
0211112023
2111120230
1111202303
1112023030
1120230300
1202303000
2023030001
0230300013
2303000132
3030001320
0300013202
3000132021
0001320210
0013202100
0132021002
1320210021
3202100213
2021002132
0210021321
2100213212
1002132121
0021321210
0213212101
2132121011
1321210113
3212101131
2121011311
1210113110
2101131101
1011311011
0113110110
1131101103
1311011033
3110110330
1101103303
1011033032
0110330320
1103303201
1033032013
0330320132
3303201320
3032013201
0320132013
3201320130
2013201301
0132013010
1320130100
3201301001
2013010011
0130100111
1301001111
3010011110
0100111100
1001111003
0011110033
0111100330
1111003303
1110033033
1100330332
1003303321
0033033213
0330332133
3303321333
3033213332
0332133321
3321333210
3213332102
2133321022
1333210222
3332102220
3321022200
3210222002
2102220020
1022200201
0222002011
2220020110
2200201101
2002011010
0020110103
0201101031
2011010311
0110103110
1101031103
1010311033
0103110330
1031103302
0311033023
3110330232
1103302320
1033023201
0330232011
3302320113
3023201131
0232011310
2320113100
3201131000
2011310002
0113100020
1131000202
1310002022
3100020223
1000202232
0002022321
0020223211
0202232111
2022321111
0223211112
2232111122
2321111220
3211112200
2111122000
1111220000
1112200000
1122000003
1220000030
2200000303
2000003031
0000030313
0000303131
0003031313
0030313133
0303131333
3031313332
0313133320
3131333203
1313332030
3133320300
1333203002
3332030022
3320300222
3203002222
2030022223
0300222233
3002222333
0022223330
0222233302
2222333022
2223330221
2233302211
2333022110
3330221103
3302211032
3022110322
0221103220
2211032202
2110322021
1103220211
1032202113
0322021133
3220211333
2202113332
2021133322
0211333222
2113332222
1133322220
1333222202
3332222022
3322220223
3222202232
2222022323
2220223230
2202232301
2022323012
0223230120
2232301200
2323012002
3230120022
2301200223
3012002231
0120022310
1200223102
2002231022
0022310223
0223102232
2231022322
2310223223
3102232233
1022322332
0223223322
2232233223
2322332230
3223322303
2233223031
2332230311
3322303111
3223031111
2230311110
2303111102
3031111021
0311110212
3111102120
1111021201
1110212011
1102120111
1021201111
0212011110
2120111102
1201111023
2011110231
0111102311
1111023111
1110231113
1102311133
1023111332
0231113321
2311133210
3111332100
1113321002
1133210023
1332100232
3321002322
3210023221
2100232213
1002322132
0023221323
0232213230
2322132300
3221323000
2213230000
2132300000
1323000001
3230000013
2300000133
3000001333
0000013332
0000133321
0001333211
0013332110
0133321102
1333211020
3332110202
3321102022
3211020223
2110202233
1102022333
1020223332
0202233323
2022333233
0223332331
2233323310
2333233102
3332331020
3323310202
3233102021
2331020210
3310202100
3102021002
1020210020
0202100201
2021002012
0210020120
2100201202
1002012021
0020120213
0201202132
2012021322
0120213220
1202132203
2021322033
0213220333
2132203331
1322033311
3220333113
2203331131
2033311310
0333113103
3331131032
3311310322
3113103220
1131032200
1310322002
3103220021
1032200213
0322002131
3220021313
2200213130
2002131300
0021313003
0213130030
2131300300
1313003003
3130030031
1300300310
3003003102
0030031021
0300310210
3003102100
0031021002
0310210023
3102100233
1021002331
0210023310
2100233100
1002331001
0023310011
0233100110
2331001103
3310011031
3100110310
1001103102
0011031020
0110310200
1103102003
1031020030
0310200303
3102003031
1020030312
0200303123
2003031232
0030312321
0303123212
3031232121
0312321213
3123212132
1232121321
2321213210
3212132103
2121321033
1213210332
2132103322
1321033222
3210332222
2103322223
1033222232
0332222320
3322223202
3222232021
2222320213
2223202133
2232021332
2320213321
3202133210
2021332102
0213321022
2133210221
1332102213
3321022131
3210221313
2102213132
1022131321
0221313211
2213132110
2131321101
1313211012
3132110121
1321101213
3211012133
2110121333
1101213330
1012133303
0121333033
1213330331
2133303313
1333033132
3330331321
3303313213
3033132132
0331321322
3313213220
3132132200
1321322001
3213220013
2132200131
1322001310
3220013103
2200131032
2001310322
0013103221
0131032213
1310322132
3103221322
1032213220
0322132202
3221322022
2213220220
2132202202
1322022020
3220220201
2202202013
2022020133
0220201332
2202013320
2020133200
0201332000
2013320003
0133200031
1332000313
3320003133
3200031333
2000313331
0003133311
0031333113
0313331132
3133311320
1333113202
3331132022
3311320222
3113202220
1132022202
1320222020
3202220201
2022202010
0222020101
2220201012
2202010122
2020101221
0201012211
2010122112
0101221120
1012211202
0122112022
1221120221
2211202211
2112022112
1120221120
1202211202
2022112021
0221120211
2211202110
2112021101
1120211011
1202110111
2021101111
0211011113
2110111131
1101111313
1011113133
0111131331
1111313313
1113133131
1131331313
1313313130
3133131300
1331313002
3313130021
3131300210
1313002103
3130021032
1300210321
3002103213
0021032132
0210321322
2103213220
1032132201
0321322013
3213220133
2132201332
1322013321
3220133213
2201332130
2013321301
0133213010
1332130103
3321301032
3213010323
2130103232
1301032322
3010323221
0103232213
1032322131
0323221312
3232213121
2322131212
3221312120
2213121201
2131212010
1312120103
3121201033
1212010332
2120103321
1201033213
2010332133
0103321332
1033213321
0332133212
3321332122
3213321221
2133212213
1332122132
3321221323
3212213231
2122132310
1221323100
2213231003
2132310030
1323100303
3231003031
2310030313
3100303132
1003031322
0030313220
0303132200
3031322002
0313220020
3132200200
1322002000
3220020000
2200200003
2002000031
0020000310
0200003101
2000031013
0000310133
0003101331
0031013310
0310133103
3101331031
1013310311
0133103110
1331031101
3310311010
3103110102
1031101020
0311010202
3110102020
1101020201
1010202010
0102020103
1020201031
0202010312
2020103121
0201031213
2010312132
0103121321
1031213213
0312132131
3121321312
1213213120
2132131200
1321312000
3213120003
2131200033
1312000332
3120003321
1200033211
2000332113
0003321131
0033211311
0332113113
3321131133
3211311330
2113113301
1131133010
1311330103
3113301032
1133010323
1330103230
3301032300
3010323000
0103230002
1032300022
0323000221
3230002211
2300022111
3000221113
0002211132
0022111322
0221113222
2211132220
2111322202
1113222020
1132220200
1322202003
3222020030
2220200302
2202003021
2020030213
0200302130
2003021300
0030213000
0302130000
3021300003
0213000033
2130000332
1300003322
3000033220
0000332202
0003322020
0033220203
0332202033
3322020333
3220203333
2202033332
2020333322
0203333222
2033332220
0333322203
3333222032
3332220322
3322203221
3222032211
2220322111
2203221112
2032211122
0322111222
3221112220
2211122201
2111222010
1112220103
1122201030
1222010303
2220103030
2201030301
2010303010
0103030102
1030301020
0303010202
3030102021
0301020211
3010202110
0102021102
1020211023
0202110233
2021102330
0211023301
2110233013
1102330130
1023301303
0233013030
2330130302
3301303020
3013030200
0130302000
1303020000
3030200002
0302000022
3020000220
0200002202
2000022022
0000220222
0002202223
0022022232
0220222323
2202223232
2022232321
0222323210
2223232100
2232321003
2323210032
3232100321
2321003213
3210032131
2100321311
1003213111
0032131113
0321311132
3213111323
2131113231
1311132310
3111323100
1113231002
1132310023
1323100232
3231002322
2310023220
3100232203
1002322032
0023220321
0232203211
2322032111
3220321111
2203211111
2032111111
0321111112
3211111120
2111111202
1111112022
1111120221
1111202211
1112022113
1120221133
1202211331
2022113310
0221133103
2211331032
2113310322
1133103220
1331032200
3310322002
3103220022
1032200222
0322002220
3220022203
2200222030
2002220303
0022203033
0222030333
2220303330
2203033301
2030333012
0303330123
3033301231
0333012311
3330123110
3301231100
3012311000
0123110000
1231100001
2311000012
3110000122
1100001220
1000012203
0000122030
0001220301
0012203011
0122030113
1220301132
2203011322
2030113223
0301132231
3011322310
0113223103
1132231033
1322310333
3223103332
2231033322
2310333220
3103332202
1033322023
0333220232
3332202323
3322023233
3220232332
2202323321
2023233213
0232332132
2323321323
3233213232
2332132322
3321323222
3213232220
2132322200
1323222000
3232220003
2322200030
3222000303
2220003033
2200030331
2000303313
0003033131
0030331313
0303313131
3033131313
0331313131
3313131312
3131313122
1313131220
3131312203
1313122030
3131220303
1312203030
3122030303
1220303032
2203030321
2030303211
0303032111
3030321113
0303211130
3032111303
0321113031
3211130311
2111303111
1113031110
1130311102
1303111021
3031110210
0311102100
3111021000
1110210000
1102100002
1021000023
0210000230
2100002300
1000023001
0000230011
0002300110
0023001102
0230011022
2300110220
3001102202
0011022022
0110220223
1102202231
1022022313
0220223133
2202231332
2022313322
0223133220
2231332202
2313322023
3133220233
1332202331
3322023312
3220233123
2202331230
2023312300
0233123001
2331230010
3312300100
3123001002
1230010023
2300100232
3001002322
0010023220
0100232202
1002322022
0023220220
0232202200
2322022002
3220220022
2202200220
2022002203
0220022032
2200220322
2002203220
0022032203
0220322031
2203220311
2032203110
0322031101
3220311011
2203110111
2031101110
0311011100
3110111000
1101110000
1011100000
0111000001
1110000013
1100000132
1000001321
0000013211
0000132111
0001321111
0013211112
0132111122
1321111221
3211112211
2111122111
1111221113
1112211132
1122111323
1221113232
2211132323
2111323230
1113232303
1132323031
1323230312
3232303120
2323031200
3230312003
2303120030
3031200300
0312003003
3120030032
1200300320
2003003201
0030032010
0300320101
3003201010
0032010100
0320101003
3201010032
2010100321
0101003213
1010032132
0100321322
1003213221
0032132210
0321322100
3213221001
2132210010
1322100101
3221001011
2210010110
2100101102
1001011021
0010110211
0101102113
1011021132
0110211320
1102113200
1021132002
0211320020
2113200201
1132002011
1320020112
3200201122
2002011221
0020112211
0201122110
2011221100
0112211000
1122110001
1221100013
2211000133
2110001333
1100013332
1000133321
0001333211
0013332110
0133321103
1333211030
3332110300
3321103003
3211030030
2110300303
1103003033
1030030332
0300303322
3003033220
0030332202
0303322020
3033220202
0332202022
3322020220
3220202203
2202022033
2020220332
0202203320
2022033200
0220332003
2203320030
2033200301
0332003013
3320030132
3200301321
2003013210
0030132101
0301321013
3013210131
0132101310
1321013102
3210131022
2101310220
1013102203
0131022031
1310220311
3102203113
1022031132
0220311320
2203113203
2031132032
0311320323
3113203232
1132032320
1320323203
3203232031
2032320310
0323203100
3232031001
2320310010
3203100101
2031001010
0310010102
3100101023
1001010233
0010102331
0101023313
1010233132
0102331321
1023313211
0233132110
2331321102
3313211023
3132110232
1321102322
3211023220
2110232200
1102322003
1023220030
0232200303
2322003032
3220030322
2200303221
2003032211
0030322111
0303221111
3032211113
0322111132
3221111321
2211113210
2111132103
1111321033
1113210332
1132103320
1321033202
3210332022
2103320220
1033202202
0332022022
3320220220
3202202200
2022022002
0220220020
2202200200
2022002000
0220020000
2200200002
2002000022
0020000223
0200002231
2000022311
0000223111
0002231113
0022311132
0223111323
2231113232
2311132321
3111323212
1113232121
1132321211
1323212111
3232121113
2321211132
3212111320
2121113200
1211132002
2111320020
1113200201
1132002011
1320020111
3200201113
2002011132
0020111320
0201113200
2011132002
0111320021
1113200210
1132002100
1320021003
3200210031
2002100311
0021003111
0210031113
2100311131
1003111311
0031113112
0311131123
3111311233
1113112332
1131123321
1311233213
3112332130
1123321302
1233213023
2332130231
3321302313
3213023133
2130231332
1302313321
3023133211
0231332112
2313321121
3133211210
1332112102
3321121021
3211210210
2112102100
1121021002
1210210020
2102100202
1021002020
0210020200
2100202000
1002020000
0020200000
0202000000
2020000002
0200000022
2000000223
0000002232
0000022323
0000223233
0002232332
0022323320
0223233202
2232332021
2323320210
3233202102
2332021021
3320210213
3202102131
2021021311
0210213113
2102131132
1021311321
0213113211
2131132113
1311321133
3113211331
1132113311
1321133111
3211331111
2113311110
1133111101
1331111011
3311110110
3111101103
1111011031
1110110311
1101103113
1011031133
0110311332
1103113322
1031133221
0311332211
3113322113
1133221133
1332211330
3322113302
3221133021
2211330211
2113302110
1133021103
1330211031
3302110312
3021103121
0211031213
2110312130
1103121301
1031213010
0312130102
3121301022
1213010222
2130102220
1301022200
3010222002
0102220022
1022200221
0222002213
2220022131
2200221313
2002213132
0022131322
0221313223
2213132232
2131322320
1313223200
3132232000
1322320002
3223200021
2232000210
2320002102
3200021021
2000210213
0002102130
0021021302
0210213023
2102130232
1021302323
0213023231
2130232312
1302323120
3023231203
0232312031
2323120311
3231203110
2312031103
3120311031
1203110310
2031103102
0311031023
3110310231
1103102313
1031023132
0310231323
3102313232
1023132321
0231323213
2313232130
3132321300
1323213003
3232130030
2321300301
3213003010
2130030101
1300301010
3003010102
0030101022
0301010221
3010102211
0101022111
1010221111
0102211111
1022111111
0221111113
2211111132
2111111322
1111113220
1111132200
1111322002
1113220022
1132200222
1322002222
3220022222
2200222220
2002222201
0022222010
0222220103
2222201032
2222010323
2220103231
2201032310
2010323100
0103231001
1032310010
0323100103
3231001032
2310010322
3100103221
1001032212
0010322123
0103221230
1032212301
0322123010
3221230101
2212301013
2123010131
1230101310
2301013102
3010131023
0101310231
1013102311
0131023110
1310231100
3102311003
1023110031
0231100311
2311003111
3110031112
1100311121
1003111211
0031112110
0311121101
3111211013
1112110132
1121101320
1211013202
2110132021
1101320213
1013202131
0132021311
1320213110
3202131101
2021311010
0213110100
2131101000
1311010002
3110100022
1101000221
1010002211
0100022112
1000221120
0002211202
0022112022
0221120222
2211202223
2112022231
1120222311
1202223110
2022231102
0222311020
2223110200
2231102000
2311020001
3110200010
1102000100
1020001002
0200010021
2000100211
0001002113
0010021130
0100211301
1002113011
0021130110
0211301100
2113011001
1130110011
1301100113
3011001131
0110011313
1100113132
1001131322
0011313220
0113132200
1131322001
1313220011
3132200111
1322001110
3220011100
2200111001
2001110011
0011100113
0111001130
1110011301
1100113012
1001130122
0011301221
0113012213
1130122131
1301221311
3012213113
0122131132
1221311322
2213113223
2131132233
1311322333
3113223333
1132233331
1322333310
3223333102
2233331020
2333310202
3333102020
3331020200
3310202002
3102020021
1020200211
0202002111
2020021110
0200211103
2002111033
0021110332
0211103323
2111033231
1110332310
1103323100
1033231000
0332310000
3323100000
3231000001
2310000010
3100000101
1000001013
0000010133
0000101331
0001013310
0010133101
0101331010
1013310102
0133101022
1331010221
3310102212
3101022122
1010221220
0102212202
1022122020
0221220200
2212202000
2122020002
1220200020
2202000202
2020002022
0200020221
2000202210
0002022100
0020221001
0202210013
2022100132
0221001320
2210013202
2100132020
1001320202
0013202022
0132020222
1320202220
3202022200
2020222002
0202220022
2022200223
0222002231
2220022311
2200223112
2002231122
0022311222
0223112222
2231122221
2311222210
3112222103
1122221032
1222210320
2222103200
2221032002
2210320022
2103200222
1032002220
0320022200
3200222001
2002220013
0022200132
0222001323
2220013230
2200132301
2001323013
0013230133
0132301333
1323013332
3230133322
2301333222
3013332222
0133322221
1333222211
3332222112
3322221120
3222211202
2222112021
2221120210
2211202103
2112021033
1120210332
1202103323
2021033232
0210332320
2103323201
1033232013
0332320132
3323201322
3232013220
2320132200
3201322002
2013220022
0132200221
1322002213
3220022132
2200221321
2002213211
0022132110
0221321100
2213211002
2132110021
1321100213
3211002131
2110021311
1100213113
1002131131
0021311311
0213113111
2131131113
1311311133
3113111331
1131113313
1311133133
3111331331
1113313313
1133133130
1331331302
3313313020
3133130200
1331302001
3313020011
3130200110
1302001103
3020011031
0200110313
2001103133
0011031331
0110313312
1103133121
1031331213
0313312132
3133121320
1331213201
3312132010
3121320102
1213201021
2132010211
1320102110
3201021102
2010211021
0102110212
1021102123
0211021233
2110212330
1102123300
1021233002
0212330022
2123300220
1233002200
2330022002
3300220023
3002200232
0022002321
0220023211
2200232113
2002321131
0023211313
0232113132
2321131323
3211313233
2113132331
1131323310
1313233102
3132331022
1323310221
3233102213
2331022131
3310221311
3102213112
1022131121
0221311211
2213112110
2131121103
1311211033
3112110333
1121103331
1211033311
2110333111
1103331110
1033311103
0333111032
3331110323
3311103232
3111032322
1110323220
1103232200
1032322000
0323220001
3232200012
2322000123
3220001233
2200012330
2000123300
0001233001
0012330013
0123300130
1233001303
2330013032
3300130322
3001303220
0013032203
0130322030
1303220301
3032203011
0322030110
3220301100
2203011001
2030110010
0301100102
3011001021
0110010210
1100102102
1001021022
0010210222
0102102221
1021022213
0210222133
2102221332
1022213321
0222133211
2221332111
2213321113
2133211133
1332111332
3321113322
3211133220
2111332200
1113322000
1133220001
1332200013
3322000133
3220001331
2200013312
2000133122
0001331221
0013312211
0133122111
1331221111
3312211110
3122111103
1221111031
2211110311
2111103113
1111031133
1110311332
1103113323
1031133232
0311332321
3113323211
1133232110
1332321102
3323211021
3232110210
2321102102
3211021021
2110210213
1102102132
1021021321
0210213212
2102132120
1021321202
0213212022
2132120222
1321202221
3212022211
2120222111
1202221113
2022211131
0222111311
2221113111
2211131111
2111311113
1113111133
1131111330
1311113302
3111133022
1111330220
1113302200
1133022001
1330220010
3302200100
3022001002
0220010022
2200100221
2001002211
0010022110
0100221100
1002211001
0022110013
0221100131
2211001311
2110013111
1100131111
1001311111
0013111111
0131111110
1311111101
3111111011
1111110110
1111101102
1111011022
1110110222
1101102221
1011022211
0110222111
1102221111
1022211111
0222111112
2221111122
2211111220
2111112200
1111122000
1111220000
1112200001
1122000010
1220000103
2200001031
2000010313
0000103131
0001031310
0010313103
0103131031
1031310311
0313103113
3131031133
1310311333
3103113333
1031133332
0311333320
3113333201
1133332013
1333320131
3333201313
3332013131
3320131313
3201313133
2013131331
0131313311
1313133111
3131331112
1313311123
3133111232
1331112323
3311123232
3111232320
1112323201
1123232013
1232320131
2323201312
3232013123
2320131230
3201312300
2013123002
0131230021
1312300211
3123002113
1230021133
2300211332
3002113322
0021133223
0211332232
2113322321
1133223210
1332232100
3322321000
3223210001
2232100012
2321000123
3210001233
2100012332
1000123321
0001233213
0012332132
0123321323
1233213231
2332132310
3321323101
3213231011
2132310113
1323101130
3231011300
2310113000
3101130001
1011300010
0113000100
1130001002
1300010021
3000100210
0001002101
0010021012
0100210120
1002101202
0021012020
0210120202
2101202021
1012020210
0120202102
1202021020
2020210200
0202102001
2021020010
0210200100
2102001002
1020010020
0200100203
2001002032
0010020321
0100203211
1002032111
0020321113
0203211133
2032111331
0321113313
3211133132
2111331322
1113313223
1133132230
1331322300
3313223003
3132230032
1322300323
3223003232
2230032321
2300323211
3003232110
0032321100
0323211003
3232110032
2321100321
3211003212
2110032121
1100321213
1003212131
0032121313
0321213132
3212131320
2121313200
1213132002
2131320023
1313200232
3132002321
1320023211
3200232110
2002321101
0023211011
0232110111
2321101113
3211011133
2110111332
1101113322
1011133220
0111332200
1113322002
1133220021
1332200213
3322002131
3220021313
2200213132
2002131321
0021313213
0213132133
2131321333
1313213333
3132133331
1321333312
3213333120
2133331200
1333312001
3333120011
3331200113
3312001132
3120011321
1200113210
2001132100
0011321002
0113210020
1132100200
1321002002
3210020021
2100200213
1002002133
0020021331
0200213311
2002133112
0021331123
0213311233
2133112333
1331123332
3311233323
3112333231
1123332310
1233323102
2333231020
3332310202
3323102023
3231020232
2310202321
3102023210
1020232101
0202321010
2023210101
0232101010
2321010101
3210101011
2101010111
1010101111
0101011113
1010111133
0101111330
1011113301
0111133010
1111330101
1113301010
1133010101
1330101010
3301010101
3010101010
0101010101
1010101013
0101010131
1010101312
0101013120
1010131200
0101312000
1013120001
0131200010
1312000101
3120001011
1200010111
2000101112
0001011120
0010111202
0101112022
1011120220
0111202201
1112022010
1120220100
1202201001
2022010010
0220100102
2201001023
2010010230
0100102303
1001023033
0010230330
0102303303
1023033031
0230330313
2303303132
3033031321
0330313210
3303132100
3031321002
0313210022
3132100221
1321002211
3210022111
2100221111
1002211110
0022111101
0221111013
2211110131
2111101313
1111013131
1110131310
1101313102
1013131023
0131310233
1313102332
3131023321
1310233210
3102332103
1023321030
0233210300
2332103000
3321030002
3210300023
2103000231
1030002310
0300023103
3000231031
0002310313
0023103132
0231031321
2310313210
3103132103
1031321032
0313210322
3132103223
1321032233
3210322332
2103223323
1032233233
0322332331
3223323313
2233233131
2332331313
3323313132
3233131323
2331313232
3313132321
3131323211
1313232111
3132321113
1323211133
3232111331
2321113311
3211133111
2111331113
1113311132
1133111323
1331113232
3311132321
3111323212
1113232121
1132321213
1323212132
3232121321
2321213213
3212132133
2121321331
1213213311
2132133113
1321331133
3213311331
2133113313
1331133131
3311331313
3113313132
1133131323
1331313233
3313132332
3131323323
1313233233
3132332333
1323323330
3233233303
2332333032
3323330323
3233303232
2333032321
3330323211
3303232112
3032321123
0323211233
3232112333
2321123331
3211233310
2112333100
1123331002
1233310020
2333100201
3331002013
3310020131
3100201310
1002013101
0020131013
0201310132
2013101323
0131013231
1310132310
3101323101
1013231012
0132310120
1323101202
3231012023
2310120232
3101202323
1012023233
0120232333
1202323330
2023233300
0232333003
2323330032
3233300323
2333003231
3330032313
3300323132
3003231322
0032313222
0323132222
3231322220
2313222203
3132222033
1322220333
3222203331
2222033311
2220333111
2203331113
2033311132
0333111323
3331113232
3311132321
3111323213
1113232132
1132321321
1323213211
3232132110
2321321102
3213211020
2132110201
1321102010
3211020101
2110201010
1102010102
1020101023
0201010232
2010102323
0101023231
1010232310
0102323102
1023231022
0232310222
2323102220
3231022200
2310222000
3102220003
1022200031
0222000311
2220003113
2200031133
2000311331
0003113313
0031133133
0311331332
3113313321
1133133213
1331332132
3313321321
3133213211
1332132110
3321321102
3213211020
2132110202
1321102020
3211020203
2110202033
1102020333
1020203332
0202033320
2020333202
0203332022
2033320220
0333202202
3332022020
3320220202
3202202022
2022020220
0220202203
2202022032
2020220322
0202203222
2022032222
0220322220
2203222200
2032222000
0322220003
3222200032
2222000323
2220003233
2200032332
2000323321
0003233210
0032332101
0323321013
3233210131
2332101313
3321013131
3210131310
2101313101
1013131011
0131310112
1313101120
3131011200
1310112000
3101120003
1011200031
0112000311
1120003110
1200031100
2000311000
0003110000
0031100003
0311000031
3110000310
1100003102
1000031020
0000310203
0003102030
0031020300
0310203000
3102030001
1020300012
0203000123
2030001232
0300012322
3000123220
0001232201
0012322013
0123220131
1232201311
2322013111
3220131110
2201311103
2013111032
0131110322
1311103222
3111032222
1110322221
1103222210
1032222103
0322221032
3222210323
2222103230
2221032301
2210323011
2103230111
1032301110
0323011100
3230111000
2301110001
3011100010
0111000102
1110001021
1100010210
1000102100
0001021001
0010210013
0102100131
1021001310
0210013102
2100131021
1001310213
0013102131
0131021311
1310213110
3102131102
1021311021
0213110210
2131102103
1311021032
3110210322
1102103221
1021032211
0210322111
2103221113
1032211133
0322111331
3221113311
2211133110
2111331101
1113311010
1133110100
1331101002
3311010021
3110100210
1101002103
1010021032
0100210321
1002103210
0021032101
0210321010
2103210100
1032101001
0321010011
3210100110
2101001103
1010011033
0100110332
1001103323
0011033232
0110332322
1103323223
1033232232
0332322321
3323223213
3232232131
2322321313
3223213133
2232131330
2321313300
3213133002
2131330022
1313300222
3133002223
1330022230
3300222302
3002223021
0022230210
0222302102
2223021020
2230210200
2302102000
3021020001
0210200010
2102000101
1020001010
0200010103
2000101031
0001010313
0010103132
0101031321
1010313213
0103132133
1031321333
0313213331
3132133310
1321333101
3213331010
2133310101
1333101011
3331010113
3310101133
3101011333
1010113332
0101133322
1011333223
0113332231
1133322313
1333223130
3332231301
3322313010
3223130100
2231301002
2313010020
3130100203
1301002032
3010020322
0100203220
1002032200
0020322000
0203220000
2032200003
0322000032
3220000321
2200003210
2000032102
0000321022
0003210220
0032102200
0321022003
3210220033
2102200330
1022003300
0220033002
2200330022
2003300220
0033002200
0330022001
3300220010
3002200103
0022001032
0220010322
2200103223
2001032232
0010322320
0103223200
1032232000
0322320002
3223200023
2232000231
2320002310
3200023102
2000231023
0002310232
0023102320
0231023203
2310232032
3102320323
1023203230
0232032302
2320323023
3203230233
2032302333
0323023332
3230233320
