1210202112
2102021121
1020211212
0202112121
2021121213
0211212132
2112121322
1121213220
1212132202
2121322020
1213220201
2132202011
1322020112
3220201122
2202011221
2020112212
0201122122
2011221222
0112212222
1122122221
1221222212
2212222121
2122221212
1222212120
2222121201
2221212011
2212120112
2121201122
1212011221
2120112211
1201122111
2011221111
0112211110
1122111101
1221111012
2211110121
2111101213
1111012132
1110121321
1101213211
1012132111
0121321110
1213211101
2132111011
1321110111
3211101111
2111011112
1110111122
1101111221
1011112211
0111122111
1111221111
1112211110
1122111101
1221111012
2211110121
2111101211
1111012112
1110121121
1101211211
1012112111
0121121110
1211211101
2112111011
1121110112
1211101120
2111011201
1110112012
1101120122
1011201221
0112012211
1120122110
1201221101
2012211011
0122110111
1221101111
2211011111
2110111111
1101111112
1011111122
0111111221
1111112211
1111122111
1111221110
1112211101
1122111012
1221110121
2211101211
2111012112
1110121121
1101211211
1012112111
0121121110
1211211101
2112111011
1121110111
1211101112
2111011121
1110111213
1101112131
1011121313
0111213131
1112131312
1121313122
1213131221
2131312211
1313122113
3131221131
1312211311
3122113111
1221131112
2211311121
2113111211
1131112110
1311121101
3111211013
1112110131
1121101311
1211013112
2110131122
1101311222
1013112222
0131122223
1311222233
3112222331
1122223313
1222233132
2222331322
2223313223
2233132233
2331322333
3313223333
3132233332
1322333323
3223333232
2233332323
2333323233
3333232332
3332323322
3323233222
3232332223
2323322233
3233222333
2332223333
3322233333
3222333333
2223333333
2233333333
2333333333
3333333333
3333333333
3333333333
3333333333
3333333333
3333333333
3333333333
3333333333
3333333333
3333333333
3333333333
3333333332
3333333322
3333333223
3333332231
3333322313
3333223133
3332231333
3322313333
3223133333
2231333333
2313333333
3133333332
1333333323
3333333233
3333332333
3333323333
3333233332
3332333323
3323333233
3233332333
2333323332
3333233323
3332333233
3323332332
3233323323
2333233233
3332332332
3323323323
3233233233
2332332331
3323323311
3233233113
2332331133
3323311331
3233113311
2331133111
3311331112
3113311123
1133111231
1331112311
3311123113
3111231133
1112311333
1123113331
1231133313
2311333131
3113331313
1133313131
1333131311
3331313110
3313131102
3131311021
1313110210
3131102100
1311021001
3110210013
1102100133
1021001332
0210013321
2100133210
1001332100
0013321000
0133210000
1332100002
3321000023
3210000233
2100002333
1000023331
0000233313
0002333133
0023331331
0233313311
2333133111
3331331112
3313311121
3133111211
1331112111
3311121111
3111211111
1112111111
1121111111
1211111111
2111111112
1111111121
1111111213
1111112131
1111121313
1111213131
1112131313
1121313133
1213131333
2131313333
1313133333
3131333333
1313333333
3133333333
1333333333
3333333333
3333333333
3333333333
3333333333
3333333333
3333333333
3333333333
3333333333
3333333333
3333333330
3333333303
3333333033
3333330333
3333303333
3333033333
3330333332
3303333322
3033333223
0333332232
3333322320
3333223200
3332232003
3322320033
3223200330
2232003301
2320033010
3200330102
2003301022
0033010222
0330102222
3301022223
3010222230
0102222302
1022223022
0222230222
2222302220
2223022200
2230222000
2302220000
3022200000
0222000003
2220000030
2200000300
2000003003
0000030030
0000300300
0003003003
0030030030
0300300300
3003003003
0030030030
0300300300
3003003000
0030030000
0300300000
3003000001
0030000013
0300000133
3000001333
0000013333
0000133332
0001333321
0013333210
0133332100
1333321000
3333210001
3332100013
3321000133
3210001333
2100013333
1000133333
0001333331
0013333311
0133333110
1333331102
3333311021
3333110213
3331102133
3311021333
3110213331
1102133313
1021333131
0213331311
2133313111
1333131113
3331311133
3313111331
3131113313
1311133131
3111331313
1113313131
1133131311
1331313111
3313131111
3131311110
1313111102
3131111021
1311110211
3111102112
1111021122
1110211222
1102112221
1021122213
0211222133
2112221331
1122213312
1222133120
2221331202
2213312021
2133120213
1331202132
3312021322
3120213223
1202132232
2021322322
0213223220
2132232202
1322322020
3223220201
2232202013
2322020133
3220201331
2202013312
2020133123
0201331231
2013312313
0133123131
1331231312
3312313123
3123131233
1231312333
2313123333
3131233330
1312333301
3123333013
1233330133
2333301333
3333013333
3330133333
3301333333
3013333333
0133333330
1333333300
3333333001
3333330011
3333300111
3333001113
3330011133
3300111331
3001113311
0011133111
0111331113
1113311132
1133111321
1331113211
3311132111
3111321111
1113211113
1132111133
1321111330
3211113302
2111133021
1111330211
1113302110
1133021101
1330211011
3302110113
3021101132
0211011320
2110113203
1101132033
1011320333
0113203333
1132033330
1320333303
3203333033
2033330333
0333303333
3333033333
3330333333
3303333333
3033333333
0333333332
3333333323
3333333233
3333332333
3333323333
3333233333
3332333333
3323333333
3233333333
2333333333
3333333333
3333333330
3333333300
3333333003
3333330033
3333300333
3333003333
3330033333
3300333331
3003333310
0033333101
0333331011
3333310111
3333101111
3331011111
3310111113
3101111132
1011111321
0111113213
1111132131
1111321311
1113213111
1132131111
1321311111
3213111111
2131111113
1311111131
3111111313
1111113132
1111131321
1111313211
1113132110
1131321101
1313211013
3132110133
1321101330
3211013301
2110133013
1101330131
1013301312
0133013121
1330131210
3301312103
3013121032
0131210320
1312103200
3121032003
1210320031
2103200313
1032003131
0320031311
3200313113
2003131130
0031311302
0313113020
3131130201
1311302011
3113020111
1130201111
1302011113
3020111133
0201111331
2011113310
0111133103
1111331032
1113310320
1133103200
1331032000
3310320000
3103200003
1032000032
0320000320
3200003201
2000032010
0000320102
0003201020
0032010200
0320102002
3201020020
2010200200
0102002001
1020020010
0200200102
2002001022
0020010220
0200102201
2001022010
0010220100
0102201000
1022010003
0220100032
2201000323
2010003230
0100032303
1000323031
0003230313
0032303131
0323031311
3230313112
2303131120
3031311201
0313112012
3131120121
1311201211
3112012111
1120121111
1201211111
2012111110
0121111102
1211111021
2111110211
1111102111
1111021111
1110211110
1102111101
1021111011
0211110110
2111101103
1111011032
1110110323
1101103231
1011032312
0110323122
1103231220
1032312203
0323122032
3231220320
2312203201
3122032013
1220320131
2203201313
2032013132
0320131321
3201313211
2013132112
0131321122
1313211222
3132112223
1321122231
3211222311
2112223111
1122231111
1222311111
2223111113
2231111132
2311111323
3111113231
1111132311
1111323111
1113231113
1132311131
1323111313
3231113132
2311131322
3111313220
1113132203
1131322031
1313220311
3132203112
1322031122
3220311221
2203112213
2031122131
0311221312
3112213122
1122131220
1221312201
2213122010
2131220101
1312201012
3122010122
1220101220
2201012200
2010122000
0101220000
1012200001
0122000010
1220000101
2200001011
2000010110
0000101102
0001011020
0010110201
0101102011
1011020111
0110201111
1102011110
1020111100
0201111002
2011110020
0111100200
1111002000
1110020000
1100200001
1002000010
0020000101
0200001011
2000010113
0000101133
0001011333
0010113331
0101133311
1011333111
0113331110
1133311100
1333111002
3331110022
3311100222
3111002223
1110022232
1100222320
1002223201
0022232011
0222320111
2223201112
2232011122
2320111220
3201112201
2011122011
0111220113
1112201132
1122011320
1220113200
2201132002
2011320020
0113200200
1132002002
1320020022
3200200220
2002002202
0020022020
0200220202
2002202021
0022020212
0220202120
2202021201
2020212012
0202120120
2021201202
0212012022
2120120220
1201202201
2012022010
0120220100
1202201000
2022010003
0220100033
2201000331
2010003311
0100033111
1000331112
0003311122
0033111223
0331112232
3311122323
3111223232
1112232321
1122323210
1223232103
2232321031
2323210311
3232103112
2321031120
3210311202
2103112020
1031120202
0311202022
3112020221
1120202211
1202022112
2020221123
0202211232
2022112320
0221123202
2211232021
2112320211
1123202110
1232021100
2320211002
3202110023
2021100232
0211002321
2110023213
1100232131
1002321310
0023213100
0232131002
2321310022
3213100222
2131002223
1310022233
3100222330
1002223301
0022233012
0222330120
2223301201
2233012013
2330120132
3301201322
3012013220
0120132201
1201322011
2013220111
0132201113
1322011132
3220111322
2201113223
2011132231
0111322311
1113223111
1132231111
1322311110
3223111103
2231111032
2311110321
3111103211
1111032112
1110321122
1103211223
1032112231
0321122311
3211223112
2112231122
1122311222
1223112223
2231122232
2311222320
3112223200
1122232001
1222320012
2223200122
2232001220
2320012203
3200122031
2001220311
0012203110
0122031102
1220311021
2203110210
2031102100
0311021000
3110210000
1102100000
1021000001
0210000010
2100000100
1000001000
0000010001
0000100011
0001000111
0010001111
0100011110
1000111103
0001111032
0011110323
0111103232
1111032320
1110323200
1103232000
1032320000
0323200002
3232000020
2320000201
3200002011
2000020111
0000201110
0002011103
0020111032
0201110320
2011103200
0111032001
1110320012
1103200121
1032001211
0320012113
3200121133
2001211331
0012113310
0121133103
1211331032
2113310322
1133103223
1331032232
3310322323
3103223232
1032232322
0322323222
3223232221
2232322210
2323222101
3232221010
2322210102
3222101022
2221010221
2210102212
2101022122
1010221221
0102212211
1022122111
0221221112
2212211122
2122111220
1221112202
2211122022
2111220220
1112202200
1122022000
1220220001
2202200013
2022000132
0220001322
2200013221
2000132213
0001322132
0013221320
0132213201
1322132011
3221320110
2213201102
2132011023
1320110230
3201102301
2011023011
0110230111
1102301112
1023011121
0230111210
2301112103
3011121031
0111210313
1112103132
1121031321
1210313210
2103132101
1031321010
0313210100
3132101001
1321010012
3210100121
2101001212
1010012122
0100121220
1001212202
0012122021
0121220213
1212202131
2122021310
1220213102
2202131021
2021310210
0213102100
2131021000
1310210000
3102100001
1021000011
0210000111
2100001113
1000011132
0000111322
0001113222
0011132221
0111322210
1113222100
1132221000
1322210001
3222100013
2221000131
2210001313
2100013132
1000131322
0001313220
0013132202
0131322022
1313220221
3132202213
1322022132
3220221321
2202213213
2022132132
0221321320
2213213200
2132132001
1321320012
3213200120
2132001202
1320012020
3200120202
2001202021
0012020212
0120202120
1202021202
2020212020
0202120200
2021202002
0212020021
2120200212
1202002123
2020021231
0200212311
2002123111
0021231113
0212311133
2123111331
1231113312
2311133123
3111331232
1113312322
1133123220
1331232202
3312322022
3123220220
1232202202
2322022022
3220220221
2202202211
2022022112
0220221120
2202211202
2022112021
0221120212
2211202122
2112021221
1120212213
1202122132
2021221321
0212213212
2122132122
1221321222
2213212223
2132122232
1321222321
3212223210
2122232102
1222321021
2223210210
2232102101
2321021010
3210210100
2102101002
1021010020
0210100200
2101002002
1010020022
0100200220
1002002201
0020022011
0200220110
2002201103
0022011031
0220110311
2201103111
2011031112
0110311120
1103111201
1031112013
0311120130
3111201301
1112013010
1120130100
1201301002
2013010023
0130100230
1301002301
3010023011
0100230110
1002301102
0023011021
0230110211
2301102112
3011021121
0110211212
1102112122
1021121221
0211212212
2112122122
1121221220
1212212202
2122122020
1221220200
2212202000
2122020002
1220200023
2202000231
2020002312
0200023122
2000231223
0002312232
0023122320
0231223200
2312232002
3122320020
1223200200
2232002001
2320020012
3200200122
2002001222
0020012221
0200122210
2001222102
0012221023
0122210231
1222102312
2221023122
2210231220
2102312202
1023122021
0231220210
2312202102
3122021022
1220210220
2202102202
2021022022
0210220220
2102202200
1022022002
0220220022
2202200221
2022002213
0220022131
2200221311
2002213112
0022131120
0221311202
2213112021
2131120210
1311202100
3112021000
1120210001
1202100011
2021000111
0210001110
2100011101
1000111010
0001110103
0011101031
0111010313
1110103131
1101031311
1010313111
0103131111
1031311111
0313111110
3131111100
1311111001
3111110012
1111100121
1111001211
1110012110
1100121103
1001211031
0012110313
0121103133
1211031331
2110313310
1103133100
1031331002
0313310022
3133100221
1331002212
3310022121
3100221213
1002212132
0022121321
0221213210
2212132102
2121321022
1213210221
2132102212
1321022122
3210221220
2102212201
1022122013
0221220131
2212201311
2122013111
1220131111
2201311112
2013111121
0131111210
1311112102
3111121023
1111210231
1112102312
1121023123
1210231231
2102312311
1023123113
0231231131
2312311311
3123113110
1231131102
2311311021
3113110210
1131102103
1311021031
3110210310
1102103102
1021031023
0210310232
2103102320
1031023202
0310232022
3102320223
1023202232
0232022321
2320223210
3202232101
2022321013
0223210131
2232101311
2321013111
3210131111
2101311111
1013111112
0131111122
1311111222
3111112222
1111122220
1111222202
1112222021
1122220210
1222202101
2222021013
2220210131
2202101312
2021013122
0210131222
2101312222
1013122221
0131222210
1312222100
3122221003
1222210031
2222100312
2221003121
2210031210
2100312102
1003121022
0031210222
0312102221
3121022211
1210222111
2102221111
1022211111
0222111111
2221111111
2211111110
2111111101
1111111012
1111110121
1111101211
1111012111
1110121111
1101211111
1012111111
0121111110
1211111101
2111111011
1111110110
1111101101
1111011011
1110110111
1101101111
1011011111
0110111110
1101111100
1011111002
0111110020
1111100201
1111002012
1110020122
1100201220
1002012201
0020122012
0201220121
2012201212
0122012121
1220121210
2201212102
2012121021
0121210211
1212102112
2121021122
1210211222
2102112221
1021122210
0211222100
2112221002
1122210021
1222100210
2221002102
2210021022
2100210220
1002102201
0021022011
0210220113
2102201132
1022011320
0220113200
2201132002
2011320021
0113200212
1132002122
1320021222
3200212220
2002122202
0021222022
0212220222
2122202221
1222022211
2220222112
2202221121
2022211211
0222112111
2221121113
2211211131
2112111313
1121113132
1211131321
2111313210
1113132100
1131321002
1313210020
3132100200
1321002002
3210020022
2100200221
1002002212
0020022122
0200221221
2002212211
0022122112
0221221122
2212211221
2122112210
1221122102
2211221021
2112210211
1122102112
1221021121
2210211211
2102112111
1021121111
0211211110
2112111101
1121111010
1211110103
2111101031
1111010312
1110103120
1101031201
1010312013
0103120133
1031201331
0312013311
3120133112
1201331120
2013311202
0133112020
1331120201
3311202012
3112020123
1120201232
1202012322
2020123220
0201232201
2012322010
0123220103
1232201031
2322010312
3220103122
2201031221
2010312212
0103122120
1031221202
0312212021
3122120213
1221202131
2212021310
2120213102
1202131021
2021310210
0213102102
2131021021
1310210212
3102102120
1021021201
0210212012
2102120123
1021201231
0212012310
2120123103
1201231031
2012310313
0123103131
1231031311
2310313110
3103131100
1031311001
0313110010
3131100103
1311001031
3110010312
1100103120
1001031202
0010312020
0103120201
1031202011
0312020113
3120201133
1202011331
2020113312
0201133120
2011331201
0113312012
1133120123
1331201231
3312012310
3120123100
1201231001
2012310012
0123100120
1231001202
2310012023
3100120233
1001202331
0012023312
0120233120
1202331203
2023312031
0233120310
2331203102
3312031023
3120310230
1203102301
2031023011
0310230113
3102301133
1023011331
0230113311
2301133111
3011331111
0113311111
1133111111
1331111110
3311111100
3111111001
1111110012
1111100122
1111001223
1110012231
1100122310
1001223101
0012231011
0122310111
1223101112
2231011122
2310111222
3101112222
1011122222
0111222222
1112222223
1122222231
1222222311
2222223112
2222231122
2222311221
2223112211
2231122110
2311221101
3112211011
1122110111
1221101110
2211011101
2110111012
1101110122
1011101222
0111012221
1110122210
1101222102
1012221021
0122210211
1222102111
2221021112
2210211122
2102111223
1021112231
0211122310
2111223102
1112231022
1122310223
1223102231
2231022310
2310223101
3102231013
1022310133
0223101330
2231013301
2310133010
3101330101
1013301011
0133010112
1330101122
3301011223
3010112230
0101122302
1011223021
0112230213
1122302130
1223021301
2230213012
2302130122
3021301223
0213012230
2130122303
1301223031
3012230310
0122303102
1223031021
2230310210
2303102102
3031021021
0310210210
3102102101
1021021012
0210210123
2102101231
1021012312
0210123122
2101231222
1012312222
0123122223
1231222231
2312222312
3122223121
1222231210
2222312102
2223121020
2231210202
2312102021
3121020212
1210202122
2102021222
1020212222
0202122222
2021222222
0212222222
2122222221
1222222213
2222222132
2222221321
2222213211
2222132111
2221321110
2213211101
2132111012
1321110123
3211101231
2111012313
1110123132
1101231322
1012313220
0123132203
1231322032
2313220323
3132203231
1322032312
3220323120
2203231200
2032312002
0323120021
3231200211
2312002110
3120021101
1200211011
2002110112
0021101122
0211011221
2110112212
1101122121
1011221210
0112212102
1122121021
1221210211
2212102110
2121021101
1210211011
2102110112
1021101122
0211011221
2110112212
1101122121
1011221210
0112212102
1122121022
1221210221
2212102212
2121022121
1210221211
2102212112
1022121121
0221211211
2212112112
2121121122
1211211221
2112112212
1121122121
1211221210
2112212102
1122121022
1221210221
2212102212
2121022121
1210221211
2102212112
1022121121
0221211210
2212112102
2121121021
1211210210
2112102101
1121021012
1210210122
2102101222
1021012221
0210122213
2101222132
1012221321
0122213211
1222132112
2221321122
2213211221
2132112212
1321122121
3211221213
2112212132
1122121320
1221213202
2212132021
2121320212
1213202122
2132021222
1320212222
3202122220
2021222202
0212222021
2122220210
1222202102
2222021022
2220210222
2202102221
2021022211
0210222110
2102221102
1022211022
0222110221
2221102212
2211022121
2110221210
1102212102
1022121021
0221210210
2212102102
2121021020
1210210202
2102102022
1021020220
0210202201
2102022012
1020220121
0202201210
2022012101
0220121010
2201210103
2012101031
0121010310
1210103100
2101031002
1010310020
0103100201
1031002012
0310020122
3100201220
1002012202
0020122021
0201220210
2012202102
0122021021
1220210213
2202102131
2021021310
0210213102
2102131021
1021310211
0213102111
2131021111
1310211110
3102111102
1021111021
0211110211
2111102110
1111021101
1110211013
1102110130
1021101301
0211013010
2110130102
1101301021
1013010212
0130102120
1301021202
3010212021
0102120210
1021202102
0212021021
2120210210
1202102102
2021021021
0210210210
2102102102
1021021021
0210210210
2102102101
1021021013
0210210131
2102101311
1021013111
0210131111
2101311112
1013111121
0131111210
1311112102
3111121021
1111210210
1112102102
1121021020
1210210203
2102102031
1021020310
0210203100
2102031001
1020310013
0203100130
2031001301
0310013010
3100130102
1001301021
0013010213
0130102131
1301021311
3010213113
0102131133
1021311331
0213113310
2131133100
1311331001
3113310011
1133100113
1331001131
3310011311
3100113110
1001131102
0011311021
0113110210
1131102101
1311021013
3110210130
1102101301
1021013012
0210130122
2101301221
1013012213
0130122131
1301221311
3012213113
0122131131
1221311311
2213113113
2131131130
1311311301
3113113011
1131130111
1311301111
3113011110
1130111101
1301111011
3011110110
0111101103
1111011031
1110110310
1101103101
1011031011
0110310111
1103101112
1031011121
0310111213
3101112131
1011121311
0111213111
1112131110
1121311102
1213111023
2131110230
1311102301
3111023012
1110230120
1102301201
1023012013
0230120130
2301201301
3012013010
0120130101
1201301011
2013010112
0130101120
1301011201
3010112011
0101120110
1011201101
0112011011
1120110110
1201101102
2011011020
0110110200
1101102001
1011020013
0110200131
1102001311
1020013110
0200131102
2001311021
0013110213
0131102131
1311021311
3110213113
1102131130
1021311301
0213113013
2131130130
1311301301
3113013010
1130130102
1301301021
3013010211
0130102110
1301021101
3010211012
0102110121
1021101211
0211012112
2110121121
1101211211
1012112112
0121121122
1211211222
2112112221
1121122210
1211222102
2112221020
1122210202
1222102021
2221020210
2210202102
2102021021
1020210212
0202102122
2021021221
0210212211
2102122113
1021221131
0212211313
2122113130
1221131301
2211313013
2113130131
1131301311
1313013110
3130131101
1301311011
3013110113
0131101133
1311011331
3110113310
1101133101
1011331013
0113310133
1133101330
1331013301
3310133010
3101330103
1013301032
0133010320
1330103200
3301032001
3010320011
0103200111
1032001111
0320011110
3200111101
2001111012
0011110121
0111101210
1111012102
1110121021
1101210212
1012102121
0121021211
1210212111
2102121111
1021211110
0212111103
2121111032
1211110323
2111103230
1111032301
1110323010
1103230101
1032301011
0323010111
3230101111
2301011111
3010111110
0101111103
1011111033
0111110332
1111103321
1111033210
1110332102
1103321020
1033210201
0332102010
3321020101
3210201013
2102010133
1020101331
0201013313
2010133132
0101331322
1013313222
0133132222
1331322223
3313222231
3132222311
1322223111
3222231111
2222311113
2223111131
2231111311
2311113110
3111131103
1111311031
1113110311
1131103111
1311031111
3110311111
1103111110
1031111102
0311111020
3111110201
1111102011
1111020111
1110201110
1102011101
1020111010
0201110102
2011101021
0111010211
1110102111
1101021112
1010211121
0102111210
1021112102
0211121021
2111210210
1112102101
1121021013
1210210132
2102101322
1021013222
0210132220
2101322200
1013222001
0132220010
1322200102
3222001021
2220010211
2200102111
2001021112
0010211123
0102111231
1021112313
0211123130
2111231301
1112313010
1123130101
1231301010
2313010101
3130101010
1301010102
3010101021
0101010213
1010102131
0101021310
1010213101
0102131011
1021310110
0213101102
2131011020
1310110201
3101102011
1011020111
0110201113
1102011130
1020111300
0201113000
2011130002
0111300021
1113000211
1130002110
1300021102
3000211022
0002110223
0021102233
0211022330
2110223300
1102233000
1022330000
0223300000
2233000000
2330000000
3300000000
3000000000
0000000000
0000000000
0000000000
0000000000
0000000000
0000000000
0000000000
0000000000
0000000003
0000000030
0000000301
0000003010
0000030102
0000301021
0003010210
0030102100
0301021000
3010210000
0102100000
1021000000
0210000000
2100000000
1000000000
0000000000
0000000000
0000000000
0000000000
0000000000
0000000001
0000000010
0000000100
0000001000
0000010000
0000100001
0001000010
0010000100
0100001000
1000010001
0000100010
0001000100
0010001000
0100010001
1000100010
0001000100
0010001000
0100010001
1000100010
0001000100
0010001000
0100010000
1000100000
0001000000
0010000000
0100000000
1000000001
0000000011
0000000110
0000001101
0000011010
0000110100
0001101000
0011010000
0110100000
1101000000
1010000000
0100000000
1000000000
0000000001
0000000010
0000000101
0000001010
0000010100
0000101000
0001010000
0010100000
0101000000
1010000000
0100000000
1000000002
0000000023
0000000230
0000002301
0000023010
0000230100
0002301000
0023010000
0230100001
2301000010
3010000100
0100001000
1000010000
0000100000
0001000000
0010000000
0100000000
1000000001
0000000010
0000000101
0000001010
0000010100
0000101001
0001010012
0010100121
0101001210
1010012103
0100121033
1001210332
0012103320
0121033200
1210332000
2103320000
1033200000
0332000000
3320000000
3200000003
2000000030
0000000300
0000003003
0000030030
0000300300
0003003003
0030030030
0300300300
3003003000
0030030000
0300300000
3003000000
0030000000
0300000000
3000000000
0000000000
0000000000
0000000000
0000000002
0000000021
0000000210
0000002101
0000021012
0000210120
0002101200
0021012000
0210120002
2101200020
1012000200
0120002002
1200020021
2000200210
0002002100
0020021001
0200210010
2002100100
0021001001
0210010010
2100100100
1001001001
0010010010
0100100102
1001001020
0010010202
0100102020
1001020201
0010202013
0102020133
1020201333
0202013333
2020133332
0201333321
2013333211
0133332113
1333321133
3333211331
3332113313
3321133133
3211331333
2113313332
1133133320
1331333200
3313332000
3133320003
1333200033
3332000330
3320003300
3200033000
2000330000
0003300003
0033000030
0330000300
3300003003
3000030030
0000300300
0003003003
0030030033
0300300330
3003003301
0030033010
0300330100
3003301003
0033010032
0330100320
3301003200
3010032000
0100320000
1003200000
0032000002
0320000020
3200000201
2000002010
0000020101
0000201013
0002010130
0020101300
0201013000
2010130001
0101300013
1013000133
0130001330
1300013300
3000133000
0001330002
0013300021
0133000213
1330002132
3300021322
3000213221
0002132212
0021322122
0213221222
2132212222
1322122222
3221222220
2212222202
2122222022
1222220220
2222202202
2222022020
2220220202
2202202020
2022020202
0220202021
2202020210
2020202101
0202021011
2020210113
0202101131
2021011312
0210113120
2101131202
1011312021
0113120211
1131202113
1312021133
3120211331
1202113313
2021133132
0211331321
2113313210
1133132101
1331321013
3313210130
3132101301
1321013010
3210130102
2101301021
1013010210
0130102103
1301021031
3010210311
0102103113
1021031131
0210311311
2103113110
1031131102
0311311022
3113110220
1131102200
1311022002
3110220023
1102200232
1022002322
0220023221
2200232211
2002322110
0023221102
0232211020
2322110201
3221102011
2211020112
2110201121
1102011213
1020112131
0201121311
2011213112
0112131120
1121311202
1213112020
2131120200
1311202001
3112020011
1120200110
1202001102
2020011021
0200110210
2001102100
0011021000
0110210000
1102100001
1021000013
0210000131
2100001312
1000013122
0000131223
0001312230
0013122301
0131223010
1312230102
3122301020
1223010201
2230102013
2301020133
3010201333
0102013331
1020133311
0201333110
2013331100
0133311002
1333110022
3331100220
3311002201
3110022013
1100220132
1002201322
0022013220
0220132201
2201322013
2013220133
0132201333
1322013330
3220133300
2201333001
2013330013
0133300131
1333001313
3330013132
3300131323
3001313233
0013132333
0131323331
1313233311
3132333110
1323331102
3233311022
2333110222
3331102221
3311022210
3110222101
1102221010
1022210102
0222101023
2221010232
2210102323
2101023232
1010232322
0102323220
1023232202
0232322020
2323220203
3232202032
2322020320
3220203202
2202032020
2020320203
0203202033
2032020331
0320203311
3202033113
2020331130
0203311300
2033113001
0331130011
3311300110
3113001100
1130011001
1300110011
3001100110
0011001102
0110011021
1100110213
1001102131
0011021310
0110213102
1102131021
1021310213
0213102132
2131021323
1310213231
3102132313
1021323132
0213231323
2132313233
1323132331
3231323313
2313233131
3132331313
1323313132
3233131322
2331313220
3313132201
3131322013
1313220133
3132201333
1322013333
3220133332
2201333323
2013333230
0133332300
1333323003
3333230032
3332300320
3323003203
3230032033
2300320333
3003203333
0032033333
0320333333
3203333333
2033333333
0333333333
3333333333
3333333333
3333333333
3333333333
3333333333
3333333333
3333333333
3333333330
3333333302
3333333021
3333330210
3333302102
3333021023
3330210230
3302102300
3021023003
0210230033
2102300330
1023003300
0230033000
2300330000
3003300000
0033000000
0330000000
3300000000
3000000000
0000000003
0000000032
0000000320
0000003200
0000032000
0000320000
0003200000
0032000000
0320000000
3200000000
2000000000
0000000000
0000000003
0000000032
0000000322
0000003222
0000032222
0000322222
0003222222
0032222220
0322222200
3222222000
2222220000
2222200000
2222000000
2220000000
2200000000
2000000000
0000000000
0000000000
0000000002
0000000020
0000000202
0000002020
0000020200
0000202000
0002020000
0020200001
0202000013
2020000131
0200001310
2000013102
0000131020
0001310202
0013102023
0131020231
1310202311
3102023113
1020231131
0202311313
2023113132
0231131323
2311313232
3113132320
1131323202
1313232022
3132320220
1323202200
3232022003
2320220030
3202200303
2022003033
0220030331
2200303313
2003033131
0030331313
0303313130
3033131303
0331313033
3313130333
3131303333
1313033330
3130333300
1303333000
3033330003
0333300030
3333000303
3330003033
3300030333
3000303333
0003033333
0030333333
0303333330
3033333302
0333333023
3333330230
3333302303
3333023032
3330230323
3302303230
3023032301
0230323013
2303230132
3032301323
0323013232
3230132323
2301323230
3013232303
0132323032
1323230320
3232303203
2323032033
3230320331
2303203312
3032033123
0320331233
3203312330
2033123301
0331233011
3312330110
3123301100
1233011003
2330110033
3301100333
3011003332
0110033320
1100333202
1003332022
0033320222
0333202222
3332022220
3320222203
3202222033
2022220333
0222203330
2222033303
2220333030
2203330301
2033303010
0333030103
3330301030
3303010303
3030103033
0301030333
3010303333
0103033333
1030333333
0303333330
3033333302
0333333020
3333330202
3333302020
3333020203
3330202033
3302020333
3020203333
0202033333
2020333333
0203333333
2033333330
0333333300
3333333000
3333330003
3333300032
3333000321
3330003213
3300032131
3000321313
0003213133
0032131330
0321313303
3213133033
2131330333
1313303333
3133033333
1330333331
3303333311
3033333110
0333331100
3333311001
3333110010
3331100102
3311001021
3110010213
1100102130
1001021300
0010213000
0102130000
1021300000
0213000000
2130000000
1300000003
3000000032
0000000320
0000003201
0000032010
0000320101
0003201013
0032010133
0320101330
3201013302
2010133023
0101330232
1013302322
0133023222
1330232222
3302322221
3023222210
0232222102
2322221023
3222210231
2222102311
2221023113
2210231130
2102311302
1023113022
0231130223
2311302233
3113022333
1130223333
1302233331
3022333313
0223333133
2233331332
2333313321
3333133210
3331332102
3313321023
3133210231
1332102310
3321023102
3210231020
2102310202
1023102022
0231020223
2310202230
3102022303
1020223033
0202230333
2022303333
0223033333
2230333332
2303333323
3033333230
0333332303
3333323030
3333230302
3332303020
3323030203
3230302030
2303020300
3030203002
0302030023
3020300232
0203002323
2030023231
0300232313
3002323133
0023231333
0232313333
2323133333
3231333333
2313333333
3133333333
1333333333
3333333331
3333333313
3333333131
3333331313
3333313130
3333131300
3331313000
3313130000
3131300000
1313000003
3130000030
1300000300
3000003000
0000030000
0000300000
0003000003
0030000030
0300000300
3000003000
0000030000
0000300000
0003000000
0030000002
0300000021
3000000210
0000002100
0000021000
0000210000
0002100001
0021000012
0210000122
2100001221
1000012212
0000122123
0001221232
0012212321
0122123213
1221232133
2212321333
2123213333
1232133330
2321333300
3213333001
2133330013
1333300132
3333001322
3330013222
3300132220
3001322200
0013222001
0132220010
1322200100
3222001000
2220010002
2200100021
2001000213
0010002131
0100021313
1000213132
0002131323
0021313233
0213132330
2131323300
1313233002
3132330021
1323300212
3233002122
2330021221
3300212211
3002122110
0021221102
0212211021
2122110212
1221102123
2211021231
2110212310
1102123102
1021231022
0212310221
2123102213
1231022133
2310221330
3102213302
1022133021
0221330212
2213302120
2133021203
1330212032
3302120320
3021203201
0212032011
2120320110
1203201102
2032011021
0320110211
3201102111
2011021113
0110211132
1102111321
1021113210
0211132102
2111321021
1113210212
1132102121
1321021212
3210212121
2102121212
1021212120
0212121202
2121212020
1212120201
2121202012
1212020121
2120201212
1202012120
2020121202
0201212021
2012120213
0121202132
1212021320
2120213202
1202132020
2021320202
0213202021
2132020212
1320202121
3202021212
2020212123
0202121232
2021212322
0212123222
2121232222
1212322220
2123222201
1232222012
2322220120
3222201202
2222012021
2220120210
2201202103
2012021032
0120210322
1202103222
2021032220
0210322202
2103222020
1032220202
0322202022
3222020221
2220202213
2202022133
2020221333
0202213330
2022133303
0221333033
2213330333
2133303333
1333033333
3330333331
3303333313
3033333130
0333331300
3333313001
3333130013
3331300130
3313001300
3130013003
1300130030
3001300302
0013003021
0130030210
1300302100
3003021000
0030210000
0302100001
3021000011
0210000110
2100001102
1000011021
0000110211
0001102110
0011021102
0110211022
1102110220
1021102202
0211022022
2110220220
1102202202
1022022020
0220220203
2202202033
2022020333
0220203333
2202033330
2020333300
0203333001
2033330013
0333300133
3333001333
3330013330
3300133303
3001333033
0013330333
0133303333
1333033333
3330333332
3303333320
3033333200
0333332003
3333320030
3333200300
3332003001
3320030011
3200300113
2003001133
0030011332
0300113320
3001133202
0011332021
0113320211
1133202113
1332021133
3320211330
3202113300
2021133002
0211330020
2113300200
1133002000
1330020002
3300200020
3002000200
0020002000
0200020000
2000200000
0002000001
0020000010
0200000100
2000001000
0000010000
0000100000
