1102210203
1022102032
0221020321
2210203212
2102032120
1020321203
0203212031
2032120311
0321203110
3212031102
2120311021
1203110212
2031102122
0311021221
3110212213
1102122131
1021221311
0212213110
2122131102
1221311022
2213110222
2131102221
1311022210
3110222102
1102221021
1022210210
0222102102
2221021021
2210210212
2102102122
1021021221
0210212210
2102122102
1021221023
0212210230
2122102302
1221023021
2210230210
2102302102
1023021021
0230210213
2302102132
3021021322
0210213221
2102132210
1021322101
0213221011
2132210113
1322101131
3221011311
2210113111
2101131112
1011311122
0113111221
1131112212
1311122121
3111221213
1112212132
1122121321
1221213211
2212132112
2121321121
1213211213
2132112132
1321121323
3211213231
2112132311
1121323112
1213231122
2132311220
1323112202
3231122022
2311220222
3112202223
1122022231
1220222312
2202223121
2022231212
0222312122
2223121222
2231212222
2312122221
3121222210
1212222100
2122221001
1222210012
2222100121
2221001212
2210012122
2100121221
1001212210
0012122101
0121221011
1212210113
2122101133
1221011331
2210113311
2101133110
1011331102
0113311021
1133110211
1331102112
3311021121
3110211211
1102112111
1021121113
0211211131
2112111311
1121113112
1211131122
2111311221
1113112211
1131122110
1311221102
3112211021
1122110211
1221102113
2211021130
2110211303
1102113031
1021130311
0211303112
2113031120
1130311200
1303112002
3031120021
0311200213
3112002132
1120021321
1200213212
2002132122
0021321220
0213212202
2132122022
1321220221
3212202213
2122022132
1220221321
2202213211
2022132112
0221321120
2213211203
2132112032
1321120322
3211203222
2112032223
1120322232
1203222320
2032223202
0322232020
3222320200
2223202001
2232020012
2320200122
3202001222
2020012222
0200122221
2001222210
0012222102
0122221021
1222210210
2222102100
2221021002
2210210020
2102100203
1021002033
0210020333
2100203331
1002033310
0020333102
0203331022
2033310221
0333102213
3331022131
3310221313
3102213131
1022131311
0221313113
2213131132
2131311321
1313113211
3131132111
1311321113
3113211132
1132111320
1321113201
3211132013
2111320132
1113201321
1132013213
1320132133
3201321333
2013213331
0132133310
1321333103
3213331033
2133310331
1333103313
3331033132
3310331321
3103313213
1033132132
0331321321
3313213213
3132132132
1321321321
3213213211
2132132110
1321321101
3213211013
2132110132
1321101322
3211013222
2110132222
1101322223
1013222232
0132222321
1322223213
3222232133
2222321333
2223213332
2232133322
2321333223
3213332230
2133322302
1333223023
3332230232
3322302321
3223023211
2230232113
2302321132
3023211320
0232113202
2321132020
3211320200
2113202001
1132020013
1320200131
3202001313
2020013132
0200131320
2001313202
0013132020
0131320200
1313202002
3132020020
1320200202
3202002020
2020020201
0200202012
2002020121
0020201212
0202012122
2020121222
0201212220
2012122202
0121222020
1212220200
2122202002
1222020020
2220200202
2202002021
2020020210
0200202100
2002021002
0020210022
0202100220
2021002203
0210022030
2100220301
1002203013
0022030132
0220301321
2203013213
2030132133
0301321331
3013213310
0132133100
1321331000
3213310001
2133100013
1331000133
3310001332
3100013321
1000133212
0001332121
0013321213
0133212132
1332121321
3321213212
3212132122
2121321220
1213212202
2132122022
1321220221
3212202213
2122022133
1220221332
2202213320
2022133202
0221332021
2213320211
2133202113
1332021131
3320211311
3202113112
2021131121
0211311213
2113112133
1131121331
1311213310
3112133101
1121331010
1213310102
2133101021
1331010212
3310102122
3101021222
1010212222
0102122222
1021222221
0212222213
2122222131
1222221310
2222213102
2222131023
2221310233
2213102331
2131023310
1310233100
3102331002
1023310021
0233100211
2331002113
3310021130
3100211302
1002113020
0021130200
0211302002
2113020023
1130200233
1302002333
3020023330
0200233302
2002333021
0023330213
0233302130
2333021302
3330213021
3302130212
3021302122
0213021223
2130212232
1302122321
3021223210
0212232100
2122321003
1223210031
2232100311
2321003110
3210031100
2100311000
1003110002
0031100020
0311000201
3110002013
1100020133
1000201331
0002013311
0020133113
0201331132
2013311321
0133113213
1331132131
3311321311
3113213112
1132131122
1321311220
3213112202
2131122022
1311220222
3112202223
1122022231
1220222312
2202223121
2022231210
0222312102
2223121022
2231210220
2312102202
3121022022
1210220222
2102202223
1022022232
0220222321
2202223210
2022232102
0222321022
2223210220
2232102202
2321022020
3210220200
2102202000
1022020002
0220200021
2202000210
2020002102
0200021023
2000210231
0002102313
0021023131
0210231311
2102313112
1023131121
0231311211
2313112110
3131121103
1311211031
3112110312
1121103121
1211031211
2110312110
1103121101
1031211011
0312110111
3121101111
1211011113
2110111133
1101111331
1011113311
0111133113
1111331131
1113311311
1133113111
1331131111
3311311113
3113111133
1131111331
1311113311
3111133113
1111331133
1113311331
1133113310
1331133100
3311331002
3113310022
1133100222
1331002222
3310022221
3100222212
1002222123
0022221232
0222212320
2222123202
2221232022
2212320221
2123202213
1232022131
2320221312
3202213122
2022131220
0221312202
2213122022
2131220220
1312202202
3122022021
1220220211
2202202111
2022021110
0220211100
2202111000
2021110002
0211100020
2111000203
1110002032
1100020323
1000203232
0002032321
0020323210
0203232102
2032321021
0323210210
3232102102
2321021021
3210210211
2102102112
1021021123
0210211231
2102112311
1021123110
0211231102
2112311022
1123110220
1231102201
2311022010
3110220102
1102201021
1022010210
0220102102
2201021020
2010210201
0102102010
1021020100
0210201001
2102010010
1020100102
0201001021
2010010213
0100102131
1001021312
0010213122
0102131220
1021312202
0213122021
2131220211
1312202110
3122021101
1220211013
2202110132
2021101323
0211013230
2110132303
1101323031
1013230311
0132303110
1323031102
3230311021
2303110213
3031102132
0311021322
3110213220
1102132200
1021322000
0213220002
2132200023
1322000233
3220002332
2200023320
2000233202
0002332023
0023320233
0233202333
2332023333
3320233332
3202333322
2023333220
0233332202
2333322022
3333220221
3332202211
3322022110
3220221102
2202211023
2022110231
0221102312
2211023120
2110231202
1102312020
1023120202
0231202021
2312020212
3120202122
1202021220
2020212201
0202122010
2021220102
0212201020
2122010201
1220102011
2201020110
2010201101
0102011010
1020110102
0201101020
2011010203
0110102031
1101020310
1010203102
0102031022
1020310221
0203102211
2031022110
0310221103
3102211032
1022110322
0221103222
2211032220
2110322202
1103222022
1032220221
0322202210
3222022102
2220221022
2202210220
2022102202
0221022020
2210220202
2102202022
1022020220
0220202201
2202022010
2020220102
0202201023
2022010230
0220102301
2201023011
2010230111
0102301110
1023011100
0230111003
2301110033
3011100332
0111003321
1110033211
1100332110
1003321101
0033211011
0332110113
3321101130
3211011301
2110113011
1101130113
1011301133
0113011331
1130113310
1301133100
3011331001
0113310011
1133100110
1331001103
3310011030
3100110302
1001103023
0011030230
0110302302
1103023023
1030230233
0302302333
3023023331
0230233313
2302333131
3023331313
0233313131
2333131311
3331313113
3313131133
3131311331
1313113311
3131133110
1311331102
3113311020
1133110202
1331102022
3311020222
3110202221
1102022210
1020222102
0202221021
2022210212
0222102120
2221021202
2210212021
2102120213
1021202130
0212021301
2120213010
1202130102
2021301020
0213010201
2130102012
1301020121
3010201212
0102012122
1020121222
0201212222
2012122221
0121222212
1212222121
2122221212
1222212122
2222121222
2221212222
2212122221
2121222211
1212222112
2122221121
1222211212
2222112123
2221121231
2211212310
2112123101
1121231010
1212310100
2123101000
1231010000
2310100002
3101000020
1010000202
0100002022
1000020221
0000202210
0002022101
0020221010
0202210102
2022101022
0221010222
2210102223
2101022231
1010222313
0102223131
1022231312
0222313122
2223131221
2231312213
2313122132
3131221321
1312213213
3122132133
1221321330
2213213302
2132133021
1321330211
3213302111
2133021110
1330211102
3302111023
3021110232
0211102321
2111023210
1110232101
1102321013
1023210133
0232101331
2321013310
3210133102
2101331022
1013310222
0133102223
1331022233
3310222333
3102223331
1022233313
0222333133
2223331332
2233313320
2333133201
3331332010
3313320101
3133201012
1332010123
3320101231
3201012311
2010123111
0101231113
1012311132
0123111320
1231113202
2311132021
3111320212
1113202123
1132021233
1320212331
3202123310
2021233102
0212331021
2123310211
1233102111
2331021111
3310211112
3102111123
1021111233
0211112333
2111123333
1111233330
1112333301
1123333013
1233330132
2333301320
3333013202
3330132020
3301320201
3013202013
0132020131
1320201311
3202013113
2020131132
0201311321
2013113213
0131132132
1311321322
3113213222
1132132221
1321322213
3213222131
2132221311
1322213112
3222131123
2221311232
2213112321
2131123210
1311232102
3112321023
1123210232
1232102322
2321023222
3210232220
2102322202
1023222022
0232220220
2322202200
3222022000
2220220002
2202200021
2022000212
0220002120
2200021202
2000212020
0002120202
0021202020
0212020200
2120202001
1202020011
2020200112
0202001120
2020011202
0200112023
2001120232
0011202321
0112023210
1120232101
1202321012
2023210121
0232101210
2321012103
3210121030
2101210300
1012103003
0121030033
1210300331
2103003311
1030033110
0300331103
3003311030
0033110302
0331103020
3311030200
3110302000
1103020003
1030200031
0302000310
3020003102
0200031022
2000310223
0003102232
0031022322
0310223220
3102232200
1022322002
0223220022
2232200220
2322002202
3220022021
2200220211
2002202113
0022021133
0220211331
2202113310
2021133102
0211331022
2113310220
1133102201
1331022011
3310220110
3102201100
1022011002
0220110022
2201100220
2011002201
0110022013
1100220132
1002201323
0022013233
0220132333
2201323332
2013233322
0132333220
1323332202
3233322021
2333220211
3332202113
3322021131
3220211313
2202113133
2021131331
0211313313
2113133131
1131331310
1313313102
3133131023
1331310233
3313102332
3131023322
1310233222
3102332220
1023322200
0233222002
2332220020
3322200202
3222002020
2220020200
2200202002
2002020022
0020200222
0202002221
2020022212
0200222120
2002221202
0022212022
0222120221
2221202213
2212022132
2120221322
1202213220
2022132203
0221322033
2213220331
2132203311
1322033112
3220331122
2203311220
2033112202
0331122020
3311220202
3112202023
1122020231
1220202313
2202023132
2020231322
0202313220
2023132202
0231322020
2313220201
3132202013
1322020130
3220201300
2202013003
2020130030
0201300303
2013003030
0130030300
1300303000
3003030003
0030300030
0303000300
3030003001
0300030011
3000300113
0003001133
0030011333
0300113331
3001133313
0011333132
0113331322
1133313221
1333132212
3331322122
3313221222
3132212220
1322122203
3221222032
2212220322
2122203222
1222032220
2220322202
2203222021
2032220211
0322202110
3222021103
2220211030
2202110302
2021103022
0211030220
2110302201
1103022013
1030220131
0302201313
3022013133
0220131330
2201313303
2013133032
0131330322
1313303221
3133032213
1330322132
3303221321
3032213213
0322132132
3221321321
2213213213
2132132132
1321321321
3213213211
2132132113
1321321131
3213211313
2132113132
1321131321
3211313213
2113132133
1131321333
1313213331
3132133310
1321333102
3213331021
2133310212
1333102122
3331021221
3310212210
3102122102
1021221021
0212210211
2122102113
1221021131
2210211313
2102113132
1021131322
0211313221
2113132211
1131322111
1313221113
3132211132
1322111322
3221113222
2211132222
2111322221
1113222211
1132222112
1322221120
3222211202
2222112020
2221120202
2211202021
2112020212
1120202122
1202021222
2020212220
0202122201
2021222011
0212220110
2122201100
1222011001
2220110011
2201100110
2011001102
0110011020
1100110202
1001102021
0011020212
0110202123
1102021232
1020212322
0202123222
2021232221
0212322213
2123222131
1232221310
2322213101
3222131013
2221310132
2213101322
2131013221
1310132211
3101322110
1013221103
0132211032
1322110322
3221103222
2211032222
2110322223
1103222231
1032222313
0322223132
3222231321
2222313212
2223132121
2231321213
2313212132
3132121321
1321213210
3212132102
2121321021
1213210211
2132102111
1321021111
3210211112
2102111122
1021111222
0211112220
2111122202
1111222021
1112220211
1122202112
1222021121
2220211213
2202112133
2021121330
0211213302
2112133021
1121330213
1213302130
2133021301
1330213013
3302130131
3021301312
0213013121
2130131212
1301312121
3013121211
0131212113
1312121132
3121211321
1212113210
2121132102
1211321020
2113210202
1132102022
1321020220
3210202200
2102022002
1020220020
0202200202
2022002021
0220020211
2200202113
2002021130
0020211302
0202113021
2021130212
0211302122
2113021223
1130212232
1302122322
3021223220
0212232201
2122322013
1223220133
2232201331
2322013312
3220133123
2201331232
2013312322
0133123223
1331232232
3312322321
3123223211
1232232111
2322321113
3223211131
2232111312
2321113121
3211131213
2111312131
1113121313
1131213133
1312131331
3121313311
1213133112
2131331121
1313311212
3133112123
1331121231
3311212313
3112123130
1121231303
1212313032
2123130321
1231303211
2313032111
3130321112
1303211122
3032111222
0321112220
3211122202
2111222021
1112220213
1122202130
1222021301
2220213013
2202130132
2021301321
0213013213
2130132132
1301321321
3013213211
0132132112
1321321121
3213211211
2132112112
1321121121
3211211211
2112112110
1121121103
1211211031
2112110311
1121103111
1211031111
2110311111
1103111113
1031111131
0311111312
3111113121
1111131210
1111312102
1113121021
1131210211
1312102110
3121021100
1210211000
2102110002
1021100022
0211000221
2110002213
1100022130
1000221302
0002213021
0022130211
0221302112
2213021122
2130211221
1302112213
3021122132
0211221322
2112213220
1122132200
1221322002
2213220021
2132200212
1322002121
3220021210
2200212101
2002121010
0021210102
0212101021
2121010213
1210102131
2101021312
1010213121
0102131213
1021312132
0213121322
2131213221
1312132213
3121322131
1213221313
2132213130
1322131302
3221313020
2213130203
2131302033
1313020332
3130203321
1302033212
3020332121
0203321211
2033212111
0332121111
3321211110
3212111103
2121111033
1211110332
2111103321
1111033213
1110332132
1103321320
1033213202
0332132022
3321320221
3213202213
2132022130
1320221302
3202213023
2022130232
0221302322
2213023222
2130232222
1302322221
3023222211
0232222110
2322221101
3222211011
2222110111
2221101111
2211011111
2110111111
1101111112
1011111122
0111111220
1111112202
1111122023
1111220233
1112202330
1122023302
1220233020
2202330200
2023302001
0233020011
2330200112
3302001121
3020011211
0200112112
2001121120
0011211200
0112112002
1121120021
1211200211
2112002110
1120021102
1200211021
2002110213
0021102131
0211021312
2110213121
1102131211
1021312110
0213121102
2131211021
1312110211
3121102111
1211021111
2110211112
1102111122
1021111221
0211112210
2111122101
1111221012
1112210122
1122101220
1221012201
2210122012
2101220121
1012201213
0122012132
1220121323
2201213231
2012132311
0121323110
1213231102
2132311022
1323110222
3231102223
2311022232
3110222321
1102223213
1022232132
0222321320
2223213200
2232132002
2321320022
3213200222
2132002221
1320022212
3200222122
2002221221
0022212213
0222122131
2221221312
2212213122
2122131223
1221312233
2213122331
2131223312
1312233121
3122331210
1223312100
2233121002
2331210021
3312100213
3121002130
1210021301
2100213012
1002130122
0021301221
0213012212
2130122122
1301221222
3012212221
0122122211
1221222110
2212221100
2122211002
1222110021
2221100210
2211002102
2110021021
1100210213
1002102132
0021021322
0210213223
2102132232
1021322321
0213223213
2132232130
1322321302
3223213020
2232130202
2321302023
3213020233
2130202332
1302023322
3020233222
0202332220
2023322202
0233222020
2332220202
3322202022
3222020220
2220202202
2202022022
2020220221
0202202212
2022022120
0220221203
2202212033
2022120331
0221203313
2212033133
2120331332
1203313320
2033133202
0331332022
3313320222
3133202221
1332022213
3320222132
3202221323
2022213232
0222132323
2221323231
2213232312
2132323122
1323231222
3232312221
2323122211
3231222111
2312221111
3122211111
1222111110
2221111102
2211111020
2111110202
1111102022
1111020220
1110202202
1102022022
1020220221
0202202212
2022022120
0220221201
2202212013
2022120132
0221201321
2212013210
2120132102
1201321022
2013210222
0132102221
1321022213
3210222132
2102221321
1022213213
0222132131
2221321311
2213213110
2132131102
1321311023
3213110233
2131102331
1311023310
3110233100
1102331001
1023310011
0233100113
2331001131
3310011310
3100113102
1001131021
0011310212
0113102120
1131021202
1310212021
3102120213
1021202132
0212021323
2120213233
1202132331
2021323310
0213233102
2132331021
1323310213
3233102132
2331021322
3310213223
3102132232
1021322322
0213223220
2132232203
1322322033
3223220331
2232203312
2322033121
3220331211
2203312110
2033121103
0331211032
3312110322
3121103221
1211032212
2110322120
1103221200
1032212002
0322120022
3221200222
2212002221
2120022212
1200222122
2002221221
0022212213
0222122132
2221221320
2212213202
2122132022
1221320220
2213202203
2132022031
1320220311
3202203112
2022031121
0220311211
2203112113
2031121132
0311211320
3112113203
1121132032
1211320321
2113203211
1132032113
1320321132
3203211320
2032113202
0321132020
3211320200
2113202002
1132020020
1320200200
3202002002
2020020022
0200200221
2002002212
0020022123
0200221231
2002212312
0022123122
0221231220
2212312200
2123122002
1231220023
2312200232
3122002322
1220023222
2200232221
2002322210
0023222102
0232221020
2322210202
3222102020
2221020202
2210202022
2102020222
1020202220
0202022200
2020222000
0202220002
2022200021
0222000213
2220002132
2200021323
2000213231
0002132310
0021323102
0213231021
2132310210
1323102102
3231021021
2310210212
3102102120
1021021203
0210212031
2102120311
1021203112
0212031120
2120311202
1203112021
2031120211
0311202113
3112021131
1120211313
1202113131
2021131310
0211313102
2113131021
1131310211
1313102111
3131021111
1310211112
3102111121
1021111211
0211112113
2111121133
1111211331
1112113313
1121133131
1211331313
2113313133
1133131333
1331313331
3313133310
3131333102
1313331020
3133310203
1333102031
3331020313
3310203133
3102031331
1020313310
0203133102
2031331022
0313310220
3133102203
1331022032
3310220322
3102203222
1022032223
0220322231
2203222310
2032223101
0322231010
3222310102
2223101021
2231010213
2310102131
3101021311
1010213113
0102131133
1021311330
0213113302
2131133020
1311330202
3113302023
1133020231
1330202310
3302023101
3020231011
0202310112
2023101120
0231011201
2310112010
3101120100
1011201000
0112010001
1120100011
1201000113
2010001132
0100011321
1000113211
0001132113
0011321133
0113211331
1132113313
1321133131
3211331311
2113313113
1133131132
1331311323
3313113233
3131132331
1311323311
3113233113
1132331132
1323311320
3233113203
2331132033
3311320331
3113203313
1132033133
1320331333
3203313333
2033133332
0331333321
3313333210
3133332103
1333321032
3333210322
3332103220
3321032200
3210322003
2103220031
1032200313
0322003132
3220031320
2200313201
2003132011
0031320113
0313201132
3132011322
1320113220
3201132203
2011322030
0113220300
1132203003
1322030032
3220300320
2203003200
2030032000
0300320002
3003200020
0032000203
0320002033
3200020331
2000203311
0002033113
0020331133
0203311331
2033113311
0331133111
3311331113
3113311133
1133111333
1331113333
3311133331
3111333313
1113333132
1133331323
1333313231
3333132313
3331323131
3313231310
3132313103
1323131031
3231310312
2313103121
3131031210
1310312102
3103121021
1031210211
0312102112
3121021120
1210211203
2102112030
1021120303
0211203032
2112030322
1120303222
1203032221
2030322213
0303222132
3032221322
0322213220
3222132202
2221322023
2213220232
2132202321
1322023210
3220232102
2202321021
2023210213
0232102133
2321021333
3210213332
2102133320
1021333201
0213332013
2133320133
1333201331
3332013311
3320133111
3201331111
2013311113
0133111132
1331111323
3311113232
3111132320
1111323202
1113232021
1132320213
1323202132
3232021322
2320213220
3202132202
2021322023
0213220230
2132202301
1322023013
3220230131
2202301311
2023013111
0230131111
2301311113
3013111131
0131111311
1311113110
3111131101
1111311013
1113110132
1131101321
1311013210
3110132101
1101321012
1013210120
0132101201
1321012011
3210120113
2101201131
1012011312
0120113122
1201131222
2011312220
0113122200
1131222001
1312220011
3122200110
1222001102
2220011020
2200110202
2001102021
0011020213
0110202132
1102021322
1020213223
0202132231
2021322311
0213223113
2132231132
1322311322
3223113221
2231132212
2311322121
3113221211
1132212112
1322121123
3221211232
2212112323
2121123231
1211232311
2112323111
1123231111
1232311113
2323111131
3231111312
2311113122
3111131220
1111312202
1113122022
1131220220
1312202202
3122022022
1220220221
2202202211
2022022113
0220221131
2202211311
2022113111
0221131110
2211311102
2113111020
1131110203
1311102032
3111020322
1110203220
1102032201
1020322011
0203220113
2032201132
0322011321
3220113213
2201132132
2011321322
0113213220
1132132201
1321322012
3213220122
2132201220
1322012201
3220122011
2201220111
2012201112
0122011120
1220111202
2201112022
2011120221
0111202210
1112022102
1120221020
1202210202
2022102021
0221020210
2210202103
2102021033
1020210331
0202103311
2021033110
0210331100
2103311002
1033110022
0331100220
3311002202
3110022020
1100220203
1002202032
0022020321
0220203211
2202032111
2020321110
0203211102
2032111020
0321110202
3211102022
2111020221
1110202213
1102022131
1020221311
0202213113
2022131133
0221311331
2213113311
2131133113
1311331131
3113311311
1133113113
1331131131
3311311311
3113113113
1131131131
1311311310
3113113100
1131131001
1311310010
3113100101
1131001011
1310010113
3100101131
1001011310
0010113102
0101131021
1011310210
0113102100
1131021000
1310210001
3102100013
1021000131
0210001311
2100013110
1000131100
0001311002
0013110021
0131100210
1311002103
3110021030
1100210301
1002103011
0021030110
0210301103
2103011031
1030110313
0301103133
3011031332
0110313320
1103133202
1031332021
0313320211
3133202111
1332021112
3320211123
3202111232
2021112322
0211123220
2111232203
1112322032
1123220320
1232203202
2322032022
3220320220
2203202202
2032022023
0320220230
3202202302
2022023021
0220230210
2202302102
2023021021
0230210212
2302102120
3021021202
0210212021
2102120210
1021202101
0212021013
2120210132
1202101321
2021013210
0210132102
2101321022
1013210221
0132102213
1321022132
3210221322
2102213221
1022132211
0221322112
2213221123
2132211231
1322112313
3221123131
2211231311
2112313112
1123131123
1231311232
2313112321
3131123210
1311232101
3112321010
1123210102
1232101022
2321010221
3210102210
2101022101
1010221011
0102210113
1022101132
0221011321
2210113210
2101132102
1011321021
0113210211
1132102113
1321021133
3210211331
2102113311
1021133112
0211331122
2113311222
1133112220
1331122202
3311222022
3112220223
1122202230
1222022301
2220223012
2202230123
2022301231
0223012312
2230123121
2301231211
3012312111
0123121110
1231211102
2312111021
3121110213
1211102132
2111021321
1110213213
1102132132
1021321321
0213213211
2132132112
1321321121
3213211210
2132112101
1321121010
3211210100
2112101001
1121010012
1210100120
2101001202
1010012022
0100120221
1001202213
0012022132
0120221322
1202213220
2022132200
0221322002
2213220020
2132200202
1322002020
3220020202
2200202020
2002020203
0020202031
0202020311
2020203113
0202031131
2020311311
0203113113
2031131132
0311311322
3113113223
1131132230
1311322301
3113223011
1132230111
1322301110
3223011101
2230111013
2301110131
3011101311
0111013112
1110131122
1101311222
1013112222
0131122220
1311222200
3112222000
1122220001
1222200010
2222000103
2220001032
2200010322
2000103221
0001032213
0010322132
0103221322
1032213220
0322132201
3221322012
2213220122
2132201223
1322012232
3220122321
2201223213
2012232132
0122321321
1223213210
2232132102
2321321022
3213210222
2132102220
1321022200
3210222002
2102220020
1022200200
0222002003
2220020033
2200200332
2002003322
0020033222
0200332221
2003322212
0033222121
0332221211
3322212111
3222121112
2221211122
2212111220
2121112202
1211122020
2111220200
1112202001
1122020011
1220200111
2202001112
2020011123
0200111233
2001112331
0011123311
0111233112
1112331120
1123311202
1233112023
2331120232
3311202322
3112023221
1120232211
1202322111
2023221113
0232211132
2322111322
3221113220
2211132202
2111322023
1113220230
1132202301
1322023010
3220230103
2202301031
2023010313
0230103131
2301031310
3010313100
0103131002
1031310021
0313100212
3131002122
1310021220
3100212200
1002122000
0021220001
0212200011
2122000112
1220001120
2200011200
2000112002
0001120021
0011200213
0112002133
1120021332
1200213323
2002133231
0021332313
0213323132
2133231321
1332313210
3323132102
3231321023
2313210232
3132102322
1321023220
3210232201
2102322013
1023220133
0232201331
2322013313
3220133133
2201331333
2013313332
0133133321
1331333211
3313332111
3133321113
1333211132
3332111320
3321113200
3211132002
2111320020
1113200200
1132002001
1320020013
3200200132
2002001321
0020013210
0200132102
2001321023
0013210232
0132102320
1321023200
3210232002
2102320022
1023200222
0232002220
2320022201
3200222010
2002220103
0022201031
0222010311
2220103111
2201031111
2010311110
0103111102
1031111022
0311110221
3111102213
1111022131
1110221311
1102213110
1022131100
0221311002
2213110020
2131100203
1311002032
3110020322
1100203221
1002032211
0020322113
0203221133
2032211332
0322113321
3221133210
2211332102
2113321020
1133210202
1332102023
3321020233
3210202331
2102023311
1020233113
0202331133
2023311331
0233113310
2331133101
3311331013
3113310133
1133101332
1331013321
3310133213
3101332132
1013321322
0133213220
1332132200
3321322001
3213220012
2132200122
1322001222
3220012220
2200122201
2001222010
0012220102
0122201023
1222010231
2220102311
2201023113
2010231131
0102311311
1023113110
0231131102
2311311021
3113110213
1131102133
1311021332
3110213322
1102133221
1021332211
0213322110
2133221102
1332211022
3322110221
3221102211
2211022113
2110221132
1102211321
1022113212
0221132120
2211321201
2113212013
1132120133
1321201331
3212013311
2120133110
1201331101
2013311011
0133110110
1331101102
3311011022
3110110220
1101102201
1011022013
0110220132
1102201321
1022013212
0220132121
2201321211
2013212111
0132121110
1321211102
3212111022
2121110222
1211102220
2111022202
1110222020
1102220200
1022202002
0222020020
2220200201
2202002012
2020020120
0200201202
2002012022
0020120220
0201202201
2012022011
0120220110
1202201102
2022011021
0220110213
2201102131
2011021313
0110213132
1102131321
1021313210
0213132102
2131321023
1313210230
3132102300
1321023002
3210230021
2102300213
1023002131
0230021311
2300213111
3002131113
0021311132
0213111321
2131113213
1311132132
3111321322
1113213223
1132132233
1321322333
3213223331
2132233313
1322333130
3223331301
2233313013
2333130132
3331301321
3313013210
3130132102
1301321023
3013210233
0132102333
1321023331
3210233312
2102333120
1023331202
0233312022
2333120220
3331202203
3312022032
3120220322
1202203221
2022032213
0220322133
2203221331
2032213313
0322133132
3221331323
2213313232
2133132322
1331323221
3313232213
3132322132
1323221322
3232213223
2322132231
3221322311
2213223111
2132231110
1322311100
3223111002
2231110022
2311100220
3111002200
1110022001
1100220010
1002200101
0022001013
0220010131
2200101313
2001013131
0010131310
0101313101
1013131011
0131310111
1313101111
3131011110
1310111101
3101111012
1011110121
0111101212
1111012121
1110121211
1101212111
1012121111
0121211110
1212111102
2121111023
1211110232
2111102322
1111023221
1110232210
1102322102
1023221022
0232210223
2322102231
3221022310
2210223100
2102231002
1022310020
0223100201
2231002011
2310020111
3100201113
1002011130
0020111300
0201113000
2011130002
0111300022
1113000220
1130002202
1300022022
3000220221
0002202211
0022022111
0220221112
2202211122
2022111223
0221112233
2211122331
2111223311
1112233110
1122331102
1223311022
2233110220
2331102201
3311022011
3110220110
1102201101
1022011011
0220110110
2201101100
2011011002
0110110022
1101100221
1011002211
0110022110
1100221101
1002211012
0022110121
0221101211
2211012111
2110121113
1101211132
1012111323
0121113233
1211132332
2111323321
1113233213
1132332131
1323321310
3233213100
2332131001
3321310010
3213100101
2131001011
1310010110
3100101101
1001011013
0010110132
0101101320
1011013202
0110132022
1101320223
1013202231
0132022311
1320223111
3202231111
2022311110
0223111101
2231111013
2311110133
3111101331
1111013311
1110133112
1101331121
1013311212
0133112120
1331121202
3311212023
3112120232
1121202321
1212023211
2120232110
1202321101
2023211011
0232110112
2321101123
3211011232
2110112320
1101123201
1011232011
0112320110
1123201102
1232011021
2320110213
3201102131
2011021311
0110213110
1102131101
1021311012
0213110123
2131101233
1311012333
3110123331
1101233311
1012333111
0123331112
1233311121
2333111210
3331112101
3311121011
3111210112
1112101120
1121011203
1210112032
2101120320
1011203200
0112032002
1120320020
1203200200
2032002001
0320020013
3200200131
2002001313
0020013131
0200131311
2001313110
0013131103
0131311032
1313110321
3131103212
1311032120
3110321202
1103212021
1032120213
0321202131
3212021311
2120213112
1202131120
2021311200
0213112003
2131120032
1311200323
3112003231
1120032311
1200323113
2003231132
0032311322
0323113221
3231132213
2311322131
3113221310
1132213103
1322131031
3221310311
2213103110
2131031102
1310311022
3103110222
1031102220
0311022202
3110222023
1102220231
1022202313
0222023133
2220231332
2202313321
2023133212
0231332122
2313321222
3133212222
1332122220
3321222200
3212222000
2122220001
1222200012
2222000123
2220001231
2200012313
2000123131
0001231311
0012313113
0123131133
1231311332
2313113322
3131133223
1311332232
3113322321
1133223213
1332232132
3322321322
3223213223
2232132232
2321322322
3213223220
2132232202
1322322020
3223220200
2232202001
2322020010
3220200102
2202001020
2020010200
0200102001
2001020011
0010200112
0102001122
1020011222
0200112220
2001122200
0011222002
0112220022
1122200220
1222002202
2220022021
2200220210
2002202102
0022021020
0220210202
2202102021
2021020210
0210202102
2102021020
1020210200
0202102003
2021020032
0210200322
2102003223
1020032231
0200322313
2003223132
0032231322
0322313221
3223132210
2231322101
2313221012
3132210123
1322101233
3221012332
2210123321
2101233211
1012332110
0123321101
1233211010
2332110100
3321101000
3211010003
2110100032
1101000320
1010003200
0100032002
1000320022
0003200221
0032002211
0320022113
3200221132
2002211320
0022113202
0221132021
2211320211
2113202113
1132021132
1320211323
3202113232
2021132322
0211323221
2113232210
1132322102
1323221023
3232210232
2322102322
3221023220
2210232201
2102322012
1023220122
0232201223
2322012232
3220122321
2201223213
2012232132
0122321321
1223213211
2232132113
2321321131
3213211313
2132113131
1321131311
3211313113
2113131133
1131311332
1313113320
3131133201
1311332012
3113320123
1133201232
1332012322
3320123221
3201232213
2012322132
0123221320
1232213201
2322132010
3221320102
2213201022
2132010223
1320102233
3201022331
2010223313
0102233132
1022331322
0223313221
2233132213
2331322132
3313221320
3132213200
1322132002
3221320020
2213200203
2132002033
1320020332
3200203323
2002033231
0020332312
0203323121
2033231210
0332312103
3323121032
3231210322
2312103223
3121032232
1210322322
2103223222
1032232222
0322322220
3223222201
2232222010
2322220100
3222201002
2222010022
2220100220
2201002203
2010022031
0100220311
1002203110
0022031102
0220311020
2203110202
2031102021
0311020211
3110202110
1102021101
1020211011
0202110112
2021101123
0211011232
2110112322
1101123221
1011232213
0112322133
1123221333
1232213333
2322133332
3221333320
2213333201
2133332010
1333320100
3333201003
3332010030
3320100303
3201003031
2010030313
0100303131
1003031311
0030313110
0303131103
3031311031
0313110310
3131103102
1311031021
3110310211
1103102113
1031021132
0310211322
3102113220
1021132201
0211322013
2113220132
1132201321
1322013213
3220132130
2201321301
2013213011
0132130113
1321301131
3213011310
2130113101
1301131011
3011310110
0113101103
1131011031
1310110310
3101103102
1011031023
0110310232
1103102322
1031023222
0310232222
3102322220
1023222202
0232222022
2322220220
3222202201
2222022010
2220220100
2202201002
2022010020
0220100203
2201002032
2010020321
0100203213
1002032132
0020321321
0203213210
2032132102
0321321020
3213210200
2132102002
1321020020
3210200201
2102002010
1020020102
0200201021
2002010210
0020102101
0201021011
2010210111
0102101110
1021011100
0210111002
2101110023
1011100231
0111002310
1110023100
1100231002
1002310020
0023100200
0231002000
2310020003
3100200031
1002000313
0020003132
0200031323
2000313233
0003132333
0031323332
0313233320
3132333202
1323332020
3233320202
2333202020
3332020200
3320202000
3202020001
2020200011
0202000111
2020001111
0200011110
2000111100
0001111001
0011110010
0111100100
1111001002
1110010022
1100100220
1001002202
0010022020
0100220203
1002202032
0022020320
0220203200
2202032000
2020320001
0203200013
2032000131
0320001313
3200013132
2000131322
0001313222
0013132220
0131322200
1313222000
3132220000
1322200003
3222000030
2220000301
2200003010
2000030101
0000301011
0003010110
0030101100
0301011002
3010110020
0101100202
1011002020
0110020202
1100202020
1002020201
0020202011
0202020111
2020201111
0202011111
2020111110
0201111103
2011111031
0111110313
1111103133
1111031333
1110313332
1103133320
1031333201
0313332011
3133320111
1333201113
3332011130
3320111301
3201113010
2011130102
0111301023
1113010233
1130102331
1301023310
3010233101
0102331013
1023310132
0233101322
2331013221
3310132213
3101322130
1013221303
0132213033
1322130333
3221303330
2213033301
2130333011
1303330110
3033301101
0333011012
3330110123
3301101232
3011012323
0110123232
1101232322
1012323222
0123232222
1232322221
2323222211
3232222110
2322221102
3222211023
2222110232
2221102322
2211023222
2110232221
1102322211
1023222111
0232221111
2322211110
3222111101
2221111012
2211110122
2111101221
1111012211
1110122111
1101221111
1012211110
0122111101
1221111012
2211110121
2111101210
1111012102
1110121022
1101210221
1012102211
0121022111
1210221110
2102211102
1022111023
0221110232
2211102321
2111023210
1110232100
1102321001
1023210010
0232100100
2321001003
3210010032
2100100321
1001003211
0010032113
0100321130
1003211301
0032113011
0321130112
3211301122
2113011220
1130112200
1301122001
3011220010
0112200101
1122001011
1220010110
2200101100
2001011001
0010110011
0101100113
1011001132
0110011320
1100113202
1001132021
0011320212
0113202123
1132021232
1320212322
3202123223
2021232232
0212322322
2123223223
1232232232
2322322322
3223223222
2232232222
2322322220
3223222202
2232222023
2322220232
3222202320
2222023202
2220232022
2202320222
2023202221
0232022211
2320222111
3202221111
2022211111
0222111113
2221111131
2211111310
2111113100
1111131002
1111310022
1113100222
1131002221
1310022210
3100222103
1002221031
0022210311
0222103110
2221031102
2210311020
2103110201
1031102011
0311020113
3110201132
1102011322
1020113220
0201132200
2011322000
0113220002
1132200023
1322000232
3220002321
2200023211
2000232110
0002321102
0023211021
0232110211
2321102110
3211021101
2110211011
1102110112
1021101120
0211011201
2110112010
1101120101
1011201011
0112010113
1120101130
1201011301
2010113010
0101130102
1011301021
0113010210
1130102103
1301021031
3010210313
0102103131
1021031312
0210313122
2103131222
1031312221
0313122213
3131222130
1312221301
3122213012
1222130122
2221301221
2213012212
2130122121
1301221213
3012212132
0122121321
1221213211
2212132112
2121321122
1213211221
2132112212
1321122122
3211221222
2112212220
1122122200
1221222000
2212220002
2122200022
1222000221
2220002212
2200022122
2000221221
0002212210
0022122102
0221221022
2212210220
2122102200
1221022001
2210220010
2102200101
1022001011
0220010110
2200101103
2001011032
0010110320
0101103203
1011032032
0110320320
1103203202
1032032022
0320320223
3203202231
2032022311
0320223111
3202231110
2022311101
0223111012
2231110122
2311101221
3111012212
1110122123
1101221232
1012212323
0122123231
1221232313
2212323132
2123231323
1232313232
2323132321
3231323213
2313232132
3132321322
1323213222
3232132221
2321322210
3213222103
2132221031
1322210313
3222103133
2221031331
2210313310
2103133100
1031331001
0313310011
3133100113
1331001132
3310011322
3100113220
1001132202
0011322020
0113220200
1132202002
1322020022
3220200220
2202002201
2020022012
0200220120
2002201201
0022012010
0220120101
2201201012
2012010121
0120101213
1201012132
2010121323
0101213230
1012132301
0121323010
1213230103
2132301031
1323010311
3230103113
2301031132
3010311322
0103113223
1031132231
0311322312
3113223122
1132231222
1322312221
3223122210
2231222102
2312221021
3122210210
1222102102
2221021022
2210210222
2102102222
1021022222
0210222220
2102222202
1022222022
0222220220
2222202201
2222022012
2220220121
2202201211
2022012113
0220121132
2201211321
2012113211
0121132111
1211321111
2113211110
1132111102
1321111021
3211110210
2111102101
1111021010
1110210100
1102101000
1021010001
0210100011
2101000112
1010001120
0100011203
1000112033
0001120330
0011203300
0112033003
1120330031
1203300311
2033003110
0330031102
3300311020
3003110200
0031102000
0311020002
3110200023
1102000231
1020002313
0200023132
2000231321
0002313210
0023132103
0231321033
2313210332
3132103322
1321033220
3210332202
2103322020
1033220202
0332202020
3322020200
3220202001
2202020010
2020200100
0202001001
2020010012
0200100123
2001001232
0010012320
0100123203
1001232030
0012320302
0123203020
1232030202
2320302022
3203020220
2030202200
0302022002
3020220020
0202200200
2022002000
0220020003
2200200031
2002000311
0020003112
0200031121
2000311212
0003112123
0031121232
0311212320
3112123200
1121232001
1212320010
2123200102
1232001020
2320010200
3200102002
2001020021
0010200212
0102002123
1020021232
0200212321
2002123210
0021232101
0212321012
2123210120
1232101202
2321012023
3210120232
2101202322
1012023222
0120232221
1202322210
2023222102
0232221022
2322210220
3222102202
2221022022
2210220222
2102202222
1022022222
0220222221
2202222212
2022222122
0222221220
2222212202
2222122022
2221220220
2212202202
2122022022
1220220222
2202202222
2022022222
0220222221
2202222212
2022222122
0222221220
2222212202
2222122021
2221220211
2212202110
2122021101
1220211011
2202110113
2021101130
0211011301
2110113012
1101130123
1011301230
0113012303
1130123033
1301230333
3012303330
0123033300
1230333002
2303330020
3033300203
0333002032
3330020320
3300203200
3002032002
0020320022
0203200220
2032002201
0320022012
3200220122
2002201221
0022012212
0220122123
2201221232
2012212321
0122123211
1221232110
2212321102
2123211023
1232110232
2321102321
3211023211
2110232111
1102321111
1023211113
0232111132
2321111320
3211113203
2111132031
1111320310
1113203103
1132031033
1320310332
3203103321
2031033212
0310332122
3103321221
1033212213
0332122132
3321221322
3212213221
2122132212
1221322122
2213221220
2132212202
1322122022
3221220223
2212202232
2122022322
1220223221
2202232210
2022322102
0223221022
2232210222
2322102221
3221022211
2210222113
2102221130
1022211301
0222113012
2221130122
2211301222
2113012222
1130122221
1301222211
3012222110
0122221100
1222211002
2222110020
2221100201
2211002012
2110020122
1100201220
1002012201
0020122010
0201220101
2012201012
0122010123
1220101233
2201012331
2010123311
0101233110
1012331101
0123311011
1233110111
2331101111
3311011112
3110111120
1101111202
1011112020
0111120202
1111202022
1112020221
1120202213
1202022132
2020221322
0202213220
2022132202
0221322020
2213220200
2132202003
1322020030
3220200300
2202003001
2020030013
0200300131
2003001311
0030013113
0300131131
3001311310
0013113102
0131131023
1311310233
3113102331
1131023313
1310233130
3102331302
1023313022
0233130222
2331302221
3313022213
3130222131
1302221310
3022213100
0222131001
2221310012
2213100122
2131001221
1310012213
3100122130
1001221301
0012213013
0122130131
1221301311
2213013112
2130131122
1301311220
3013112202
0131122021
1311220211
3112202112
1122021121
1220211210
2202112102
2021121022
0211210223
2112102232
1121022322
1210223223
2102232232
1022322322
0223223220
2232232202
2322322022
3223220223
2232202232
2322022322
3220223221
2202232213
2022322132
0223221322
2232213220
2322132200
3221322003
2213220032
2132200320
1322003203
3220032030
2200320300
2003203001
0032030010
0320300101
3203001013
2030010133
0300101331
3001013311
0010133113
0101331133
1013311332
0133113321
1331133213
3311332131
3113321313
1133213132
1332131322
3321313223
3213132231
2131322313
1313223132
3132231322
1322313220
3223132200
2231322000
2313220000
3132200003
1322000031
3220000313
2200003133
2000031333
0000313332
0003133321
0031333213
0313332132
3133321322
1333213220
3332132202
3321322022
3213220222
2132202223
1322022232
3220222321
2202223211
2022232110
0222321101
2223211011
2232110112
2321101122
3211011220
2110112202
1101122022
1011220220
0112202201
1122022010
1220220102
2202201023
2022010231
0220102311
2201023113
2010231132
0102311321
1023113211
0231132111
2311321111
3113211111
1132111110
1321111102
3211111022
2111110221
1111102211
1111022110
1110221103
1102211032
1022110320
0221103200
2211032002
2110320020
1103200200
1032002002
0320020023
3200200232
2002002322
0020023222
0200232222
2002322222
0023222223
0232222232
2322222322
3222223222
2222232220
2222322202
2223222020
2232220201
2322202011
3222020110
2220201102
2202011020
2020110202
0201102022
2011020222
0110202222
1102022222
1020222223
0202222233
2022222333
0222223331
2222233312
2222333122
2223331220
2233312202
2333122022
3331220222
3312202222
3122022222
1220222223
2202222232
2022222322
0222223220
2222232202
2222322022
2223220222
2232202222
2322022222
3220222222
2202222223
2022222232
0222222321
2222223213
2222232131
2222321311
2223213113
2232131131
2321311310
3213113102
2131131022
1311310223
3113102232
1131022322
1310223220
3102232202
1022322022
0223220220
2232202202
2322022022
3220220221
2202202212
2022022122
0220221220
2202212202
2022122022
0221220220
2212202203
2122022030
1220220303
2202203030
2022030303
0220303030
2203030302
2030303022
0303030221
3030302212
0303022122
3030221221
0302212210
3022122100
0221221001
2212210012
2122100121
1221001210
2210012102
2100121021
1001210211
0012102113
0121021131
1210211310
2102113102
1021131020
0211310201
2113102010
1131020100
1310201003
3102010032
1020100320
0201003201
2010032011
0100320111
1003201113
0032011132
0320111320
3201113202
2011132020
0111320203
1113202032
1132020322
1320203220
3202032201
2020322012
0203220122
2032201220
0322012202
3220122020
2201220202
2012202022
0122020220
1220202203
2202022032
2020220322
0202203222
2022032222
0220322223
2203222232
2032222323
0322223231
3222232311
2222323113
2223231133
2232311331
2323113310
3231133103
2311331031
3113310310
1133103102
1331031023
3310310231
3103102311
1031023111
0310231111
3102311113
1023111132
0231111322
2311113222
3111132221
1111322210
1113222103
1132221031
1322210311
3222103113
2221031132
2210311323
2103113230
1031132301
0311323010
3113230101
1132301011
1323010111
3230101111
2301011112
3010111122
0101111221
1011112213
0111122133
1111221333
1112213330
1122133300
1221333000
2213330000
2133300002
1333000023
3330000232
3300002320
3000023203
0000232032
0002320322
0023203220
0232032200
2320322002
3203220022
2032200221
0322002211
3220022110
2200221101
2002211012
0022110122
0221101222
2211012222
2110122220
1101222202
1012222022
0122220223
1222202232
2222022320
2220223200
2202232001
2022320010
0223200103
2232001033
2320010330
3200103300
2001033002
0010330021
0103300210
1033002101
0330021013
3300210130
3002101301
0021013011
0210130113
2101301131
1013011310
0130113100
1301131001
3011310013
0113100132
1131001321
1310013210
3100132102
1001321021
0013210211
0132102110
1321021101
3210211013
2102110132
1021101321
0211013212
2110132120
1101321202
1013212022
0132120222
1321202221
3212022212
2120222120
1202221201
2022212012
0222120120
2221201202
2212012023
2120120232
1201202321
2012023211
0120232110
1202321101
2023211011
0232110113
2321101132
3211011322
2110113220
1101132201
1011322011
0113220111
1132201111
1322011112
3220111120
2201111202
2011112020
0111120202
1111202021
1112020211
1120202110
1202021103
2020211031
0202110310
2021103102
0211031022
2110310223
1103102231
1031022310
0310223103
3102231031
1022310313
0223103132
2231031321
2310313213
3103132133
1031321331
0313213313
3132133132
1321331321
3213313212
2133132120
1331321201
3313212011
3132120110
1321201103
3212011032
2120110322
1201103221
2011032210
0110322101
1103221011
1032210112
0322101123
3221011232
2210112321
2101123213
1011232132
0112321322
1123213221
1232132213
2321322132
3213221320
2132213202
1322132022
3221320220
2213202201
2132022012
1320220122
3202201222
2022012222
0220122223
2201222231
2012222313
0122223131
1222231313
2222313133
2223131332
2231313321
2313133212
3131332123
1313321233
3133212332
1332123323
3321233232
3212332323
2123323231
1233232312
2332323121
3323231211
3232312111
2323121110
3231211101
2312111011
3121110111
1211101111
2111011111
1110111112
1101111120
1011111202
0111112021
1111120211
1111202111
1112021111
1120211112
1202111121
2021111211
0211112113
2111121132
1111211321
1112113211
1121132110
1211321101
2113211013
1132110131
1321101313
3211013131
2110131310
1101313101
1013131013
0131310131
1313101310
3131013103
1310131031
3101310311
1013103113
0131031131
1310311313
3103113131
1031131311
0311313112
3113131123
1131311231
1313112312
3131123123
1311231232
3112312320
1123123201
1231232011
2312320113
3123201131
1232011313
2320113132
3201131321
2011313211
0113132111
1131321113
1313211131
3132111312
1321113123
3211131232
2111312322
1113123221
1131232211
1312322112
3123221121
1232211211
2322112111
3221121113
2211211131
2112111312
1121113123
1211131231
2111312311
1113123113
1131231132
1312311322
3123113221
1231132212
2311322123
3113221233
1132212331
1322123313
3221233131
2212331311
2123313112
1233131122
2331311221
3313112210
3131122103
1311221031
3112210310
1122103103
1221031032
2210310320
2103103203
1031032031
0310320312
3103203123
1032031232
0320312323
3203123230
2031232301
0312323011
3123230112
1232301121
2323011211
3230112112
2301121122
3011211220
0112112200
1121122002
1211220021
2112200210
1122002101
1220021011
2200210110
2002101102
0021011022
0210110220
2101102202
1011022021
0110220213
1102202132
1022021321
0220213210
2202132100
2021321002
0213210021
2132100211
1321002110
3210021103
2100211032
1002110321
0021103210
0211032102
2110321020
1103210203
1032102032
0321020322
3210203220
2102032200
1020322001
0203220013
2032200132
0322001321
3220013210
2200132102
2001321020
0013210202
0132102021
1321020211
3210202111
2102021111
1020211112
0202111120
2021111202
0211112023
2111120230
1111202301
1112023010
1120230100
1202301002
2023010021
0230100213
2301002132
3010021320
0100213202
1002132021
0021320210
0213202100
2132021002
1320210021
3202100213
2021002131
0210021311
2100213112
1002131121
0021311210
0213112101
2131121011
1311210113
3112101131
1121011310
1210113100
2101131001
1011310011
0113100110
1131001103
1310011031
3100110310
1001103103
0011031032
0110310320
1103103201
1031032011
0310320112
3103201120
1032011201
0320112013
3201120130
2011201301
0112013010
1120130100
1201301001
2013010011
0130100111
1301001111
3010011110
0100111100
1001111001
0011110013
0111100130
1111001301
1110013013
1100130132
1001301321
0013013213
0130132133
1301321333
3013213332
0132133321
1321333212
3213332122
2133321222
1333212221
3332122210
3321222100
3212221002
2122210020
1222100201
2221002011
2210020113
2100201131
1002011312
0020113123
0201131231
2011312311
0113123110
1131231103
1312311031
3123110310
1231103102
2311031023
3110310232
1103102320
1031023201
0310232011
3102320113
1023201132
0232011320
2320113200
3201132002
2011320022
0113200220
1132002202
1320022022
3200220223
2002202232
0022022321
0220223211
2202232110
2022321101
0223211012
2232110122
2321101220
3211012200
2110122000
1101220000
1012200000
0122000001
1220000010
2200000103
2000001031
0000010310
0000103101
0001031011
0010310111
0103101113
1031011131
0310111310
3101113103
1011131033
0111310331
1113103312
1131033122
1310331222
3103312222
1033122223
0331222231
3312222313
3122223132
1222231322
2222313222
2223132221
2231322211
2313222110
3132221103
1322211032
3222110322
2221103223
2211032232
2110322321
1103223212
1032232123
0322321233
3223212333
2232123332
2321233322
3212333222
2123332222
1233322220
2333222202
3332222022
3322220223
3222202232
2222022323
2220223230
2202232303
2022323032
0223230320
2232303200
2323032002
3230320022
2303200223
3032002231
0320022310
3200223102
2002231022
0022310223
0223102232
2231022323
2310223231
3102232313
1022323132
0223231322
2232313220
2323132200
3231322001
2313220012
3132200121
1322001211
3220012111
2200121110
2001211100
0012111001
0121110012
1211100120
2111001201
1110012011
1100120111
1001201112
0012011120
0120111202
1201112021
2011120211
0111202111
1112021111
1120211111
1202111113
2021111132
0211111321
2111113210
1111132100
1111321002
1113210023
1132100232
1321002322
3210023221
2100232212
1002322122
0023221223
0232212230
2322122300
3221223000
2212230002
2122300020
1223000201
2230002012
2300020121
3000201213
0002012132
0020121321
0201213211
2012132113
0121321132
1213211320
2132113202
1321132022
3211320223
2113202232
1132022323
1320223232
3202232323
2022323233
0223232331
2232323311
2323233112
3232331120
2323311202
3233112021
2331120210
3311202102
3112021022
1120210220
1202102201
2021022012
0210220120
2102201202
1022012021
0220120213
2201202132
2012021322
0120213220
1202132203
2021322033
0213220333
2132203331
1322033311
3220333113
2203331131
2033311310
0333113103
3331131032
3311310322
3113103220
1131032200
1310322002
3103220021
1032200211
0322002111
3220021113
2200211132
2002111320
0021113203
0211132031
2111320310
1113203103
1132031031
1320310310
3203103102
2031031021
0310310210
3103102100
1031021000
0310210003
3102100033
1021000331
0210003310
2100033100
1000331003
0003310031
0033100310
0331003101
3310031011
3100310110
1003101102
0031011020
0310110200
3101102001
1011020010
0110200103
1102001031
1020010312
0200103123
2001031232
0010312321
0103123212
1031232121
0312321213
3123212132
1232121321
2321213210
3212132103
2121321031
1213210312
2132103122
1321031220
3210312202
2103122023
1031220232
0312202320
3122023202
1220232023
2202320231
2023202313
0232023132
2320231321
3202313210
2023132102
0231321022
2313210221
3132102211
1321022111
3210221113
2102211132
1022111321
0221113211
2211132111
2111321111
1113211112
1132111122
1321111223
3211112233
2111122331
1111223310
1112233103
1122331031
1223310311
2233103113
2331031132
3310311321
3103113213
1031132132
0311321322
3113213220
1132132202
1321322021
3213220213
2132202131
1322021310
3220213103
2202131032
2021310322
0213103221
2131032212
1310322122
3103221222
1032212220
0322122202
3221222022
2212220222
2122202222
1222022220
2220222201
2202222011
2022220113
0222201131
2222011310
2220113100
2201131002
2011310023
0113100231
1131002311
1310023113
3100231133
1002311331
0023113311
0231133113
2311331131
3113311311
1133113112
1331131122
3311311222
3113112220
1131122202
1311222020
3112220201
1122202011
1222020111
2220201112
2202011121
2020111211
0201112111
2011121113
0111211131
1112111312
1121113121
1211131211
2111312111
1113121112
1131211120
1312111200
3121112001
1211120011
2111200110
1112001102
1120011021
1200110211
2001102111
0011021113
0110211131
1102111311
1021113113
0211131131
2111311311
1113113111
1131131113
1311311132
3113111322
1131113221
1311132211
3111322110
1113221103
1132211032
1322110321
3221103213
2211032132
2110321322
1103213220
1032132201
0321322011
3213220113
2132201133
1322011331
3220113313
2201133132
2011331321
0113313210
1133132101
1331321012
3313210123
3132101232
1321012322
3210123221
2101232211
1012322111
0123221112
1232211122
2322111222
3221112220
2211122201
2111222010
1112220103
1122201033
1222010332
2220103321
2201033211
2010332113
0103321132
1033211321
0332113212
3321132122
3211321221
2113212213
1132122132
1321221321
3212213211
2122132110
1221321102
2213211023
2132110230
1321102301
3211023013
2110230133
1102301332
1023013322
0230133220
2301332202
3013322022
0133220220
1332202200
3322022000
3220220000
2202200003
2022000031
0220000310
2200003101
2000031013
0000310133
0003101331
0031013310
0310133103
3101331031
1013310311
0133103110
1331031101
3310311011
3103110112
1031101122
0311011222
3110112220
1101122201
1011222010
0112220103
1122201033
1222010332
2220103321
2201033213
2010332132
0103321321
1033213211
0332132110
3321321102
3213211022
2132110220
1321102200
3211022001
2110220013
1102200132
1022001321
0220013211
2200132113
2001321131
0013211313
0132113133
1321131332
3211313320
2113133201
1131332011
1313320113
3133201132
1332011323
3320113231
3201132311
2011323112
0113231122
1132311222
1323112221
3231122211
2311222111
3112221113
1122211132
1222111322
2221113220
2211132200
2111322002
1113220020
1132200202
1322002023
3220020230
2200202302
2002023021
0020230211
0202302110
2023021100
0230211002
2302110020
3021100203
0211002033
2110020332
1100203322
1002033220
0020332202
0203322020
2033220201
0332202013
3322020133
3220201331
2202013312
2020133122
0201331220
2013312200
0133122003
1331220032
3312200322
3122003221
1220032211
2200322111
2003221112
0032211122
0322111222
3221112220
2211122201
2111222010
1112220103
1122201031
1222010313
2220103130
2201031301
2010313010
0103130102
1031301020
0313010202
3130102021
1301020212
3010202120
0102021202
1020212021
0202120213
2021202130
0212021301
2120213013
1202130130
2021301301
0213013011
2130130112
1301301120
3013011200
0130112000
1301120002
3011200022
0112000222
1120002221
1200022212
2000222122
0002221221
0022212213
0222122132
2221221323
2212213232
2122132321
1221323212
2213232120
2132321203
1323212032
3232120321
2321203213
3212032132
2120321321
1203213211
2032132111
0321321112
3213211123
2132111232
1321112320
3211123200
2111232002
1112320023
1123200232
1232002322
2320023220
3200232203
2002322032
0023220321
0232203211
2322032111
3220321111
2203211111
2032111110
0321111102
3211111020
2111110202
1111102022
1111020221
1110202211
1102022113
1020221133
0202211331
2022113310
0221133103
2211331032
2113310322
1133103220
1331032200
3310322002
3103220022
1032200220
0322002200
3220022003
2200220030
2002200303
0022003033
0220030333
2200303330
2003033301
0030333010
0303330103
3033301031
0333010311
3330103110
3301031100
3010311000
0103110000
1031100001
0311000010
3110000102
1100001020
1000010201
0000102010
0001020101
0010201012
0102010123
1020101232
0201012322
2010123223
0101232231
1012322311
0123223113
1232231133
2322311331
3223113312
2231133122
2311331220
3113312202
1133122023
1331220232
3312202321
3122023213
1220232132
2202321321
2023213213
0232132132
2321321323
3213213232
2132132322
1321323222
3213232220
2132322200
1323222000
3232220003
2322200030
3222000303
2220003033
2200030331
2000303313
0003033131
0030331313
0303313131
3033131313
0331313133
3313131332
3131313322
1313133220
3131332203
1313322030
3133220301
1332203010
3322030103
3220301032
2203010321
2030103211
0301032112
3010321123
0103211230
1032112301
0321123011
3211230111
2112301111
1123011110
1230111102
2301111021
3011110210
0111102100
1111021002
1110210020
1102100202
1021002021
0210020210
2100202100
1002021001
0020210011
0202100110
2021001102
0210011022
2100110220
1001102202
0011022022
0110220223
1102202231
1022022311
0220223113
2202231132
2022311322
0223113220
2231132202
2311322023
3113220233
1132202333
1322023332
3220233323
2202333231
2023332310
0233323101
2333231011
3332310110
3323101102
3231011021
2310110212
3101102122
1011021220
0110212202
1102122022
1021220220
0212202201
2122022012
1220220122
2202201220
2022012203
0220122032
2201220322
2012203220
0122032201
1220322011
2203220111
2032201111
0322011111
3220111111
2201111112
2011111120
0111111200
1111112002
1111120020
1111200200
1112002001
1120020013
1200200132
2002001321
0020013211
0200132111
2001321113
0013211132
0132111322
1321113222
3211132221
2111322211
1113222113
1132221132
1322211323
3222113230
2221132303
2211323030
2113230301
1132303010
1323030102
3230301022
2303010220
3030102203
0301022030
3010220300
0102203003
1022030032
0220300320
2203003201
2030032011
0300320111
3003201110
0032011102
0320111023
3201110232
2011102321
0111023213
1110232132
1102321322
1023213221
0232132210
2321322102
3213221021
2132210210
1322102101
3221021011
2210210110
2102101102
1021011021
0210110211
2101102111
1011021112
0110211120
1102111202
1021112022
0211120220
2111202201
1112022010
1120220102
1202201022
2022010221
0220102211
2201022111
2010221110
0102211100
1022111001
0221110013
2211100133
2111001331
1110013312
1100133121
1001331211
0013312110
0133121101
1331211011
3312110110
3121101103
1211011031
2110110311
1101103113
1011031132
0110311322
1103113220
1031132202
0311322020
3113220202
1132202022
1322020220
3220202203
2202022031
2020220312
0202203120
2022031200
0220312003
2203120030
2031200301
0312003013
3120030132
1200301321
2003013210
0030132101
0301321011
3013210111
0132101110
1321011102
3210111022
2101110220
1011102203
0111022031
1110220311
1102203110
1022031102
0220311020
2203110203
2031102032
0311020323
3110203232
1102032320
1020323203
0203232031
2032320310
0323203100
3232031001
2320310010
3203100101
2031001012
0310010122
3100101221
1001012211
0010122113
0101221133
1012211332
0122113321
1221133211
2211332110
2113321100
1133211003
1332110030
3321100302
3211003020
2110030200
1100302003
1003020030
0030200301
0302003012
3020030122
0200301221
2003012211
0030122111
0301221110
3012211101
0122111013
1221110131
2211101312
2111013123
1110131232
1101312322
1013123220
0131232202
1312322022
3123220220
1232202202
2322022022
3220220220
2202202202
2022022022
0220220220
2202202202
2022022020
0220220200
2202202000
2022020002
0220200023
2202000232
2020002321
0200023211
2000232111
0002321112
0023211123
0232111232
2321112320
3211123202
2111232022
1112320221
1123202211
1232022111
2320221110
3202211100
2022111000
0221110002
2211100020
2111000201
1110002011
1100020111
1000201113
0002011132
0020111320
0201113202
2011132022
0111320222
1113202220
1132022202
1320222023
3202220231
2022202311
0222023111
2220231113
2202311131
2023111311
0231113113
2311131131
3111311313
1113113131
1131131313
1311313133
3113131330
1131313302
1313133023
3131330231
1313302313
3133023131
1330231313
3302313131
3023131311
0231313111
2313131111
3131311111
1313111111
3131111112
1311111121
3111111210
1111112102
1111121022
1111210222
1112102220
1121022200
1210222000
2102220002
1022200022
0222000222
2220002222
2200022222
2000222222
0002222222
0022222220
0222222201
2222222010
2222220102
2222201022
2222010221
2220102210
2201022102
2010221022
0102210220
1022102201
0221022011
2210220111
2102201110
1022011102
0220111021
2201110211
2011102112
0111021121
1110211211
1102112111
1021121111
0211211112
2112111122
1121111221
1211112211
2111122111
1111221111
1112211111
1122111111
1221111113
2211111132
2111111321
1111113211
1111132111
1111321113
1113211131
1132111311
1321113110
3211131101
2111311013
1113110133
1131101331
1311013311
3110133113
1101331131
1013311312
0133113122
1331131222
3311312221
3113122210
1131222100
1312221002
3122210022
1222100221
2221002212
2210022122
2100221223
1002212232
0022122320
0221223202
2212232022
2122320220
1223202200
2232022002
2320220021
3202200211
2022002110
0220021101
2200211011
2002110112
0021101122
0211011221
2110112212
1101122122
1011221221
0112212210
1122122102
1221221020
2212210202
2122102022
1221020223
2210202231
2102022310
1020223100
0202231001
2022310012
0223100123
2231001233
2310012331
3100123312
1001233120
0012331202
0123312023
1233120231
2331202312
3312023121
3120231211
1202312110
2023121102
0231211020
2312110202
3121102022
1211020222
2110202221
1102022211
1020222112
0202221122
2022211221
0222112213
2221122132
2211221323
2112213232
1122132322
1221323222
2213232220
2132322202
1323222022
3232220222
2322202222
3222022222
2220222220
2202222201
2022222010
0222220101
2222201012
2222010123
2220101233
2201012330
2010123300
0101233001
1012330010
0123300103
1233001032
2330010322
3300103221
3001032210
0010322103
0103221033
1032210331
0322103312
3221033121
2210331213
2103312131
1033121310
0331213102
3312131023
3121310231
1213102312
2131023120
1310231200
3102312003
1023120031
0231200311
2312003112
3120031121
1200311211
2003112110
0031121103
0311211031
3112110313
1121103132
1211031320
2110313202
1103132021
1031320213
0313202132
3132021321
1320213210
3202132101
2021321010
0213210100
2132101000
1321010002
3210100023
2101000231
1010002311
0100023110
1000231102
0002311021
0023110212
0231102120
2311021203
3110212031
1102120311
1021203111
0212031112
2120311120
1203111200
2031112000
0311120001
3111200010
1112000100
1120001002
1200010021
2000100211
0001002110
0010021100
0100211001
1002110011
0021100110
0211001102
2110011021
1100110211
1001102113
0011021132
0110211323
1102113232
1021132322
0211323220
2113232200
1132322001
1323220011
3232200111
2322001110
3220011100
2200111001
2001110011
0011100113
0111001130
1110011301
1100113012
1001130122
0011301221
0113012213
1130122131
1301221312
3012213123
0122131232
1221312322
2213123223
2131232233
1312322331
3123223310
1232233101
2322331010
3223310102
2233101020
2331010202
3310102020
3101020200
1010202000
0102020001
1020200011
0202000113
2020001132
0200011321
2000113211
0001132110
0011321102
0113211022
1132110220
1321102200
3211022002
2110220022
1102200221
1022002211
0220022111
2200221112
2002211121
0022111211
0221112111
2211121113
2111211131
1112111311
1121113110
1211131102
2111311021
1113110210
1131102101
1311021010
3110210102
1102101020
1021010200
0210102002
2101020022
1010200220
0102002200
1020022001
0200220011
2002200111
0022001112
0220011120
2200111202
2001112020
0011120202
0111202022
1112020222
1120202222
1202022220
2020222202
0202222022
2022220221
0222202211
2222022111
2220221112
2202211122
2022111222
0221112222
2211122221
2111222211
1112222111
1122221112
1222211122
2222111222
2221112222
2211122222
2111222221
1112222211
1122222111
1222221111
2222211110
2222111103
2221111031
2211110311
2111103111
1111031110
1110311101
1103111011
1031110111
0311101110
3111011102
1110111021
1101110212
1011102121
0111021213
1110212132
1102121321
1021213210
0212132102
2121321021
1213210212
2132102122
1321021222
3210212220
2102122200
1021222002
0212220020
2122200202
1222002023
2220020231
2200202311
2002023111
0020231111
0202311112
2023111122
0231111222
2311112222
3111122221
1111222213
1112222133
1122221331
1222213311
2222133111
2221331113
2213311132
2133111321
1331113213
3311132131
3111321311
1113213113
1132131132
1321311322
3213113220
2131132202
1311322021
3113220211
1132202110
1322021103
3220211031
2202110311
2021103113
0211031131
2110311312
1103113121
1031131213
0311312132
3113121320
1131213201
1312132013
3121320132
1213201321
2132013211
1320132110
3201321102
2013211021
0132110212
1321102123
3211021232
2110212320
1102123200
1021232002
0212320022
2123200220
1232002202
2320022022
3200220223
2002202232
0022022321
0220223211
2202232111
2022321111
0223211113
2232111132
2321111323
3211113233
2111132331
1111323310
1113233102
1132331022
1323310221
3233102213
2331022132
3310221321
3102213212
1022132123
0221321231
2213212310
2132123101
1321231013
3212310133
2123101331
1231013311
2310133111
3101331112
1013311123
0133111232
1331112323
3311123232
3111232322
1112323221
1123232210
1232322101
2323221013
3232210132
2322101323
3221013231
2210132310
2101323100
1013231001
0132310013
1323100130
3231001301
2310013012
3100130122
1001301221
0013012213
0130122130
1301221301
3012213011
0122130110
1221301102
2213011021
2130110210
1301102102
3011021021
0110210210
1102102102
1021021022
0210210222
2102102221
1021022211
0210222113
2102221132
1022211321
0222113211
2221132111
2211321111
2113211113
1132111130
1321111302
3211113020
2111130202
1111302022
1113020221
1130202211
1302022112
3020221121
0202211211
2022112112
0221121121
2211211211
2112112111
1121121111
1211211111
2112111112
1121111122
1211111222
2111112222
1111122221
1111222211
1112222110
1122221102
1222211023
2222110231
2221102310
2211023101
2110231013
1102310130
1023101301
0231013012
2310130120
3101301202
1013012022
0130120220
1301202201
3012022010
0120220101
1202201012
2022010122
0220101221
2201012211
2010122111
0101221113
1012211131
0122111311
1221113110
2211131100
2111311000
1113110002
1131100021
1311000211
3110002110
1100021102
1000211021
0002110211
0021102113
0211021132
2110211322
1102113222
1021132221
0211322211
2113222111
1132221113
1322211132
3222111320
2221113202
2211132021
2111320211
1113202112
1132021122
1320211222
3202112221
2021122211
0211222111
2112221113
1122211131
1222111312
2221113121
2211131211
2111312113
1113121131
1131211313
1312113133
3121131333
1211313333
2113133331
1131333311
1313333113
3133331132
1333311322
3333113222
3331132222
3311322220
3113222200
1132222001
1322220011
3222200111
2222001113
2220011132
2200111320
2001113202
0011132021
0111320211
1113202111
1132021110
1320211103
3202111032
2021110322
0211103220
2111032202
1110322022
1103220222
1032202222
0322022222
3220222222
2202222221
2022222212
0222222122
2222221222
2222212221
2222122211
2221222110
2212221101
2122211012
1222110122
2221101221
2211012213
2110122131
1101221311
1012213113
0122131131
1221311311
2213113110
2131131101
1311311010
3113110101
1131101012
1311010121
3110101211
1101012110
1010121102
0101211020
1012110201
0121102011
1211020110
2110201100
1102011000
1020110001
0201100012
2011000121
0110001211
1100012110
1000121101
0001211013
0012110133
0121101333
1211013333
2110133331
1101333311
1013333113
0133331133
1333311333
3333113331
3331133312
3311333123
3113331232
1133312321
1333123211
3331232110
3312321100
3123211001
1232110013
2321100133
3211001332
2110013323
1100133233
1001332333
0013323333
0133233332
1332333320
3323333200
3233332002
2333320020
3333200202
3332002021
3320020211
3200202110
2002021101
0020211010
0202110103
2021101031
0211010310
2110103100
1101031000
1010310002
0103100021
1031000213
0310002132
3100021323
1000213230
0002132303
0021323033
0213230333
2132303333
1323033331
3230333311
2303333110
3033331100
0333311000
3333110003
3331100032
3311000321
3110003213
1100032133
1000321333
0003213331
0032133312
0321333120
3213331202
2133312020
1333120202
3331202022
3312020223
3120202233
1202022333
2020223333
0202233332
2022333320
0223333202
2233332021
2333320210
3333202103
3332021032
3320210322
3202103222
2021032223
0210322233
2103222331
1032223310
0322233103
3222331031
2223310311
2233103113
2331031130
3310311303
3103113031
1031130310
0311303103
3113031033
1130310333
1303103331
3031033310
0310333100
3103331000
1033310000
0333100002
3331000020
3310000200
3100002000
1000020000
0000200000
0002000001
0020000010
0200000103
2000001032
0000010323
0000103231
0001032310
0010323103
0103231030
1032310301
0323103010
3231030102
2310301020
3103010201
1030102010
0301020100
3010201002
0102010023
1020100232
0201002322
2010023222
0100232220
1002322202
0023222022
0232220223
2322202230
3222022301
2220223012
2202230120
2022301202
0223012022
2230120221
2301202211
3012022111
0120221112
1202211122
2022111220
0221112203
2211122033
2111220333
1112203332
1122033322
1220333221
2203332213
2033322132
0333221321
3332213210
3322132103
3221321030
2213210300
2132103002
1321030022
3210300223
2103002233
1030022332
0300223323
3002233231
0022332312
0223323123
2233231232
2332312321
3323123212
3231232121
2312321212
3123212122
1232121221
2321212213
3212122132
2121221320
1212213202
2122132022
1221320221
2213202211
2132022111
1320221110
3202211101
2022111012
0221110123
2211101231
2111012311
1110123113
1101231131
1012311312
0123113122
1231131222
2311312221
3113122211
1131222113
1312221131
3122211311
1222113110
2221131101
2211311010
2113110102
1131101021
1311010213
3110102132
1101021322
1010213222
0102132222
1021322222
0213222222
2132222222
1322222222
3222222223
2222222231
2222222310
2222223102
2222231020
2222310201
2223102012
2231020120
2310201202
3102012021
1020120213
0201202132
2012021321
0120213213
1202132131
2021321310
0213213101
2132131013
1321310131
3213101310
2131013101
1310131012
3101310120
1013101202
0131012022
1310120221
3101202211
1012022111
0120221112
1202211121
2022111210
0221112101
2211121011
2111210113
1112101132
1121011322
1210113220
2101132202
1011322021
0113220211
1132202110
1322021102
3220211022
2202110222
2021102220
0211022203
2110222032
1102220321
1022203212
0222032121
2220321211
2203212111
2032121113
0321211130
3212111300
2121113001
1211130011
2111300113
1113001132
1130011322
1300113222
3001132223
0011322232
0113222321
1132223213
1322232132
3222321323
2223213232
2232132322
2321323220
3213232201
2132322013
1323220132
3232201322
2322013220
3220132201
2201322011
2013220110
0132201101
1322011013
3220110132
2201101322
2011013222
0110132222
1101322222
1013222222
0132222222
1322222221
3222222212
2222222122
2222221222
2222212222
2222122222
2221222222
