1331212111
3312121111
3121211110
1212111102
2121111021
1211110211
2111102111
1111021112
1110211122
1102111222
1021112221
0211122211
2111222113
1112221133
1122211331
1222113311
2221133111
2211331111
2113311112
1133111121
1331111213
3311112132
3111121320
1111213202
1112132020
1121320201
1213202013
2132020131
1320201312
3202013123
2020131232
0201312323
2013123233
0131232331
1312323313
3123233132
1232331322
2323313221
3233132213
2331322133
3313221333
3132213332
1322133321
3221333212
2213332122
2133321220
1333212202
3332122021
3321220213
3212202133
2122021331
1220213312
2202133120
2021331202
0213312023
2133120231
1331202311
3312023110
3120231102
1202311022
2023110223
0231102232
2311022321
3110223211
1102232111
1022321111
0223211112
2232111121
2321111213
3211112132
2111121323
1111213231
1112132312
1121323123
1213231231
2132312312
1323123122
3231231222
2312312220
3123122202
1231222022
2312220222
3122202221
1222022212
2220222120
2202221203
2022212032
0222120321
2221203211
2212032112
2120321122
1203211221
2032112213
0321122131
3211221312
2112213122
1122131221
1221312211
2213122113
2131221132
1312211322
3122113221
1221132213
2211322131
2113221311
1132213112
1322131121
3221311210
2213112102
2131121022
1311210221
3112102213
1121022133
1210221331
2102213313
1022133131
0221331312
2213313121
2133131211
1331312113
3313121133
3131211333
1312113331
3121133313
1211333133
2113331331
1133313313
1333133130
3331331300
3313313000
3133130003
1331300032
3313000320
3130003203
1300032030
3000320303
0003203032
0032030320
0320303200
3203032002
2030320021
0303200212
3032002123
0320021233
3200212333
2002123332
0021233320
0212333203
2123332031
1233320311
2333203113
3332031133
3320311333
3203113333
2031133332
0311333320
3113333201
1133332011
1333320113
3333201132
3332011320
3320113202
3201132021
2011320212
0113202122
1132021221
1320212212
3202122123
2021221232
0212212322
2122123222
1221232223
2212322230
2123222303
1232223033
2322230332
3222303323
2223033233
2230332332
2303323320
3033233201
0332332012
3323320121
3233201213
2332012132
3320121322
3201213222
2012132220
0121322200
1213222002
2132220022
1322200222
3222002221
2220022212
2200222121
2002221211
0022212111
0222121111
2221211113
2212111132
2121111322
1211113223
2111132231
1111322311
1113223113
1132231130
1322311302
3223113021
2231130211
2311302111
3113021113
1130211132
1302111322
3021113222
0211132220
2111322202
1113222023
1132220231
1322202310
3222023102
2220231023
2202310232
2023102322
0231023220
2310232202
3102322021
1023220211
0232202113
2322021132
3220211322
2202113222
2021132222
0211322221
2113222213
1132222132
1322221321
3222213212
2222132123
2221321231
2213212313
2132123131
1321231313
3212313132
2123131321
1231313210
2313132102
3131321023
1313210233
3132102331
1321023310
3210233102
2102331023
1023310230
0233102302
2331023021
3310230213
3102302133
1023021332
0230213321
2302133210
3021332102
0213321021
2133210212
1332102123
3321021232
3210212323
2102123232
1021232321
0212323211
2123232111
1232321113
2323211133
3232111332
2321113323
3211133233
2111332333
1113323332
1133233321
1332333213
3323332132
3233321321
2333213211
3332132110
3321321103
3213211031
2132110311
1321103113
3211031133
2110311333
1103113331
1031133311
0311333111
3113331113
1133311132
1333111320
3331113202
3311132022
3111320222
1113202223
1132022230
1320222303
3202223033
2022230333
0222303333
2223033332
2230333322
2303333220
3033332202
0333322021
3333220213
3332202132
3322021320
3220213200
2202132002
2021320022
0213200220
2132002203
1320022032
3200220322
2002203220
0022032201
0220322013
2203220133
2032201331
0322013313
3220133131
2201331313
2013313132
0133131323
1331313232
3313132322
3131323223
1313232233
3132322332
1323223321
3232233213
2322332131
3223321313
2233213133
2332131332
3321313322
3213133220
2131332202
1313322020
3133220203
1332202032
3322020323
3220203232
2202032321
2020323210
0203232100
2032321000
0323210000
3232100001
2321000012
3210000123
2100001230
1000012301
0000123013
0001230133
0012301333
0123013331
1230133310
2301333102
3013331021
0133310213
1333102130
3331021303
3310213032
3102130321
1021303210
0213032102
2130321020
1303210200
3032102002
0321020020
3210200200
2102002003
1020020033
0200200333
2002003332
0020033322
0200333220
2003332200
0033322003
0333220032
3332200321
3322003211
3220032111
2200321111
2003211110
0032111103
0321111030
3211110303
2111103032
1111030323
1110303233
1103032333
1030323332
0303233322
3032333220
0323332200
3233322002
2333220023
3332200232
3322002320
3220023203
2200232030
2002320300
0023203000
0232030000
2320300002
3203000020
2030000202
0300002021
3000020211
0000202110
0002021102
0020211023
0202110231
2021102313
0211023131
2110231310
1102313100
1023131001
0231310010
2313100100
3131001000
1310010000
3100100003
1001000032
0010000323
0100003232
1000032320
0000323201
0003232011
0032320110
0323201101
3232011010
2320110103
3201101030
2011010303
0110103033
1101030331
1010303313
0103033132
1030331321
0303313210
3033132102
0331321020
3313210201
3132102013
1321020130
3210201303
2102013032
1020130323
0201303230
2013032303
0130323032
1303230323
3032303233
0323032333
3230323330
2303233300
3032333000
0323330001
3233300013
2333000133
3330001331
3300013313
3000133131
0001331310
0013313102
0133131021
1331310210
3313102100
3131021000
1310210000
3102100000
1021000002
0210000020
2100000200
1000002000
0000020000
0000200000
0002000000
0020000000
0200000002
2000000023
0000000231
0000002313
0000023132
0000231322
0002313223
0023132230
0231322301
2313223010
3132230102
1322301023
3223010232
2230102323
2301023231
3010232311
0102323110
1023231101
0232311013
2323110132
3231101323
2311013232
3110132323
1101323230
1013232300
0132323000
1323230000
3232300001
2323000013
3230000132
2300001320
3000013200
0000132002
0001320023
0013200233
0132002330
1320023301
3200233011
2002330110
0023301100
0233011000
2330110000
3301100002
3011000020
0110000200
1100002002
1000020023
0000200231
0002002313
0020023132
0200231321
2002313210
0023132102
0231321022
2313210220
3132102200
1321022000
3210220000
2102200003
1022000033
0220000331
2200003311
2000033110
0000331102
0003311020
0033110203
0331102033
3311020333
3110203330
1102033300
1020333002
0203330021
2033300210
0333002100
3330021001
3300210013
3002100130
0021001300
0210013003
2100130033
1001300332
0013003320
0130033200
1300332002
3003320022
0033200220
0332002201
3320022013
3200220132
2002201323
0022013233
0220132332
2201323320
2013233200
0132332000
1323320000
3233200001
2332000013
3320000130
3200001303
2000013031
0000130311
0001303110
0013031103
0130311032
1303110321
3031103213
0311032133
3110321333
1103213333
1032133332
0321333320
3213333200
2133332001
1333320013
3333200133
3332001332
3320013320
3200133201
2001332012
0013320121
0133201213
1332012132
3320121322
3201213220
2012132202
0121322023
1213220232
2132202320
1322023200
3220232000
2202320003
2023200033
0232000333
2320003333
3200033333
2000333330
0003333300
0033333000
0333330001
3333300011
3333000110
3330001103
3300011031
3000110310
0001103102
0011031022
0110310220
1103102203
1031022033
0310220333
3102203333
1022033333
0220333331
2203333313
2033333130
0333331300
3333313000
3333130000
3331300000
3313000000
3130000001
1300000011
3000000111
0000001110
0000011103
0000111030
0001110302
0011103020
0111030200
1110302000
1103020001
1030200011
0302000110
3020001100
0200011003
2000110033
0001100331
0011003313
0110033132
1100331321
1003313213
0033132132
0331321320
3313213201
3132132010
1321320101
3213201011
2132010111
1320101113
3201011131
2010111311
0101113112
1011131123
0111311230
1113112300
1131123000
1311230002
3112300020
1123000200
1230002000
2300020002
3000200023
0002000233
0020002332
0200023323
2000233232
0002332323
0023323231
0233232310
2332323103
3323231031
3232310311
2323103110
3231031100
2310311000
3103110002
1031100023
0311000230
3110002300
1100023002
1000230022
0002300222
0023002221
0230022213
2300222130
3002221301
0022213010
0222130102
2221301020
2213010200
2130102000
1301020001
3010200010
0102000102
1020001020
0200010201
2000102010
0001020100
0010201000
0102010000
1020100000
0201000000
2010000000
0100000000
1000000002
0000000023
0000000233
0000002330
0000023300
0000233000
0002330002
0023300020
0233000200
2330002000
3300020000
3000200003
0002000032
0020000322
0200003220
2000032201
0000322010
0003220100
0032201002
0322010020
3220100200
2201002000
2010020000
0100200003
1002000031
0020000313
0200003133
2000031330
0000313301
0003133011
0031330111
0313301113
3133011132
1330111321
3301113210
3011132102
0111321022
1113210222
1132102220
1321022200
3210222001
2102220013
1022200130
0222001303
2220013031
2200130310
2001303101
0013031013
0130310132
1303101322
3031013223
0310132232
3101322323
1013223230
0132232301
1322323010
3223230102
2232301021
2323010213
3230102133
2301021333
3010213331
0102133310
1021333102
0213331022
2133310221
1333102212
3331022120
3310221201
3102212010
1022120103
0221201032
2212010322
2120103223
1201032233
2010322330
0103223300
1032233002
0322330023
3223300232
2233002322
2330023220
3300232202
3002322023
0023220233
0232202331
2322023311
3220233111
2202331111
2023311110
0233111100
2331111002
3311110020
3111100200
1111002000
1110020001
1100200010
1002000100
0020001000
0200010000
2000100002
0001000022
0010000220
0100002202
1000022020
0000220200
0002202000
0022020000
0220200001
2202000013
2020000132
0200001322
2000013220
0000132200
0001322003
0013220031
0132200313
1322003132
3220031320
2200313203
2003132030
0031320300
0313203000
3132030000
1320300003
3203000030
2030000300
0300003003
3000030032
0000300323
0003003230
0030032301
0300323010
3003230103
0032301033
0323010332
3230103320
2301033200
3010332003
0103320033
1033200333
0332003332
3320033322
3200333223
2003332233
0033322331
0333223313
3332233132
3322331320
3223313203
2233132033
2331320331
3313203313
3132033133
1320331331
3203313313
2033133132
0331331320
3313313200
3133132002
1331320020
3313200203
3132002031
1320020313
3200203131
2002031313
0020313133
0203131333
2031313330
0313133300
3131333000
1313330000
3133300000
1333000002
3330000022
3300000221
3000002210
0000022102
0000221022
0002210223
0022102232
0221022322
2210223223
2102232230
1022322302
0223223021
2232230210
2322302102
3223021022
2230210222
2302102223
3021022233
0210222331
2102223310
1022233100
0222331002
2223310020
2233100201
2331002010
3310020100
3100201000
1002010002
0020100020
0201000200
2010002000
0100020003
1000200032
0002000323
0020003233
0200032333
2000323331
0003233310
0032333102
0323331020
3233310201
2333102013
3331020131
3310201311
3102013110
1020131101
0201311011
2013110113
0131101132
1311011320
3110113200
1101132000
1011320000
0113200002
1132000021
1320000213
3200002133
2000021332
0000213320
0002133200
0021332002
0213320020
2133200200
1332002002
3320020020
3200200200
2002002001
0020020013
0200200132
2002001320
0020013200
0200132002
2001320023
0013200230
0132002303
1320023032
3200230321
2002303213
0023032132
0230321320
2303213202
3032132020
0321320200
3213202003
2132020032
1320200320
3202003200
2020032000
0200320002
2003200023
0032000231
0320002311
3200023110
2000231101
0002311010
0023110101
0231101010
2311010100
3110101001
1101010010
1010100103
0101001032
1010010321
0100103210
1001032100
0010321002
0103210023
1032100233
0321002330
3210023303
2100233031
1002330310
0023303100
0233031001
2330310011
3303100113
3031001130
0310011302
3100113022
1001130223
0011302232
0113022322
1130223220
1302232200
3022322002
0223220020
2232200202
2322002020
3220020200
2200202000
2002020003
0020200030
0202000301
2020003013
0200030133
2000301331
0003013313
0030133133
0301331333
3013313331
0133133310
1331333102
3313331020
3133310201
1333102013
3331020133
3310201331
3102013310
1020133102
0201331020
2013310202
0133102022
1331020223
3310202232
3102022320
1020223200
0202232003
2022320033
0223200333
2232003332
2320033320
3200333203
2003332033
0033320333
0333203331
3332033313
3320333131
3203331310
2033313102
0333131020
3331310202
3313102022
3131020220
1310202200
3102022002
1020220022
0202200221
2022002213
0220022133
2200221330
2002213302
0022133022
0221330220
2213302200
2133022002
1330220021
3302200210
3022002102
0220021023
2200210232
2002102320
0021023200
0210232002
2102320020
1023200201
0232002010
2320020103
3200201033
2002010331
0020103310
0201033100
2010331000
0103310000
1033100003
0331000030
3310000303
3100003031
1000030310
0000303102
0003031023
0030310232
0303102320
3031023200
0310232002
3102320020
1023200201
0232002013
2320020133
3200201331
2002013311
0020133110
0201331100
2013311002
0133110021
1331100213
3311002132
3110021321
1100213213
1002132131
0021321310
0213213100
2132131002
1321310023
3213100232
2131002320
1310023200
3100232003
1002320033
0023200333
0232003332
2320033322
3200333221
2003332213
0033322132
0333221320
3332213200
3322132002
3221320020
2213200202
2132002021
1320020210
3200202103
2002021033
0020210333
0202103330
2021033300
0210333000
2103330002
1033300020
0333000200
3330002003
3300020030
3000200300
0002003003
0020030031
0200300313
2003003131
0030031313
0300313132
3003131321
0031313210
0313132103
3131321033
1313210333
3132103331
1321033313
3210333132
2103331321
1033313211
0333132113
3331321131
3313211310
3132113100
1321131000
3211310001
2113100012
1131000123
1310001232
3100012321
1000123210
0001232103
0012321032
0123210321
1232103210
2321032102
3210321020
2103210202
1032102021
0321020211
3210202110
2102021103
1020211032
0202110323
2021103232
0211032320
2110323201
1103232010
1032320102
0323201020
3232010200
2320102001
3201020010
2010200102
0102001021
1020010211
0200102110
2001021100
0010211003
0102110032
1021100321
0211003213
2110032130
1100321301
1003213010
0032130103
0321301031
3213010313
2130103131
1301031311
3010313110
0103131101
1031311010
0313110102
3131101020
1311010200
3110102000
1101020000
1010200000
0102000002
1020000022
0200000220
2000002201
0000022010
0000220102
0002201023
0022010230
0220102302
2201023023
2010230233
0102302333
1023023330
0230233303
2302333033
3023330331
0233303310
2333033102
3330331021
3303310210
3033102102
0331021023
3310210232
3102102321
1021023210
0210232102
2102321020
1023210200
0232102002
2321020020
3210200200
2102002000
1020020003
0200200032
2002000320
0020003202
0200032023
2000320233
0003202331
0032023310
0320233102
3202331023
2023310232
0233102322
2331023222
3310232220
3102322202
1023222021
0232220213
2322202131
3222021311
2220213112
2202131123
2021311232
0213112321
2131123210
1311232103
3112321031
1123210310
1232103102
2321031023
3210310230
2103102300
1031023000
0310230000
3102300002
1023000023
0230000232
2300002320
3000023200
0000232002
0002320020
0023200202
0232002021
2320020211
3200202113
2002021132
0020211322
0202113223
2021132233
0211322331
2113223310
1132233101
1322331010
3223310102
2233101021
2331010210
3310102101
3101021010
1010210102
0102101021
1021010211
0210102111
2101021113
1010211130
0102111300
1021113000
0211130000
2111300002
1113000021
1130000211
1300002110
3000021100
0000211003
0002110033
0021100332
0211003320
2110033200
1100332003
1003320030
0033200300
0332003000
3320030000
3200300000
2003000001
0030000010
0300000100
3000001002
0000010022
0000100220
0001002200
0010022000
0100220001
1002200010
0022000100
0220001002
2200010023
2000100230
0001002302
0010023023
0100230232
1002302321
0023023213
0230232132
2302321323
3023213230
0232132301
2321323010
3213230102
2132301021
1323010210
3230102103
2301021032
3010210323
0102103230
1021032300
0210323000
2103230000
1032300000
0323000001
3230000013
2300000133
3000001331
0000013313
0000133132
0001331320
0013313200
0133132000
1331320001
3313200010
3132000103
1320001032
3200010323
2000103232
0001032320
0010323200
0103232001
1032320010
0323200100
3232001000
2320010000
3200100002
2001000023
0010000232
0100002323
1000023232
0000232320
0002323201
0023232013
0232320131
2323201311
3232013113
2320131133
3201311330
2013113301
0131133010
1311330103
3113301032
1133010320
1330103200
3301032002
3010320020
0103200201
1032002010
0320020103
3200201033
2002010333
0020103331
0201033313
2010333133
0103331331
1033313313
0333133131
3331331313
3313313132
3133131322
1331313220
3313132202
3131322021
1313220210
3132202102
1322021023
3220210233
2202102330
2021023301
0210233013
2102330132
1023301321
0233013210
2330132102
3301321021
3013210211
0132102113
1321021132
3210211320
2102113200
1021132002
0211320021
2113200213
1132002130
1320021303
3200213032
2002130321
0021303211
0213032111
2130321110
1303211103
3032111033
0321110332
3211103320
2111033203
1110332030
1103320301
1033203013
0332030133
3320301333
3203013332
2030133320
0301333202
3013332021
0133320211
1333202110
3332021100
3320211002
3202110023
2021100233
0211002333
2110023331
1100233311
1002333110
0023331100
0233311002
2333110020
3331100200
3311002000
3110020000
1100200002
1002000020
0020000201
0200002013
2000020132
0000201320
0002013200
0020132002
0201320020
2013200200
0132002000
1320020000
3200200002
2002000021
0020000210
0200002103
2000021033
0000210331
0002103310
0021033100
0210331000
2103310000
1033100000
0331000002
3310000023
3100000231
1000002310
0000023100
0000231003
0002310032
0023100320
0231003203
2310032033
3100320332
1003203322
0032033223
0320332233
3203322333
2033223333
0332233331
3322333310
3223333100
2233331000
2333310000
3333100000
3331000002
3310000021
3100000210
1000002102
0000021023
0000210232
0002102320
0021023200
0210232002
2102320023
1023200232
0232002321
2320023213
3200232131
2002321313
0023213131
0232131313
2321313133
3213131332
2131313323
1313133233
3131332331
1313323311
3133233111
1332331111
3323311113
3233111131
2331111310
3311113102
3111131022
1111310220
1113102203
1131022032
1310220321
3102203213
1022032132
0220321322
2203213222
2032132222
0321322221
3213222210
2132222102
1322221023
3222210233
2222102332
2221023320
2210233201
2102332010
1023320103
0233201030
2332010302
3320103020
3201030200
2010302002
0103020020
1030200202
0302002022
3020020220
0200202200
2002022002
0020220022
0202200223
2022002233
0220022331
2200223310
2002233103
0022331032
0223310323
2233103233
2331032333
3310323332
3103233323
1032333231
0323332310
3233323102
2333231020
3332310201
3323102010
3231020102
2310201020
3102010202
1020102020
0201020203
2010202033
0102020331
1020203311
0202033113
2020331131
0203311313
2033113130
0331131303
3311313033
3113130333
1131303331
1313033312
3130333122
1303331222
3033312222
0333122220
3331222200
3312222002
3122220020
1222200201
2222002013
2220020132
2200201320
2002013201
0020132010
0201320103
2013201030
0132010300
1320103001
3201030012
2010300122
0103001223
1030012230
0300122300
3001223000
0012230001
0122300013
1223000132
2230001321
2300013213
3000132133
0001321332
0013213322
0132133220
1321332200
3213322002
2133220023
1332200233
3322002332
3220023321
2200233210
2002332102
0023321023
0233210232
2332102322
3321023220
3210232200
2102322003
1023220032
0232200323
2322003232
3220032320
2200323200
2003232000
0032320000
0323200003
3232000032
2320000320
3200003200
2000032000
0000320000
0003200002
0032000020
0320000202
3200002023
2000020233
0000202333
0002023332
0020233323
0202333231
2023332310
0233323100
2333231000
3332310000
3323100001
3231000011
2310000111
3100001110
1000011102
0000111023
0001110232
0011102323
0111023232
1110232321
1102323210
1023232103
0232321030
2323210302
3232103021
2321030210
3210302103
2103021033
1030210332
0302103320
3021033200
0210332000
2103320000
1033200003
0332000030
3320000300
3200003000
2000030000
0000300003
0003000030
0030000303
0300003033
3000030333
0000303332
0003033322
0030333222
0303332220
3033322200
0333222000
3332220000
3322200001
3222000013
2220000133
2200001330
2000013303
0000133031
0001330310
0013303102
0133031020
1330310202
3303102020
3031020202
0310202020
3102020203
1020202030
0202020302
2020203020
0202030200
2020302000
0203020002
2030200023
0302000231
3020002310
0200023100
2000231000
0002310003
0023100031
0231000312
2310003122
3100031221
1000312210
0003122103
0031221032
0312210323
3122103233
1221032330
2210323300
2103233003
1032330031
0323300313
3233003133
2330031332
3300313322
3003133220
0031332202
0313322023
3133220230
1332202302
3322023023
3220230230
2202302301
2023023011
0230230111
2302301111
3023011110
0230111102
2301111020
3011110200
0111102003
1111020030
1110200301
1102003010
1020030102
0200301020
2003010200
0030102002
0301020023
3010200232
0102002322
1020023220
0200232200
2002322002
0023220020
0232200203
2322002032
3220020323
2200203233
2002032330
0020323301
0203233013
2032330133
0323301331
3233013313
2330133132
3301331320
3013313203
0133132032
1331320323
3313203232
3132032321
1320323210
3203232102
2032321021
0323210210
3232102101
2321021013
3210210133
2102101332
1021013322
0210133220
2101332203
1013322030
0133220300
1332203003
3322030033
3220300331
2203003311
2030033110
0300331102
3003311020
0033110200
0331102000
3311020003
3110200032
1102000320
1020003201
0200032010
2000320102
0003201020
0032010203
0320102033
3201020330
2010203300
0102033000
1020330002
0203300021
2033000212
0330002120
3300021200
3000212000
0002120000
0021200000
0212000002
2120000020
1200000200
2000002000
0000020002
0000200020
0002000201
0020002013
0200020132
2000201323
0002013231
0020132313
0201323132
2013231323
0132313232
1323132322
3231323223
2313232231
3132322313
1323223132
3232231321
2322313210
3223132100
2231321001
2313210011
3132100113
1321001132
3210011322
2100113220
1001132202
0011322020
0113220201
1132202013
1322020133
3220201331
2202013310
2020133103
0201331031
2013310310
0133103100
1331031002
3310310020
3103100200
1031002000
0310020000
3100200002
1002000020
0020000202
0200002020
2000020203
0000202032
0002020321
0020203210
0202032100
2020321000
0203210002
2032100022
0321000223
3210002233
2100022332
1000223323
0002233230
0022332302
0223323020
2233230203
2332302032
3323020320
3230203202
2302032021
3020320210
0203202103
2032021032
0320210320
3202103203
2021032033
0210320332
2103203321
1032033211
0320332113
3203321133
2033211332
0332113323
3321133233
3211332331
2113323311
1133233113
1332331132
3323311321
3233113212
2331132120
3311321202
3113212022
1132120222
1321202222
3212022220
2120222200
1202222000
2022220000
0222200002
2222000021
2220000213
2200002132
2000021322
0000213223
0002132232
0021322320
0213223200
2132232002
1322320020
3223200203
2232002033
2320020331
3200203313
2002033133
0020331331
0203313313
2033133132
0331331323
3313313233
3133132332
1331323323
3313233233
3132332332
1323323322
3233233222
2332332222
3323322222
3233222220
2332222202
3322222020
3222220203
2222202031
2222020311
2220203110
2202031102
2020311023
0203110233
2031102333
0311023332
3110233323
1102333232
1023332320
0233323202
2333232020
3332320200
3323202002
3232020020
2320200200
3202002000
2020020000
0200200002
2002000022
0020000222
0200002220
2000022200
0000222000
0002220000
0022200003
0222000030
2220000301
2200003011
2000030113
0000301131
0003011310
0030113102
0301131021
3011310210
0113102102
1131021020
1310210200
3102102001
1021020013
0210200133
2102001331
1020013311
0200133113
2001331131
0013311313
0133113131
1331131312
3311313120
3113131202
1131312020
1313120200
3131202000
1312020002
3120200022
1202000220
2020002202
0200022020
2000220200
0002202003
0022020033
0220200331
2202003310
2020033103
0200331031
2003310313
0033103133
0331031333
3310313330
3103133300
1031333000
0313330000
3133300000
1333000003
3330000032
3300000320
3000003203
0000032032
0000320323
0003203233
0032032332
0320323320
3203233202
2032332020
0323320200
3233202002
2332020022
3320200223
3202002230
2020022300
0200223003
2002230033
0022300332
0223003322
2230033223
2300332232
3003322320
0033223201
0332232013
3322320132
3223201321
2232013210
2320132101
3201321013
2013210132
0132101320
1321013203
3210132032
2101320322
1013203220
0132032202
1320322020
3203220202
2032202021
0322020211
3220202110
2202021102
2020211020
0202110200
2021102003
0211020033
2110200330
1102003300
1020033000
0200330002
2003300022
0033000220
0330002201
3300022013
3000220132
0002201323
0022013232
0220132320
2201323201
2013232011
0132320110
1323201100
3232011000
2320110002
3201100022
2011000220
0110002200
1100022003
1000220032
0002200321
0022003213
0220032130
2200321300
2003213000
0032130000
0321300000
3213000000
2130000000
1300000002
3000000020
0000000203
0000002032
0000020323
0000203230
0002032302
0020323021
0203230213
2032302131
0323021313
3230213131
2302131313
3021313130
0213131300
2131313003
1313130032
3131300322
1313003220
3130032202
1300322020
3003220202
0032202020
0322020200
3220202000
2202020001
2020200010
0202000102
2020001020
0200010201
2000102010
0001020103
0010201033
0102010331
1020103310
0201033102
2010331021
0103310211
1033102110
0331021102
3310211020
3102110200
1021102001
0211020011
2110200110
1102001100
1020011002
0200110021
2001100210
0011002103
0110021030
1100210301
1002103013
0021030131
0210301313
2103013130
1030131301
0301313010
3013130102
0131301021
1313010213
3130102132
1301021322
3010213223
0102132230
1021322302
0213223023
2132230232
1322302320
3223023200
2230232001
2302320010
3023200102
0232001020
2320010200
3200102000
2001020001
0010200013
0102000131
1020001310
0200013100
2000131002
0001310023
0013100233
0131002330
1310023303
3100233031
1002330313
0023303133
0233031331
2330313310
3303133103
3031331031
0313310310
3133103102
1331031020
3310310201
3103102013
1031020132
0310201320
3102013202
1020132021
0201320213
2013202132
0132021321
1320213210
3202132102
2021321020
0213210203
2132102033
1321020332
3210203320
2102033203
1020332030
0203320302
2033203021
0332030213
3320302130
3203021301
2030213011
0302130111
3021301110
0213011100
2130111002
1301110023
3011100230
0111002302
1110023023
1100230232
1002302320
0023023200
0230232002
2302320020
3023200200
0232002003
2320020031
3200200310
2002003100
0020031000
0200310000
2003100000
0031000000
0310000000
3100000002
1000000023
0000000233
0000002332
0000023320
0000233203
0002332033
0023320331
0233203313
2332033132
3320331320
3203313200
2033132001
0331320010
3313200102
3132001020
1320010202
3200102020
2001020201
0010202010
0102020100
1020201002
0202010023
2020100233
0201002330
2010023302
0100233022
1002330221
0023302212
0233022121
2330221210
3302212102
3022121021
0221210210
2212102102
2121021020
1210210200
2102102002
1021020022
0210200221
2102002213
1020022133
0200221331
2002213310
0022133102
0221331023
2213310233
2133102330
1331023301
3310233013
3102330132
1023301320
0233013201
2330132013
3301320132
3013201322
0132013222
1320132222
3201322220
2013222200
0132222000
1322220003
3222200032
2222000320
2220003201
2200032010
2000320100
0003201000
0032010000
0320100002
3201000020
2010000200
0100002000
1000020001
0000200011
0002000110
0020001102
0200011022
2000110220
0001102202
0011022020
0110220200
1102202002
1022020020
0220200202
2202002020
2020020203
0200202032
2002020320
0020203202
0202032021
2020320211
0203202110
2032021103
0320211030
3202110303
2021103032
0211030320
2110303200
1103032000
1030320001
0303200010
3032000103
0320001031
3200010310
2000103100
0001031002
0010310020
0103100200
1031002002
0310020022
3100200221
1002002210
0020022100
0200221002
2002210021
0022100211
0221002112
2210021120
2100211203
1002112030
0021120300
0211203000
2112030000
1120300000
1203000003
2030000032
0300000320
3000003203
0000032030
0000320302
0003203023
0032030233
0320302333
3203023333
2030233333
0302333331
3023333313
0233333133
2333331331
3333313313
3333133132
3331331322
3313313220
3133132203
1331322033
3313220331
3132203311
1322033110
3220331102
2203311020
2033110202
0331102020
3311020200
3110202001
1102020013
1020200132
0202001323
2020013231
0200132313
2001323133
0013231332
0132313322
1323133223
3231332231
2313322311
3133223110
1332231103
3322311032
3223110321
2231103211
2311032111
3110321111
1103211113
1032111130
0321111300
3211113000
2111130003
1111300032
1113000321
1130003210
1300032100
3000321000
0003210002
0032100020
0321000201
3210002011
2100020110
1000201102
0002011022
0020110221
0201102213
2011022132
0110221320
1102213200
1022132001
0221320013
2213200132
2132001321
1320013210
3200132102
2001321022
0013210220
0132102203
1321022030
3210220303
2102203030
1022030303
0220303033
2203030332
2030303320
0303033200
3030332001
0303320011
3033200110
0332001103
3320011030
3200110302
2001103022
0011030222
0110302223
1103022230
1030222301
0302223011
3022230113
0222301133
2223011333
2230113332
2301133323
3011333231
0113332310
1133323102
1333231020
3332310201
3323102013
3231020130
2310201303
3102013030
1020130300
0201303003
2013030033
0130300333
1303003332
3030033320
0300333200
3003332000
0033320002
0333200022
3332000223
3320002230
3200022301
2000223013
0002230130
0022301300
0223013001
2230130011
2301300113
3013001133
0130011332
1300113320
3001133200
0011332002
0113320021
1133200210
1332002100
3320021000
3200210001
2002100010
0021000100
0210001002
2100010022
1000100223
0001002230
0010022301
0100223010
1002230101
0022301012
0223010121
2230101213
2301012130
3010121302
0101213023
1012130231
0121302311
1213023113
2130231132
1302311320
3023113200
0231132000
2311320001
3113200011
1132000113
1320001131
3200011313
2000113133
0001131333
0011313333
0113133330
1131333301
1313333011
3133330110
1333301103
3333011033
3330110330
3301103303
3011033032
0110330322
1103303220
1033032200
0330322000
3303220003
3032200033
0322000332
3220003320
2200033200
2000332000
0003320000
0033200000
0332000002
3320000020
3200000203
2000002033
0000020331
0000203311
0002033113
0020331131
0203311310
2033113100
0331131000
3311310003
3113100031
1131000311
1310003111
3100031111
1000311111
0003111110
0031111101
0311111013
3111110130
1111101301
1111013013
1110130130
1101301301
1013013010
0130130100
1301301001
3013010013
0130100133
1301001331
3010013310
0100133102
1001331022
0013310220
0133102200
1331022002
3310220021
3102200210
1022002100
0220021000
2200210003
2002100032
0021000321
0210003213
2100032133
1000321332
0003213323
0032133233
0321332331
3213323313
2133233131
1332331313
3323313132
3233131323
2331313233
3313132332
3131323322
1313233221
3132332211
1323322110
3233221102
2332211023
3322110232
3221102321
2211023210
2110232102
1102321020
1023210201
0232102012
2321020121
3210201213
2102012131
1020121310
0201213100
2012131002
0121310020
1213100201
2131002010
1310020102
3100201021
1002010211
0020102110
0201021103
2010211033
0102110331
1021103310
0211033101
2110331013
1103310131
1033101311
0331013113
3310131132
3101311321
1013113210
0131132102
1311321021
3113210211
1132102110
1321021103
3210211032
2102110323
1021103233
0211032331
2110323311
1103233110
1032331101
0323311012
3233110120
2331101200
3311012003
3110120032
1101200323
1012003233
0120032332
1200323320
2003233202
0032332021
0323320210
3233202100
2332021000
3320210001
3202100013
2021000132
0210001321
2100013213
1000132132
0001321322
0013213221
0132132211
1321322111
3213221110
2132211102
1322111023
3221110230
2211102301
2111023013
1110230130
1102301300
1023013000
0230130003
2301300033
3013000331
0130003310
1300033103
3000331031
0003310313
0033103132
0331031320
3310313200
3103132000
1031320001
0313200013
3132000130
1320001300
3200013002
2000130021
0001300210
0013002102
0130021023
1300210232
3002102321
0021023210
0210232101
2102321010
1023210102
0232101021
2321010213
3210102130
2101021301
1010213010
0102130102
1021301020
0213010200
2130102001
1301020011
3010200111
0102001110
1020011100
0200111001
2001110010
0011100100
0111001002
1110010020
1100100202
1001002021
0010020210
0100202100
1002021002
0020210023
0202100233
2021002330
0210023301
2100233010
1002330103
0023301032
0233010321
2330103213
3301032133
3010321332
0103213323
1032133233
0321332331
3213323310
2133233101
1332331011
3323310111
3233101110
2331011100
3310111002
3101110022
1011100220
0111002203
1110022030
1100220300
1002203003
0022030032
0220300322
2203003220
2030032203
0300322032
3003220323
0032203233
0322032330
3220323303
2203233030
2032330301
0323303010
3233030100
2330301002
3303010020
3030100203
0301002030
3010020303
0100203032
1002030320
0020303203
0203032031
2030320311
0303203110
3032031102
0320311020
3203110200
2031102000
0311020002
3110200021
1102000213
1020002133
0200021331
2000213310
0002133100
0021331000
0213310000
2133100000
1331000001
3310000011
3100000110
1000001100
0000011000
0000110000
0001100002
0011000020
0110000203
1100002032
1000020320
0000203201
0002032013
0020320132
0203201320
2032013200
0320132002
3201320021
2013200212
0132002120
1320021200
3200212000
2002120000
0021200002
0212000021
2120000210
1200002103
2000021033
0000210333
0002103333
0021033330
0210333302
2103333020
1033330202
0333302023
3333020233
3330202332
3302023320
3020233200
0202332001
2023320010
0233200101
2332001010
3320010102
3200101020
2001010200
0010102000
0101020001
1010200013
0102000132
1020001320
0200013200
2000132002
0001320020
0013200203
0132002030
1320020302
3200203023
2002030232
0020302320
0203023202
2030232023
0302320233
3023202330
0232023302
2320233020
3202330203
2023302032
0233020323
2330203230
3302032301
3020323010
0203230100
2032301003
0323010030
3230100301
2301003011
3010030113
0100301131
1003011311
0030113112
0301131123
3011311230
0113112300
1131123003
1311230030
3112300303
1123003032
1230030323
2300303233
3003032333
0030323330
0303233302
3032333020
0323330201
3233302010
2333020103
3330201030
3302010301
3020103010
0201030100
2010301000
0103010000
1030100001
0301000012
3010000120
0100001203
1000012033
0000120332
0001203323
0012033231
0120332310
1203323103
2033231033
0332310333
3323103330
3231033301
2310333013
3103330131
1033301313
0333013133
3330131331
3301313310
3013133103
0131331033
1313310331
3133103313
1331033132
3310331322
3103313223
1033132231
0331322313
3313223130
3132231302
1322313023
3223130232
2231302320
2313023200
3130232002
1302320022
3023200220
0232002200
2320022003
3200220031
2002200313
0022003132
0220031321
2200313210
2003132100
0031321003
0313210030
3132100302
1321003020
3210030200
2100302000
1003020000
0030200001
0302000010
3020000101
0200001013
2000010132
0000101321
0001013213
0010132133
0101321331
1013213313
0132133132
1321331320
3213313200
2133132002
1331320021
3313200213
3132002132
1320021320
3200213200
2002132002
0021320020
0213200202
2132002020
1320020200
3200202002
2002020020
0020200203
0202002032
2020020320
0200203202
2002032023
0020320230
0203202301
2032023011
0320230110
3202301100
2023011001
0230110011
2301100110
3011001102
0110011020
1100110203
1001102030
0011020302
0110203020
1102030200
1020302003
0203020030
2030200301
0302003010
3020030102
0200301020
2003010203
0030102030
0301020303
3010203030
0102030300
1020303001
0203030010
2030300102
0303001021
3030010210
0300102102
3001021020
0010210202
0102102020
1021020203
0210202033
2102020333
1020203330
0202033300
2020333000
0203330000
2033300000
0333000000
3330000003
3300000032
3000000320
0000003203
0000032031
0000320311
0003203113
0032031130
0320311303
3203113032
2031130321
0311303210
3113032103
1130321033
1303210333
3032103330
0321033300
3210333000
2103330000
1033300000
0333000000
3330000000
3300000001
3000000011
0000000110
0000001103
0000011031
0000110313
0001103132
0011031323
0110313230
1103132302
1031323022
0313230223
3132302231
1323022313
3230223132
2302231320
3022313201
0223132013
2231320132
2313201322
3132013220
1320132202
3201322023
2013220231
0132202312
1322023120
3220231203
2202312032
2023120320
0231203202
2312032020
3120320202
1203202020
2032020202
0320202020
3202020202
2020202023
0202020231
2020202313
0202023130
2020231300
0202313000
2023130000
0231300001
2313000011
3130000113
1300001132
3000011321
0000113211
0001132110
0011321100
0113211000
1132110001
1321100010
3211000102
2110001021
1100010213
1000102130
0001021300
0010213000
0102130002
1021300020
0213000203
2130002032
1300020323
3000203231
0002032313
0020323131
0203231313
2032313132
0323131322
3231313220
2313132200
3131322000
1313220003
3132200032
1322000320
3220003203
2200032030
2000320301
0003203013
0032030132
0320301320
3203013200
2030132003
0301320032
3013200321
0132003210
1320032102
3200321020
2003210201
0032102010
0321020101
3210201010
2102010103
1020101033
0201010330
2010103302
0101033022
1010330222
0103302220
1033022202
0330222021
3302220210
3022202103
0222021032
2220210322
2202103223
2021032232
0210322321
2103223210
1032232100
0322321000
3223210003
2232100032
2321000321
3210003213
2100032133
1000321331
0003213310
0032133101
0321331010
3213310100
2133101002
1331010023
3310100230
3101002301
1010023010
0100230100
1002301000
0023010002
0230100023
2301000231
3010002310
0100023100
1000231002
0002310020
0023100200
0231002001
2310020010
3100200100
1002001001
0020010013
0200100133
2001001333
0010013333
0100133332
1001333323
0013333231
0133332313
1333323133
3333231331
3332313310
3323133102
3231331021
2313310212
3133102120
1331021202
3310212022
3102120223
1021202233
0212022330
2120223303
1202233033
2022330333
0223303332
2233033322
2330333223
3303332232
3033322321
0333223211
3332232110
3322321100
3223211000
2232110000
2321100003
3211000033
2110000330
1100003300
1000033000
0000330002
0003300020
0033000203
0330002030
3300020300
3000203002
0002030020
0020300202
0203002021
2030020210
0300202102
3002021020
0020210201
0202102013
2021020132
0210201321
2102013210
1020132100
0201321000
2013210000
0132100000
1321000000
3210000002
2100000020
1000000200
0000002000
0000020000
0000200001
0002000010
0020000102
0200001021
2000010211
0000102110
0001021102
0010211021
0102110213
1021102132
0211021320
2110213200
1102132000
1021320000
0213200002
2132000020
1320000201
3200002010
2000020102
0000201023
0002010232
0020102323
0201023231
2010232311
0102323113
1023231131
0232311311
2323113110
3231131100
2311311000
3113110001
1131100013
1311000130
3110001302
1100013023
1000130232
0001302320
0013023202
0130232020
1302320202
3023202020
0232020200
2320202000
3202020002
2020200023
0202000232
2020002320
0200023202
2000232023
0002320233
0023202330
0232023300
2320233000
3202330003
2023300033
0233000333
2330003332
3300033322
3000333220
0003332201
0033322011
0333220113
3332201130
3322011300
3220113000
2201130001
2011300011
0113000110
1130001100
1300011003
3000110030
0001100303
0011003030
0110030300
1100303003
1003030030
0030300302
0303003020
3030030200
0300302002
3003020023
0030200231
0302002313
3020023130
0200231300
2002313002
0023130023
0231300232
2313002320
3130023203
1300232031
3002320312
0023203122
0232031220
2320312200
3203122003
2031220030
0312200300
3122003003
1220030030
2200300301
2003003010
0030030102
0300301020
3003010200
0030102002
0301020020
3010200202
0102002021
1020020211
0200202111
2002021110
0020211103
0202111033
2021110333
0211103333
2111033331
1110333311
1103333110
1033331100
0333311002
3333110022
3331100220
3311002200
3110022001
1100220013
1002200132
0022001322
0220013223
2200132233
2001322333
0013223330
0132233300
1322333002
3223330021
2233300212
2333002123
3330021230
3300212300
3002123003
0021230033
0212300330
2123003300
1230033001
2300330012
3003300120
0033001200
0330012000
3300120001
3001200010
0012000102
0120001022
1200010221
2000102213
0001022131
0010221311
0102213110
1022131102
0221311023
2213110233
2131102331
1311023310
3110233102
1102331020
1023310200
0233102000
2331020002
3310200021
3102000210
1020002100
0200021003
2000210031
0002100310
0021003100
0210031002
2100310021
1003100210
0031002102
0310021020
3100210200
1002102000
0021020000
0210200000
2102000000
1020000001
0200000013
2000000132
0000001320
0000013200
0000132002
0001320023
0013200230
0132002302
1320023021
3200230213
2002302132
0023021320
0230213200
2302132000
3021320000
0213200001
2132000010
1320000100
3200001000
2000010001
0000100010
0001000102
0010001021
0100010211
1000102110
0001021102
0010211023
0102110230
1021102303
0211023033
2110230330
1102303300
1023033000
0230330003
2303300032
3033000323
0330003233
3300032331
3000323310
0003233102
0032331021
0323310211
3233102113
2331021132
3310211320
3102113200
1021132003
0211320031
2113200313
1132003130
1320031303
3200313032
2003130321
0031303213
0313032132
3130321320
1303213200
3032132003
0321320033
3213200332
2132003323
1320033231
3200332313
2003323130
0033231302
0332313021
3323130210
3231302102
2313021023
3130210233
1302102333
3021023332
0210233323
2102333234
1023332341
0233323413
2333234134
3332341344
3323413444
3234134444
2341344444
3413444444
4134444444
1344444444
3444444444
4444444444
4444444440
4444444402
4444444020
4444440200
4444402000
4444020003
4440200032
4402000323
4020003230
0200032302
2000323023
0003230232
0032302320
0323023202
3230232022
2302320222
3023202222
0232022222
2320222220
3202222200
2022222002
0222220022
2222200221
2222002210
2220022100
2200221000
2002210001
0022100010
0221000100
2210001002
2100010023
1000100230
0001002300
0010023000
0100230002
1002300020
0023000202
0230002023
2300020232
3000202320
0002023203
0020232030
0202320300
2023203000
0232030002
2320300020
3203000200
2030002001
0300020010
3000200100
0002001000
0020010003
0200100030
2001000300
0010003000
0100030001
1000300011
0003000110
0030001100
0300011002
3000110023
0001100233
0011002332
0110023321
1100233211
1002332110
0023321100
0233211001
2332110010
3321100103
3211001030
2110010302
1100103022
1001030223
0010302232
0103022323
1030223230
0302232301
3022323011
0223230113
2232301132
2323011320
3230113202
2301132023
3011320232
0113202323
1132023233
1320232333
3202323330
2023233300
0232333003
2323330033
3233300333
2333003331
3330033310
3300333102
3003331020
0033310200
0333102002
3331020020
3310200202
3102002022
1020020221
0200202213
2002022131
0020221313
0202213132
2022131322
0221313220
2213132202
2131322021
1313220210
3132202103
1322021031
3220210311
2202103111
2021031110
0210311103
2103111033
1031110332
0311103320
3111033202
1110332022
1103320220
1033202201
0332022010
3320220101
3202201011
2022010110
0220101102
2201011023
2010110232
0101102322
1011023223
0110232233
1102322333
1023223333
0232233331
2322333311
3223333110
2233331102
2333311021
3333110210
3331102101
3311021013
3110210132
1102101323
1021013231
0210132313
2101323132
1013231320
0132313202
1323132020
3231320201
2313202011
3132020111
1320201111
3202011113
2020111132
0201111320
2011113203
0111132032
1111320320
1113203201
1132032013
1320320133
3203201330
2032013302
0320133023
3201330232
2013302323
0133023233
1330232333
3302323333
3023233331
0232333313
2323333132
3233331321
2333313213
3333132132
3331321320
3313213200
3132132002
1321320020
3213200201
2132002011
1320020113
3200201133
2002011330
0020113300
0201133000
2011330002
0113300022
1133000223
1330002230
3300022300
3000223003
0002230030
0022300300
0223003001
2230030010
2300300102
3003001021
0030010213
0300102133
3001021333
0010213333
0102133332
1021333323
0213333232
2133332320
1333323203
3333232032
3332320321
3323203213
3232032132
2320321320
3203213201
2032132010
0321320102
3213201022
2132010220
1320102200
3201022000
2010220002
0102200020
1022000201
0220002010
2200020103
2000201033
0002010333
0020103331
0201033313
2010333132
0103331321
1033313213
0333132132
3331321323
3313213232
3132132323
1321323233
3213232333
2132323332
1323233323
3232333233
2323332330
3233323300
2333233000
3332330002
3323300021
3233000210
2330002102
3300021020
3000210203
0002102032
0021020320
0210203202
2102032020
1020320200
0203202003
2032020032
0320200321
3202003211
2020032111
0200321113
2003211132
0032111322
0321113223
3211132230
2111322300
1113223002
1132230020
1322300202
3223002022
2230020221
2300202210
3002022103
0020221031
0202210310
2022103100
0221031003
2210310030
2103100302
1031003023
0310030232
3100302320
1003023201
0030232010
0302320102
3023201021
0232010210
2320102102
3201021023
2010210230
0102102302
1021023021
0210230213
2102302131
1023021313
0230213130
2302131300
3021313002
0213130023
2131300231
1313002313
3130023130
1300231302
3002313022
0023130223
0231302231
2313022313
3130223131
1302231310
3022313102
0223131020
2231310202
2313102021
3131020213
1310202133
3102021333
1020213332
0202133323
2021333233
0213332331
2133323310
1333233102
3332331020
3323310202
3233102020
2331020203
3310202031
3102020313
1020203131
0202031312
2020313120
0203131200
2031312002
0313120020
3131200202
1312002023
3120020232
1200202322
2002023223
0020232232
0202322321
2023223210
0232232102
2322321020
3223210200
2232102000
2321020001
3210200013
2102000130
1020001301
0200013010
2000130102
0001301023
0013010231
0130102311
1301023113
3010231131
0102311313
1023113132
0231131320
2311313200
3113132002
1131320020
1313200202
3132002022
1320020220
3200202203
2002022033
0020220331
0202203313
2022033130
0220331300
2203313003
2033130032
0331300320
3313003202
3130032022
1300320220
3003202203
0032022032
0320220320
3202203200
2022032002
0220320020
2203200201
2032002011
0320020113
3200201130
2002011301
0020113011
0201130110
2011301103
0113011032
1130110323
1301103233
3011032333
0110323333
1103233331
1032333310
0323333102
3233331022
2333310221
3333102210
3331022103
3310221033
3102210330
1022103300
0221033003
2210330030
2103300303
1033003033
0330030333
3300303332
3003033322
0030333221
0303332210
3033322100
0333221002
3332210023
3322100231
3221002310
2210023103
2100231031
1002310310
0023103100
0231031002
2310310021
3103100210
1031002101
0310021010
3100210101
1002101010
0021010101
0210101010
2101010101
1010101013
0101010131
1010101310
0101013100
1010131003
0101310031
1013100311
0131003111
1310031110
3100311100
1003111000
0031110000
0311100000
3111000001
1110000010
1100000102
1000001020
0000010200
0000102002
0001020020
0010200203
0102002032
1020020323
0200203231
2002032313
0020323132
0203231323
2032313232
0323132320
3231323202
2313232020
3132320200
1323202002
3232020020
2320200203
3202002032
2020020323
0200203233
2002032331
0020323310
0203233100
2032331000
0323310003
3233100031
2331000311
3310003111
3100031113
1000311131
0003111310
0031113102
0311131021
3111310210
1113102101
1131021010
1310210102
3102101020
1021010203
0210102032
2101020323
1010203233
0102032330
1020323302
0203233021
2032330210
0323302101
3233021013
2330210132
3302101321
3021013210
0210132100
2101321000
1013210002
0132100023
1321000230
3210002302
2100023021
1000230210
0002302102
0023021021
0230210210
2302102102
3021021023
0210210232
2102102322
1021023221
0210232210
2102322102
1023221023
0232210232
2322102320
3221023201
2210232010
2102320100
1023201000
0232010002
2320100023
3201000233
2010002332
0100023323
1000233230
0002332301
0023323010
0233230102
2332301020
3323010200
3230102002
2301020020
3010200203
0102002032
1020020321
0200203211
2002032113
0020321132
0203211320
2032113202
0321132022
3211320221
2113202211
1132022110
1320221101
3202211011
2022110113
0221101133
2211011330
2110113300
1101133000
1011330000
0113300002
1133000020
1330000202
3300002022
3000020223
0000202232
0002022323
0020223232
0202232323
2022323232
0223232323
2232323233
2323232333
3232323331
2323233313
3232333131
2323331311
3233313110
2333131100
3331311002
3313110021
3131100211
1311002110
3110021100
1100211002
1002110020
0021100200
0211002003
2110020031
1100200313
1002003132
0020031320
0200313200
2003132003
0031320032
0313200323
3132003233
1320032331
3200323313
2003233132
0032331323
0323313233
3233132330
2331323300
3313233001
3132330013
1323300133
3233001330
2330013303
3300133033
3001330333
0013303333
0133033331
1330333313
3303333133
3033331331
0333313311
3333133111
3331331110
3313311102
3133111023
1331110231
3311102311
3111023110
1110231100
1102311001
1023110010
0231100103
2311001032
3110010323
1100103231
1001032310
0010323102
0103231020
1032310200
0323102002
3231020020
2310200203
3102002033
1020020331
0200203310
2002033102
0020331021
0203310213
2033102130
0331021300
3310213001
3102130010
1021300102
0213001020
2130010201
1300102011
3001020110
0010201102
0102011020
1020110200
0201102002
2011020020
0110200201
1102002013
1020020133
0200201332
2002013320
0020133202
0201332022
2013320221
0133202213
1332022130
3320221302
3202213023
2022130231
0221302311
2213023111
2130231113
1302311130
3023111302
0231113023
2311130230
3111302301
1113023011
1130230110
1302301100
3023011000
0230110002
2301100020
3011000202
0110002020
1100020200
1000202002
0002020020
0020200200
0202002000
2020020000
0200200000
2002000001
0020000013
0200000133
2000001331
0000013310
0000133102
0001331023
0013310232
0133102320
1331023200
3310232002
3102320022
1023200221
0232002210
2320022100
3200221000
2002210002
0022100020
0221000200
2210002002
2100020021
1000200213
0002002130
0020021302
0200213023
2002130231
0021302311
0213023110
2130231101
1302311010
3023110103
0231101032
2311010320
3110103200
1101032000
1010320000
0103200003
1032000032
0320000320
3200003200
2000032002
0000320020
0003200202
0032002021
0320020213
3200202132
2002021320
0020213200
0202132000
2021320002
0213200022
2132000220
1320002200
3200022002
2000220020
0002200200
0022002000
0220020000
2200200000
2002000000
0020000003
0200000033
2000000331
0000003313
0000033133
0000331333
0003313332
0033133321
0331333210
3313332100
3133321002
1333210020
3332100203
3321002032
3210020320
2100203200
1002032001
0020320010
0203200101
2032001011
0320010110
3200101102
2001011022
0010110222
0101102220
1011022202
0110222020
1102220201
1022202011
0222020111
2220201110
2202011100
2020111000
0201110003
2011100033
0111000333
1110003332
1100033322
1000333220
0003332200
0033322003
0333220031
3332200310
3322003100
3220031000
2200310003
2003100030
0031000303
0310003030
3100030302
1000303022
0003030221
0030302212
0303022120
3030221202
0302212021
3022120211
0221202110
2212021103
2120211031
1202110313
2021103132
0211031322
2110313220
1103132203
1031322030
0313220303
3132203032
1322030320
3220303203
2203032030
2030320302
0303203023
3032030232
0320302320
3203023200
2030232002
0302320021
3023200211
0232002110
2320021102
3200211023
2002110231
0021102310
0211023103
2110231031
1102310313
1023103130
0231031302
2310313022
3103130220
1031302202
0313022020
3130220203
1302202033
3022020331
0220203310
2202033103
2020331030
0203310303
2033103032
0331030322
3310303223
3103032233
1030322333
0303223330
3032233303
0322333031
3223330311
2233303113
2333031131
3330311313
3303113131
3031131310
0311313102
3113131020
1131310202
1313102020
3131020202
1310202020
3102020202
1020202020
0202020203
2020202033
0202020331
2020203313
0202033133
2020331330
0203313301
2033133013
0331330130
3313301301
3133013010
1330130101
3301301010
3013010102
0130101021
1301010210
3010102102
0101021020
1010210200
0102102000
1021020000
0210200000
2102000003
1020000032
0200000320
2000003201
0000032010
0000320103
0003201032
0032010321
0320103210
3201032100
2010321000
0103210000
1032100001
0321000010
3210000100
2100001001
1000010013
0000100133
0001001330
0010013300
0100133000
1001330000
0013300000
0133000000
1330000000
3300000001
3000000013
0000000133
0000001331
0000013310
0000133102
0001331021
0013310210
0133102102
1331021022
3310210224
3102102244
1021022444
0210224444
2102244444
1022444444
0224444444
2244444444
2444444444
4444444444
4444444444
4444444444
4444444444
4444444444
4444444444
4444444444
4444444444
4444444444
4444444444
4444444444
4444444444
4444444444
4444444444
4444444444
4444444444
4444444444
4444444444
4444444444
4444444444
4444444444
4444444444
4444444442
4444444421
4444444213
4444442133
4444421332
4444213320
4442133200
4421332002
4213320021
2133200210
1332002102
3320021023
3200210232
2002102321
0021023213
0210232130
2102321302
1023213020
0232130200
2321302001
3213020010
2130200102
1302001021
3020010210
0200102103
2001021032
0010210322
0102103220
1021032200
0210322002
2103220023
1032200231
0322002310
3220023102
2200231022
2002310222
0023102221
0231022213
2310222131
3102221313
1022213132
0222131320
2221313200
2213132003
2131320033
1313200332
3132003321
1320033211
3200332110
2003321103
0033211032
0332110323
3321103233
3211032331
2110323311
1103233110
1032331102
0323311023
3233110232
2331102323
3311023232
3110232322
1102323220
1023232200
0232322002
2323220022
3232200220
2322002202
3220022021
2200220210
2002202100
0022021001
0220210013
2202100132
2021001321
0210013210
2100132100
1001321001
0013210012
0132100122
1321001222
3210012220
2100122201
1001222013
0012220132
0122201320
1222013203
2220132032
2201320320
2013203203
0132032030
1320320300
3203203001
2032030010
0320300102
3203001021
2030010210
0300102100
3001021002
0010210020
0102100202
1021002022
0210020220
2100202202
1002022021
0020220210
0202202100
2022021003
0220210032
2202100323
2021003233
0210032330
2100323300
1003233001
0032330013
0323300133
3233001331
2330013310
3300133102
3001331020
0013310200
0133102002
1331020021
3310200210
3102002102
1020021020
0200210203
2002102031
0021020313
0210203131
2102031312
1020313120
0203131201
2031312010
0313120100
3131201003
1312010031
3120100310
1201003101
2010031010
0100310100
1003101000
0031010000
0310100003
3101000031
1010000313
0100003132
1000031323
0000313230
0003132302
0031323023
0313230233
3132302331
1323023310
3230233102
2302331023
3023310230
0233102302
2331023022
3310230220
3102302201
1023022013
0230220133
2302201331
3022013311
0220133110
2201331101
2013311012
0133110123
1331101232
3311012320
3110123203
1101232032
1012320320
0123203200
1232032003
2320320033
3203200331
2032003311
0320033110
3200331103
2003311032
0033110322
0331103220
3311032200
3110322003
1103220032
1032200321
0322003211
3220032110
2200321100
2003211000
0032110003
0321100031
3211000310
2110003103
1100031033
1000310332
0003103323
0031033233
0310332333
3103323331
1033233310
0332333100
3323331001
3233310010
2333100102
3331001023
3310010230
3100102300
1001023001
0010230010
0102300102
1023001021
0230010210
2300102100
3001021000
0010210002
0102100022
1021000220
0210002201
2100022013
1000220130
0002201302
0022013020
0220130200
2201302002
2013020020
0130200202
1302002022
3020020220
0200202200
2002022000
0020220002
0202200022
2022000223
0220002231
2200022313
2000223133
0002231331
0022313310
0223133103
2231331031
2313310313
3133103133
1331031331
3310313310
3103133101
1031331013
0313310133
3133101331
1331013313
3310133133
3101331333
1013313331
0133133313
1331333130
3313331301
3133313011
1333130113
3331301131
3313011313
3130113130
1301131300
3011313000
0113130003
1131300031
1313000313
3130003131
1300031310
3000313101
0003131013
0031310133
0313101330
3131013303
1310133033
3101330332
1013303320
0133033200
1330332003
3303320030
3033200300
0332003002
3320030022
3200300220
2003002200
0030022002
0300220021
3002200213
0022002133
0220021332
2200213322
2002133221
0021332210
0213322100
2133221001
1332210010
3322100103
3221001030
2210010302
2100103021
1001030213
0010302133
0103021333
1030213333
0302133331
3021333310
0213333100
2133331000
1333310002
3333100020
3331000201
3310002013
3100020131
1000201313
0002013133
0020131332
0201313321
2013133210
0131332101
1313321013
3133210132
1332101322
3321013220
3210132200
2101322001
1013220011
0132200111
1322001110
3220011100
2200111001
2001110010
0011100101
0111001010
1110010101
1100101011
1001010113
0010101133
0101011331
1010113313
0101133131
1011331310
0113313100
1133131002
1331310020
3313100200
3131002002
1310020022
3100200220
1002002200
0020022000
0200220002
2002200023
0022000231
0220002311
2200023111
2000231110
0002311100
0023111001
0231110010
2311100100
3111001002
1110010022
1100100223
1001002232
0010022320
0100223203
1002232032
0022320321
0223203210
2232032102
2320321021
3203210210
2032102101
0321021013
3210210132
2102101321
1021013213
0210132132
2101321321
1013213213
0132132130
1321321302
3213213023
2132130230
1321302301
3213023010
2130230100
1302301000
3023010000
0230100002
2301000022
3010000221
0100002210
1000022102
0000221020
0002210202
0022102022
0221020220
2210202200
2102022001
1020220010
0202200102
2022001023
0220010232
2200102323
2001023230
0010232300
0102323003
1023230031
0232300310
2323003102
3230031023
2300310230
3003102301
0031023010
0310230102
3102301022
1023010220
0230102200
2301022000
3010220002
0102200020
1022000200
0220002001
2200020011
2000200110
0002001102
0020011020
0200110200
2001102000
0011020000
0110200003
1102000032
1020000321
0200003210
2000032100
0000321001
0003210010
0032100102
0321001020
3210010202
2100102021
1001020210
0010202102
0102021020
1020210200
0202102002
2021020023
0210200231
2102002313
1020023132
0200231320
2002313200
0023132000
0231320001
2313200010
3132000100
1320001000
3200010000
2000100001
0001000013
0010000130
0100001300
1000013000
0000130001
0001300010
0013000102
0130001023
1300010232
3000102321
0001023213
0010232132
0102321321
1023213213
0232132130
2321321303
3213213031
2132130311
1321303113
3213031131
2130311313
1303113131
3031131311
0311313110
3113131102
1131311023
1313110231
3131102311
1311023113
3110231133
1102311332
1023113323
0231133232
2311332322
3113323220
1133232200
1332322000
3323220001
3232200010
2322000103
3220001032
2200010320
2000103202
0001032021
0010320210
0103202102
1032021022
0320210220
3202102203
2021022033
0210220331
2102203311
1022033110
0220331100
2203311000
2033110001
0331100010
3311000102
3110001021
1100010213
1000102131
0001021311
0010213111
0102131111
1021311111
0213111113
2131111133
1311111332
3111113320
1111133200
1111332002
1113320023
1133200233
1332002333
3320023331
3200233313
2002333133
0023331330
0233313300
2333133000
3331330000
3313300002
3133000022
1330000221
3300002213
3000022133
0000221333
0002213331
0022133311
0221333111
2213331110
2133311101
1333111010
3331110102
3311101021
3111010211
1110102110
1101021100
1010211000
0102110001
1021100013
0211000132
2110001321
1100013210
1000132102
0001321020
0013210200
0132102002
1321020021
3210200210
2102002100
1020021001
0200210010
2002100100
0021001000
0210010003
2100100032
1001000322
0010003223
0100032233
1000322331
0003223313
0032233132
0322331321
3223313211
2233132110
2331321103
3313211030
3132110301
1321103011
3211030113
2110301133
1103011332
1030113321
0301133210
3011332100
0113321003
1133210030
1332100303
3321003033
3210030332
2100303320
1003033203
0030332032
0303320320
3033203203
0332032030
3320320302
3203203022
2032030220
0320302200
3203022002
2030220020
0302200200
3022002003
0220020030
2200200301
2002003013
0020030131
0200301312
2003013122
0030131222
0301312222
3013122220
0131222203
1312222032
3122220323
1222203232
2222032320
2220323200
2203232001
2032320013
0323200132
3232001322
2320013220
3200132202
2001322020
0013220202
0132202022
1322020220
3220202202
2202022020
2020220202
0202202023
2022020230
0220202303
2202023033
2020230333
0202303332
2023033321
0230333211
2303332113
3033321131
0333211313
3332113132
3321131321
3211313210
2113132101
1131321010
1313210103
3132101032
1321010323
3210103233
2101032331
1010323311
0103233110
1032331101
0323311010
3233110101
2331101011
3311010110
3110101103
1101011030
1010110302
0101103020
1011030202
0110302021
1103020213
1030202132
0302021322
3020213220
0202132200
2021322000
0213220000
2132200002
1322000020
3220000200
2200002000
2000020000
0000200003
0002000032
0020000321
0200003211
2000032110
0000321100
0003211000
0032110000
0321100002
3211000021
2110000211
1100002111
1000021110
0000211102
0002111023
0021110233
0211102332
2111023323
1110233232
1102332321
1023323213
0233232131
2332321310
3323213102
3232131021
2321310210
3213102102
2131021022
1310210220
3102102200
1021022000
0210220000
2102200000
1022000000
0220000000
2200000003
2000000032
0000000323
0000003231
0000032310
0000323100
0003231003
0032310033
0323100332
3231003323
2310033230
3100332302
1003323021
0033230210
0332302103
3323021031
3230210312
2302103122
3021031222
0210312223
2103122231
1031222313
0312223131
3122231310
1222313100
2223131001
2231310011
2313100110
3131001102
1310011021
3100110210
1001102103
0011021032
0110210320
1102103200
1021032003
0210320033
2103200333
1032003333
0320033333
3200333330
2003333301
0033333013
0333330132
3333301322
3333013223
3330132232
3301322321
3013223210
0132232102
1322321020
3223210200
2232102002
2321020023
3210200233
2102002333
1020023332
0200233321
2002333211
0023332111
0233321112
2333211122
3332111220
3321112200
3211122000
2111220000
1112200001
1122000011
1220000111
2200001110
2000011102
0000111020
0001110202
0011102021
0111020210
1110202101
1102021013
1020210133
0202101333
2021013330
0210133303
2101333031
1013330313
0133303130
1333031300
3330313003
3303130031
3031300310
0313003100
3130031000
1300310003
3003100031
0031000310
0310003101
3100031013
1000310132
0003101320
0031013200
0310132002
3101320022
1013200220
0132002200
1320022001
3200220010
2002200100
0022001001
0220010011
2200100111
2001001110
0010011103
0100111032
1001110323
0011103231
0111032310
1110323103
1103231030
1032310300
0323103003
3231030032
2310300320
3103003200
1030032000
0300320000
3003200001
0032000010
0320000102
3200001020
2000010203
0000102030
0001020303
0010203032
0102030322
1020303220
0203032203
2030322031
0303220313
3032203130
0322031302
3220313023
2203130232
2031302323
0313023232
3130232323
1302323232
3023232320
0232323202
2323232021
3232320212
2323202123
3232021230
2320212301
3202123010
2021230101
0212301013
2123010130
1230101300
2301013000
3010130002
0101300023
1013000230
0130002301
1300023013
3000230133
0002301333
0023013333
0230133333
2301333332
3013333322
0133333222
1333332221
3333322210
3333222103
3332221031
3322210312
3222103121
2221031210
2210312102
2103121022
1031210220
0312102200
3121022002
1210220020
2102200200
1022002000
0220020000
2200200003
2002000032
0020000322
0200003222
2000032223
0000322232
0003222322
0032223223
0322232233
3222322330
2223223302
2232233021
2322330213
3223302130
2233021303
2330213031
3302130310
3021303102
0213031023
2130310232
1303102322
3031023222
0310232223
3102322233
1023222330
0232223303
2322233033
3222330331
2223303310
2233033102
2330331023
3303310231
3033102313
0331023133
3310231333
3102313333
1023133330
0231333300
2313333002
3133330022
1333300220
3333002200
3330022000
3300220002
3002200020
0022000200
0220002002
2200020020
2000200200
0002002003
0020020030
0200200301
2002003013
0020030133
0200301333
2003013330
0030133303
0301333032
3013330320
0133303202
1333032023
3330320231
3303202311
3032023112
0320231120
3202311201
2023112013
0231120133
2311201331
3112013312
1120133120
1201331200
2013312002
0133120023
1331200232
3312002320
3120023202
1200232020
2002320202
0023202022
0232020220
2320202202
3202022020
2020220203
0202202032
2022020323
0220203230
2202032300
2020323003
0203230031
2032300310
0323003100
3230031003
2300310032
3003100322
0031003222
0310032220
3100322202
1003222020
0032220200
0322202000
3222020001
2220200011
2202000110
2020001101
0200011011
2000110110
0001101100
0011011002
0110110022
1101100223
1011002231
0110022311
1100223113
1002231130
0022311300
0223113002
2231130020
2311300202
3113002020
1130020202
1300202021
3002020213
0020202130
0202021302
2020213020
0202130201
2021302010
0213020102
2130201023
1302010231
3020102311
0201023111
2010231110
0102311102
1023111022
0231110221
2311102213
3111022132
1110221322
1102213220
1022132200
0221322000
2213220002
2132200021
1322000213
3220002131
2200021313
2000213133
0002131331
0021313310
0213133100
2131331000
1313310002
3133100020
1331000201
3310002013
3100020133
1000201333
0002013332
0020133320
0201333202
2013332020
0133320203
1333202031
3332020313
3320203132
3202031321
2020313213
0203132132
2031321321
0313213213
3132132130
1321321303
3213213032
2132130322
1321303222
3213032221
2130322211
1303222113
3032221133
0322211333
3222113331
2221133310
2211333103
2113331032
1133310322
1333103220
3331032203
3310322030
3103220303
1032203032
0322030320
3220303200
2203032001
2030320010
0303200101
3032001010
0320010102
3200101020
2001010200
0010102000
0101020000
1010200003
0102000033
1020000333
0200003330
2000033302
0000333020
0003330202
0033302023
0333020232
3330202322
3302023220
3020232203
0202322032
2023220322
0232203223
2322032230
3220322302
2203223020
2032230202
0322302021
3223020213
2230202133
2302021333
3020213332
0202133323
2021333232
0213332322
2133323223
1333232232
3332322321
3323223211
3232232113
2322321131
3223211313
2232113132
2321131323
3211313232
2113132322
1131323223
1313232232
3132322320
1323223201
3232232013
2322320131
3223201310
2232013102
2320131021
3201310213
2013102133
0131021331
1310213310
3102133103
1021331031
0213310313
2133103130
1331031303
3310313033
3103130331
1031303310
0313033101
3130331013
1303310131
3033101310
0331013103
3310131030
3101310300
1013103002
0131030022
1310300221
3103002210
1030022100
0300221000
3002210000
0022100001
0221000010
2210000103
2100001030
1000010301
0000103013
0001030132
0010301321
0103013210
1030132102
0301321023
3013210230
0132102302
1321023023
3210230231
2102302310
1023023103
0230231033
2302310332
3023103323
0231033232
2310332321
3103323210
1033232102
0332321021
3323210211
3232102110
2321021102
3210211020
2102110203
1021102032
0211020321
2110203213
1102032133
1020321332
0203213322
2032133222
0321332223
3213322232
2133222322
1332223220
3322232200
3222322002
2223220020
2232200200
2322002000
3220020001
2200200010
2002000102
0020001022
0200010221
2000102213
0001022130
0010221301
0102213010
1022130102
0221301020
2213010202
2130102021
1301020210
3010202100
0102021003
1020210033
0202100331
2021003310
0210033102
2100331021
1003310210
0033102102
0331021020
3310210200
3102102002
1021020023
0210200232
2102002321
1020023210
0200232102
2002321023
0023210232
0232102321
2321023213
3210232130
2102321301
1023213013
0232130132
2321301323
3213013232
2130132322
1301323223
3013232232
0132322320
1323223201
3232232011
2322320110
3223201102
2232011020
2320110202
3201102020
2011020202
0110202023
1102020232
1020202322
0202023222
2020232223
0202322232
2023222323
0232223233
2322232330
3222323302
2223233020
2232330201
2323302010
3233020102
2330201023
3302010232
3020102323
0201023233
2010232332
0102323321
1023233210
0232332103
2323321032
3233210321
2332103213
3321032130
3210321303
2103213032
1032130320
0321303202
3213032021
2130320212
1303202121
3032021211
0320212110
3202121102
2021211022
0212110220
2121102202
1211022023
2110220233
1102202333
1022023332
0220233320
2202333203
2023332032
0233320321
2333203211
3332032113
3320321130
3203211301
2032113011
0321130113
3211301133
2113011332
1130113323
1301133232
3011332323
0113323231
1133232311
1332323111
3323231110
3232311102
2323111022
3231110220
2311102200
3111022003
1110220030
1102200300
1022003000
0220030002
2200300020
2003000203
0030002032
0300020320
3000203203
0002032032
0020320323
0203203231
2032032311
0320323113
3203231132
2032311323
0323113233
3231132331
2311323311
3113233111
1132331110
1323311103
3233111033
2331110332
3311103321
3111033213
1110332131
1103321310
1033213102
0332131020
3321310201
3213102010
2131020103
1310201031
3102010311
1020103111
0201031113
2010311132
0103111323
1031113231
0311132310
3111323100
1113231003
1132310032
1323100320
3231003200
2310032002
3100320022
1003200221
0032002210
0320022103
3200221033
2002210333
0022103331
0221033310
2210333102
2103331021
1033310210
0333102103
3331021032
3310210322
3102103220
1021032203
0210322033
2103220333
1032203333
0322033330
3220333300
2203333002
2033330022
0333300220
3333002201
3330022011
3300220110
3002201102
0022011022
0220110222
2201102222
2011022223
0110222233
1102222333
1022223333
0222233333
2222333330
2223333302
2233333020
2333330200
3333302003
3333020031
3330200311
3302003113
3020031133
0200311332
2003113323
0031133230
0311332301
3113323011
1133230110
1332301103
3323011032
3230110323
2301103230
3011032303
0110323031
1103230313
1032303133
0323031333
3230313330
2303133300
3031333003
0313330030
3133300300
1333003003
3330030032
3300300323
3003003233
0030032332
0300323323
3003233230
0032332303
0323323031
3233230310
2332303100
3323031003
3230310030
2303100303
3031003030
0310030303
3100303031
1003030310
0030303100
0303031002
3030310020
0303100203
3031002033
0310020330
3100203303
1002033031
0020330311
0203303110
2033031102
0330311023
3303110233
3031102333
0311023331
3110233310
1102333101
1023331013
0233310133
2333101330
3331013300
3310133000
3101330003
1013300031
0133000310
1330003102
3300031021
3000310213
0003102133
0031021333
0310213330
3102133300
1021333000
0213330000
2133300003
1333000033
3330000332
3300003323
3000033233
0000332333
0003323330
0033233300
0332333000
3323330001
3233300011
2333000110
3330001103
3300011033
3000110333
0001103333
0011033333
0110333330
1103333301
1033333013
0333330132
3333301323
3333013232
3330132321
3301323210
3013232100
0132321000
1323210002
3232100022
2321000221
3210002210
2100022102
1000221020
0002210200
0022102003
0221020033
2210200330
2102003300
1020033002
0200330023
2003300232
0033002323
0330023233
3300232330
3002323301
0023233013
0232330131
2323301313
3233013133
2330131333
3301313330
3013133300
0131333001
1313330010
3133300100
1333001000
3330010003
3300100032
3001000323
0010003230
0100032300
1000323000
0003230000
0032300001
0323000013
3230000133
2300001331
3000013311
0000133110
0001331102
0013311021
0133110213
1331102133
3311021333
3110213330
1102133300
1021333000
0213330000
2133300003
1333000030
3330000302
3300003023
3000030231
0000302311
0003023113
0030231133
0302311333
3023113330
0231133300
2311333000
3113330000
1133300003
1333000033
3330000333
3300003330
3000033303
0000333031
0003330313
0033303133
0333031330
3330313300
3303133000
3031330000
0313300000
3133000002
1330000022
3300000221
3000002210
0000022100
0000221003
0002210030
0022100300
0221003000
2210030001
2100300010
1003000100
0030001000
0300010003
3000100033
0001000333
0010003332
0100033320
1000333201
0003332010
0033320103
0333201033
3332010333
3320103330
3201033300
2010333003
0103330032
1033300323
0333003232
3330032320
3300323203
3003232033
0032320333
0323203330
3232033300
2320333000
3203330002
2033300021
0333000213
3330002130
3300021302
3000213020
0002130201
0021302011
0213020113
2130201131
1302011311
3020113110
0201131100
2011311000
0113110003
1131100030
1311000302
3110003020
1100030200
1000302000
0003020003
0030200032
0302000321
3020003213
0200032132
2000321320
0003213203
0032132032
0321320321
3213203210
2132032103
1320321033
3203210330
2032103303
0321033033
3210330331
2103303310
1033033101
0330331011
3303310110
3033101103
0331011031
3310110311
3101103111
1011031110
0110311102
1103111021
1031110213
0311102132
3111021320
1110213203
1102132033
1021320331
0213203310
2132033103
1320331032
3203310321
2033103211
0331032113
3310321130
3103211303
1032113033
0321130333
3211303330
2113033303
1130333031
1303330313
3033303131
0333031310
3330313102
3303131022
3031310220
0313102201
3131022011
1310220113
3102201133
1022011333
0220113333
2201133333
2011333332
0113333322
1133333220
1333332202
3333322021
3333220211
3332202110
3322021101
3220211010
2202110102
2021101023
0211010231
2110102310
1101023103
1010231033
0102310331
1023103310
0231033101
2310331010
3103310100
1033101002
0331010020
3310100202
3101002023
1010020233
0100202330
1002023303
0020233030
0202330303
2023303032
0233030322
2330303220
3303032202
3030322021
0303220213
3032202133
0322021332
3220213322
2202133222
2021332222
0213322221
2133222213
1332222133
3322221332
3222213320
2222133200
2221332003
2213320033
2133200330
1332003300
3320033001
3200330013
2003300131
0033001310
0330013102
3300131021
3001310213
0013102132
0131021323
1310213230
3102132301
1021323010
0213230100
2132301002
1323010023
3230100232
2301002321
3010023210
0100232102
1002321023
0023210233
0232102333
2321023331
3210233313
2102333131
1023331310
0233313102
2333131023
3331310232
3313102320
3131023203
1310232033
3102320333
1023203333
0232033331
2320333313
3203333133
2033331332
0333313323
3333133233
3331332333
3313323332
3133233321
1332333210
3323332103
3233321030
2333210300
3332103000
3321030003
3210300030
2103000301
1030003011
0300030111
3000301110
0003011101
0030111013
0301110132
3011101323
0111013230
1110132303
1101323030
1013230300
0132303000
1323030002
3230300022
2303000220
3030002200
0300022003
3000220033
0002200333
0022003332
0220033321
2200333213
2003332133
0033321330
0333213303
3332133030
3321330303
3213303032
2133030320
1330303200
3303032001
3030320010
0303200101
3032001010
0320010103
3200101031
2001010311
0010103110
0101031103
1010311031
0103110310
1031103101
0311031010
3110310100
1103101000
1031010000
0310100001
3101000013
1010000130
0100001303
1000013033
0000130330
0001303303
0013033033
0130330333
1303303331
3033033310
0330333102
3303331023
3033310230
0333102301
3331023010
3310230103
3102301031
1023010313
0230103131
2301031310
3010313102
0103131021
1031310213
0313102133
3131021330
1310213303
3102133033
1021330333
0213303330
2133033300
1330333003
3303330033
3033300331
0333003313
3330033132
3300331320
3003313200
0033132003
0331320033
3313200331
3132003313
1320033132
3200331320
2003313200
0033132000
0331320000
3313200000
3132000002
1320000021
3200000213
2000002132
0000021323
0000213233
0002132333
0021323332
0213233320
2132333200
1323332000
3233320000
2333200001
3332000013
3320000130
3200001303
2000013033
0000130333
0001303330
0013033300
0130333000
1303330002
3033300020
0333000202
3330002022
3300020223
3000202231
0002022313
0020223130
0202231302
2022313022
0223130223
2231302233
2313022332
3130223322
1302233223
3022332230
0223322301
2233223013
2332230133
3322301330
3223013302
2230133021
2301330210
3013302101
0133021010
1330210102
3302101020
3021010200
0210102003
2101020030
1010200303
0102003033
1020030333
0200303333
2003033333
0030333331
0303333313
3033333131
0333331313
3333313131
3333131311
3331313113
3313131132
3131311320
1313113200
3131132003
1311320033
3113200332
1132003323
1320033231
3200332310
2003323103
0033231031
0332310311
3323103111
3231031113
2310311130
3103111300
1031113002
0311130023
3111300230
1113002300
1130023002
1300230021
3002300210
0023002103
0230021031
2300210311
3002103110
0021031100
0210311000
2103110000
1031100000
0311000000
3110000000
1100000002
1000000021
0000000211
0000002110
0000021102
0000211023
0002110233
0021102330
0211023302
2110233022
1102330221
1023302213
0233022130
2330221300
3302213002
3022130023
0221300231
2213002310
2130023101
1300231011
3002310110
0023101100
0231011001
2310110010
3101100103
1011001033
0110010330
1100103300
1001033000
0010330002
0103300021
1033000210
0330002100
3300021000
3000210003
0002100031
0021000310
0210003103
2100031031
1000310311
0003103113
0031031133
0310311330
3103113300
1031133001
0311330011
3113300111
1133001110
1330011100
3300111001
3001110010
0011100100
0111001000
1110010000
1100100001
1001000010
0010000103
0100001031
1000010311
0000103113
0001031131
0010311310
0103113100
1031131002
0311310021
3113100213
1131002130
1310021302
3100213023
1002130232
0021302320
0213023201
2130232013
1302320130
3023201301
0232013013
2320130131
3201301313
2013013132
0130131323
1301313233
3013132330
0131323300
1313233003
3132330031
1323300311
3233003113
2330031130
3300311302
3003113023
0031130233
0311302331
3113023310
1130233102
1302331023
3023310230
0233102302
2331023020
3310230202
3102302023
1023020230
0230202303
2302023033
3020230333
0202303330
2023033303
0230333030
2303330302
3033303021
0333030210
3330302103
3303021031
3030210311
0302103113
3021031132
0210311320
2103113201
1031132010
0311320101
3113201013
1132010132
1320101321
3201013213
2010132132
0101321320
1013213203
0132132033
1321320330
3213203300
2132033000
1320330003
3203300030
2033000302
0330003020
3300030203
3000302033
0003020333
0030203332
0302033321
3020333213
0203332131
2033321313
0333213133
3332131330
3321313301
3213133013
2131330133
1313301331
3133013311
1330133111
3301331113
3013311132
0133111321
1331113213
3311132130
3111321301
1113213011
1132130113
1321301130
3213011300
2130113000
1301130000
3011300001
0113000010
1130000100
1300001000
3000010003
0000100031
0001000311
0010003113
0100031130
1000311300
0003113000
0031130000
0311300001
3113000011
1130000113
1300001131
3000011313
0000113131
0001131313
0011313133
0113131333
1131313332
1313133320
3131333203
1313332033
3133320331
1333203313
3332033130
3320331300
3203313003
2033130030
0331300301
3313003013
3130030133
1300301331
3003013310
0030133103
0301331032
3013310323
0133103231
1331032313
3310323132
3103231321
1032313210
0323132102
3231321020
2313210200
3132102003
1321020030
3210200300
2102003002
1020030020
0200300202
2003002023
0030020231
0300202311
3002023110
0020231101
0202311011
2023110110
0231101100
2311011002
3110110020
1101100202
1011002020
0110020200
1100202000
1002020000
0020200003
0202000030
2020000303
0200003030
2000030303
0000303033
0003030332
0030303321
0303033213
3030332133
0303321333
3033213333
0332133331
3321333310
3213333103
2133331033
1333310331
3333103310
3331033100
3310331001
3103310010
1033100103
0331001030
3310010300
3100103003
1001030030
0010300303
0103003030
1030030303
0300303033
3003030332
0030303321
0303033213
3030332132
0303321321
3033213213
0332132132
3321321321
3213213213
2132132133
1321321332
3213213323
2132133233
1321332332
3213323321
2133233210
1332332100
3323321000
3233210001
2332100010
3321000100
3210001003
2100010031
1000100311
0001003110
0010031102
0100311021
1003110213
0031102133
0311021331
3110213310
1102133103
1021331030
0213310300
2133103000
1331030001
3310300010
3103000100
1030001003
0300010033
3000100333
0001003333
0010033332
0100333323
1003333230
0033332301
0333323013
3333230133
3332301333
3323013331
3230133310
2301333102
3013331020
0133310200
1333102001
3331020010
3310200102
3102001020
1020010200
0200102000
2001020000
0010200000
0102000002
1020000020
0200000200
2000002000
0000020001
0000200013
0002000132
0020001323
0200013233
2000132333
0001323333
0013233331
0132333310
1323333103
3233331030
2333310300
3333103000
3331030002
3310300023
3103000233
1030002332
0300023321
3000233210
0002332102
0023321023
0233210233
2332102333
3321023331
3210233310
2102333100
1023331000
0233310000
2333100000
3331000003
3310000030
3100000302
1000003023
0000030233
0000302333
0003023330
0030233303
0302333030
3023330300
0233303001
2333030013
3330300132
3303001320
3030013202
0300132023
3001320233
0013202333
0132023332
1320233320
3202333200
2023332002
0233320020
2333200200
3332002001
3320020013
3200200132
2002001323
0020013233
0200132333
2001323332
0013233320
0132333203
1323332030
3233320301
2333203010
3332030100
3320301003
3203010032
2030100322
0301003221
3010032211
0100322113
1003221132
0032211321
0322113210
3221132102
2211321023
2113210230
1132102302
1321023022
3210230223
2102302233
1023022330
0230223302
2302233022
3022330223
0223302233
2233022332
2330223322
3302233221
3022332211
0223322113
2233221130
2332211302
3322113020
3221130200
2211302003
2113020030
1130200303
1302003033
3020030333
0200303332
2003033323
0030333230
0303332303
3033323030
0333230300
3332303000
3323030002
3230300023
2303000232
3030002323
0300023231
3000232313
0002323133
0023231333
0232313332
2323133321
3231333213
2313332130
3133321300
1333213000
3332130003
3321300032
3213000323
2130003233
1300032330
3000323302
0003233020
0032330200
0323302003
3233020030
2330200301
3302003013
3020030133
0200301330
2003013300
0030133000
0301330002
3013300021
0133000210
1330002100
3300021000
3000210003
0002100030
0021000300
0210003000
2100030003
1000300030
0003000303
0030003032
0300030320
3000303203
0003032033
0030320332
0303203322
3032033221
0320332210
3203322100
2033221002
0332210023
3322100230
3221002303
2210023031
2100230311
1002303110
0023031101
0230311013
2303110133
3031101330
0311013300
3110133003
1101330033
1013300332
0133003323
1330033232
3300332321
3003323210
0033232102
0332321021
3323210213
3232102131
2321021313
3210213131
2102131313
1021313133
0213131332
2131313322
1313133223
3131332232
1313322323
3133223232
1332232320
3322323200
3223232003
2232320031
2323200310
3232003102
2320031021
3200310211
2003102110
0031021102
0310211023
3102110231
1021102310
0211023102
2110231021
1102310211
1023102113
0231021131
2310211310
3102113100
1021131001
0211310010
2113100101
1131001013
1310010132
3100101320
1001013202
0010132020
0101320203
1013202032
0132020321
1320203210
3202032103
2020321030
0203210303
2032103033
0321030332
3210303320
2103033200
1030332000
0303320003
3033200032
0332000323
3320003233
3200032333
2000323331
0003233313
0032333132
0323331320
3233313200
2333132002
3331320023
3313200231
3132002313
1320023130
3200231300
2002313003
0023130031
0231300313
2313003131
3130031311
1300313113
3003131132
0031311322
0313113221
3131132212
1311322120
3113221203
1132212032
1322120323
3221203232
2212032322
2120323220
1203232202
2032322022
0323220222
3232202220
2322022200
3220222000
2202220002
2022200022
0222000222
2220002222
2200022222
2000222222
0002222220
0022222201
0222222010
2222220102
2222201021
2222010213
2220102132
2201021320
2010213200
0102132002
1021320020
0213200200
2132002000
1320020000
3200200003
2002000033
0020000333
0200003331
2000033310
0000333103
0003331030
0033310300
0333103000
3331030003
3310300032
3103000323
1030003230
0300032300
3000323000
0003230003
0032300033
0323000332
3230003322
2300033220
3000332200
0003322003
0033220033
0332200333
3322003331
3220033310
2200333102
2003331020
0033310202
0333102021
3331020213
3310202130
3102021303
1020213030
0202130302
2021303020
0213030201
2130302010
1303020101
3030201010
0302010100
3020101003
0201010033
2010100332
0101003323
1010033232
0100332320
1003323202
0033232021
0332320213
3323202131
3232021312
2320213122
3202131223
2021312231
0213122310
2131223102
1312231020
3122310200
1223102003
2231020032
2310200320
3102003202
1020032020
0200320200
2003202002
0032020021
0320200210
3202002102
2020021020
0200210203
2002102032
0021020323
0210203232
2102032323
1020323233
0203232330
2032323303
0323233031
3232330310
2323303100
3233031002
2330310023
3303100232
3031002323
0310023231
3100232313
1002323133
0023231330
0232313301
2323133010
3231330102
2313301023
3133010233
1330102332
3301023321
3010233211
0102332110
1023321100
0233211000
2332110003
3321100032
3211000320
2110003200
1100032002
1000320022
0003200221
0032002210
0320022102
3200221020
2002210203
0022102032
0221020323
2210203230
2102032302
1020323023
0203230231
2032302313
0323023130
3230231300
2302313003
3023130033
0231300333
2313003332
3130033322
1300333222
3003332223
0033322233
0333222332
3332223321
3322233213
3222332132
2223321321
2233213213
2332132130
3321321302
3213213023
2132130230
1321302302
3213023022
2130230220
1302302202
3023022023
0230220232
2302202321
3022023213
0220232132
2202321322
2023213222
0232132220
2321322202
3213222021
2132220210
1322202103
3222021033
2220210333
2202103332
2021033321
0210333213
2103332131
1033321310
0333213102
3332131021
3321310213
3213102132
2131021322
1310213221
3102132213
1021322133
0213221330
2132213301
1322133010
3221330103
2213301031
2133010310
1330103101
3301031013
3010310132
0103101321
1031013213
0310132131
3101321313
1013213132
0132131321
1321313211
3213132113
2131321133
1313211333
3132113333
1321133333
3211333333
2113333333
1133333333
1333333333
3333333333
3333333331
3333333313
3333333133
3333331333
3333313331
3333133313
3331333133
3313331331
3133313313
1333133133
3331331333
3313313333
3133133331
1331333311
3313333110
3133331102
1333311022
3333110221
3331102213
3311022133
3110221332
1102213323
1022133232
0221332321
2213323211
2133232110
1332321100
3323211001
3232110010
2321100102
3211001023
2110010230
1100102303
1001023033
0010230333
0102303331
1023033310
0230333103
2303331030
3033310300
0333103003
3331030033
3310300332
3103003323
1030033231
0300332310
3003323100
0033231002
0332310022
3323100221
3231002213
2310022132
3100221321
1002213213
0022132131
0221321310
2213213102
2132131021
1321310210
3213102101
2131021010
1310210100
3102101001
1021010011
0210100113
2101001131
1010011310
0100113101
1001131011
0011310113
0113101133
1131011331
1310113310
3101133102
1011331022
0113310222
1133102223
1331022232
3310222320
3102223201
1022232010
0222320103
2223201033
2232010331
2320103311
3201033113
2010331131
0103311313
1033113133
0331131330
3311313303
3113133031
1131330313
1313303131
3133031313
1330313130
3303131302
3031313020
0313130202
3131302023
1313020231
3130202311
1302023110
3020231101
0202311010
2023110103
0231101033
2311010332
3110103322
1101033221
1010332213
0103322133
1033221333
0332213333
3322133333
3221333333
2213333333
2133333330
1333333303
3333333031
3333330313
3333303130
3333031303
3330313031
3303130313
3031303133
0313031331
3130313311
1303133110
3031331100
0313311000
3133110002
1331100020
3311000203
3110002033
1100020330
1000203302
0002033020
0020330202
0203302021
2033020213
0330202130
3302021303
3020213031
0202130310
2021303102
0213031020
2130310202
1303102021
3031020213
0310202130
3102021300
1020213000
0202130003
2021300032
0213000323
2130003233
1300032332
3000323321
0003233211
0032332113
0323321132
3233211323
2332113233
3321132330
3211323302
2113233020
1132330203
1323302032
3233020320
2330203202
3302032020
3020320200
0203202002
2032020022
0320200220
3202002200
2020022000
0200220002
2002200022
0022000221
0220002213
2200022132
2000221320
0002213202
0022132021
0221320211
2213202113
2132021131
1320211313
3202113131
2021131313
0211313133
2113131332
1131313321
1313133210
3131332102
1313321023
3133210233
1332102332
3321023321
3210233213
2102332130
1023321301
0233213013
2332130132
3321301323
3213013232
2130132320
1301323200
3013232000
0132320003
1323200033
3232000332
2320003323
3200033231
2000332311
0003323111
0033231113
0332311131
3323111313
3231113132
2311131320
3111313203
1113132031
1131320313
1313203132
3132031322
1320313220
3203132203
2031322030
0313220301
3132203012
1322030120
3220301202
2203012020
2030120202
0301202021
3012020213
0120202132
1202021323
2020213231
0202132311
2021323113
0213231133
2132311333
1323113331
3231133313
2311333130
3113331300
1133313001
1333130013
3331300132
3313001322
3130013223
1300132230
3001322300
0013223003
0132230032
1322300323
3223003230
2230032301
2300323013
3003230130
0032301302
0323013023
3230130233
2301302331
3013023310
0130233103
1302331031
3023310311
0233103113
2331031130
3310311302
3103113020
1031130202
0311302022
3113020220
1130202203
1302022033
3020220332
0202203323
2022033231
0220332310
2203323100
2033231003
0332310030
3323100302
3231003022
2310030221
3100302210
1003022101
0030221010
0302210100
3022101001
0221010010
2210100101
2101001011
1010010113
0100101130
1001011301
0010113010
0101130100
1011301003
0113010032
1130100321
1301003213
3010032132
0100321323
1003213230
0032132301
0321323013
3213230131
2132301311
1323013111
3230131113
2301311133
3013111331
0131113313
1311133133
3111331332
1113313320
1133133200
1331332000
3313320002
3133200022
1332000221
3320002213
3200022132
2000221321
0002213213
0022132133
0221321330
2213213300
2132133003
1321330033
3213300332
2133003322
1330033220
3300332203
3003322032
0033220320
0332203201
3322032011
3220320110
2203201102
2032011022
0320110223
3201102231
2011022313
0110223131
1102231313
1022313132
0223131320
2231313200
2313132000
3131320000
1313200001
3132000011
1320000111
3200001113
2000011132
0000111323
0001113233
0011132333
0111323331
1113233313
1132333130
1323331300
3233313001
2333130010
3331300101
3313001010
3130010102
1300101023
3001010230
0010102301
0101023013
1010230132
0102301323
1023013232
0230132323
2301323232
3013232323
0132323232
1323232320
3232323202
2323232021
3232320213
2323202133
3232021333
2320213332
3202133321
2021333210
0213332103
2133321030
1333210302
3332103023
3321030230
3210302300
2103023003
1030230031
0302300313
3023003132
0230031323
2300313231
3003132313
0031323132
0313231320
3132313202
1323132023
3231320233
2313202332
3132023320
1320233202
3202332021
2023320213
0233202133
2332021333
3320213330
3202133300
2021333002
0213330023
2133300232
1333002322
3330023220
3300232200
3002322000
0023220000
0232200000
2322000002
3220000023
2200000233
2000002331
0000023310
0000233100
0002331003
0023310033
0233100330
2331003303
3310033033
3100330333
1003303333
0033033330
0330333300
3303333002
3033330020
0333300200
3333002003
3330020031
3300200313
3002003130
0020031302
0200313023
2003130233
0031302330
0313023300
3130233002
1302330022
3023300220
0233002203
2330022033
3300220332
3002203323
0022033233
0220332333
2203323332
2033233320
0332333203
3323332033
3233320333
2333203333
3332033331
3320333310
3203333103
2033331033
0333310333
3333103331
3331033311
3310333110
3103331101
1033311010
0333110102
3331101020
3311010202
3110102023
1101020233
1010202333
0102023330
1020233300
0202333001
2023330013
0233300132
2333001320
3330013200
3300132002
3001320021
0013200213
0132002132
1320021323
3200213230
2002132302
0021323021
0213230213
2132302133
1323021333
3230213332
2302133321
3021333213
0213332132
2133321323
1333213232
3332132322
3321323221
3213232213
2132322131
1323221313
3232213132
2322131323
3221313232
2213132322
2131323222
1313232222
3132322221
1323222212
3232222121
2322221210
3222212101
2222121013
2221210130
2212101303
2121013031
1210130313
2101303131
1013031312
0130313123
1303131233
3031312333
0313123333
3131233332
1312333322
3123333222
1233332223
2333322232
3333222322
3332223223
3322232233
3222322333
2223223330
2232233302
2322333020
3223330200
2233302001
2333020013
3330200133
3302001333
3020013330
0200133300
2001333000
0013330001
0133300013
1333000131
3330001310
3300013101
3000131013
0001310133
0013101330
0131013300
1310133000
3101330003
1013300033
0133000332
1330003321
3300033213
3000332133
0003321333
0033213331
0332133313
3321333131
3213331313
2133313131
1333131313
3331313133
3313131331
3131313313
1313133131
3131331310
1313313103
3133131032
1331310320
3313103203
3131032033
1310320331
3103203313
1032033132
0320331323
3203313233
2033132333
0331323332
3313233323
3132333231
1323332310
3233323103
2333231033
3332310332
3323103320
3231033200
2310332000
3103320001
1033200010
0332000100
3320001003
3200010030
2000100300
0001003000
0010030003
0100300033
1003000331
0030003310
0300033103
3000331033
0003310331
0033103313
0331033132
3310331323
3103313233
1033132330
0331323300
3313233002
3132330021
1323300211
3233002110
2330021102
3300211023
3002110231
0021102313
0211023132
2110231322
1102313223
1023132232
0231322322
2313223221
3132232210
1322322102
3223221021
2232210210
2322102101
3221021011
2210210113
2102101133
1021011332
0210113320
2101133202
1011332021
0113320213
1133202132
1332021321
3320213213
3202132132
2021321323
0213213232
2132132321
1321323210
3213232102
2132321022
1323210220
3232102202
2321022020
3210220202
