0322033303
3220333031
2203330313
2033303130
0333031303
3330313032
3303130322
3031303221
0313032213
3130322131
1303221310
3032213101
0322131010
3221310103
2213101033
2131010332
1310103320
3101033200
1010332002
0103320020
1033200200
0332002002
3320020023
3200200230
2002002301
0020023010
0200230100
2002301000
0023010000
0230100003
2301000032
3010000323
0100003231
1000032311
0000323113
0003231133
0032311330
0323113300
3231133001
2311330012
3113300121
1133001213
1330012130
3300121303
3001213032
0012130321
0121303210
1213032102
2130321020
1303210200
3032102000
0321020000
3210200003
2102000031
1020000313
0200003133
2000031330
0000313302
0003133020
0031330202
0313302023
3133020232
1330202323
3302023231
3020232311
0202323113
2023231130
0232311303
2323113031
3231130313
2311303132
3113031323
1130313233
1303132333
3031323332
0313233322
3132333220
1323332202
3233322021
2333220213
3332202130
3322021300
3220213003
2202130031
2021300310
0213003100
2130031000
1300310002
3003100020
0031000202
0310002021
3100020211
1000202113
0002021132
0020211323
0202113233
2021132333
0211323331
2113233311
1132333110
1323331101
3233311010
2333110100
3331101000
3311010000
3110100003
1101000032
1010000323
0100003232
1000032320
0000323203
0003232031
0032320310
0323203101
3232031012
2320310123
3203101230
2031012303
0310123033
3101230333
1012303333
0123033332
1230333321
2303333210
3033332100
0333321000
3333210003
3332100033
3321000333
3210003333
2100033332
1000333323
0003333230
0033332303
0333323032
3333230321
3332303213
3323032132
3230321320
2303213200
3032132000
0321320001
3213200013
2132000133
1320001331
3200013313
2000133131
0001331310
0013313100
0133131001
1331310011
3313100110
3131001100
1310011000
3100110000
1001100002
0011000020
0110000200
1100002000
1000020002
0000200022
0002000222
0020002221
0200022211
2000222113
0002221133
0022211331
0222113310
2221133101
2211331010
2113310100
1133101003
1331010032
3310100323
3101003231
1010032311
0100323113
1003231133
0032311333
0323113332
3231133323
2311333232
3113332323
1133323230
1333232300
3332323002
3323230020
3232300200
2323002003
3230020032
2300200320
3002003203
0020032030
0200320303
2003203030
0032030300
0320303001
3203030011
2030300110
0303001100
3030011000
0300110000
3001100002
0011000020
0110000200
1100002002
1000020021
0000200211
0002002113
0020021130
0200211301
2002113010
0021130100
0211301002
2113010020
1130100200
1301002000
3010020002
0100200021
1002000210
0020002101
0200021010
2000210100
0002101002
0021010020
0210100203
2101002033
1010020333
0100203330
1002033302
0020333023
0203330231
2033302310
0333023100
3330231001
3302310013
3023100133
0231001332
2310013323
3100133233
1001332332
0013323320
0133233200
1332332002
3323320020
3233200202
2332002023
3320020233
3200202330
2002023303
0020233033
0202330332
2023303320
0233033200
2330332000
3303320000
3033200003
0332000031
3320000310
3200003103
2000031033
0000310331
0003103310
0031033100
0310331002
3103310021
1033100213
0331002133
3310021333
3100213333
1002133332
0021333320
0213333200
2133332001
1333320013
3333200133
3332001332
3320013320
3200133201
2001332010
0013320101
0133201010
1332010102
3320101022
3201010220
2010102203
0101022033
1010220330
0102203301
1022033010
0220330102
2203301023
2033010233
0330102333
3301023332
3010233321
0102333210
1023332100
0233321000
2333210001
3332100010
3321000102
3210001021
2100010213
1000102130
0001021303
0010213030
0102130300
1021303001
0213030013
2130300133
1303001333
3030013333
0300133331
3001333310
0013333100
0133331000
1333310000
3333100000
3331000000
3310000002
3100000021
1000000210
0000002100
0000021000
0000210001
0002100013
0021000130
0210001300
2100013002
1000130023
0001300231
0013002313
0130023131
1300231311
3002313113
0023131132
0231311320
2313113202
3131132021
1311320210
3113202103
1132021032
1320210323
3202103232
2021032320
0210323200
2103232000
1032320002
0323200020
3232000202
2320002022
3200020220
2000202202
0002022022
0020220223
0202202233
2022022333
0220223331
2202233313
2022333130
0223331303
2233313031
2333130310
3331303103
3313031031
3130310311
1303103110
3031031102
0310311020
3103110202
1031102023
0311020230
3110202303
1102023032
1020230322
0202303222
2023032221
0230322213
2303222130
3032221301
0322213011
3222130112
2221301120
2213011200
2130112000
1301120001
3011200011
0112000112
1120001123
1200011232
2000112323
0001123231
0011232310
0112323100
1123231000
1232310000
2323100002
3231000020
2310000201
3100002013
1000020133
0000201331
0002013312
0020133120
0201331201
2013312010
0133120100
1331201000
3312010002
3120100023
1201000232
2010002320
0100023200
1000232001
0002320011
0023200113
0232001132
2320011320
3200113200
2001132000
0011320000
0113200002
1132000021
1320000211
3200002113
2000021130
0000211301
0002113011
0021130113
0211301133
2113011332
1130113322
1301133220
3011332200
0113322000
1133220001
1332200013
3322000132
3220001322
2200013223
2000132231
0001322313
0013223133
0132231332
1322313322
3223133223
2231332232
2313322323
3133223231
1332232311
3322323110
3223231102
2232311021
2323110213
3231102131
2311021313
3110213131
1102131313
1021313130
0213131300
2131313003
1313130033
3131300333
1313003333
3130033332
1300333322
3003333220
0033332200
0333322001
3333220013
3332200132
3322001323
3220013232
2200132322
2001323221
0013232210
0132322103
1323221031
3232210313
2322103131
3221031313
2210313132
2103131320
1031313200
0313132002
3131320023
1313200231
3132002310
1320023100
3200231000
2002310002
0023100021
0231000210
2310002100
3100021001
1000210010
0002100102
0021001021
0210010213
2100102132
1001021321
0010213210
0102132100
1021321001
0213210013
2132100133
1321001331
3210013310
2100133100
1001331000
0013310000
0133100003
1331000030
3310000300
3100003002
1000030023
0000300231
0003002313
0030023132
0300231323
3002313230
0023132303
0231323030
2313230301
3132303010
1323030103
3230301033
2303010330
3030103300
0301033000
3010330003
0103300033
1033000330
0330003302
3300033022
3000330220
0003302203
0033022031
0330220313
3302203132
3022031320
0220313203
2203132033
2031320331
0313203313
3132033133
1320331331
3203313313
2033133132
0331331320
3313313200
3133132002
1331320020
3313200200
3132002000
1320020001
3200200010
2002000102
0020001023
0200010233
2000102330
0001023300
0010233003
0102330030
1023300300
0233003000
2330030002
3300300021
3003000210
0030002100
0300021002
3000210023
0002100231
0021002312
0210023123
2100231233
1002312332
0023123321
0231233210
2312332102
3123321023
1233210232
2332102323
3321023232
3210232322
2102323223
1023232230
0232322302
2323223020
3232230201
2322302011
3223020110
2230201100
2302011002
3020110020
0201100201
2011002013
0110020133
1100201332
1002013323
0020133233
0201332330
2013323302
0133233020
1332330200
3323302000
3233020003
2330200031
3302000310
3020003101
0200031011
2000310111
0003101111
0031011113
0310111131
3101111310
1011113100
0111131002
1111310022
1113100220
1131002202
1310022021
3100220211
1002202110
0022021102
0220211022
2202110222
2021102220
0211022203
2110222032
1102220320
1022203200
0222032002
2220320021
2203200211
2032002110
0320021100
3200211003
2002110033
0021100333
0211003332
2110033322
1100333220
1003332203
0033322031
0333220311
3332203113
3322031130
3220311301
2203113010
2031130100
0311301000
3113010000
1130100000
1301000000
3010000002
0100000022
1000000221
0000002213
0000022132
0000221321
0002213213
0022132133
0221321332
2213213323
2132133232
1321332320
3213323202
2133232023
1332320233
3323202333
3232023333
2320233331
3202333313
2023333132
0233331320
2333313202
3333132022
3331320220
3313202201
3132022010
1320220103
3202201030
2022010300
0220103001
2201030010
2010300100
0103001000
1030010001
0300100012
3001000123
0010001233
0100012332
1000123322
0001233220
0012332203
0123322030
1233220303
2332203031
3322030312
3220303123
2203031231
2030312310
0303123102
3031231023
0312310231
3123102311
1231023110
2310231100
3102311003
1023110030
0231100300
2311003003
3110030030
1100300300
1003003000
0030030002
0300300020
3003000203
0030002033
0300020333
3000203332
0002033320
0020333200
0203332003
2033320030
0333200301
3332003011
3320030110
3200301103
2003011033
0030110330
0301103300
3011033002
0110330020
1103300200
1033002002
0330020021
3300200210
3002002103
0020021030
0200210301
2002103010
0021030100
0210301001
2103010013
1030100132
0301001320
3010013202
0100132020
1001320202
0013202022
0132020221
1320202210
3202022103
2020221031
0202210311
2022103110
0221031102
2210311020
2103110200
1031102000
0311020000
3110200002
1102000023
1020000230
0200002303
2000023031
0000230310
0002303102
0023031022
0230310222
2303102223
3031022232
0310222320
3102223200
1022232002
0222320023
2223200230
2232002302
2320023021
3200230210
2002302103
0023021031
0230210313
2302103132
3021031320
0210313202
2103132023
1031320230
0313202303
3132023032
1320230320
3202303202
2023032020
0230320202
2303202023
3032020232
0320202320
3202023200
2020232002
0202320023
2023200233
0232002332
2320023322
3200233223
2002332233
0023322331
0233223310
2332233102
3322331020
3223310202
2233102021
2331020213
3310202132
3102021323
1020213231
0202132311
2021323113
0213231133
2132311333
1323113331
3231133310
2311333102
3113331020
1133310202
1333102021
3331020212
3310202120
3102021203
1020212030
0202120303
2021203033
0212030331
2120303313
1203033130
2030331300
0303313001
3033130010
0331300100
3313001001
3130010010
1300100101
3001001010
0010010102
0100101021
1001010210
0010102102
0101021020
1010210202
0102102022
1021020222
0210202220
2102022203
1020222030
0202220301
2022203011
0222030110
2220301103
2203011032
2030110321
0301103210
3011032100
0110321002
1103210020
1032100203
0321002030
3210020300
2100203001
1002030011
0020300113
0203001132
2030011320
0300113203
3001132030
0011320300
0113203000
1132030000
1320300001
3203000013
2030000131
0300001310
3000013100
0000131002
0001310021
0013100210
0131002102
1310021022
3100210220
1002102200
0021022000
0210220003
2102200032
1022000322
0220003221
2200032213
2000322132
0003221320
0032213200
0322132001
3221320013
2213200132
2132001322
1320013220
3200132202
2001322022
0013220221
0132202213
1322022132
3220221323
2202213232
2022132323
0221323233
2213232330
2132323302
1323233020
3232330202
2323302021
3233020210
2330202102
3302021021
3020210210
0202102103
2021021032
0210210322
2102103222
1021032220
0210322202
2103222021
1032220211
0322202110
3222021102
2220211020
2202110201
2021102013
0211020131
2110201311
1102013111
1020131111
0201311110
2013111103
0131111030
1311110302
3111103021
1111030213
1110302131
1103021311
1030213111
0302131111
3021311113
0213111133
2131111331
1311113313
3111133131
1111331312
1113313123
1133131230
1331312301
3313123011
3131230111
1312301111
3123011113
1230111132
2301111321
3011113212
0111132122
1111321220
1113212201
1132122011
1321220113
3212201132
2122011321
1220113213
2201132130
2011321300
0113213000
1132130003
1321300031
3213000313
2130003132
1300031321
3000313210
0003132100
0031321001
0313210010
3132100102
1321001020
3210010200
2100102001
1001020012
0010200121
0102001212
1020012123
0200121231
2001212310
0012123102
0121231020
1212310200
2123102000
1231020000
2310200000
3102000002
1020000022
0200000223
2000002232
0000022320
0000223203
0002232033
0022320331
0223203311
2232033113
2320331131
3203311311
2033113110
0331131103
3311311030
3113110303
1131103033
1311030330
3110303300
1103033001
1030330013
0303300133
3033001331
0330013310
3300133102
3001331020
0013310202
0133102020
1331020200
3310202000
3102020000
1020200000
0202000003
2020000030
0200000300
2000003003
0000030032
0000300320
0003003203
0030032033
0300320332
3003203323
0032033231
0320332311
3203323113
2033231132
0332311323
3323113230
3231132302
2311323022
3113230223
1132302232
1323022320
3230223200
2302232000
3022320000
0223200003
2232000031
2320000311
3200003110
2000031102
0000311020
0003110200
0031102002
0311020020
3110200200
1102002003
1020020033
0200200333
2002003333
0020033331
0200333313
2003333133
0033331333
0333313333
3333133333
3331333333
3313333333
3133333333
1333333333
3333333333
3333333331
3333333311
3333333110
3333331102
3333311020
3333110200
3331102002
3311020020
3110200201
1102002013
1020020133
0200201333
2002013333
0020133331
0201333313
2013333132
0133331321
1333313213
3333132132
3331321320
3313213201
3132132010
1321320100
3213201002
2132010023
1320100233
3201002331
2010023311
0100233110
1002331100
0023311002
0233110022
2331100220
3311002203
3110022031
1100220313
1002203131
0022031311
0220313110
2203131102
2031311020
0313110203
3131102030
1311020301
3110203013
1102030133
1020301331
0203013311
2030133110
0301331103
3013311031
0133110310
1331103102
3311031023
3110310230
1103102300
1031023000
0310230000
3102300000
1023000003
0230000030
2300000300
3000003000
0000030002
0000300020
0003000200
0030002001
0300020010
3000200101
0002001010
0020010100
0200101000
2001010000
0010100003
0101000030
1010000302
0100003020
1000030200
0000302000
0003020002
0030200022
0302000223
3020002231
0200022311
2000223113
0002231131
0022311313
0223113133
2231131331
2311313313
3113133130
1131331300
1313313000
3133130002
1331300023
3313000231
3130002311
1300023110
3000231102
0002311023
0023110233
0231102332
2311023323
3110233233
1102332332
1023323322
0233233220
2332332201
3323322010
3233220102
2332201023
3322010230
3220102302
2201023022
2010230223
0102302232
1023022322
0230223222
2302232220
3022322203
0223222030
2232220303
2322203033
3222030331
2220303310
2203033103
2030331032
0303310322
3033103221
0331032211
3310322110
3103221101
1032211013
0322110131
3221101310
2211013101
2110131012
1101310122
1013101220
0131012202
1310122023
3101220231
1012202313
0122023133
1220231331
2202313310
2023133102
0231331020
2313310200
3133102003
1331020032
3310200320
3102003200
1020032000
0200320000
2003200001
0032000013
0320000132
3200001321
2000013211
0000132113
0001321132
0013211323
0132113231
1321132313
3211323131
2113231310
1132313102
1323131022
3231310220
2313102202
3131022022
1310220220
3102202200
1022022001
0220220013
2202200133
2022001332
0220013323
2200133233
2001332330
0013323300
0133233000
1332330002
3323300023
3233000232
2330002322
3300023223
3000232232
0002322322
0023223220
0232232203
2322322033
3223220333
2232203332
2322033322
3220333220
2203332202
2033322022
0333220220
3332202202
3322022021
3220220210
2202202100
2022021001
0220210010
2202100100
2021001001
0210010013
2100100132
1001001322
0010013221
0100132210
1001322100
0013221003
0132210032
1322100323
3221003231
2210032313
2100323132
1003231320
0032313200
0323132002
3231320021
2313200210
3132002101
1320021012
3200210123
2002101232
0021012322
0210123223
2101232233
1012322333
0123223330
1232233300
2322333003
3223330032
2233300322
2333003220
3330032202
3300322021
3003220211
0032202112
0322021123
3220211231
2202112313
2021123133
0211231330
2112313303
1123133033
1231330333
2313303332
3133033323
1330333233
3303332330
3033323300
0333233002
3332330022
3323300221
3233002210
2330022102
3300221022
3002210220
0022102203
0221022031
2210220312
2102203120
1022031202
0220312020
2203120202
2031202022
0312020222
3120202220
1202022200
2020222001
0202220011
2022200111
0222001111
2220011113
2200111133
2001111332
0011113321
0111133211
1111332113
1113321130
1133211302
1332113020
3321130200
3211302003
2113020031
1130200313
1302003132
3020031322
0200313220
2003132202
0031322023
0313220231
3132202310
1322023102
3220231021
2202310211
2023102113
0231021133
2310211333
3102113333
1021133331
0211333312
2113333120
1133331203
1333312032
3333120320
3331203201
3312032011
3120320111
1203201113
2032011132
0320111320
3201113200
2011132003
0111320031
1113200313
1132003132
1320031320
3200313203
2003132031
0031320311
0313203111
3132031113
1320311131
3203111313
2031113132
0311131320
3111313200
1113132002
1131320020
1313200201
3132002010
1320020102
3200201020
2002010202
0020102021
0201020211
2010202111
0102021111
1020211110
0202111102
2021111020
0211110201
2111102011
1111020113
1110201132
1102011322
1020113221
0201132213
2011322131
0113221311
1132213113
1322131132
3221311323
2213113233
2131132333
1311323330
3113233303
1132333032
1323330320
3233303203
2333032032
3330320323
3303203232
3032032321
0320323211
3203232110
2032321102
0323211021
3232110213
2321102133
3211021331
2110213310
1102133103
1021331031
0213310311
2133103113
1331031131
3310311313
3103113131
1031131311
0311313110
3113131103
1131311033
1313110332
3131103320
1311033201
3110332013
1103320133
1033201333
0332013330
3320133301
3201333011
2013330113
0133301131
1333011310
3330113100
3301131003
3011310033
0113100333
1131003331
1310033310
3100333100
1003331002
0033310023
0333100233
3331002332
3310023321
3100233210
1002332102
0023321022
0233210222
2332102223
3321022231
3210222313
2102223132
1022231321
0222313211
2223132110
2231321100
2313211003
3132110030
1321100302
3211003023
2110030233
1100302331
1003023310
0030233103
0302331031
3023310313
0233103132
2331031320
3310313203
3103132032
1031320321
0313203213
3132032131
1320321310
3203213103
2032131030
0321310303
3213103033
2131030330
1310303301
3103033013
1030330130
0303301300
3033013003
0330130030
3301300301
3013003010
0130030100
1300301001
3003010013
0030100132
0301001323
3010013232
0100132320
1001323200
0013232003
0132320032
1323200323
3232003233
2320032332
3200323323
2003233232
0032332320
0323323200
3233232000
2332320002
3323200020
3232000200
2320002000
3200020000
2000200000
0002000000
0020000002
0200000023
2000000233
0000002333
0000023332
0000233320
0002333202
0023332021
0233320210
2333202102
3332021022
3320210222
3202102220
2021022202
0210222020
2102220200
1022202002
0222020021
2220200211
2202002110
2020021102
0200211020
2002110200
0021102002
0211020023
2110200232
1102002322
1020023223
0200232230
2002322303
0023223031
0232230313
2322303133
3223031331
2230313311
2303133110
3031331101
0313311010
3133110102
1331101020
3311010200
3110102000
1101020002
1010200021
0102000210
1020002103
0200021031
2000210310
0002103100
0021031003
0210310030
2103100300
1031003000
0310030000
3100300002
1003000020
0030000200
0300002003
3000020032
0000200323
0002003231
0020032310
0200323100
2003231003
0032310032
0323100322
3231003223
2310032232
3100322322
1003223221
0032232210
0322322103
3223221031
2232210310
2322103102
3221031022
2210310221
2103102213
1031022133
0310221332
3102213320
1022133201
0221332013
2213320131
2133201310
1332013100
3320131000
3201310000
2013100000
0131000002
1310000020
3100000200
1000002003
0000020033
0000200332
0002003320
0020033201
0200332012
2003320121
0033201213
0332012133
3320121332
3201213323
2012133232
0121332321
1213323210
2133232100
1332321000
3323210000
3232100002
2321000023
3210000233
2100002333
1000023332
0000233321
0002333211
0023332111
0233321110
2333211102
3332111020
3321110200
3211102000
2111020003
1110200030
1102000301
1020003011
0200030110
2000301101
0003011013
0030110132
0301101321
3011013212
0110132121
1101321213
1013212133
0132121333
1321213330
3212133300
2121333002
1213330023
2133300230
1333002300
3330023003
3300230031
3002300310
0023003101
0230031010
2300310103
3003101033
0031010330
0310103301
3101033013
1010330132
0103301320
1033013201
0330132012
3301320120
3013201202
0132012020
1320120201
3201202013
2012020130
0120201301
1202013013
2020130131
0201301310
2013013103
0130131032
1301310323
3013103233
0131032330
1310323303
3103233033
1032330330
0323303303
3233033032
2330330320
3303303200
3033032000
0330320000
3303200001
3032000010
0320000102
3200001020
2000010203
0000102030
0001020301
0010203011
0102030112
1020301120
0203011202
2030112023
0301120233
3011202333
0112023332
1120233323
1202333232
2023332323
0233323232
2333232323
3332323232
3323232320
3232323200
2323232001
3232320012
2323200122
3232001220
2320012201
3200122010
2001220101
0012201013
0122010132
1220101320
2201013200
2010132002
0101320023
1013200230
0132002303
1320023033
3200230333
2002303333
0023033333
0230333333
2303333332
3033333322
0333333222
3333332220
3333322200
3333222003
3332220033
3322200332
3222003321
2220033210
2200332102
2003321022
0033210220
0332102202
3321022022
3210220222
2102202220
1022022200
0220222002
2202220023
2022200232
0222002322
2220023222
2200232223
2002322230
0023222302
0232223023
2322230233
3222302330
2223023302
2230233021
2302330213
3023302130
0233021303
2330213033
3302130333
3021303333
0213033333
2130333332
1303333322
3033333222
0333332223
3333322232
3333222320
3332223201
3322232013
3222320131
2223201310
2232013102
2320131023
3201310231
2013102313
0131023130
1310231303
3102313033
1023130330
0231303301
2313033010
3130330102
1303301020
3033010200
0330102002
3301020022
3010200220
0102002200
1020022000
0200220002
2002200020
0022000203
0220002032
2200020321
2000203213
0002032132
0020321322
0203213220
2032132203
0321322032
3213220320
2132203202
1322032022
3220320222
2203202223
2032022232
0320222320
3202223203
2022232033
0222320333
2223203333
2232033332
2320333320
3203333200
2033332002
0333320023
3333200231
3332002310
3320023102
3200231020
2002310202
0023102022
0231020220
2310202202
3102022020
1020220203
0202202032
2022020323
0220203233
2202032330
2020323303
0203233031
2032330310
0323303100
3233031003
2330310032
3303100322
3031003220
0310032200
3100322002
1003220020
0032200202
0322002020
3220020201
2200202011
2002020110
0020201101
0202011011
2020110110
0201101100
2011011002
0110110022
1101100223
1011002231
0110022311
1100223110
1002231100
0022311000
0223110002
2231100021
2311000212
3110002121
1100021212
1000212121
0002121210
0021212100
0212121002
2121210020
1212100202
2121002020
1210020202
2100202023
1002020233
0020202331
0202023311
2020233110
0202331102
2023311022
0233110220
2331102201
3311022010
3110220100
1102201000
1022010000
0220100000
2201000002
2010000020
0100000203
1000002033
0000020333
0000203333
0002033331
0020333310
0203333101
2033331010
0333310102
3333101022
3331010220
3310102201
3101022013
1010220130
0102201302
1022013020
0220130200
2201302000
2013020003
0130200031
1302000313
3020003132
0200031323
2000313233
0003132332
0031323321
0313233213
3132332130
1323321303
3233213032
2332130322
3321303220
3213032201
2130322011
1303220111
3032201113
0322011133
3220111333
2201113330
2011133301
0111333010
1113330100
1133301000
1333010001
3330100010
3301000103
3010001032
0100010321
1000103211
0001032113
0010321130
0103211301
1032113010
0321130102
3211301020
2113010201
1130102011
1301020110
3010201102
0102011021
1020110213
0201102130
2011021302
0110213020
1102130202
1021302023
0213020232
2130202322
1302023220
3020232203
0202322032
2023220322
0232203223
2322032230
3220322301
2203223010
2032230102
0322301021
3223010213
2230102132
2301021323
3010213232
0102132323
1021323232
0213232322
2132323220
1323232202
3232322021
2323220213
3232202133
2322021331
3220213313
2202133132
2021331323
0213313233
2133132332
1331323323
3313233232
3132332320
1323323200
3233232002
2332320022
3323200220
3232002202
2320022021
3200220211
2002202113
0022021133
0220211331
2202113310
2021133103
0211331033
2113310330
1133103303
1331033033
3310330331
3103303310
1033033101
0330331011
3303310111
3033101113
0331011133
3310111332
3101113320
1011133201
0111332010
1113320100
1133201002
1332010022
3320100220
3201002203
2010022033
0100220331
1002203313
0022033131
0220331310
2203313101
2033131013
0331310132
3313101323
3131013230
1310132303
3101323033
1013230332
0132303323
1323033232
3230332322
2303323223
3033232231
0332322310
3323223103
3232231030
2322310301
3223103010
2231030102
2310301021
3103010211
1030102110
0301021102
3010211020
0102110201
1021102012
0211020121
2110201211
1102012113
1020121132
0201211322
2012113220
0121132201
1211322010
2113220102
1132201020
1322010202
3220102022
2201020220
2010202201
0102022013
1020220130
0202201303
2022013032
0220130322
2201303221
2013032213
0130322133
1303221333
3032213332
0322133320
3221333203
2213332032
2133320321
1333203213
3332032130
3320321303
3203213033
2032130332
0321303320
3213033202
2130332021
1303320210
3033202102
0332021021
3320210213
3202102132
2021021323
0210213232
2102132323
1021323230
0213232300
2132323000
1323230002
3232300021
2323000210
3230002101
2300021011
3000210113
0002101132
0021011323
0210113231
2101132312
1011323123
0113231232
1132312320
1323123201
3231232011
2312320111
3123201112
1232011122
2320111222
3201112220
2011122202
0111222023
1112220232
1122202322
1222023222
2220232223
2202322232
2023222323
0232223233
2322232332
3222323322
2223233220
2232332201
2323322010
3233220102
2332201021
3322010212
3220102123
2201021230
2010212302
0102123021
1021230211
0212302111
2123021113
1230211131
2302111313
3021113130
0211131301
2111313011
1113130110
1131301100
1313011001
3130110013
1301100131
3011001311
0110013110
1100131102
1001311022
0013110220
0131102202
1311022021
3110220213
1102202133
1022021332
0220213320
2202133200
2021332000
0213320001
2133200011
1332000113
3320001130
3200011301
2000113011
0001130113
0011301132
0113011320
1130113203
1301132030
3011320301
0113203010
1132030102
1320301022
3203010223
2030102231
0301022311
3010223111
0102231110
1022311102
0223111020
2231110200
2311102000
3111020002
1110200021
1102000211
1020002110
0200021100
2000211001
0002110010
0021100101
0211001013
2110010132
1100101320
