3101322011
1013220111
0132201110
1322011102
3220111020
2201110200
2011102002
0111020020
1110200200
1102002000
1020020003
0200200032
2002000322
0020003220
0200032203
2000322033
0003220333
0032203330
0322033303
3220333031
2203330313
2033303132
0333031321
3330313213
3303132132
3031321323
0313213233
3132132331
1321323310
3213233100
2132331000
1323310003
3233100033
2331000332
3310003320
3100033200
1000332002
0003320020
0033200200
0332002002
3320020023
3200200230
2002002301
0020023010
0200230100
2002301000
0023010000
0230100003
2301000032
3010000323
0100003231
1000032311
0000323113
0003231133
0032311331
0323113310
3231133103
2311331032
3113310321
1133103213
1331032130
3310321303
3103213032
1032130321
0321303210
3213032102
2130321020
1303210200
3032102000
0321020000
3210200003
2102000031
1020000311
0200003113
2000031130
0000311302
0003113020
0031130202
0311302023
3113020232
1130202323
1302023231
3020232311
0202323110
2023231100
0232311003
2323110031
3231100313
2311003132
3110031323
1100313233
1003132333
0031323332
0313233322
3132333220
1323332200
3233322001
2333220013
3332200132
3322001320
3220013203
2200132031
2001320310
0013203100
0132031000
1320310002
3203100020
2031000202
0310002021
3100020211
1000202113
0002021130
0020211303
0202113033
2021130333
0211303331
2113033311
1130333110
1303331101
3033311010
0333110100
3331101000
3311010002
3110100023
1101000232
1010002321
0100023212
1000232120
0002321201
0023212011
0232120110
2321201101
3212011010
2120110103
1201101030
2011010303
0110103033
1101030333
1010303333
0103033332
1030333321
0303333210
3033332100
0333321000
3333210003
3332100033
3321000333
3210003333
2100033332
1000333323
0003333230
0033332303
0333323032
3333230321
3332303213
3323032132
3230321320
2303213200
3032132000
0321320001
3213200013
2132000133
1320001331
3200013313
2000133133
0001331330
0013313300
0133133001
1331330011
3313300110
3133001102
1330011020
3300110200
3001102002
0011020020
0110200200
1102002000
1020020002
0200200022
2002000222
0020002221
0200022211
2000222113
0002221133
0022211331
0222113310
2221133101
2211331010
2113310100
1133101003
1331010032
3310100323
3101003231
1010032311
0100323113
1003231133
0032311333
0323113332
3231133323
2311333232
3113332323
1133323230
1333232300
3332323002
3323230020
3232300200
2323002003
3230020032
2300200320
3002003202
0020032020
0200320203
2003202030
0032020300
0320203001
3202030011
2020300110
0203001100
2030011000
0300110000
3001100002
0011000022
0110000220
1100002202
1000022021
0000220211
0002202113
0022021132
0220211321
2202113210
2021132100
0211321002
2113210022
1132100220
1321002200
3210022002
2100220023
1002200230
0022002301
0220023010
2200230100
2002301002
0023010022
0230100223
2301002233
3010022333
0100223332
1002233322
0022333223
0223332231
2233322310
2333223100
3332231001
3322310013
3223100133
2231001332
2310013323
3100133233
1001332332
0013323320
0133233200
1332332002
3323320020
3233200202
2332002021
3320020213
3200202132
2002021321
0020213213
0202132132
2021321320
0213213200
2132132000
1321320000
3213200003
2132000032
1320000320
3200003201
2000032013
0000320132
0003201320
0032013203
0320132032
3201320321
2013203213
0132032133
1320321333
3203213333
2032133332
0321333320
3213333202
2133332021
1333320213
3333202133
3332021332
3320213320
3202133201
2021332010
0213320101
2133201010
1332010102
3320101022
3201010220
2010102200
0101022003
1010220032
0102200321
1022003210
0220032102
2200321023
2003210233
0032102331
0321023312
3210233121
2102331210
1023312100
0233121000
2331210001
3312100010
3121000102
1210001023
2100010233
1000102330
0001023301
0010233010
0102330102
1023301023
0233010233
2330102333
3301023333
3010233333
0102333331
1023333310
0233333100
2333331000
3333310000
3333100000
3331000003
3310000032
3100000320
1000003200
0000032000
0000320000
0003200000
0032000003
0320000033
3200000331
2000003313
0000033133
0000331331
0003313313
0033133132
0331331320
3313313200
3133132001
1331320011
3313200113
3132001133
1320011333
3200113332
2001133320
0011333200
0113332003
1133320032
1333200320
3332003202
3320032022
3200320220
2003202202
0032022020
0320220201
3202202013
2022020133
0220201331
2202013313
2020133130
0201331303
2013313031
0133130310
1331303103
3313031031
3130310311
1303103110
3031031102
0310311020
3103110202
1031102023
0311020232
3110202323
1102023230
1020232302
0202323022
2023230221
0232302213
2323022130
3230221301
2302213011
3022130112
0221301120
2213011202
2130112020
1301120201
3011202011
0112020112
1120201123
1202011232
2020112323
0201123231
2011232310
0112323100
1123231000
1232310000
2323100002
3231000020
2310000201
3100002013
1000020133
0000201331
0002013312
0020133120
0201331201
2013312010
0133120102
1331201020
3312010201
3120102013
1201020132
2010201320
0102013200
1020132003
0201320031
2013200313
0132003132
1320031322
3200313220
2003132200
0031322000
0313220003
3132200032
1322000321
3220003211
2200032110
2000321101
0003211011
0032110113
0321101133
3211011332
2110113320
1101133200
1011332002
0113320022
1133200220
1332002201
3320022010
3200220102
2002201023
0022010231
0220102313
2201023131
2010231310
0102313102
1023131023
0231310232
2313102323
3131023231
1310232311
3102323110
1023231102
0232311021
2323110213
3231102132
2311021323
3110213231
1102132313
1021323130
0213231300
2132313001
1323130011
3231300113
2313001133
3130011332
1300113322
3001133220
0011332200
0113322003
1133220033
1332200332
3322003323
3220033232
2200332320
2003323202
0033232020
0332320203
3323202031
3232020310
2320203100
3202031003
2020310032
0203100320
2031003200
0310032002
3100320020
1003200200
0032002000
0320020000
3200200001
2002000013
0020000131
0200001310
2000013102
0000131021
0001310210
0013102102
0131021020
1310210201
3102102010
1021020101
0210201010
2102010102
1020101021
0201010211
2010102113
0101021131
1010211312
0102113120
1021131200
0211312000
2113120003
1131200030
1312000300
3120003000
1200030003
2000300031
0003000313
0030003132
0300031323
3000313232
0003132323
0031323230
0313232301
3132323010
1323230103
3232301033
2323010332
3230103320
2301033202
3010332023
0103320233
1033202330
0332023302
3320233020
3202330202
2023302023
0233020231
2330202313
3302023132
3020231320
0202313203
2023132033
0231320331
2313203313
3132033133
1320331331
3203313313
2033133132
0331331320
3313313200
3133132002
1331320020
3313200202
3132002020
1320020201
3200202010
2002020102
0020201023
0202010233
2020102330
0201023300
2010233002
0102330020
1023300202
0233002022
2330020221
3300202211
3002022110
0020221102
0202211020
2022110203
0221102032
2211020320
2110203203
1102032033
1020320332
0203203321
2032033210
0320332102
3203321023
2033210232
0332102323
3321023232
3210232320
2102323202
1023232020
0232320202
2323202020
3232020201
2320202011
3202020110
2020201102
0202011022
2020110220
0201102200
2011022003
0110220033
1102200332
1022003323
0220033233
2200332330
2003323301
0033233010
0332330100
3323301000
3233010003
2330100032
3301000320
3010003201
0100032011
1000320111
0003201111
0032011113
0320111131
3201111312
2011113122
0111131222
1111312220
1113122200
1131222002
1312220021
3122200211
1222002112
2220021122
2200211220
2002112202
0021122020
0211220203
2112202032
1122020320
1220203200
2202032002
2020320021
0203200211
2032002110
0320021102
3200211023
2002110233
0021102333
0211023332
2110233322
1102333220
1023332203
0233322033
2333220331
3332203313
3322033132
3220331321
2203313210
2033132102
0331321020
3313210200
3132102000
1321020000
3210200002
2102000022
1020000220
0200002203
2000022032
0000220321
0002203213
0022032133
0220321332
2203213323
2032133232
0321332320
3213323202
2133232023
1332320233
3323202333
3232023333
2320233331
3202333313
2023333132
0233331320
2333313202
3333132022
3331320220
3313202201
3132022012
1320220123
3202201230
2022012300
0220123001
2201230010
2012300102
0123001020
1230010203
2300102030
3001020303
0010203033
0102030332
1020303320
0203033200
2030332001
0303320010
3033200102
0332001021
3320010210
3200102103
2001021031
0010210310
0102103100
1021031003
0210310032
2103100321
1031003210
0310032102
3100321023
1003210230
0032102300
0321023003
3210230030
2102300300
1023003000
0230030002
2300300020
3003000203
0030002033
0300020333
3000203332
0002033320
0020333200
0203332001
2033320011
0333200111
3332001111
3320011110
3200111103
2001111033
0011110332
0111103320
1111033202
1110332020
1103320200
1033202003
0332020031
3320200310
3202003103
2020031032
0200310321
2003103210
0031032100
0310321001
3103210013
1032100132
0321001320
3210013200
2100132000
1001320002
0013200022
0132000221
1320002210
3200022103
2000221031
0002210311
0022103110
0221031102
2210311020
2103110200
1031102000
0311020000
3110200000
1102000003
1020000032
0200000323
2000003231
0000032310
0000323102
0003231022
0032310222
0323102223
3231022230
2310222303
3102223033
1022230333
0222303331
2223033313
2230333132
2303331323
3033313233
0333132333
3331323331
3313233310
3132333100
1323331000
3233310001
2333100013
3331000133
3310001330
3100013301
1000133010
0001330103
0013301032
0133010323
1330103232
3301032322
3010323220
0103232202
1032322021
0323220211
3232202110
2322021103
3220211032
2202110323
2021103232
0211032322
2110323221
1103232210
1032322101
0323221012
3232210122
2322101220
3221012203
2210122030
2101220303
1012203033
0122030331
1220303310
2203033103
2030331032
0303310321
3033103211
0331032110
3310321102
3103211021
1032110213
0321102131
3211021310
2110213103
1102131033
1021310330
0213103301
2131033010
1310330102
3103301021
1033010210
0330102102
3301021022
3010210220
0102102202
1021022020
0210220200
2102202001
1022020010
0220200102
2202001021
2020010210
0200102102
2001021023
0010210233
0102102333
1021023330
0210233303
2102333033
1023330330
0233303301
2333033013
3330330131
3303301312
3033013121
0330131213
3301312132
3013121320
0131213200
1312132002
3121320020
1213200201
2132002010
1320020102
3200201020
2002010200
0020102003
0201020032
2010200320
0102003200
1020032003
0200320032
2003200323
0032003230
0320032302
3200323020
2003230200
0032302000
0323020000
3230200002
2302000022
3020000221
0200002213
2000022132
0000221320
0002213200
0022132003
0221320033
2213200331
2132003313
1320033132
3200331323
2003313230
0033132300
0331323003
3313230030
3132300300
1323003000
3230030002
2300300022
3003000221
0030002210
0300022100
3000221000
0002210001
0022100010
0221000102
2210001023
2100010231
1000102313
0001023132
0010231322
0102313221
1023132213
0231322133
2313221330
3132213302
1322133021
3221330210
2213302100
2133021002
1330210022
3302100220
3021002202
0210022021
2100220211
1002202110
0022021100
0220211001
2202110010
2021100102
0211001020
2110010200
1100102001
1001020010
0010200102
0102001020
1020010203
0200102032
2001020322
0010203222
0102032221
1020322213
0203222132
2032221320
0322213202
3222132020
2221320202
2213202023
2132020230
1320202300
3202023000
2020230002
0202300020
2023000200
0230002000
2300020001
3000200010
0002000103
0020001032
0200010323
2000103230
0001032300
0010323003
0103230032
1032300320
0323003203
3230032030
2300320302
3003203022
0032030221
0320302210
3203022102
2030221020
0302210203
3022102033
0221020331
2210203311
2102033111
1020331110
0203311102
2033111021
0331110210
3311102101
3111021013
1110210132
1102101320
1021013202
0210132022
2101320220
1013202200
0132022000
1320220000
3202200002
2022000022
0220000223
2200002230
2000022302
0000223020
0002230203
0022302031
0223020313
2230203132
2302031322
3020313220
0203132203
2031322032
0313220321
3132203213
1322032132
3220321320
2203213202
2032132023
0321320231
3213202311
2132023111
1320231113
3202311131
2023111313
0231113131
2311131313
3111313130
1113131302
1131313022
1313130220
3131302202
1313022022
3130220220
1302202200
3022022002
0220220020
2202200200
2022002000
0220020003
2200200032
2002000322
0020003220
0200032200
2000322003
0003220030
0032200300
0322003003
3220030031
2200300310
2003003102
0030031022
0300310220
3003102200
0031022000
0310220002
3102200023
1022000231
0220002313
2200023132
2000231323
0002313232
0023132321
0231323211
2313232111
3132321113
1323211132
3232111320
2321113202
3211132020
2111320200
1113202003
1132020031
1320200311
3202003113
2020031130
0200311302
2003113020
0031130202
0311302021
3113020213
1130202130
1302021301
3020213011
0202130111
2021301110
0213011100
2130111002
1301110020
3011100203
0111002032
1110020323
1100203231
1002032311
0020323111
0203231113
2032311133
0323111332
3231113322
2311133220
3111332203
1113322030
1133220300
1332203001
3322030010
3220300101
2203001013
2030010130
0300101300
3001013000
0010130001
0101300010
1013000102
0130001021
1300010210
3000102102
0001021021
0010210210
0102102103
1021021033
0210210331
2102103310
1021033102
0210331020
2103310200
1033102000
0331020002
3310200023
3102000233
1020002330
0200023300
2000233001
0002330012
0023300120
0233001202
2330012023
3300120232
3001202322
0012023223
0120232233
1202322331
2023223313
0232233131
2322331311
3223313110
2233131100
2331311002
3313110020
3131100201
1311002011
3110020112
1100201122
1002011223
0020112232
0201122322
2011223220
0112232200
1122322001
1223220012
2232200123
2322001233
3220012330
2200123300
2001233001
0012330013
0123300131
1233001311
2330013113
3300131132
3001311320
0013113201
0131132012
1311320122
3113201221
1132012210
1320122101
3201221013
2012210132
0122101321
1221013213
2210132132
2101321320
1013213201
0132132010
1321320102
3213201022
2132010220
1320102202
3201022022
2010220221
0102202210
1022022102
0220221022
2202210220
2022102202
0221022022
2210220221
2102202210
1022022100
0220221000
2202210003
2022100032
0221000321
2210003213
2100032132
1000321320
0003213200
0032132002
0321320021
3213200210
2132002102
1320021021
3200210213
2002102132
0021021321
0210213213
2102132132
1021321323
0213213232
2132132323
1321323233
3213232330
2132323302
1323233020
3232330200
2323302002
3233020023
2330200233
3302002333
3020023331
0200233310
2002333100
0023331000
0233310003
2333100032
3331000320
3310003200
3100032002
1000320020
0003200200
0032002002
0320020020
3200200203
2002002032
0020020322
0200203220
2002032203
0020322032
0203220323
2032203233
0322032331
3220323311
2203233110
2032331102
0323311023
3233110231
2331102311
3311023113
3110231133
1102311333
1023113330
0231133300
2311333000
3113330002
1133300022
1333000220
3330002200
3300022000
3000220003
0002200030
0022000302
0220003020
2200030201
2000302013
0003020131
0030201312
0302013122
3020131223
0201312232
2013122322
0131223221
1312232211
3122322113
1223221131
2232211313
2322113132
3221131320
2211313203
2113132031
1131320311
1313203111
3132031111
1320311110
3203111103
2031111030
0311110300
3111103003
1111030032
1110300321
1103003213
1030032133
0300321333
3003213330
0032133300
0321333003
3213330032
2133300323
1333003232
3330032323
3300323230
3003232300
0032323002
0323230020
3232300202
2323002023
3230020232
2300202320
3002023200
0020232000
0202320002
2023200020
0232000202
2320002020
3200020201
2000202013
0002020133
0020201331
0202013313
2020133131
0201331311
2013313110
0133131100
1331311000
3313110001
3131100011
1311000110
3110001102
1100011023
1000110230
0001102302
0011023020
0110230202
1102302020
1023020200
0230202003
2302020032
3020200320
0202003203
2020032030
0200320303
2003203031
0032030310
0320303100
3203031000
2030310002
0303100020
3031000203
0310002030
3100020300
1000203000
0002030000
0020300003
0203000030
2030000303
0300003033
3000030333
0000303332
0003033322
0030333222
0303332220
3033322200
0333222002
3332220020
3322200201
3222002010
2220020103
2200201030
2002010303
0020103031
0201030310
2010303102
0103031020
1030310202
0303102020
3031020200
0310202000
3102020002
1020200022
0202000222
2020002220
0200022200
2000222002
0002220021
0022200211
0222002113
2220021131
2200211311
2002113111
0021131113
0211311131
2113111310
1131113101
1311131013
3111310133
1113101332
1131013320
1310133200
3101332001
1013320011
0133200112
1332001123
3320011232
3200112323
2001123230
0011232300
0112323001
1123230013
1232300132
2323001320
3230013200
2300132001
3001320013
0013200133
0132001331
1320013313
3200133130
2001331302
0013313022
0133130221
1331302210
3313022101
3130221010
1302210103
3022101030
0221010303
2210103030
2101030301
1010303013
0103030130
1030301301
0303013010
3030130102
0301301020
3013010200
0130102001
1301020011
3010200110
0102001101
1020011010
0200110102
2001101020
0011010203
0110102030
1101020302
1010203021
0102030210
1020302101
0203021010
2030210100
0302101002
3021010021
0210100210
2101002100
1010021000
0100210001
1002100011
0021000111
0210001111
2100011113
1000111133
0001111331
0011113310
0111133101
1111331010
1113310100
1133101000
1331010003
3310100030
3101000300
1010003000
0100030003
1000300033
0003000330
0030003300
0300033000
3000330000
0003300001
0033000012
0330000123
3300001230
3000012300
0000123000
0001230000
0012300002
0123000022
1230000220
2300002202
3000022020
0000220200
0002202001
0022020013
0220200130
2202001301
2020013010
0200130103
2001301032
0013010321
0130103211
1301032113
3010321133
0103211331
1032113310
0321133102
3211331021
2113310211
1133102113
1331021132
3310211320
3102113202
1021132022
0211320220
2113202203
1132022033
1320220333
3202203333
2022033330
0220333303
2203333031
2033330310
0333303100
3333031002
3330310020
3303100200
3031002000
0310020002
3100200021
1002000210
0020002102
0200021020
2000210203
0002102033
0021020333
0210203330
2102033300
1020333001
0203330010
2033300102
0333001023
3330010233
3300102330
3001023303
0010233033
0102330331
1023303311
0233033110
2330331100
3303311000
3033110002
0331100020
3311000201
3110002013
1100020131
1000201311
0002013113
0020131132
0201311320
2013113200
0131132000
1311320000
3113200003
1132000030
1320000301
3200003010
2000030100
0000301000
0003010003
0030100031
0301000310
3010003102
0100031022
1000310222
0003102220
0031022200
0310222001
3102220013
1022200132
0222001320
2220013201
2200132011
2001320110
0013201100
0132011000
1320110003
3201100032
2011000322
0110003220
1100032202
1000322021
0003220211
0032202112
0322021120
3220211200
2202112003
2021120032
0211200322
2112003221
1120032211
1200322110
2003221100
0032211002
0322110023
3221100232
2211002322
2110023223
1100232232
1002322322
0023223222
0232232223
2322322230
3223222303
2232223033
2322230330
3222303301
2223033011
2230330110
2303301102
3033011023
0330110230
3301102300
3011023003
0110230032
1102300322
1023003223
0230032231
2300322310
3003223103
0032231032
0322310320
3223103202
2231032020
2310320200
3103202001
1032020012
0320200120
3202001202
2020012020
0200120201
2001202010
0012020100
0120201000
1202010000
2020100002
0201000022
2010000221
0100002210
1000022102
0000221023
0002210230
0022102300
0221023003
2210230031
2102300313
1023003133
0230031331
2300313310
3003133102
0031331020
0313310200
3133102000
1331020002
3310200020
3102000202
1020002020
0200020202
2000202020
0002020200
0020202000
0202020003
2020200032
0202000321
2020003213
0200032130
2000321300
0003213003
0032130031
0321300311
3213003110
2130031102
1300311023
3003110230
0031102301
0311023012
3110230120
1102301203
1023012031
0230120310
2301203101
3012031011
0120310112
1203101122
2031011222
0310112220
3101122200
1011222000
0112220000
1122200002
1222000020
2220000202
2200002023
2000020231
0000202313
0002023132
0020231323
0202313233
2023132333
0231323333
2313233331
3132333310
1323333101
3233331010
2333310100
3333101001
3331010013
3310100130
3101001300
1010013000
0100130002
1001300021
0013000211
0130002110
1300021100
3000211000
0002110002
0021100021
0211000213
2110002130
1100021301
1000213010
0002130100
0021301002
0213010021
2130100210
1301002100
3010021001
0100210010
1002100102
0021001023
0210010232
2100102323
1001023230
0010232300
0102323002
1023230023
0232300232
2323002320
3230023203
2300232033
3002320333
0023203332
0232033322
2320333220
3203332202
2033322020
0333220203
3332202030
3322020302
3220203020
2202030200
2020302003
0203020033
2030200330
0302003300
3020033000
0200330001
2003300012
0033000123
0330001231
3300012311
3000123112
0001231121
0012311212
0123112120
1231121203
2311212033
3112120331
1121203310
1212033100
2120331000
1203310000
2033100002
0331000021
3310000213
3100002131
1000021311
0000213112
0002131120
0021311200
0213112002
2131120020
1311200200
3112002000
1120020000
1200200000
2002000003
0020000030
0200000302
2000003022
0000030221
0000302213
0003022132
0030221320
0302213202
3022132022
0221320220
2213202202
2132022022
1320220220
3202202200
2022022000
0220220003
2202200031
2022000313
0220003133
2200031331
2000313311
0003133110
0031331101
0313311011
3133110110
1331101100
3311011000
3110110003
1101100032
1011000323
0110003232
1100032323
1000323233
0003232331
0032323313
0323233133
3232331332
2323313321
3233133210
2331332101
3313321013
3133210133
1332101332
3321013320
3210133200
2101332001
1013320011
0133200110
1332001102
3320011023
3200110231
2001102310
0011023102
0110231023
1102310232
1023102322
0231023222
2310232220
3102322200
1023222003
0232220031
2322200311
3222003111
2220031110
2200311102
2003111021
0031110211
0311102111
3111021110
1110211101
1102111011
1021110113
0211101132
2111011321
1110113213
1101132133
1011321332
0113213323
1132133230
1321332301
3213323011
2133230112
1332301120
3323011200
3230112003
2301120033
3011200333
0112003331
1120033310
1200333100
2003331000
0033310003
0333100033
3331000332
3310003320
3100033203
1000332030
0003320302
0033203023
0332030233
3320302332
3203023323
2030233230
0302332302
3023323021
0233230210
2332302102
3323021021
3230210210
2302102102
3021021023
0210210232
2102102320
1021023200
0210232002
2102320020
1023200200
0232002000
2320020001
3200200010
2002000100
0020001000
0200010002
2000100020
0001000200
0010002000
0100020000
1000200000
0002000001
0020000010
0200000102
2000001023
0000010233
0000102331
0001023311
0010233110
0102331100
1023311001
0233110011
2331100110
3311001100
3110011000
1100110000
1001100002
0011000021
0110000211
1100002110
1000021102
0000211023
0002110231
0021102310
0211023102
2110231022
1102310221
1023102210
0231022103
2310221030
3102210303
1022103033
0221030330
2210303302
2103033020
1030330200
0303302000
3033020002
0330200021
3302000211
3020002113
0200021131
2000211310
0002113100
0021131001
0211310013
2113100131
1131001310
1310013101
3100131010
1001310102
0013101023
0131010232
1310102322
3101023220
1010232201
0102322010
1023220101
0232201010
2322010102
3220101020
2201010200
2010102001
0101020011
1010200113
0102001132
1020011321
0200113210
2001132102
0011321021
0113210210
1132102102
1321021020
3210210203
2102102032
1021020321
0210203211
2102032110
1020321100
0203211002
2032110020
0321100200
3211002002
2110020020
1100200200
1002002003
0020020030
0200200300
2002003001
0020030012
0200300120
2003001202
0030012021
0300120211
3001202110
0012021100
0120211000
1202110003
2021100032
0211000320
2110003200
1100032001
1000320010
0003200100
0032001000
0320010003
3200100030
2001000300
0010003000
0100030002
1000300020
0003000200
0030002002
0300020020
3000200202
0002002020
0020020200
0200202002
2002020022
0020200222
0202002221
2020022211
0200222110
2002221102
0022211023
0222110232
2221102320
2211023203
2110232032
1102320321
1023203213
0232032133
2320321333
3203213331
2032133311
0321333111
3213331110
2133311102
1333111020
3331110200
3311102002
3111020020
1110200202
1102002020
1020020200
0200202000
2002020003
0020200033
0202000330
2020003300
0200033001
2000330010
0003300100
0033001000
0330010001
3300100010
3001000103
0010001030
0100010301
1000103011
0001030113
0010301132
0103011322
1030113223
0301132233
3011322333
0113223330
1132233303
1322333033
3223330330
2233303300
2333033000
3330330003
3303300030
3033000300
0330003001
3300030013
3000300132
0003001323
0030013231
0300132311
3001323110
0013231101
0132311012
1323110123
3231101233
2311012331
3110123313
1101233130
1012331300
0123313003
1233130032
2331300320
3313003200
3130032001
1300320011
3003200113
0032001131
0320011310
3200113100
2001131002
0011310022
0113100222
1131002221
1310022211
3100222113
1002221132
0022211323
0222113231
2221132310
2211323102
2113231023
1132310231
1323102311
3231023113
2310231130
3102311302
1023113021
0231130211
2311302111
3113021113
1130211131
1302111310
3021113102
0211131020
2111310202
1113102020
1131020200
1310202000
3102020000
1020200002
0202000020
2020000200
0200002002
2000020023
0000200230
0002002302
0020023020
0200230202
2002302020
0023020200
0230202000
2302020001
3020200013
0202000133
2020001332
0200013320
2000133200
0001332001
0013320013
0133200130
1332001300
3320013002
3200130021
2001300211
0013002110
0130021100
1300211000
3002110002
0021100022
0211000223
2110002231
1100022313
1000223132
0002231320
0022313201
0223132010
2231320102
2313201023
3132010230
1320102301
3201023011
2010230110
0102301100
1023011000
0230110002
2301100020
3011000201
0110002011
1100020113
1000201132
0002011320
0020113200
0201132002
2011320022
0113200221
1132002213
1320022131
3200221313
2002213132
0022131322
0221313223
2213132232
2131322321
1313223213
3132232132
1322321322
3223213220
2232132203
2321322032
3213220322
2132203220
1322032202
3220322020
2203220202
2032202021
0322020210
3220202100
2202021002
2020210022
0202100223
2021002233
0210022333
2100223332
1002233321
0022333211
0223332111
2233321110
2333211101
3332111011
3321110112
3211101120
2111011202
1110112020
1101120202
1011202020
0112020203
1120202031
1202020313
2020203132
0202031320
2020313202
0203132022
2031320220
0313202202
3132022020
1320220202
3202202021
2022020210
0220202101
2202021011
2020210110
0202101102
2021011023
0210110232
2101102323
1011023232
0110232323
1102323231
1023232310
0232323103
2323231033
3232310332
2323103322
3231033223
2310332231
3103322311
1033223111
0332231113
3322311132
3223111320
2231113201
2311132010
3111320101
1113201013
1132010132
1320101320
3201013201
2010132012
0101320120
1013201203
0132012032
1320120320
3201203201
2012032010
0120320103
1203201030
2032010301
0320103010
3201030102
2010301020
0103010200
1030102001
0301020010
3010200102
0102001023
1020010232
0200102323
2001023232
0010232323
0102323231
1023232310
0232323103
2323231033
3232310330
2323103301
3231033013
2310330132
3103301322
1033013220
0330132200
3301322002
3013220021
0132200213
1322002130
3220021300
2200213001
2002130010
0021300101
0213001013
2130010132
1300101321
3001013211
0010132110
0101321102
1013211020
0132110203
1321102033
3211020333
2110203332
1102033321
1020333210
0203332100
2033321000
0333210000
3332100000
3321000001
3210000010
2100000102
1000001022
0000010220
0000102202
0001022021
0010220210
0102202100
1022021002
0220210023
2202100231
2021002310
0210023102
2100231023
1002310232
0023102323
0231023230
2310232303
3102323032
1023230322
0232303221
2323032213
3230322131
2303221310
3032213102
0322131023
3221310233
2213102333
2131023332
1310233323
3102333230
1023332302
0233323021
2333230210
3332302100
3323021002
3230210023
2302100232
3021002320
0210023200
2100232000
1002320000
0023200001
0232000011
2320000111
3200001111
2000011110
0000111100
0001111002
0011110022
0111100220
1111002200
1110022001
1100220013
1002200132
0022001322
0220013223
2200132231
2001322311
0013223110
0132231101
1322311012
3223110122
2231101223
2311012233
3110122331
1101223313
1012233130
0122331300
1223313000
2233130002
2331300020
3313000203
3130002032
1300020321
3000203213
0002032132
0020321322
0203213220
2032132200
0321322002
3213220021
2132200212
1322002122
3220021221
2200212210
2002122101
0021221011
0212210112
2122101120
1221011202
2210112023
2101120232
1011202321
0112023213
1120232133
1202321331
2023213310
0232133102
2321331022
3213310221
2133102210
1331022103
3310221031
3102210311
1022103110
0221031101
2210311013
2103110132
1031101320
0311013202
3110132020
1101320201
1013202010
0132020101
1320201012
3202010122
2020101220
0201012201
2010122013
0101220133
1012201330
0122013302
1220133021
2201330211
2013302110
0133021101
1330211010
3302110103
3021101033
0211010331
2110103310
1101033102
1010331022
0103310220
1033102202
0331022020
3310220201
3102202010
1022020102
0220201020
2202010200
2020102000
0201020003
2010200032
0102000322
1020003220
0200032200
2000322002
0003220020
0032200202
0322002020
3220020202
2200202023
2002020232
0020202320
0202023200
2020232001
0202320013
2023200133
0232001332
2320013320
3200133203
2001332030
0013320301
0133203013
1332030131
3320301310
3203013102
2030131023
0301310230
3013102303
0131023033
1310230333
3102303330
1023033301
0230333010
2303330102
3033301020
0333010200
3330102003
3301020030
3010200301
0102003010
1020030103
0200301033
2003010333
0030103331
0301033310
3010333100
0103331002
1033310023
0333100233
3331002331
3310023311
3100233110
1002331100
0023311000
0233110002
2331100021
3311000212
3110002123
1100021231
1000212310
0002123102
0021231023
0212310231
2123102310
1231023103
2310231033
3102310333
1023103330
0231033301
2310333013
3103330133
1033301333
0333013330
3330133303
3301333033
3013330333
0133303333
1333033331
3330333311
3303333110
3033331100
0333311000
3333110001
3331100011
3311000110
3110001100
1100011002
1000110020
0001100202
0011002020
0110020203
1100202031
1002020311
0020203111
0202031111
2020311110
0203111100
2031111000
0311110000
3111100002
1111000022
1110000220
1100002202
1000022023
0000220232
0002202323
0022023232
0220232323
2202323230
2023232300
0232323001
2323230010
3232300102
2323001021
3230010211
2300102113
3001021132
0010211323
0102113232
1021132321
0211323213
2113232133
1132321331
1323213311
3232133113
2321331131
3213311311
2133113112
1331131123
3311311232
3113112323
1131123231
1311232311
3112323113
1123231133
1232311330
2323113300
3231133002
2311330022
3113300222
1133002220
1330022200
3300222002
3002220023
0022200232
0222002320
2220023202
2200232023
2002320232
0023202321
0232023210
2320232100
3202321000
2023210000
0232100002
2321000023
3210000232
2100002320
1000023201
0000232013
0002320133
0023201331
0232013313
2320133132
3201331320
2013313200
0133132002
1331320022
3313200223
3132002232
1320022320
3200223200
2002232001
0022320010
0223200100
2232001000
2320010000
3200100000
2001000002
0010000020
0100000200
1000002002
0000020020
0000200200
0002002000
0020020000
0200200003
2002000031
0020000312
0200003122
2000031222
0000312222
0003122220
0031222201
0312222010
3122220103
1222201032
2222010320
2220103200
2201032002
2010320020
0103200202
1032002023
0320020231
3200202313
2002023132
0020231320
0202313200
2023132000
0231320003
2313200031
3132000310
1320003102
3200031023
2000310233
0003102332
0031023323
0310233232
3102332322
1023323220
0233232201
2332322010
3323220102
3232201022
2322010221
3220102210
2201022102
2010221023
0102210232
1022102320
0221023201
2210232013
2102320132
1023201321
0232013211
2320132110
3201321101
2013211010
0132110102
1321101023
3211010232
2110102320
1101023202
1010232021
0102320212
1023202123
0232021230
2320212301
3202123011
2021230113
0212301131
2123011313
1230113132
2301131321
3011313213
0113132133
1131321331
1313213310
3132133103
1321331031
3213310310
2133103102
1331031022
3310310220
3103102200
1031022002
0310220022
3102200223
1022002230
0220022300
2200223002
2002230021
0022300211
0223002111
2230021112
2300211122
3002111221
0021112210
0211122101
2111221011
1112210112
1122101120
1221011203
2210112031
2101120311
1011203110
0112031102
1120311023
1203110232
2031102323
0311023232
3110232323
1102323232
1023232321
0232323213
2323232132
3232321322
2323213220
3232132202
2321322023
3213220232
2132202323
1322023231
3220232311
2202323110
2023231102
0232311022
2323110221
3231102213
2311022133
3110221333
1102213332
1022133323
0221333231
2213332311
2133323110
1333231103
3332311031
3323110310
3231103103
2311031031
3110310313
1103103131
1031031312
0310313122
3103131223
1031312230
0313122301
3131223010
1312230102
3122301020
1223010200
2230102002
2301020021
3010200210
0102002100
1020021003
0200210032
2002100320
0021003202
0210032020
2100320200
1003202001
0032020012
0320200120
3202001203
2020012031
0200120313
2001203131
0012031310
0120313102
1203131021
2031310210
0313102101
3131021013
1310210132
3102101321
1021013212
0210132122
2101321222
1013212223
0132122232
1321222320
3212223201
2122232011
1222320111
2223201111
2232011110
2320111102
3201111020
2011110200
0111102003
1111020033
1110200331
1102003311
1020033110
0200331101
2003311010
0033110100
0331101000
3311010000
3110100001
1101000013
1010000131
0100001310
1000013101
0000131012
0001310123
0013101231
0131012313
1310123133
3101231331
1012313310
0123133100
1231331001
2313310010
3133100102
1331001023
3310010231
3100102310
1001023102
0010231023
0102310233
1023102333
0231023331
2310233313
3102333131
1023331311
0233313111
2333131112
3331311123
3313111231
3131112310
1311123101
3111231012
1112310121
1123101211
1231012111
2310121113
3101211131
1012111313
0121113130
1211131303
2111313032
1113130320
1131303200
1313032002
3130320020
1303200201
3032002013
0320020132
3200201320
2002013201
0020132011
0201320110
2013201103
0132011030
1320110302
3201103022
2011030220
0110302200
1103022000
1030220000
0302200001
3022000013
0220000131
2200001313
2000013132
0000131323
0001313231
0013132310
0131323102
1313231020
3132310202
1323102022
3231020222
2310202220
3102022201
1020222010
0202220100
2022201003
0222010033
2220100333
2201003332
2010033320
0100333202
1003332020
0033320200
0333202000
3332020001
3320200010
3202000103
2020001030
0200010301
2000103010
0001030103
0010301033
0103010332
1030103323
0301033231
3010332310
0103323100
1033231001
0332310013
3323100132
3231001320
2310013200
3100132000
1001320000
0013200002
0132000022
1320000221
3200002211
2000022110
0000221103
0002211032
0022110322
0221103222
2211032220
2110322200
1103222000
1032220003
0322200032
3222000320
2220003202
2200032020
2000320201
0003202012
0032020122
0320201223
3202012233
2020122332
0201223323
2012233233
0122332331
1223323310
2233233100
2332331000
3323310002
3233100023
2331000230
3310002300
3100023001
1000230010
0002300103
0023001030
0230010301
2300103010
3001030101
0010301010
0103010101
1030101010
0301010100
3010101003
0101010033
1010100332
0101003322
1010033221
0100332211
1003322110
0033221100
0332211000
3322110002
3221100021
2211000210
2110002100
1100021001
1000210010
0002100102
0021001022
0210010220
2100102200
1001022000
0010220000
0102200002
1022000023
0220000232
2200002321
2000023213
0000232133
0002321332
0023213323
0232133231
2321332311
3213323110
2133231102
1332311020
3323110200
3231102002
2311020021
3110200211
1102002110
1020021102
0200211021
2002110213
0021102131
0211021312
2110213122
1102131222
1021312221
0213122210
2131222102
1312221023
3122210230
1222102303
2221023033
2210230330
2102303300
1023033003
0230330032
2303300320
3033003200
0330032002
3300320023
3003200230
0032002303
0320023032
3200230323
2002303233
0023032331
0230323311
2303233110
3032331102
0323311023
3233110232
2331102322
3311023221
3110232212
1102322120
1023221200
0232212000
2322120000
3221200001
2212000013
2120000133
1200001331
2000013311
0000133110
0001331100
0013311002
0133110022
1331100220
3311002201
3110022010
1100220101
1002201011
0022010113
0220101130
2201011302
2010113022
0101130221
1011302210
0113022102
1130221020
1302210200
3022102002
0221020021
2210200212
2102002122
1020021220
0200212202
2002122022
0021220222
0212202220
2122022201
1220222013
2202220130
2022201300
0222013002
2220130023
2201300233
2013002330
0130023300
1300233000
3002330001
0023300010
0233000101
2330001013
3300010132
3000101323
0001013232
0010132321
0101323213
1013232133
0132321331
1323213311
3232133111
2321331113
3213311133
2133111330
1331113302
3311133022
3111330223
1113302231
1133022313
1330223133
3302231330
3022313303
0223133032
2231330321
2313303210
3133032100
1330321003
3303210031
3032100313
0321003132
3210031322
2100313220
1003132200
0031322003
0313220031
3132200313
1322003132
3220031323
2200313230
2003132300
0031323002
0313230021
3132300210
1323002100
3230021002
2300210022
3002100223
0021002233
0210022333
2100223333
1002233331
0022333311
0223333113
2233331132
2333311323
3333113232
3331132320
3311323202
3113232023
1132320232
1323202320
3232023202
2320232023
3202320230
2023202303
0232023030
2320230300
3202303000
2023030000
0230300000
2303000003
3030000031
0300000313
3000003133
0000031331
0000313310
0003133100
0031331000
0313310003
3133100031
1331000310
3310003100
3100031000
1000310000
0003100000
0031000002
0310000021
3100000210
1000002102
0000021022
0000210220
0002102200
0021022002
0210220022
2102200223
1022002230
0220022300
2200223002
2002230020
0022300201
0223002013
2230020132
2300201323
3002013232
0020132322
0201323222
2013232223
0132322232
1323222321
3232223210
2322232102
3222321020
2223210201
2232102013
2321020133
3210201331
2102013313
1020133131
0201331313
2013313131
0133131311
1331313112
3313131123
3131311232
1313112323
3131123231
1311232313
3112323132
1123231323
1232313233
2323132331
3231323313
2313233131
3132331310
1323313102
3233131020
2331310203
3313102030
3131020300
1310203002
3102030021
1020300213
0203002131
2030021312
0300213120
3002131200
0021312001
0213120010
2131200100
1312001001
3120010011
1200100113
2001001130
0010011303
0100113032
1001130322
0011303222
0113032222
1130322220
1303222202
3032222023
0322220232
3222202322
2222023223
2220232230
2202322300
2023223003
0232230032
2322300322
3223003223
2230032233
2300322333
3003223333
0032233331
0322333310
3223333102
2233331022
2333310223
3333102233
3331022333
3310223332
3102233323
1022333233
0223332331
2233323313
2333233132
3332331320
3323313202
3233132020
2331320201
3313202010
3132020101
1320201011
3202010113
2020101132
0201011320
2010113203
0101132032
1011320320
0113203201
1132032011
1320320113
3203201132
2032011323
0320113233
3201132332
2011323322
0113233220
1132332203
1323322032
3233220320
2332203203
3322032032
3220320323
2203203233
2032032332
0320323320
3203233201
2032332010
0323320103
3233201030
2332010301
3320103010
3201030102
2010301022
0103010220
1030102200
0301022000
3010220000
0102200001
1022000010
0220000101
2200001013
2000010130
0000101302
0001013021
0010130213
0101302133
1013021331
0130213312
1302133122
3021331223
0213312232
2133122320
1331223200
3312232002
3122320022
1223200223
2232002232
2320022320
3200223201
2002232010
0022320103
0223201031
2232010311
2320103113
3201031132
2010311322
0103113220
1031132202
0311322020
3113220200
1132202002
1322020023
3220200231
2202002313
2020023132
0200231321
2002313213
0023132132
0231321323
2313213233
3132132333
1321323333
3213233333
2132333330
1323333300
3233333003
2333330032
3333300322
3333003220
3330032200
3300322002
3003220023
0032200232
0322002323
3220023231
2200232311
2002323110
0023231102
0232311020
2323110202
3231102020
2311020200
3110202002
1102020020
1020200202
0202002020
2020020202
0200202021
2002020213
0020202132
0202021320
2020213200
0202132003
2021320030
0213200302
2132003022
1320030220
3200302202
2003022021
0030220211
0302202111
3022021113
0220211130
2202111302
2021113021
0211130211
2111302111
1113021113
1130211133
1302111333
3021113330
0211133300
2111333001
1113330011
1133300111
1333001110
3330011103
3300111032
3001110321
0011103213
0111032133
1110321331
1103213312
1032133121
0321331213
3213312132
2133121322
1331213223
3312132233
3121322331
1213223312
2132233122
1322331220
3223312202
2233122023
2331220231
3312202313
3122023131
1220231311
2202313112
2023131123
0231311230
2313112302
3131123020
1311230202
3112302022
1123020222
1230202223
2302022231
3020222313
0202223130
2022231302
0222313022
2223130220
2231302200
2313022000
3130220003
1302200033
3022000330
0220003302
2200033020
2000330202
0003302023
0033020230
0330202301
3302023013
3020230131
0202301310
2023013102
0230131020
2301310200
3013102002
0131020020
1310200202
3102002020
1020020202
0200202023
2002020232
0020202320
0202023200
2020232003
0202320032
2023200323
0232003232
2320032320
3200323202
2003232022
0032320220
0323202203
3232022032
2320220320
3202203201
2022032012
0220320120
2203201203
2032012031
0320120313
3201203133
2012031331
0120313311
1203133111
2031331110
0313311102
3133111021
1331110213
3311102133
3111021331
1110213311
1102133110
1021331102
0213311021
2133110210
1331102101
3311021013
3110210133
1102101332
1021013321
0210133213
2101332133
1013321332
0133213322
1332133221
3321332210
3213322102
2133221020
1332210202
3322102023
3221020230
2210202300
2102023002
1020230021
0202300210
2023002100
0230021003
2300210030
3002100301
0021003010
0210030101
2100301011
1003010113
0030101132
0301011320
3010113201
0101132011
1011320113
0113201133
1132011330
1320113301
3201133011
2011330110
0113301102
1133011020
1330110201
3301102010
3011020102
0110201020
1102010202
1020102021
0201020210
2010202102
0102021023
1020210232
0202102323
2021023233
0210232332
2102323322
1023233222
0232332220
2323322201
3233222010
2332220101
3322201011
3222010112
2220101121
2201011212
2010112123
0101121231
1011212313
0112123132
1121231323
1212313231
2123132311
1231323112
2313231120
3132311202
1323112020
3231120200
2311202002
3112020022
1120200221
1202002210
2020022102
0200221021
2002210210
0022102102
0221021022
2210210222
2102102220
1021022201
0210222011
2102220111
1022201110
0222011102
2220111022
2201110221
2011102212
0111022121
1110221213
1102212132
1022121323
0221213232
2212132322
2121323220
1213232200
2132322002
1323220023
3232200232
2322002321
3220023210
2200232101
2002321011
0023210112
0232101123
2321011231
3210112310
2101123102
1011231022
0112310222
1123102220
1231022203
2310222032
3102220320
1022203201
0222032010
2220320102
2203201023
2032010230
0320102300
3201023001
2010230012
0102300120
1023001202
0230012022
2300120223
3001202232
0012022320
0120223203
1202232031
2022320313
0223203133
2232031332
2320313322
3203133223
2031332230
0313322302
3133223020
1332230202
3322302022
3223020220
2230202203
2302022033
3020220331
0202203313
2022033131
0220331310
2203313102
2033131022
0331310220
3313102200
3131022001
1310220010
3102200103
1022001031
0220010311
2200103111
2001031111
0010311113
0103111133
1031111332
0311113322
3111133223
1111332232
1113322320
1133223202
1332232022
3322320220
3223202201
2232022011
2320220111
3202201110
2022011100
0220111000
2201110000
2011100003
0111000032
1110000321
1100003213
1000032131
0000321313
0003213132
0032131322
0321313221
3213132210
2131322102
1313221021
3132210210
1322102103
3221021032
2210210323
2102103233
1021032331
0210323313
2103233131
1032331311
0323313113
3233131131
2331311310
3313113101
3131131010
1311310102
3113101021
1131010210
1310102101
3101021010
1010210102
0102101023
1021010232
0210102321
2101023211
1010232112
0102321123
1023211230
0232112301
2321123010
3211230100
2112301002
1123010020
1230100203
2301002033
3010020331
0100203313
1002033132
0020331321
0203313213
2033132132
0331321321
3313213210
3132132100
1321321000
3213210001
2132100012
1321000121
3210001210
2100012102
1000121023
0001210231
0012102313
0121023131
1210231311
2102313111
1023131110
0231311102
2313111022
3131110220
1311102201
3111022011
1110220111
1102201111
1022011113
0220111133
2201111332
2011113323
0111133233
1111332333
1113323330
1133233300
1332333003
3323330031
3233300311
2333003113
3330031131
3300311311
3003113111
0031131113
0311311131
3113111311
1131113110
1311131100
3111311000
1113110000
1131100000
1311000002
3110000020
1100000203
1000002032
0000020320
0000203202
0002032023
0020320232
0203202320
2032023201
0320232011
3202320110
2023201102
0232011023
2320110231
3201102313
2011023132
0110231320
1102313202
1023132020
0231320200
2313202001
3132020012
1320200120
3202001202
2020012021
0200120210
2001202102
0012021021
0120210213
1202102133
2021021333
0210213333
2102133331
1021333311
0213333113
2133331130
1333311300
3333113002
3331130023
3311300232
3113002320
1130023201
1300232010
3002320100
0023201002
0232010022
2320100220
3201002202
2010022023
0100220233
1002202332
0022023320
0220233203
2202332033
2023320333
0233203331
2332033310
3320333102
3203331020
2033310203
0333102032
3331020320
3310203202
3102032022
1020320220
0203202200
2032022000
0320220003
3202200032
2022000322
0220003222
2200032220
2000322202
0003222021
0032220213
0322202133
3222021332
2220213321
2202133211
2021332111
0213321110
2133211102
1332111020
3321110200
3211102002
2111020020
1110200200
1102002002
1020020020
0200200201
2002002010
0020020102
0200201023
2002010232
0020102320
0201023203
2010232031
0102320310
1023203100
0232031002
2320310020
3203100200
2031002002
0310020020
3100200202
1002002022
0020020220
0200202203
2002022030
0020220303
0202203031
2022030310
0220303103
2203031030
2030310300
0303103003
3031030031
0310300311
3103003111
1030031110
0300311102
3003111020
0031110203
0311102033
3111020331
1110203310
1102033102
1020331022
0203310221
2033102212
0331022120
3310221200
3102212002
1022120023
0221200232
2212002322
2120023221
1200232213
2002322133
0023221331
0232213313
2322133132
3221331322
2213313222
2133132223
1331322230
3313222303
3132223032
1322230320
3222303202
2223032020
2230320202
2303202023
3032020232
0320202320
3202023200
2020232000
0202320001
2023200011
0232000110
2320001100
3200011001
2000110011
0001100113
0011001133
0110011333
1100113331
1001133313
0011333132
0113331320
1133313200
1333132002
3331320020
3313200203
3132002032
1320020322
3200203221
2002032213
0020322131
0203221311
2032213111
0322131110
3221311102
2213111020
2131110202
1311102023
3111020232
1110202320
1102023202
1020232020
0202320203
2023202033
0232020333
2320203333
3202033330
2020333300
0203333001
2033330011
0333300110
3333001101
3330011013
3300110131
3001101310
0011013102
0110131021
1101310210
1013102102
0131021020
1310210202
3102102022
1021020222
0210202221
2102022213
1020222130
0202221301
2022213011
0222130110
2221301103
2213011032
2130110320
1301103200
3011032000
0110320002
1103200020
1032000203
0320002030
3200020300
2000203001
0002030011
0020300113
0203001132
2030011320
0300113203
3001132030
0011320300
0113203000
1132030002
1320300021
3203000213
2030002131
0300021311
3000213112
0002131122
0021311221
0213112210
2131122102
1311221022
3112210220
1122102202
1221022020
2210220203
2102202032
1022020322
0220203221
2202032211
2020322111
0203221110
2032211101
0322111011
3221110113
2211101132
2111011322
1110113220
1101132200
1011322002
0113220021
1132200211
1322002112
3220021123
2200211232
2002112321
0021123213
0211232130
2112321302
1123213020
1232130202
2321302021
3213020210
2130202102
1302021021
3020210210
0202102100
2021021002
0210210022
2102100222
1021002220
0210022200
2100222001
1002220011
0022200110
0222001102
2220011021
2200110211
2001102113
0011021133
0110211331
1102113313
1021133130
0211331302
2113313021
1133130211
1331302110
3313021103
3130211033
1302110331
3021103313
0211033131
2110331311
1103313112
1033131121
0331311211
3313112111
3131121111
1311211113
3112111131
1121111310
1211113103
2111131030
1111310302
1113103021
1131030213
1310302132
3103021320
1030213201
0302132010
3021320101
0213201013
2132010133
1320101332
3201013323
2010133232
0101332321
1013323211
0133232111
1332321111
3323211111
3232111112
2321111120
3211111200
2111112002
1111120020
1111200201
1112002011
1120020111
1200201112
2002011121
0020111211
0201112110
2011121102
0111211020
1112110203
1121102031
1211020311
2110203110
1102031102
1020311020
0203110202
2031102021
0311020210
3110202101
1102021010
1020210100
0202101001
2021010010
0210100103
2101001030
1010010301
0100103011
1001030110
0010301102
0103011022
1030110220
0301102200
3011022001
0110220010
1102200102
1022001021
0220010210
2200102100
2001021003
0010210033
0102100333
1021003333
0210033330
2100333300
1003333001
0033330013
0333300133
3333001331
3330013310
3300133100
3001331000
0013310002
0133100020
1331000200
3310002001
3100020010
1000200103
0002001033
0020010330
0200103300
2001033003
0010330032
0103300320
1033003202
0330032020
3300320200
3003202003
0032020031
0320200311
3202003113
2020031132
0200311323
2003113230
0031132300
0311323002
3113230021
1132300211
1323002112
3230021122
2300211220
3002112200
0021122003
0211220031
2112200311
1122003110
1220031102
2200311021
2003110212
0031102123
0311021232
3110212321
1102123212
1021232123
0212321233
2123212333
1232123331
2321233313
3212333132
2123331321
1233313213
2333132132
3331321320
3313213201
3132132010
1321320100
3213201002
2132010023
1320100233
3201002331
2010023311
0100233110
1002331100
0023311001
0233110011
2331100110
3311001101
3110011010
1100110100
1001101001
0011010011
0110100113
1101001131
1010011311
0100113110
1001131102
0011311020
0113110203
1131102030
1311020302
3110203023
1102030233
1020302331
0203023311
2030233110
0302331101
3023311011
0233110110
2331101102
3311011023
3110110230
1101102302
1011023020
0110230200
1102302000
1023020003
0230200030
2302000300
3020003000
0200030002
2000300020
0003000202
0030002020
0300020202
3000202020
0002020200
0020202002
0202020020
2020200202
0202002023
2020020232
0200202322
2002023222
0020232220
0202322200
2023222002
0232220022
2322200221
3222002211
2220022113
2200221133
2002211331
0022113311
0221133113
2211331131
2113311313
1133113133
1331131333
3311313333
3113133330
1131333300
1313333000
3133330003
1333300031
3333000313
3330003131
3300031311
3000313112
0003131123
0031311231
0313112310
3131123102
1311231021
3112310210
1123102102
1231021022
2310210221
3102102210
1021022100
0210221003
2102210030
1022100302
0221003022
2210030223
2100302232
1003022321
0030223213
0302232131
3022321311
0223213113
2232131131
2321311310
3213113101
2131131010
1311310101
3113101010
1131010102
1310101021
3101010211
1010102112
0101021121
1010211213
0102112131
1021121313
0211213132
2112131322
1121313222
1213132220
2131322202
1313222023
3132220231
1322202313
3222023133
2220231331
2202313310
2023133100
0231331000
2313310000
3133100001
1331000010
3310000102
3100001020
1000010200
0000102002
0001020021
0010200213
0102002133
1020021331
0200213311
2002133110
0021331102
0213311023
2133110231
1331102313
3311023131
3110231310
1102313100
1023131002
0231310020
2313100202
3131002022
1310020220
3100202202
1002022021
0020220213
0202202131
2022021311
0220213113
2202131133
2021311331
0213113310
2131133102
1311331022
3113310223
1133102233
1331022332
3310223323
3102233233
1022332332
0223323320
2233233200
2332332002
3323320021
3233200210
2332002102
3320021020
3200210202
2002102020
0021020200
0210202002
2102020023
1020200231
0202002310
2020023103
0200231032
2002310323
0023103232
0231032320
2310323200
3103232001
1032320011
0323200110
3232001101
2320011010
3200110101
2001101010
0011010100
0110101001
1101010013
1010100133
0101001330
1010013300
0100133001
1001330010
0013300102
0133001022
1330010222
3300102221
3001022211
0010222110
0102221103
1022211031
0222110313
2221103133
2211031330
2110313301
1103133011
1031330113
0313301132
3133011321
1330113211
3301132110
3011321100
0113211002
1132110022
1321100221
3211002210
2110022100
1100221002
1002210020
0022100203
0221002031
2210020313
2100203130
1002031302
0020313020
0203130200
2031302002
0313020022
3130200220
1302002200
3020022001
0200220011
2002200111
0022001111
0220011110
2200111103
2001111032
0011110323
0111103231
1111032313
1110323132
1103231322
1032313220
0323132200
3231322003
2313220031
3132200313
1322003132
3220031322
2200313220
2003132200
0031322003
0313220031
3132200310
1322003102
3220031021
2200310211
2003102113
0031021133
0310211333
3102113333
1021133331
0211333313
2113333131
1133331313
1333313130
3333131300
3331313003
3313130030
3131300302
1313003020
3130030202
1300302020
3003020201
0030202011
0302020111
3020201113
0202011132
2020111322
0201113220
2011132203
0111322031
1113220313
1132203132
1322031320
3220313202
2203132023
2031320231
0313202311
3132023113
1320231131
3202311313
2023113132
0231131320
2311313200
3113132002
1131320020
1313200202
3132002021
1320020211
3200202110
2002021102
0020211021
0202110213
2021102131
0211021310
2110213103
1102131032
1021310323
0213103233
2131032333
1310323332
3103233321
1032333210
0323332103
3233321032
2333210320
3332103201
3321032010
3210320101
2103201011
1032010110
0320101102
3201011021
2010110213
0101102133
1011021331
0110213310
1102133100
1021331001
0213310011
2133100113
1331001131
3310011313
3100113132
1001131321
0011313210
0113132101
1131321012
1313210122
3132101220
1321012200
3210122000
2101220002
1012200023
0122000230
1220002301
2200023011
2000230111
0002301111
0023011110
0230111102
2301111023
3011110232
0111102323
1111023231
1110232310
1102323100
1023231002
0232310023
2323100233
3231002332
2310023321
3100233213
1002332132
0023321320
0233213202
2332132023
3321320231
3213202313
2132023133
1320231333
3202313331
2023133310
0231333100
2313331002
3133310022
1333100222
3331002223
3310022231
3100222311
1002223110
0022231102
0222311021
2223110213
2231102132
2311021321
3110213213
1102132132
1021321321
0213213213
2132132133
1321321332
3213213323
2132133232
1321332321
3213323213
2133232131
1332321310
3323213101
3232131010
2321310101
3213101011
2131010112
1310101120
3101011200
1010112002
0101120021
1011200213
0112002132
1120021323
1200213230
2002132302
0021323020
0213230200
2132302000
1323020001
3230200013
2302000132
3020001323
0200013232
2000132320
0001323203
0013232032
0132320322
1323203220
3232032202
2320322020
3203220203
2032202030
0322020300
3220203000
2202030002
2020300021
0203000211
2030002110
0300021102
3000211021
0002110210
0021102101
0211021013
2110210132
1102101320
1021013201
0210132010
2101320103
1013201031
0132010311
1320103113
3201031131
2010311310
0103113100
1031131000
0311310000
3113100002
1131000022
1310000220
3100002200
1000022002
0000220020
0002200202
0022002021
0220020211
2200202110
2002021101
0020211013
0202110130
2021101300
0211013000
2110130002
1101300022
1013000220
0130002200
1300022003
3000220030
0002200303
0022003031
0220030311
2200303110
2003031103
0030311032
0303110322
3031103223
0311032232
3110322322
1103223223
1032232230
0322322303
3223223031
2232230310
2322303102
3223031022
2230310221
2303102213
3031022133
0310221332
3102213320
1022133201
0221332011
2213320111
2133201113
1332011131
3320111310
3201113100
2011131000
0111310002
1113100020
1131000200
1310002002
3100020023
1000200230
0002002300
0020023003
0200230032
2002300320
0023003203
0230032033
2300320332
3003203323
0032033232
0320332321
3203323210
2033232100
0332321000
3323210000
3232100000
2321000003
3210000033
2100000333
1000003332
0000033321
0000333213
0003332132
0033321320
0333213200
3332132000
3321320000
3213200000
2132000003
1320000030
3200000301
2000003013
0000030132
0000301321
0003013211
0030132113
0301321131
3013211310
0132113101
1321131010
3211310103
2113101033
1131010330
1310103300
3101033001
1010330013
0103300132
1033001320
0330013203
3300132032
3001320323
0013203230
0132032300
1320323003
3203230033
2032300330
0323003301
3230033013
2300330132
3003301320
0033013200
0330132002
3301320020
3013200202
0132002020
1320020201
3200202013
2002020130
0020201301
0202013010
2020130101
0201301010
2013010103
0130101032
1301010323
3010103231
0101032310
1010323103
0103231033
1032310330
0323103303
3231033030
2310330300
3103303000
1033030000
0330300000
3303000001
3030000010
0300000102
3000001020
0000010203
0000102032
0001020321
0010203213
0102032132
1020321320
0203213202
2032132021
0321320213
3213202131
2132021312
1320213123
3202131232
2021312323
0213123232
2131232323
1312323232
3123232320
1232323200
2323232001
3232320012
2323200122
3232001220
2320012201
3200122010
2001220101
0012201013
0122010132
1220101320
2201013200
2010132000
0101320003
1013200030
0132000303
1320003033
3200030333
2000303333
0003033331
0030333313
0303333132
3033331322
0333313222
3333132220
3331322200
3313222003
3132220033
1322200332
3222003321
2220033210
2200332102
2003321022
0033210220
0332102202
3321022022
3210220220
2102202200
1022022000
0220220000
2202200003
2022000032
0220000322
2200003220
2000032203
0000322030
0003220302
0032203023
0322030233
3220302330
2203023302
2030233023
0302330233
3023302330
0233023303
2330233033
3302330331
3023303310
0233033103
2330331032
3303310322
3033103222
0331032223
3310322232
3103222320
1032223203
0322232031
3222320311
2223203112
2232031122
2320311223
3203112231
2031122313
0311223130
3112231303
1122313033
1223130331
2231303310
2313033100
3130331002
1303310020
3033100200
0331002000
3310020002
3100200020
1002000200
0020002000
0200020000
2000200001
0002000013
0020000133
0200001331
2000013313
0000133132
0001331322
0013313220
0133132203
1331322032
3313220323
3132203232
1322032321
3220323210
2203232103
2032321032
0323210320
3232103200
2321032003
3210320033
2103200333
1032003332
0320033320
3200333200
2003332002
0033320023
0333200231
3332002310
3320023100
3200231000
2002310002
0023100022
0231000220
2310002202
3100022020
1000220203
0002202032
0022020323
0220203233
2202032332
2020323323
0203233232
2032332320
0323323201
3233232013
2332320132
3323201322
3232013222
2320132220
3201322202
2013222020
0132220200
1322202000
3222020001
2220200011
2202000110
2020001101
0200011011
2000110110
0001101100
0011011002
0110110022
1101100223
1011002231
0110022311
1100223110
1002231100
0022311000
0223110002
2231100021
2311000212
3110002120
1100021203
1000212031
0002120311
0021203110
0212031102
2120311020
1203110202
2031102020
0311020200
3110202003
1102020031
1020200311
0202003111
2020031110
0200311102
2003111022
0031110220
0311102200
3111022000
1110220000
1102200002
1022000021
0220000213
2200002131
2000021313
0000213133
0002131331
0021313310
0213133100
2131331000
1313310002
3133100022
1331000220
3310002201
3100022013
1000220130
0002201300
0022013000
0220130000
2201300000
2013000003
0130000031
1300000313
3000003132
0000031323
0000313233
0003132332
0031323323
0313233233
3132332332
1323323323
3233233232
2332332320
3323323202
3233232021
2332320211
3323202111
3232021113
2320211133
3202111331
2021113310
0211133101
2111331011
1113310110
1133101100
1331011001
3310110010
3101100103
1011001032
0110010321
1100103211
1001032111
0010321110
0103211100
1032111000
0321110002
3211100020
2111000203
1110002032
1100020320
1000203202
0002032021
0020320213
0203202132
2032021322
0320213220
3202132202
2021322020
0213220200
2132202002
1322020020
3220200203
2202002032
2020020321
0200203213
2002032130
0020321301
0203213010
2032130102
0321301021
3213010213
2130102132
1301021323
3010213232
0102132321
1021323212
0213232122
2132321222
1323212222
3232122221
2321222213
3212222133
2122221331
1222213311
2222133112
2221331123
2213311232
2133112322
1331123223
3311232232
3112322320
1123223200
1232232002
2322320022
3223200220
2232002202
2320022021
3200220213
2002202133
0022021333
0220213331
2202133310
2021333103
0213331031
2133310310
1333103101
3331031013
3310310132
3103101320
1031013201
0310132011
3101320111
1013201110
0132011103
1320111032
3201110320
2011103201
0111032010
1110320101
1103201010
1032010102
0320101022
3201010223
2010102233
0101022331
1010223313
0102233131
1022331310
0223313100
2233131001
2331310011
3313100110
3131001100
1310011003
3100110033
1001100332
0011003323
0110033232
1100332320
1003323203
0033232031
0332320310
3323203103
3232031030
2320310301
3203103010
2031030102
0310301021
3103010211
1030102110
0301021100
3010211002
0102110021
1021100212
0211002121
2110021211
1100212113
1002121132
0021211322
0212113220
2121132201
1211322010
2113220102
1132201020
1322010200
3220102002
2201020020
2010200202
0102002020
1020020200
0200202001
2002020012
0020200122
0202001221
2020012213
0200122132
2001221321
0012213211
0122132111
1221321113
2213211132
2132111320
1321113202
3211132020
2111320203
1113202033
1132020332
1320203322
3202033222
2020332221
0203322210
2033222102
0332221021
3322210213
3222102132
2221021323
2210213232
2102132323
1021323232
0213232320
2132323202
1323232022
3232320221
2323202210
3232022101
2320221010
3202210103
2022101031
0221010313
2210103132
2101031322
1010313223
0103132232
1031322320
0313223203
3132232032
1322320323
3223203232
2232032322
2320323222
3203232220
2032322201
0323222013
3232220132
2322201322
3222013222
2220132223
2201322232
2013222323
0132223233
1322232332
3222323322
2223233220
2232332201
2323322010
3233220102
2332201023
3322010230
3220102303
2201023030
2010230303
0102303031
1023030311
0230303112
2303031123
3030311231
0303112313
3031123130
0311231301
3112313011
1123130112
1231301120
2313011203
3130112032
1301120323
3011203231
0112032312
1120323120
1203231202
2032312020
0323120203
3231202033
2312020333
3120203332
1202033322
2020333220
0203332203
2033322032
0333220321
3332203211
3322032113
3220321130
2203211301
2032113011
0321130113
3211301132
2113011322
1130113223
1301132230
3011322301
0113223010
1132230102
1322301020
3223010200
2230102003
2301020030
3010200303
0102003031
1020030310
0200303101
2003031011
0030310111
0303101110
3031011103
0310111032
3101110322
1011103221
0111032211
1110322110
1103221103
1032211032
0322110320
3221103201
2211032013
2110320132
1103201323
1032013230
0320132302
3201323021
2013230212
0132302120
1323021202
3230212021
2302120211
3021202110
0212021101
2120211010
1202110100
2021101002
0211010020
2110100201
1101002011
1010020111
0100201111
1002011110
0020111100
0201111003
2011110032
0111100320
1111003203
1110032033
1100320330
1003203302
0032033023
0320330233
3203302333
2033023330
0330233300
3302333002
3023330020
0233300200
2333002002
3330020023
3300200232
3002002320
0020023201
0200232011
2002320113
0023201133
0232011333
2320113331
3201133311
2011333110
0113331103
1133311032
1333110321
3331103211
3311032111
3110321110
1103211102
1032111022
0321110222
3211102220
2111022202
1110222021
1102220210
1022202103
0222021031
2220210313
2202103131
2021031310
0210313101
2103131013
1031310131
0313101311
3131013113
1310131132
3101311322
1013113222
0131132223
1311322232
3113222321
1132223213
1322232133
3222321331
2223213311
2232133110
2321331101
3213311010
2133110103
1331101031
3311010311
3110103113
1101031130
1010311301
0103113012
1031130123
0311301230
3113012301
1130123013
1301230130
3012301300
0123013002
1230130023
2301300230
3013002303
0130023033
1300230333
3002303333
0023033330
0230333303
2303333030
3033330300
0333303002
3333030021
3330300210
3303002103
3030021031
0300210310
3002103102
0021031021
0210310211
2103102113
1031021130
0310211302
3102113022
1021130222
0211302222
2113022223
1130222230
1302222302
3022223022
0222230222
2222302222
2223022222
2230222220
2302222202
3022222022
0222220221
2222202211
2222022113
2220221131
2202211313
2022113130
0221131301
2211313011
2113130113
1131301130
1313011303
3130113032
1301130323
3011303232
0113032320
1130323202
1303232022
3032320222
0323202223
3232022231
2320222311
3202223111
2022231113
0222311133
2223111330
2231113300
2311133000
3111330002
1113300022
1133000222
1330002223
3300022233
3000222333
0002223331
0022233313
0222333132
2223331320
2233313203
2333132033
3331320333
3313203330
3132033300
1320333002
3203330023
2033300231
0333002313
3330023131
3300231311
3002313111
0023131113
0231311133
2313111333
3131113332
1311133320
3111333200
1113332000
1133320003
1333200031
3332000313
3320003132
3200031323
2000313231
0003132313
0031323133
0313231332
3132313320
1323133202
3231332021
2313320210
3133202103
1332021030
3320210300
3202103000
2021030000
0210300000
2103000002
1030000023
0300000232
3000002323
0000023233
0000232333
0002323331
0023233310
0232333103
2323331032
3233310323
2333103232
3331032320
3310323202
3103232020
1032320200
0323202002
3232020020
2320200200
3202002003
2020020033
0200200333
2002003330
0020033300
0200333002
2003330023
0033300231
0333002313
3330023130
3300231303
3002313033
0023130333
0231303330
2313033300
3130333000
1303330001
3033300011
0333000111
3330001111
3300011110
3000111101
0001111011
0011110110
0111101101
1111011013
1110110133
1101101332
1011013320
0110133200
1101332001
1013320010
0133200100
1332001002
3320010020
3200100203
2001002032
0010020320
0100203203
1002032030
0020320300
0203203003
2032030033
0320300331
3203003310
2030033103
0300331032
3003310320
0033103203
0331032030
3310320303
3103203030
1032030303
0320303033
3203030332
2030303323
0303033233
3030332331
0303323313
3033233133
0332331332
3323313322
3233133220
2331332202
3313322020
3133220202
1332202020
3322020201
3220202010
2202020102
2020201022
0202010222
2020102223
0201022230
2010222302
0102223020
1022230202
0222302023
2223020232
2230202322
2302023221
3020232213
0202322132
2023221322
0232213223
2322132231
3221322313
2213223132
2132231321
1322313211
3223132111
2231321113
2313211133
3132111332
1321113322
3211133221
2111332210
1113322102
1133221022
1332210220
3322102200
3221022002
2210220020
2102200202
1022002020
0220020203
2200202032
2002020322
0020203220
0202032203
2020322030
0203220303
2032203031
0322030310
3220303103
2203031032
2030310320
0303103202
3031032023
0310320231
3103202311
1032023110
0320231100
3202311002
2023110022
0231100221
2311002211
3110022110
1100221102
1002211021
0022110212
0221102123
2211021232
2110212322
1102123222
1021232221
0212322213
2123222130
1232221303
2322213030
3222130301
2221303010
2213030100
2130301003
1303010030
3030100301
0301003013
3010030131
0100301313
1003013132
0030131320
0301313201
3013132013
0131320131
1313201310
3132013100
1320131002
3201310020
2013100202
0131002023
1310020232
3100202320
1002023203
0020232030
0202320302
2023203021
0232030213
2320302130
3203021302
2030213023
0302130230
3021302302
0213023023
2130230231
1302302311
3023023113
0230231130
2302311300
3023113003
0231130033
2311300333
3113003332
1130033323
1300333233
3003332333
0033323331
0333233313
3332333133
3323331330
3233313303
2333133030
3331330300
3313303000
3133030000
1330300003
3303000031
3030000313
0300003131
3000031310
0000313103
0003131032
0031310323
0313103233
3131032331
1310323310
3103233103
1032331030
0323310300
3233103000
2331030002
3310300020
3103000201
1030002011
0300020110
3000201100
0002011002
0020110020
0201100202
2011002023
0110020231
1100202310
1002023100
0020231002
0202310023
2023100231
0231002311
2310023113
3100231133
1002311331
0023113310
0231133102
2311331022
3113310222
1133102220
1331022200
3310222000
3102220003
1022200033
0222000332
2220003321
2200033213
2000332133
0003321332
0033213320
0332133202
3321332022
3213320223
2133202231
1332022313
3320223132
3202231323
2022313232
0223132320
2231323203
2313232033
3132320333
1323203332
3232033320
2320333201
3203332013
2033320133
0333201330
3332013300
3320133000
3201330000
2013300003
0133000031
1330000310
3300003102
3000031023
0000310232
0003102321
0031023213
0310232131
3102321310
1023213100
0232131002
2321310022
3213100221
2131002213
1310022131
3100221311
1002213110
0022131102
0221311022
2213110223
2131102233
1311022331
3110223311
1102233110
1022331103
0223311030
2233110301
2331103011
3311030111
3110301110
1103011102
1030111021
0301110210
3011102101
0111021011
1110210110
1102101100
1021011000
0210110001
2101100010
1011000100
0110001001
1100010010
1000100101
0001001011
0010010111
0100101110
1001011103
0010111030
0101110303
1011103033
0111030333
1110303331
1103033311
1030333111
0303331113
3033311130
0333111301
3331113011
3311130111
3111301111
1113011111
1130111111
1301111111
3011111111
0111111111
1111111111
1111111111
1111111111
1111111110
1111111100
1111111002
1111110020
1111100200
1111002000
1110020000
1100200003
1002000031
0020000310
0200003102
2000031020
0000310200
0003102001
0031020010
0310200102
3102001021
1020010213
0200102131
2001021313
0010213133
0102131332
1021313322
0213133220
2131332201
1313322010
3133220100
1332201002
3322010023
3220100231
2201002313
2010023133
0100231332
1002313322
0023133222
0231332223
2313322232
3133222323
1332223231
3322232310
3222323102
2223231023
2232310232
2323102322
3231023220
2310232201
3102322010
1023220101
0232201013
2322010132
3220101320
2201013202
2010132022
0101320220
1013202200
0132022002
1320220023
3202200233
2022002331
0220023310
2200233102
2002331020
0023310202
0233102022
2331020221
3310202210
3102022102
1020221020
0202210203
2022102030
0221020300
2210203003
2102030032
1020300323
0203003230
2030032303
0300323033
3003230331
0032303312
0323033120
3230331203
2303312030
3033120303
0331203032
3312030320
3120303200
1203032003
2030320032
0303200323
3032003232
0320032320
3200323200
2003232002
0032320023
0323200233
3232002333
2320023333
3200233333
2002333331
0023333310
0233333100
2333331002
3333310023
3333100232
3331002323
3310023231
3100232311
1002323110
0023231102
0232311022
2323110220
3231102202
2311022020
3110220202
1102202021
1022020211
0220202113
2202021133
2020211331
0202113313
2021133130
0211331300
2113313003
1133130033
1331300331
3313003311
3130033111
1300331111
3003311110
0033111103
0331111030
3311110300
3111103001
1111030013
1110300132
1103001320
1030013200
0300132002
3001320020
0013200200
0132002001
1320020010
3200200100
2002001000
0020010002
0200100023
2001000232
0010002323
0100023233
1000232333
0002323332
0023233321
0232333213
2323332130
3233321303
2333213030
3332130300
3321303001
3213030013
2130300131
1303001311
3030013112
0300131121
3001311210
0013112100
0131121000
1311210002
3112100023
1121000230
1210002300
2100023001
1000230012
0002300121
0023001210
0230012103
2300121033
3001210331
0012103311
0121033113
1210331131
2103311311
1033113113
0331131132
3311311320
3113113201
1131132010
1311320101
3113201011
1132010111
1320101110
3201011100
2010111002
0101110020
1011100203
0111002031
1110020313
1100203131
1002031313
0020313132
0203131320
2031313203
0313132030
3131320303
1313203032
3132030320
1320303200
3203032003
2030320030
0303200303
3032003033
0320030333
3200303331
2003033310
0030333103
0303331032
3033310323
0333103231
3331032313
3310323132
3103231323
1032313230
0323132300
3231323000
2313230001
3132300012
1323000120
3230001203
2300012032
3000120322
0001203220
0012032203
0120322031
1203220311
2032203111
0322031110
3220311101
2203111011
2031110110
0311101102
3111011022
1110110220
1101102200
1011022000
0110220002
1102200022
1022000220
0220002202
2200022021
2000220213
0002202132
0022021323
0220213233
2202132332
2021323321
0213233211
2132332113
1323321132
3233211321
2332113213
3321132133
3211321333
2113213332
1132133320
1321333200
3213332002
2133320023
1333200230
3332002300
3320023003
3200230033
2002300333
0023003333
0230033333
2300333331
3003333311
0033333111
0333331113
3333311133
3333111333
3331113333
3311133332
3111333321
1113333213
1133332131
1333321311
3333213111
3332131113
3321311130
3213111303
2131113033
1311130332
3111303321
1113033213
1130332132
1303321320
3033213200
0332132001
3321320011
3213200110
2132001103
1320011030
3200110303
2001103030
0011030301
0110303013
1103030132
1030301321
0303013213
3030132133
0301321331
3013213310
0132133103
1321331030
3213310300
2133103000
1331030003
3310300030
3103000300
1030003003
0300030033
3000300333
0003003333
0030033332
0300333323
3003333233
0033332333
0333323332
3333233321
3332333213
3323332132
3233321320
2333213200
3332132002
3321320022
3213200220
2132002200
1320022002
3200220020
2002200202
0022002022
0220020220
2200202201
2002022012
0020220123
0202201230
2022012303
0220123033
2201230333
2012303333
0123033333
1230333331
2303333310
3033333103
0333331030
3333310300
3333103002
3331030021
3310300213
3103002131
1030021310
0300213103
3002131033
0021310330
0213103303
2131033031
1310330313
3103303133
1033031332
0330313322
3303133220
3031332201
0313322013
3133220132
1332201323
3322013233
3220132333
2201323330
2013233303
0132333030
1323330302
3233303021
2333030212
3330302122
3303021223
3030212233
0302122332
3021223322
0212233220
2122332202
1223322022
2233220222
2332202220
3322022201
3220222013
2202220130
2022201302
0222013022
2220130223
2201302231
2013022313
0130223133
1302231331
3022313311
0223133111
2231331113
2313311132
3133111322
1331113221
3311132211
3111322111
1113221111
1132211111
1322111111
3221111110
2211111102
2111111023
1111110232
1111102323
1111023232
1110232321
1102323210
1023232100
0232321002
2323210022
3232100222
2321002221
3210022210
2100222102
1002221022
0022210222
0222102222
2221022220
2210222202
2102222020
1022220201
0222202011
2222020113
2220201132
2202011320
2020113203
0201132033
2011320332
0113203323
1132033230
1320332301
3203323010
2033230100
0332301000
3323010002
3230100023
2301000230
3010002303
0100023032
1000230323
0002303233
0023032330
0230323303
2303233032
3032330323
0323303230
3233032300
2330323000
3303230003
3032300032
0323000323
3230003233
2300032332
3000323323
0003233232
0032332321
0323323213
3233232132
2332321323
3323213233
3232132330
2321323300
3213233003
2132330030
1323300301
3233003013
2330030132
3300301321
3003013210
0030132100
0301321000
3013210003
0132100030
1321000300
3210003000
2100030001
1000300013
0003000132
0030001320
0300013201
3000132013
0001320130
0013201302
0132013021
1320130210
3201302100
2013021000
0130210001
1302100010
3021000101
0210001013
2100010133
1000101333
0001013331
0010133310
