0101010101
1010101010
0101010101
1010101010
0101010101
1010101010
0101010101
1010101010
0101010101
1010101010
0101010103
1010101030
0101010301
1010103010
0101030101
1010301010
0103010101
1030101010
0301010101
3010101010
0101010101
1010101010
0101010101
1010101010
0101010101
1010101010
0101010101
1010101010
0101010101
1010101010
0101010103
1010101030
0101010303
1010103030
0101030301
1010303010
0103030103
1030301030
0303010301
3030103010
0301030101
3010301010
0103010101
1030101010
0301010100
3010101000
0101010000
1010100000
0101000002
1010000022
0100000220
1000002200
0000022002
0000220021
0002200210
0022002101
0220021013
2200210133
2002101330
0021013301
0210133013
2101330133
1013301333
0133013330
1330133302
3301333020
3013330200
0133302000
1333020002
3330200020
3302000203
3020002033
0200020330
2000203303
0002033032
0020330322
0203303223
2033032230
0330322300
3303223002
3032230021
0322300210
3223002103
2230021032
2300210321
3002103213
0021032132
0210321322
2103213221
1032132213
0321322131
3213221310
2132213102
1322131023
3221310231
2213102313
2131023133
1310231332
3102313320
1023133200
0231332001
2313320011
3133200113
1332001133
3320011333
3200113332
2001133323
0011333231
0113332310
1133323101
1333231011
3332310111
3323101111
3231011113
2310111131
3101111310
1011113101
0111131012
1111310123
1113101233
1131012332
1310123321
3101233210
1012332101
0123321010
1233210101
2332101011
3321010110
3210101100
2101011000
1010110002
0101100020
1011000201
0110002010
1100020103
1000201030
0002010301
0020103011
0201030111
2010301113
0103011130
1030111302
0301113023
3011130232
0111302320
1113023203
1130232033
1302320330
3023203300
0232033000
2320330003
3203300032
2033000321
0330003213
3300032132
3000321320
0003213203
0032132033
0321320333
3213203333
2132033332
1320333323
3203333232
2033332323
0333323230
3333232301
3332323012
3323230120
3232301203
2323012033
3230120332
2301203323
3012033231
0120332311
1203323110
2033231101
0332311012
3323110122
3231101220
2311012201
3110122012
1101220121
1012201211
0122012110
1220121100
2201211000
2012110000
0121100001
1211000010
2110000100
1100001003
1000010031
0000100310
0001003101
0010031010
0100310102
1003101020
0031010202
0310102021
3101020213
1010202132
0102021321
1020213213
0202132133
2021321332
0213213320
2132133203
1321332033
3213320333
2133203332
1332033323
3320333233
3203332333
2033323333
0333233330
3332333300
3323333003
3233330033
2333300330
3333003301
3330033011
3300330110
3003301102
0033011021
0330110210
3301102101
3011021010
0110210100
1102101000
1021010000
0210100003
2101000032
1010000321
0100003211
1000032110
0000321103
0003211031
0032110310
0321103102
3211031023
2110310231
1103102313
1031023132
0310231322
3102313222
1023132220
0231322201
2313222012
3132220123
1322201232
3222012320
2220123203
2201232031
2012320312
0123203122
1232031222
2320312221
3203122210
2031222102
0312221020
3122210202
1222102022
2221020223
2210202232
2102022323
1020223230
0202232301
2022323013
0223230131
2232301310
2323013101
3230131010
2301310102
3013101023
0131010230
1310102302
3101023023
1010230232
0102302323
1023023230
0230232300
2302323000
3023230003
0232300030
2323000301
3230003013
2300030132
3000301321
0003013213
0030132132
0301321323
3013213230
0132132300
1321323000
3213230003
2132300030
1323000302
3230003023
2300030233
3000302331
0003023311
0030233111
0302331113
3023311132
0233111320
2331113203
3311132032
3111320322
1113203223
1132032232
1320322322
3203223221
2032232213
0322322133
3223221333
2232213332
2322133320
3221333201
2213332010
2133320102
1333201023
3332010232
3320102320
3201023202
2010232021
0102320213
1023202130
0232021302
2320213021
3202130213
2021302133
0213021331
2130213313
1302133132
3021331320
0213313202
2133132023
1331320233
3313202333
3132023333
1320233331
3202333311
2023333111
0233331113
2333311133
3333111331
3331113313
3311133133
3111331333
1113313333
1133133333
1331333330
3313333303
3133333030
1333330301
3333303013
3333030132
3330301323
3303013233
3030132331
0301323313
3013233131
0132331311
1323313112
3233131121
2331311210
3313112101
3131121013
1311210132
3112101322
1121013221
1210132213
2101322133
1013221333
0132213333
1322133333
3221333333
2213333333
2133333333
1333333332
3333333320
3333333200
3333332003
3333320031
3333200313
3332003133
3320031331
3200313311
2003133113
0031331130
0313311300
3133113003
1331130033
3311300333
3113003333
1130033333
1300333331
3003333310
0033333103
0333331031
3333310313
3333103131
3331031313
3310313133
3103131333
1031313330
0313133300
3131333001
1313330010
3133300100
1333001000
3330010001
3300100013
3001000131
0010001311
0100013113
1000131130
0001311303
0013113032
0131130320
1311303200
3113032002
1130320023
1303200233
3032002332
0320023320
3200233200
2002332000
0023320001
0233200011
2332000112
3320001122
3200011222
2000112220
0001122200
0011222002
0112220023
1122200233
1222002333
2220023332
2200233322
2002333223
0023332231
0233322313
2333223130
3332231300
3322313001
3223130010
2231300103
2313001033
3130010333
1300103331
3001033311
0010333110
0103331102
1033311020
0333110202
3331102020
3311020200
3110202002
1102020022
1020200223
0202002230
2020022303
0200223033
2002230330
0022303300
0223033002
2230330023
2303300231
3033002310
0330023103
3300231032
3002310320
0023103203
0231032032
2310320321
3103203210
1032032102
0320321022
3203210220
2032102200
0321022003
3210220031
2102200313
1022003132
0220031321
2200313212
2003132120
0031321201
0313212010
3132120102
1321201020
3212010202
2120102020
1201020201
2010202010
0102020100
1020201003
0202010030
2020100300
0201003002
2010030021
0100300210
1003002100
0030021001
0300210010
3002100102
0021001023
0210010233
2100102331
1001023310
0010233100
0102331003
1023310032
0233100320
2331003200
3310032003
3100320031
1003200310
0032003100
0320031000
3200310000
2003100003
0031000032
0310000322
3100003220
1000032200
0000322003
0003220032
0032200320
0322003202
3220032021
2200320210
2003202101
0032021013
0320210131
3202101313
2021013130
0210131300
2101313002
1013130021
0131300210
1313002102
3130021021
1300210211
3002102110
0021021100
0210211003
2102110033
1021100330
0211003302
2110033020
1100330203
1003302032
0033020321
0330203213
3302032132
3020321322
0203213221
2032132210
0321322102
3213221021
2132210210
1322102102
3221021020
2210210202
2102102020
1021020203
0210202032
2102020322
1020203220
0202032200
2020322002
0203220020
2032200203
0322002031
3220020310
2200203100
2002031002
0020310023
0203100232
2031002322
0310023223
3100232232
1002322320
0023223201
0232232010
2322320101
3223201011
2232010110
2320101102
3201011021
2010110213
0101102131
1011021313
0110213132
1102131320
1021313200
0213132002
2131320023
1313200230
3132002300
1320023002
3200230021
2002300210
0023002101
0230021010
2300210102
3002101023
0021010230
0210102302
2101023020
1010230200
0102302001
1023020013
0230200132
2302001321
3020013213
0200132132
2001321321
0013213210
0132132103
1321321031
3213210313
2132103132
1321031321
3210313210
2103132100
1031321001
0313210010
3132100100
1321001001
3210010010
2100100102
1001001021
0010010210
0100102102
1001021022
0010210221
0102102213
1021022131
0210221313
2102213133
1022131331
0221313310
2213133100
2131331002
1313310021
3133100210
1331002102
3310021021
3100210212
1002102120
0021021202
0210212020
2102120201
1021202010
0212020100
2120201001
1202010013
2020100133
0201001331
2010013313
0100133133
1001331333
0013313333
0133133330
1331333301
3313333010
3133330102
1333301021
3333010210
3330102102
3301021021
3010210210
0102102100
1021021000
0210210001
2102100010
1021000100
0210001002
2100010023
1000100232
0001002322
0010023220
0100232201
1002322013
0023220132
0232201320
2322013200
3220132000
2201320003
2013200031
0132000313
1320003131
3200031311
2000313113
0003131130
0031311300
0313113000
3131130000
1311300002
3113000021
1130000210
1300002102
3000021023
0000210232
0002102320
0021023203
0210232030
2102320300
1023203000
0232030001
2320300010
3203000102
2030001020
0300010202
3000102020
0001020201
0010202011
0102020110
1020201101
0202011013
2020110132
0201101321
2011013210
0110132102
1101321022
1013210220
0132102200
1321022003
3210220033
2102200332
1022003321
0220033213
2200332133
2003321331
0033213311
0332133110
3321331102
3213311020
2133110200
1331102000
3311020001
3110200010
1102000100
1020001000
0200010000
2000100003
0001000033
0010000330
0100003303
1000033032
0000330323
0003303232
0033032323
0330323231
3303232313
3032323132
0323231323
3232313232
2323132322
3231323221
2313232211
3132322110
1323221103
3232211033
2322110331
3221103313
2211033133
2110331331
1103313313
1033133132
0331331322
3313313223
3133132232
1331322320
3313223203
3132232032
1322320322
3223203222
2232032221
2320322213
3203222133
2032221331
0322213311
3222133113
2221331131
2213311310
2133113101
1331131010
3311310100
3113101001
1131010010
1310100101
3101001010
1010010103
0100101033
1001010333
0010103332
0101033321
1010333210
0103332102
1033321023
0333210232
3332102321
3321023211
3210232113
2102321132
1023211323
0232113232
2321132323
3211323231
2113232310
1132323102
1323231023
3232310232
2323102322
3231023221
2310232211
3102322110
1023221103
0232211032
2322110320
3221103203
2211032032
2110320320
1103203201
1032032013
0320320131
3203201311
2032013111
0320131111
3201311110
2013111102
0131111022
1311110223
3111102232
1111022320
1110223203
1102232033
1022320330
0223203301
2232033011
2320330111
3203301111
2033011113
0330111131
3301111310
3011113102
0111131021
1111310210
1113102100
1131021000
1310210003
3102100032
1021000321
0210003210
2100032102
1000321021
0003210210
0032102102
0321021020
3210210203
2102102031
1021020311
0210203113
2102031133
1020311331
0203113310
2031133102
0311331021
3113310210
1133102102
1331021021
3310210210
3102102100
1021021002
0210210023
2102100231
1021002313
0210023133
2100231332
1002313323
0023133231
0231332313
2313323131
3133231311
1332313113
3323131131
3231311310
2313113102
3131131021
1311310210
3113102102
1131021021
1310210213
3102102131
1021021311
0210213110
2102131100
1021311002
0213110021
2131100211
1311002111
3110021113
1100211133
1002111331
0021113313
0211133132
2111331321
1113313210
1133132102
1331321021
3313210210
3132102102
1321021021
3210210210
2102102102
1021021021
0210210210
2102102102
1021021022
0210210221
2102102210
1021022102
0210221023
2102210231
1022102310
0221023103
2210231032
2102310321
1023103213
0231032132
2310321321
3103213210
1032132102
0321321021
3213210210
2132102102
1321021021
3210210210
2102102100
1021021001
0210210010
2102100100
1021001001
0210010013
2100100130
1001001301
0010013010
0100130100
1001301002
0013010020
0130100202
1301002023
3010020233
0100202333
1002023333
0020233330
0202333301
2023333010
0233330100
2333301002
3333010020
3330100200
3301002000
3010020001
0100200010
1002000102
0020001021
0200010210
2000102100
0001021002
0010210020
0102100202
1021002021
0210020210
2100202102
1002021023
0020210233
0202102330
2021023301
0210233010
2102330103
1023301031
0233010313
2330103133
3301031331
3010313310
0103133102
1031331021
0313310213
3133102133
1331021333
3310213333
3102133332
1021333321
0213333210
2133332102
1333321021
3333210210
3332102102
3321021021
3210210210
2102102102
1021021021
0210210210
2102102102
1021021021
0210210210
2102102100
1021021001
0210210010
2102100102
1021001021
0210010210
2100102102
1001021021
0010210210
0102102102
1021021021
0210210210
2102102102
1021021021
0210210210
2102102100
1021021001
0210210010
2102100102
1021001021
0210010210
2100102102
1001021021
0010210210
0102102102
1021021021
0210210210
2102102102
1021021021
0210210210
2102102102
1021021021
0210210210
2102102100
1021021001
0210210010
2102100102
1021001021
0210010210
2100102102
1001021021
0010210210
0102102102
1021021021
0210210210
2102102102
1021021021
0210210210
2102102102
1021021021
0210210210
2102102102
1021021021
0210210210
2102102102
1021021021
0210210210
2102102102
1021021021
0210210210
2102102100
1021021001
0210210010
2102100102
1021001021
0210010210
2100102102
1001021021
0010210210
0102102102
1021021021
0210210210
2102102102
1021021021
0210210210
2102102102
1021021021
0210210210
2102102102
1021021021
0210210210
2102102100
1021021001
0210210010
2102100102
1021001021
0210010210
2100102102
1001021021
0010210210
0102102102
1021021021
0210210210
2102102102
1021021021
0210210210
2102102102
1021021021
0210210210
2102102102
1021021021
0210210210
2102102102
1021021021
0210210210
2102102103
1021021031
0210210311
2102103113
1021031132
0210311322
2103113220
1031132200
0311322000
3113220002
1132200021
1322000210
3220002100
2200021002
2000210021
0002100210
0021002100
0210021000
2100210000
1002100002
0021000020
0210000202
2100002021
1000020212
0000202121
0002021211
0020212110
0202121100
2021211001
0212110010
2121100102
1211001021
2110010210
1100102102
1001021021
0010210210
0102102102
1021021021
0210210210
2102102102
1021021021
0210210210
2102102102
1021021021
0210210210
2102102102
1021021021
0210210210
2102102100
1021021001
0210210010
2102100102
1021001021
0210010210
2100102102
1001021021
0010210210
0102102102
1021021021
0210210210
2102102102
1021021021
0210210210
2102102102
1021021021
0210210210
2102102100
1021021001
0210210010
2102100102
1021001021
0210010210
2100102102
1001021021
0010210210
0102102102
1021021021
0210210210
2102102102
1021021021
0210210210
2102102102
1021021021
0210210210
2102102102
1021021021
0210210210
2102102100
1021021001
0210210010
2102100102
1021001021
0210010210
2100102102
1001021021
0010210210
0102102102
1021021021
0210210210
2102102102
1021021021
0210210210
2102102102
1021021021
0210210210
2102102100
1021021001
0210210010
2102100102
1021001021
0210010210
2100102102
1001021021
0010210210
0102102102
1021021021
0210210210
2102102102
1021021021
0210210210
2102102102
1021021021
0210210210
2102102100
1021021001
0210210010
2102100102
1021001021
0210010210
2100102102
1001021023
0010210233
0102102332
1021023322
0210233221
2102332210
1023322102
0233221021
2332210211
3322102111
3221021110
2210211102
2102111021
1021110210
0211102102
2111021021
1110210213
1102102133
1021021332
0210213323
2102133231
1021332313
0213323133
2133231331
1332313311
3323133110
3231331102
2313311021
3133110210
1331102100
3311021001
3110210010
1102100102
1021001021
0210010213
2100102133
1001021331
0010213313
0102133131
1021331311
0213313110
2133131102
1331311020
3313110203
3131102032
1311020321
3110203210
1102032102
1020321021
0203210210
2032102100
0321021001
3210210013
2102100132
1021001321
0210013210
2100132102
1001321021
0013210210
0132102102
1321021021
3210210210
2102102100
1021021001
0210210010
2102100102
1021001021
0210010210
2100102103
1001021031
0010210313
0102103132
1021031321
0210313213
2103132131
1031321310
0313213102
3132131021
1321310211
3213102113
2131021133
1310211331
3102113310
1021133102
0211331021
2113310212
1133102121
1331021211
3310212110
3102121102
1021211022
0212110222
2121102220
1211022201
2110222013
1102220133
1022201330
0222013303
2220133031
2201330313
2013303131
0133031311
1330313110
3303131103
3031311031
0313110311
3131103111
1311031110
3110311101
1103111011
1031110110
0311101102
3111011022
1110110221
1101102211
1011022110
0110221102
1102211022
1022110221
0221102211
2211022112
2110221121
1102211210
1022112101
0221121013
2211210133
2112101331
1121013311
1210133113
2101331132
1013311323
0133113231
1331132311
3311323110
3113231102
1132311023
1323110231
3231102310
2311023101
3110231013
1102310132
1023101321
0231013211
2310132113
3101321131
1013211310
0132113100
1321131002
3211310021
2113100213
1131002132
1310021322
3100213221
1002132213
0021322133
0213221330
2132213300
1322133002
3221330021
2213300211
2133002111
1330021113
3300211132
3002111321
0021113212
0211132122
2111321220
1113212202
1132122020
1321220203
3212202033
2122020331
1220203310
2202033102
2020331021
0203310210
2033102102
0331021023
3310210233
3102102330
1021023303
0210233032
2102330322
1023303220
0233032200
2330322000
3303220002
3032200020
0322000200
3220002002
2200020023
2000200233
0002002330
0020023301
0200233013
2002330132
0023301322
0233013220
2330132202
3301322023
3013220233
0132202331
1322023310
3220233101
2202331010
2023310102
0233101023
2331010230
3310102303
3101023032
1010230322
0102303220
1023032200
0230322002
2303220020
3032200201
0322002010
3220020100
2200201003
2002010032
0020100322
0201003221
2010032210
0100322103
1003221033
0032210330
0322103300
3221033000
2210330001
2103300010
1033000103
0330001032
3300010322
3000103220
0001032202
0010322022
0103220222
1032202221
0322022213
3220222130
2202221302
2022213020
0222130201
2221302011
2213020113
2130201131
1302011310
3020113101
0201131013
2011310130
0113101301
1131013013
1310130130
3101301300
1013013001
0130130010
1301300100
3013001003
0130010033
1300100331
3001003311
0010033113
0100331131
1003311311
0033113113
0331131131
3311311312
3113113120
1131131201
1311312013
3113120130
1131201301
1312013011
3120130113
1201301131
2013011311
0130113113
1301131131
3011311311
0113113113
1131131131
1311311311
3113113110
1131131101
1311311013
3113110133
1131101331
1311013311
3110133110
1101331100
1013311000
0133110002
1331100021
3311000210
3110002103
1100021031
1000210312
0002103121
0021031211
0210312110
2103121101
1031211011
0312110110
3121101100
1211011003
2110110030
1101100300
1011003001
0110030013
1100300131
1003001310
0030013103
0300131031
3001310310
0013103103
0131031033
1310310331
3103103311
1031033110
0310331103
3103311030
1033110300
0331103003
3311030032
3110300320
1103003200
1030032003
0300320032
3003200322
0032003220
0320032201
3200322010
2003220102
0032201023
0322010231
3220102313
2201023133
2010231331
0102313310
1023133102
0231331023
2313310233
3133102331
1331023313
3310233132
3102331320
1023313200
0233132003
2331320032
3313200321
3132003210
1320032100
3200321002
2003210022
0032100220
0321002202
3210022020
2100220202
1002202020
0022020201
0220202010
2202020102
2020201021
0202010213
2020102131
0201021312
2010213123
0102131231
1021312310
0213123101
2131231010
1312310103
3123101032
1231010320
2310103202
3101032022
1010320220
0103202200
1032022000
0320220001
3202200011
2022000112
0220001122
2200011222
2000112222
0001122221
0011222211
0112222113
1122221131
1222211310
2222113101
2221131010
2211310101
2113101010
1131010101
1310101013
3101010131
1010101313
0101013131
1010131313
0101313130
1013131301
0131313012
1313130122
3131301221
1313012211
3130122110
1301221103
3012211032
0122110322
1221103220
2211032202
2110322023
1103220233
1032202333
0322023332
3220233321
2202333210
2023332100
0233321000
2333210003
3332100032
3321000322
3210003221
2100032211
1000322110
0003221102
0032211022
0322110221
3221102213
2211022132
2110221323
1102213232
1022132320
0221323200
2213232000
2132320002
1323200021
3232000210
2320002103
3200021033
2000210333
0002103332
0021033323
0210333232
2103332320
1033323200
0333232002
3332320020
3323200203
3232002033
2320020333
3200203333
2002033332
0020333322
0203333220
2033332201
0333322010
3333220102
3332201023
3322010233
3220102333
2201023333
2010233333
0102333330
1023333300
0233333000
2333330002
3333300021
3333000210
3330002101
3300021011
3000210113
0002101133
0021011330
0210113300
2101133001
1011330010
0113300100
1133001003
1330010032
3300100320
3001003202
0010032021
0100320210
1003202103
0032021032
0320210321
3202103212
2021032123
0210321233
2103212332
1032123322
0321233220
3212332203
2123322032
1233220320
2332203201
3322032011
3220320112
2203201120
2032011200
0320112002
3201120021
2011200210
0112002101
1120021010
1200210102
2002101021
0021010213
0210102131
2101021310
1010213102
0102131023
1021310232
0213102323
2131023231
1310232312
3102323120
1023231202
0232312023
2323120232
3231202321
2312023210
3120232100
1202321000
2023210003
0232100032
2321000321
3210003210
2100032102
1000321022
0003210223
0032102232
0321022322
3210223223
2102232232
1022322321
0223223210
2232232100
2322321001
3223210010
2232100102
2321001023
3210010233
2100102330
1001023302
0010233020
0102330200
1023302000
0233020003
2330200030
3302000301
3020003010
0200030102
2000301021
0003010213
0030102133
0301021333
3010213331
0102133313
1021333130
0213331300
2133313000
1333130002
3331300020
3313000200
3130002001
1300020012
3000200123
0002001232
0020012320
0200123200
2001232001
0012320012
0123200123
1232001231
2320012313
3200123133
2001231331
0012313310
0123133100
1231331002
2313310021
3133100210
1331002100
3310021003
3100210032
1002100320
0021003203
0210032032
2100320320
1003203201
0032032011
0320320111
3203201110
2032011101
0320111013
3201110133
2011101332
0111013321
1110133210
1101332101
1013321010
0133210103
1332101032
3321010321
3210103212
2101032120
1010321201
0103212011
1032120111
0321201113
3212011131
2120111311
1201113112
2011131120
0111311202
1113112021
1131120211
1311202111
3112021110
1120211100
1202111002
2021110021
0211100211
2111002110
1110021103
1100211031
1002110313
0021103131
0211031311
2110313111
1103131110
1031311100
0313111000
3131110001
1311100011
3111000113
1110001131
1100011313
1000113130
0001131300
0011313000
0113130003
1131300031
1313000313
3130003132
1300031322
3000313223
0003132232
0031322323
0313223231
3132232313
1322323130
3223231302
2232313023
2323130232
3231302323
2313023231
3130232310
1302323101
3023231011
0232310110
2323101103
3231011032
2310110323
3101103231
1011032312
0110323120
1103231200
1032312002
0323120020
3231200200
2312002001
3120020010
1200200103
2002001032
0020010323
0200103233
2001032332
0010323322
0103233220
1032332202
0323322020
3233220201
2332202010
3322020103
3220201031
2202010311
2020103111
0201031111
2010311110
0103111101
1031111010
0311110102
3111101020
1111010202
1110102021
1101020213
1010202133
0102021330
1020213301
0202133011
2021330113
0213301131
2133011310
1330113100
3301131000
3011310001
0113100011
1131000111
1310001111
3100011113
1000111130
0001111301
0011113011
0111130110
1111301101
1113011010
1130110101
1301101011
3011010110
0110101100
1101011001
1010110012
0101100122
1011001221
0110012211
1100122111
1001221111
0012211110
0122111102
1221111023
2211110231
2111102310
1111023101
1110231011
1102310111
1023101111
0231011112
2310111120
3101111203
1011112033
0111120330
1111203301
1112033011
1120330111
1203301110
2033011102
0330111022
3301110222
3011102220
0111022201
1110222011
1102220111
1022201113
0222011131
2220111310
2201113102
2011131023
0111310230
1113102300
1131023003
1310230031
3102300310
1023003101
0230031011
2300310111
3003101111
0031011110
0310111102
3101111021
1011110211
0111102110
1111021102
1110211023
1102110232
1021102323
0211023232
2110232321
1102323211
1023232111
0232321110
2323211100
3232111003
2321110032
3211100323
2111003232
1110032322
1100323222
1003232220
0032322202
0323222021
3232220211
2322202110
3222021103
2220211030
2202110301
2021103012
0211030120
2110301200
1103012002
1030120022
0301200221
3012002212
0120022120
1200221201
2002212010
0022120103
0221201033
2212010331
2120103310
1201033102
2010331020
0103310201
1033102010
0331020100
3310201000
3102010003
1020100030
0201000301
2010003010
0100030100
1000301001
0003010010
0030100103
0301001033
3010010331
0100103311
1001033111
0010331110
0103311103
1033111032
0331110323
3311103231
3111032310
1110323103
1103231031
1032310310
0323103102
3231031020
2310310202
3103102020
1031020203
0310202033
3102020332
1020203321
0202033211
2020332111
0203321111
2033211110
0332111100
3321111000
3211110001
2111100013
1111000130
1110001301
1100013012
1000130120
0001301200
0013012003
0130120033
1301200333
3012003333
0120033330
1200333303
2003333030
0033330300
0333303000
3333030000
3330300000
3303000003
3030000032
0300000321
3000003210
0000032102
0000321020
0003210203
0032102032
0321020323
3210203231
2102032310
1020323102
0203231020
2032310201
0323102011
3231020113
2310201131
3102011311
1020113110
0201131103
2011311033
0113110333
1131103330
1311033301
3110333013
1103330133
1033301330
0333013303
3330133032
3301330321
3013303210
0133032100
1330321001
3303210013
3032100131
0321001313
3210013131
2100131310
1001313103
0013131030
0131310300
1313103002
3131030022
1310300221
3103002210
1030022102
0300221022
3002210221
0022102213
0221022130
2210221303
2102213031
1022130310
0221303103
2213031032
2130310322
1303103220
3031032202
0310322023
3103220231
1032202310
0322023103
3220231031
2202310313
2023103132
0231031320
2310313201
3103132010
1031320102
0313201022
3132010221
1320102210
3201022102
2010221023
0102210233
1022102330
0221023300
2210233001
2102330010
1023300101
0233001013
2330010133
3300101330
3001013300
0010133003
0101330032
1013300320
0133003200
1330032000
3300320003
3003200033
0032000333
0320003330
3200033303
2000333030
0003330302
0033303021
0333030213
3330302132
3303021322
3030213223
0302132233
3021322333
0213223330
2132233301
1322333010
3223330101
2233301012
2333010122
3330101220
3301012201
3010122010
0101220103
1012201033
0122010333
1220103332
2201033321
2010333213
0103332133
1033321330
0333213301
3332133013
3321330133
3213301331
2133013310
1330133102
3301331022
3013310221
0133102212
1331022122
3310221220
3102212200
1022122003
0221220032
2212200321
2122003210
1220032102
2200321021
2003210210
0032102100
0321021001
3210210013
2102100133
1021001332
0210013322
2100133220
1001332200
0013322002
0133220020
1332200200
3322002003
3220020032
2200200321
2002003210
0020032102
0200321023
2003210232
0032102321
0321023212
3210232123
2102321231
1023212310
0232123103
2321231030
3212310300
2123103003
1231030031
2310300313
3103003130
1030031300
0300313002
3003130021
0031300211
0313002113
3130021132
1300211321
3002113210
0021132101
0211321010
2113210100
1132101000
1321010003
3210100032
2101000323
1010003233
0100032333
1000323331
0003233312
0032333123
0323331233
3233312331
2333123312
3331233120
3312331202
3123312023
1233120230
2331202302
3312023020
3120230200
1202302000
2023020000
0230200003
2302000032
3020000323
0200003233
2000032330
0000323300
0003233000
0032330002
0323300022
3233000220
2330002202
3300022021
3000220210
0002202102
0022021023
0220210232
2202102323
2021023232
0210232322
2102323220
1023232201
0232322013
2323220132
3232201323
2322013232
3220132322
2201323220
2013232203
0132322032
1323220320
3232203200
2322032002
3220320023
2203200230
2032002302
0320023020
3200230200
2002302003
0023020030
0230200301
2302003011
3020030110
0200301102
2003011020
0030110200
0301102002
3011020021
0110200212
1102002120
1020021200
0200212002
2002120022
0021200223
0212002231
2120022310
1200223101
2002231010
0022310100
0223101000
2231010000
2310100002
3101000020
1010000203
0100002030
1000020300
0000203001
0002030010
0020300102
0203001022
2030010220
0300102200
3001022002
0010220021
0102200211
1022002111
0220021110
2200211100
2002111001
0021110011
0211100113
2111001133
1110011330
1100113302
1001133023
0011330230
0113302300
1133023000
1330230000
3302300000
3023000000
0230000003
2300000030
3000000303
0000003030
0000030301
0000303011
0003030111
0030301110
0303011101
3030111011
0301110110
3011101102
0111011023
1110110233
1101102333
1011023330
0110233302
1102333022
1023330221
0233302213
2333022130
3330221301
3302213012
3022130122
0221301220
2213012202
2130122021
1301220210
3012202102
0122021021
1220210213
2202102131
2021021313
0210213133
2102131330
1021313300
0213133003
2131330032
1313300321
3133003211
1330032110
3300321102
3003211023
0032110233
0321102333
3211023332
2110233321
1102333210
1023332102
0233321022
2333210221
3332102213
3321022132
3210221321
2102213211
1022132113
0221321133
2213211332
2132113322
1321133221
3211332210
2113322102
1133221020
1332210202
3322102020
3221020202
2210202021
2102020210
1020202102
0202021023
2020210233
0202102333
2021023330
0210233301
2102333011
1023330113
0233301133
2333011333
3330113332
3301133321
3011333213
0113332130
1133321300
1333213002
3332130023
3321300230
3213002300
2130023001
1300230011
3002300111
0023001113
0230011132
2300111322
3001113220
0011132201
0111322013
1113220132
1132201320
1322013203
3220132031
2201320310
2013203100
0132031003
1320310030
3203100300
2031003001
0310030012
3100300121
1003001210
0030012103
0300121031
3001210311
0012103110
0121031102
1210311023
2103110232
1031102322
0311023221
3110232211
1102322113
1023221131
0232211311
2322113113
3221131132
2211311321
2113113210
1131132102
1311321022
3113210221
1132102211
1321022112
3210221123
2102211231
1022112311
0221123110
2211231101
2112311012
1123110120
1231101200
2311012002
3110120020
1101200201
1012002011
0120020113
1200201131
2002011310
0020113100
0201131001
2011310012
0113100122
1131001221
1310012213
3100122131
1001221311
0012213111
0122131113
1221311132
2213111322
2131113220
1311132201
3111322011
1113220110
1132201101
1322011010
3220110103
2201101033
2011010332
0110103320
1101033201
1010332010
0103320102
1033201021
0332010210
3320102100
3201021001
2010210012
0102100122
1021001222
0210012220
2100122200
1001222001
0012220010
0122200102
1222001021
2220010210
2200102102
2001021023
0010210231
0102102311
1021023110
0210231102
2102311022
1023110221
0231102213
2311022132
3110221321
1102213213
1022132131
0221321310
2213213101
2132131011
1321310113
3213101131
2131011310
1310113102
3101131021
1011310211
0113102110
1131021101
1310211010
3102110101
1021101010
0211010103
2110101030
1101010301
1010103010
0101030103
1010301033
0103010331
1030103310
0301033100
3010331003
0103310031
1033100311
0331003110
3310031103
3100311032
1003110323
0031103231
0311032310
3110323100
1103231000
1032310002
0323100020
3231000200
2310002002
3100020020
1000200202
0002002021
0020020211
0200202110
2002021102
0020211023
0202110232
2021102320
0211023203
2110232033
1102320332
1023203321
0232033210
2320332102
3203321020
2033210200
0332102002
3321020020
3210200203
2102002032
1020020320
0200203200
2002032002
0020320020
0203200201
2032002013
0320020132
3200201321
2002013211
0020132111
0201321112
2013211120
0132111203
1321112032
3211120323
2111203231
1112032311
1120323113
1203231133
2032311330
0323113302
3231133023
2311330232
3113302320
1133023201
1330232010
3302320100
3023201001
0232010010
2320100102
3201001021
2010010213
0100102130
1001021300
0010213003
0102130031
1021300310
0213003101
2130031010
1300310102
3003101023
0031010231
0310102311
3101023110
1010231102
0102311020
1023110200
0231102003
2311020033
3110200330
1102003302
1020033020
0200330200
2003302002
0033020020
0330200203
3302002032
3020020320
0200203201
2002032010
0020320102
0203201020
2032010202
0320102020
3201020200
2010202000
0102020003
1020200033
0202000332
2020003320
0200033200
2000332002
0003320020
0033200200
0332002002
3320020020
3200200202
2002002021
0020020211
0200202113
2002021133
0020211333
0202113330
2021133303
0211333031
2113330313
1133303132
1333031320
3330313200
3303132002
3031320020
0313200203
3132002031
1320020313
3200203132
2002031322
0020313220
0203132200
2031322003
0313220032
3132200320
1322003202
3220032020
2200320200
2003202001
0032020013
0320200132
3202001320
2020013201
0200132013
2001320133
0013201332
0132013323
1320133232
3201332321
2013323210
0133232100
1332321001
3323210011
3232100113
2321001131
3210011310
2100113101
1001131010
0011310100
0113101003
1131010032
1310100320
3101003200
1010032002
0100320022
1003200222
0032002220
0320022201
3200222010
2002220103
0022201030
0222010303
2220103031
2201030310
2010303101
0103031013
1030310132
0303101320
3031013201
0310132011
3101320113
1013201133
0132011331
1320113310
3201133103
2011331030
0113310300
1133103001
1331030011
3310300110
3103001101
1030011013
0300110131
3001101311
0011013110
0110131101
1101311010
1013110100
0131101001
1311010011
3110100110
1101001103
1010011032
0100110320
1001103200
0011032003
0110320030
1103200303
1032003033
0320030333
3200303332
2003033320
0030333201
0303332010
3033320100
0333201000
3332010003
3320100033
3201000333
2010003333
0100033333
1000333330
0003333301
0033333013
0333330132
3333301323
3333013232
3330132320
3301323201
3013232013
0132320130
1323201303
3232013033
2320130333
3201303330
2013033303
0130333033
1303330330
3033303300
0333033002
3330330021
3303300210
3033002103
0330021032
3300210322
3002103220
0021032203
0210322030
2103220300
1032203000
0322030002
3220300022
2203000220
2030002202
0300022020
3000220201
0002202010
0022020102
0220201021
2202010211
2020102111
0201021113
2010211130
0102111300
1021113000
0211130002
2111300022
1113000220
1130002200
1300022001
3000220013
0002200133
0022001330
0220013301
2200133013
2001330130
0013301300
0133013002
1330130021
3301300211
3013002110
0130021102
1300211021
3002110211
0021102111
0211021113
2110211133
1102111333
1021113332
0211133322
2111333222
1113332220
1133322203
1333222033
3332220331
3322203310
3222033102
2220331023
2203310230
2033102301
0331023013
3310230130
3102301300
1023013001
0230130010
2301300102
3013001022
0130010221
1300102210
3001022100
0010221000
0102210003
1022100033
0221000332
2210003321
2100033213
1000332133
0003321332
0033213323
0332133233
3321332333
3213323333
2133233331
1332333313
3323333131
3233331311
2333313113
3333131131
3331311313
3313113133
3131131333
1311313331
3113133311
1131333111
1313331113
3133311131
1333111313
3331113133
3311131331
3111313311
1113133113
1131331131
1313311313
3133113131
1331131313
3311313133
3113131333
1131313331
1313133313
3131333131
1313331313
3133313131
1333131313
3331313131
3313131313
3131313131
1313131313
3131313131
1313131313
3131313131
1313131313
3131313131
1313131313
3131313133
1313131333
3131313331
1313133311
3131333111
1313331113
3133311131
1333111313
3331113131
3311131313
3111313131
1113131313
1131313131
1313131313
3131313131
1313131313
3131313133
1313131333
3131313331
1313133312
3131333123
1313331233
3133312333
1333123333
3331233333
3312333333
3123333333
1233333333
2333333330
3333333302
3333333020
3333330200
3333302000
3333020000
3330200000
3302000000
3020000000
0200000001
2000000010
0000000101
0000001010
0000010100
0000101000
0001010000
0010100000
0101000001
1010000013
0100000132
1000001320
0000013203
0000132033
0001320333
0013203333
0132033331
1320333313
3203333133
2033331332
0333313322
3333133220
3331332200
3313322000
3133220000
1332200000
3322000000
3220000000
2200000000
2000000000
0000000000
0000000000
0000000002
0000000020
0000000200
0000002001
0000020013
0000200132
0002001323
0020013233
0200132331
2001323313
0013233133
0132331333
1323313331
3233133313
2331333130
3313331303
3133313030
1333130300
3331303003
3313030032
3130300322
1303003222
3030032223
0300322233
3003222333
0032223332
0322233321
3222333211
2223332111
2233321110
2333211103
3332111033
3321110333
3211103330
2111033300
1110333000
1103330000
1033300003
0333000032
3330000323
3300003232
3000032322
0000323221
0003232213
0032322131
0323221313
3232213133
2322131330
3221313300
2213133002
2131330022
1313300222
3133002223
1330022233
3300222331
3002223310
0022233103
0222331032
2223310320
2233103200
2331032000
3310320003
3103200032
1032000320
0320003201
3200032013
2000320132
0003201320
0032013200
0320132003
3201320030
2013200303
0132003032
1320030320
3200303202
2003032022
0030320220
0303202203
3032022030
0320220301
3202203010
2022030103
0220301032
2203010323
2030103231
0301032311
3010323113
0103231132
1032311323
0323113230
3231132302
2311323020
3113230200
1132302000
1323020002
3230200021
2302000210
3020002100
0200021000
2000210001
0002100012
0021000121
0210001212
2100012121
1000121211
0001212113
0012121131
0121211310
1212113103
2121131030
1211310303
2113103030
1131030301
1310303013
3103030132
1030301321
0303013211
3030132110
0301321100
3013211000
0132110000
1321100000
3211000003
2110000030
1100000302
1000003023
0000030232
0000302323
0003023233
0030232330
0302323302
3023233023
0232330233
2323302333
3233023331
2330233310
3302333103
3023331030
0233310300
2333103000
3331030003
3310300032
3103000323
1030003232
0300032320
3000323200
0003232003
0032320033
0323200333
3232003333
2320033331
3200333311
2003333110
0033331102
0333311021
3333110210
3331102103
3311021033
3110210331
1102103310
1021033102
0210331023
2103310230
1033102302
0331023023
3310230233
3102302332
1023023323
0230233230
2302332300
3023323003
0233230032
2332300323
3323003233
3230032330
2300323302
3003233020
0032330200
0323302000
3233020001
2330200010
3302000100
3020001003
0200010033
2000100332
0001003321
0010033213
0100332132
1003321322
0033213223
0332132231
3321322310
3213223100
2132231002
1322310023
3223100233
2231002333
2310023332
3100233320
1002333201
0023332013
0233320133
2333201332
3332013323
3320133233
3201332332
2013323321
0133233213
1332332130
3323321303
3233213033
2332130332
3321303323
3213033233
2130332333
1303323333
3033233333
0332333330
3323333300
3233333003
2333330033
3333300333
3333003332
3330033321
3300333210
3003332101
0033321010
0333210102
3332101022
3321010220
3210102202
2101022023
1010220230
0102202302
1022023023
0220230230
2202302303
2023023031
0230230310
2302303102
3023031020
0230310200
2303102000
3031020003
0310200033
3102000330
1020003302
0200033023
2000330232
0003302323
0033023231
0330232310
3302323101
3023231013
0232310132
2323101321
3231013213
2310132133
3101321332
1013213323
0132133230
1321332303
3213323031
2133230313
1332303130
3323031302
3230313021
2303130213
3031302132
0313021320
3130213200
1302132003
3021320033
0213200333
2132003333
1320033330
3200333300
2003333000
0033330001
0333300010
3333000100
3330001001
3300010010
3000100102
0001001020
0010010200
0100102001
1001020010
0010200103
0102001033
1020010330
0200103302
2001033023
0010330233
0103302333
1033023333
0330233333
3302333333
3023333330
0233333303
2333333032
3333330323
3333303233
3333032332
3330323322
3303233223
3032332232
0323322321
3233223211
2332232110
3322321101
3223211011
2232110110
2321101100
3211011001
2110110013
1101100132
1011001323
0110013230
1100132300
1001323000
0013230003
0132300032
1323000320
3230003201
2300032010
3000320103
0003201030
0032010300
0320103002
3201030023
2010300233
0103002330
1030023302
0300233023
3002330233
0023302330
0233023303
2330233033
3302330330
3023303301
0233033010
2330330100
3303301000
3033010000
0330100001
3301000010
3010000101
0100001010
1000010102
0000101023
0001010230
0010102300
0101023003
1010230033
0102300330
1023003302
0230033020
2300330201
3003302013
0033020132
0330201323
3302013233
3020132332
0201323321
2013233210
0132332100
1323321001
3233210011
2332100110
3321001103
3210011031
2100110313
1001103130
0011031300
0110313000
1103130000
1031300001
0313000011
3130000113
1300001133
3000011330
0000113302
0001133022
0011330221
0113302213
1133022133
1330221331
3302213311
3022133110
0221331102
2213311023
2133110231
1331102313
3311023132
3110231323
1102313232
1023132321
0231323213
2313232132
3132321323
1323213233
3232132330
2321323302
3213233023
2132330232
1323302323
3233023233
2330232330
3302323300
3023233002
0232330020
2323300203
3233002032
2330020323
3300203230
3002032300
0020323000
0203230002
2032300023
0323000232
3230002321
2300023210
3000232100
0002321003
0023210031
0232100311
2321003113
3210031130
2100311300
1003113002
0031130021
0311300213
3113002130
1130021300
1300213001
3002130010
0021300103
0213001033
2130010330
1300103303
3001033031
0010330313
0103303132
1033031323
0330313232
3303132321
3031323210
0313232100
3132321002
1323210021
3232100210
2321002101
3210021011
2100210110
1002101103
0021011030
0210110302
2101103020
1011030200
0110302000
1103020001
1030200010
0302000103
3020001033
0200010333
2000103332
0001033321
0010333210
0103332103
1033321030
0333210303
3332103031
3321030313
3210303132
2103031321
1030313210
0303132103
3031321030
0313210300
3132103000
1321030003
3210300031
2103000313
1030003133
0300031330
3000313301
0003133010
0031330100
0313301001
3133010013
1330100132
3301001323
3010013230
0100132301
1001323013
0013230131
0132301313
1323013133
3230131333
2301313330
3013133301
0131333011
1313330113
3133301131
1333011311
3330113113
3301131133
3011311332
0113113323
1131133232
1311332320
3113323203
1133232030
1332320300
3323203000
3232030002
2320300021
3203000213
2030002133
0300021333
3000213332
0002133323
0021333231
0213332313
2133323130
1333231301
3332313011
3323130113
3231301132
2313011321
3130113210
1301132100
3011321000
0113210001
1132100010
1321000101
3210001010
2100010102
1000101023
0001010231
0010102310
0101023100
1010231000
0102310002
1023100022
0231000221
2310002213
3100022130
1000221301
0002213010
0022130102
0221301021
2213010213
2130102132
1301021321
3010213210
0102132100
1021321000
0213210001
2132100011
1321000110
3210001100
2100011000
1000110002
0001100021
0011000211
0110002110
1100021100
1000211001
0002110013
0021100131
0211001313
2110013130
1100131300
1001313001
0013130011
0131300110
1313001103
3130011032
1300110322
3001103221
0011032211
0110322110
1103221100
1032211002
0322110020
3221100202
2211002021
2110020213
1100202131
1002021310
0020213100
0202131002
2021310022
0213100220
2131002201
1310022010
3100220102
1002201020
0022010200
0220102002
2201020021
2010200210
0102002102
1020021021
0200210211
2002102110
0021021101
0210211010
2102110103
1021101032
0211010321
2110103213
1101032133
1010321333
0103213332
1032133322
0321333223
3213332231
2133322310
1333223102
3332231021
3322310211
3223102113
2231021133
2310211331
3102113313
1021133132
0211331323
2113313230
1133132300
1331323001
3313230013
3132300133
1323001331
3230013310
2300133100
3001331003
0013310033
0133100330
1331003302
3310033023
3100330230
1003302301
0033023010
0330230100
3302301000
3023010002
0230100022
2301000220
3010002200
0100022001
1000220011
0002200113
0022001133
0220011333
2200113333
2001133331
0011333311
0113333110
1133331103
1333311032
3333110320
3331103200
3311032001
3110320013
1103200130
1032001301
0320013011
3200130113
2001301132
0013011321
0130113213
1301132132
3011321323
0113213233
1132132333
1321323333
3213233331
2132333313
1323333132
3233331320
2333313203
3333132032
3331320320
3313203201
3132032011
1320320113
3203201131
2032011313
0320113132
3201131322
2011313222
0113132220
1131322203
1313222031
3132220313
1322203133
3222031333
2220313333
2203133331
2031333310
0313333103
3133331033
1333310333
3333103330
3331033302
3310333021
3103330211
1033302111
0333021113
3330211130
3302111300
3021113000
0211130001
2111300010
1113000100
1130001000
1300010002
3000100020
0001000200
0010002000
0100020003
1000200030
0002000300
0020003000
0200030003
2000300030
0003000303
0030003032
0300030320
3000303201
0003032010
0030320100
0303201000
3032010000
0320100000
3201000001
2010000011
0100000110
1000001101
0000011010
0000110100
0001101001
0011010013
0110100130
1101001300
1010013000
0100130000
1001300000
0013000000
0130000002
1300000023
3000000233
0000002330
0000023300
0000233003
0002330033
0023300331
0233003310
2330033102
3300331023
3003310231
0033102310
0331023101
3310231010
3102310102
1023101020
0231010202
2310102023
3101020230
1010202300
0102023003
1020230031
0202300313
2023003133
0230031331
2300313313
3003133132
0031331320
0313313202
3133132022
1331320221
3313202213
3132022130
1320221300
3202213000
2022130000
0221300002
2213000023
2130000231
1300002311
3000023110
0000231103
0002311031
0023110313
0231103130
2311031300
3110313000
1103130003
1031300030
0313000301
3130003010
1300030100
3000301003
0003010032
0030100320
0301003200
3010032002
0100320020
1003200203
0032002033
0320020333
3200203332
2002033321
0020333213
0203332133
2033321333
0333213331
3332133310
3321333103
3213331033
2133310330
1333103300
3331033000
3310330002
3103300020
1033000201
0330002010
3300020102
3000201020
0002010202
0020102022
0201020223
2010202232
0102022320
1020223202
0202232022
2022320220
0223202201
2232022010
2320220100
3202201000
2022010000
0220100003
2201000031
2010000311
0100003112
1000031121
0000311210
0003112102
0031121023
0311210232
3112102322
1121023220
1210232200
2102322002
1023220023
0232200230
2322002300
3220023003
2200230032
2002300320
0023003203
0230032030
2300320303
3003203032
0032030321
0320303213
3203032130
2030321302
0303213020
3032130200
0321302000
3213020002
2130200021
1302000210
3020002100
0200021001
2000210010
0002100100
0021001000
0210010003
2100100032
1001000323
0010003232
0100032322
1000323220
0003232203
0032322031
0323220310
3232203101
2322031013
3220310132
2203101320
2031013201
0310132011
3101320110
1013201100
0132011000
1320110000
3201100001
2011000012
0110000120
1100001203
1000012033
0000120330
0001203303
0012033032
0120330323
1203303230
2033032301
0330323013
3303230133
3032301332
0323013320
3230133203
2301332032
3013320321
0133203210
1332032100
3320321000
3203210003
2032100032
0321000321
3210003210
2100032102
1000321020
0003210203
0032102033
0321020332
3210203321
2102033210
1020332103
0203321030
2033210303
0332103033
3321030332
3210303323
2103033233
1030332330
0303323303
3033233030
0332330303
3323303030
3233030303
2330303030
3303030303
3030303030
0303030302
3030303023
0303030230
3030302301
0303023010
3030230103
0302301033
3023010332
0230103323
2301033232
3010332323
0103323233
1033232333
0332323333
3323233333
3232333332
2323333323
3233333233
2333332333
3333323333
3333233331
3332333311
3323333113
3233331130
2333311301
3333113010
3331130103
3311301033
3113010331
1130103310
1301033102
3010331023
0103310231
1033102310
0331023102
3310231023
3102310233
1023102330
0231023303
2310233033
3102330333
1023303333
0233033331
2330333310
3303333100
3033331003
0333310032
3333100322
3331003223
3310032232
3100322320
1003223202
0032232023
0322320232
3223202323
2232023230
2320232303
3202323032
2023230323
0232303233
2323032332
3230323321
2303233213
3032332130
0323321302
3233213020
2332130200
3321302002
3213020020
2130200203
1302002032
3020020323
0200203231
2002032313
0020323133
0203231332
2032313323
0323133230
3231332303
2313323032
3133230322
1332303223
3323032231
3230322313
2303223133
3032231330
0322313300
3223133003
2231330031
2313300313
3133003133
1330031333
3300313332
3003133323
0031333233
0313332332
3133323323
1333233232
3332332323
3323323230
3233232301
2332323013
3323230130
3232301303
2323013033
3230130333
2301303333
3013033333
0130333333
1303333333
3033333330
0333333303
3333333030
3333330302
3333303023
3333030231
3330302313
3303023133
3030231330
0302313300
3023133002
0231330023
2313300233
3133002330
1330023303
3300233030
3002330300
0023303003
0233030032
2330300320
3303003200
3030032000
0300320000
3003200000
0032000000
0320000000
3200000001
2000000010
0000000100
0000001000
0000010000
0000100000
0001000002
0010000023
0100000230
1000002302
0000023022
0000230220
0002302200
0023022001
0230220011
2302200110
3022001100
0220011000
2200110001
2001100010
0011000103
0110001030
1100010300
1000103000
0001030000
0010300002
0103000022
1030000223
0300002231
3000022313
0000223130
0002231302
0022313023
0223130230
2231302300
2313023000
3130230002
1302300021
3023000211
0230002110
2300021100
3000211000
0002110000
0021100000
0211000003
2110000033
1100000330
1000003300
0000033003
0000330033
0003300333
0033003331
0330033310
3300333103
3003331030
0033310303
0333103033
3331030332
3310303320
3103033203
1030332033
0303320333
3033203333
0332033330
3320333300
3203333000
2033330002
0333300023
3333000232
3330002320
3300023203
3000232031
0002320313
0023203130
0232031302
2320313021
3203130213
2031302132
0313021320
3130213202
1302132023
3021320233
0213202333
2132023333
1320233333
3202333330
2023333301
0233333010
2333330101
3333301013
3333010132
3330101320
3301013200
3010132000
0101320002
1013200021
0132000210
1320002100
3200021000
2000210002
0002100020
0021000203
0210002033
2100020330
1000203303
0002033030
0020330302
0203303021
2033030210
0330302100
3303021003
3030210033
0302100332
3021003323
0210033230
2100332302
1003323023
0033230231
0332302311
3323023110
3230231103
2302311032
3023110322
0231103223
2311032230
3110322303
1103223033
1032230333
0322303330
3223033303
2230333033
2303330333
3033303333
0333033331
3330333310
3303333102
3033331023
0333310231
3333102310
3331023100
3310231000
3102310001
1023100011
0231000110
2310001100
3100011000
1000110002
0001100023
0011000233
0110002330
1100023301
1000233010
0002330103
0023301030
0233010303
2330103030
3301030300
3010303003
0103030033
1030300331
0303003313
3030033132
0300331321
3003313211
0033132113
0331321131
3313211313
3132113132
1321131321
3211313213
2113132133
1131321330
1313213303
3132133030
1321330301
3213303012
2133030122
1330301222
3303012220
3030122203
0301222030
3012220303
0122203033
1222030330
2220303300
2203033001
2030330010
0303300101
3033001013
0330010130
3300101300
3001013001
0010130010
0101300100
1013001003
0130010030
1300100301
3001003010
0010030101
0100301013
1003010131
0030101311
0301013111
3010131113
0101311133
1013111331
0131113310
1311133100
3111331000
1113310002
1133100020
1331000201
3310002013
3100020133
1000201332
0002013321
0020133212
0201332121
2013321210
0133212102
1332121022
3321210221
3212102211
2121022110
1210221100
2102211000
1022110003
0221100033
2211000332
2110003323
1100033233
1000332332
0003323322
0033233220
0332332200
3323322003
3233220032
2332200321
3322003213
3220032132
2200321322
2003213223
0032132233
0321322333
3213223333
2132233331
1322333313
3223333133
2233331332
2333313320
3333133201
3331332010
3313320100
3133201001
1332010013
3320100131
3201001311
2010013110
0100131100
1001311000
0013110001
0131100011
1311000111
3110001111
1100011110
1000111100
0001111000
0011110000
0111100001
1111000013
1110000130
1100001303
1000013032
0000130320
0001303203
0013032030
0130320300
1303203003
3032030032
0320300321
3203003210
2030032103
0300321033
3003210330
0032103303
0321033032
3210330322
2103303223
1033032232
0330322323
3303223230
3032232300
0322323003
3223230033
2232300332
2323003320
3230033200
2300332002
3003320020
0033200203
0332002030
3320020302
3200203021
2002030210
0020302103
0203021030
2030210302
0302103023
3021030231
0210302310
2103023102
1030231020
0302310203
3023102032
0231020323
2310203233
3102032333
1020323332
0203233321
2032333213
0323332133
3233321330
2333213300
3332133000
3321330000
3213300001
2133000011
1330000113
3300001130
3000011302
0000113020
0001130200
0011302000
0113020001
1130200013
1302000133
3020001333
0200013330
2000133301
0001333012
0013330123
0133301232
1333012323
3330123233
3301232332
3012323321
0123233213
1232332133
2323321333
3233213333
2332133331
3321333310
3213333103
2133331032
1333310323
3333103232
3331032321
3310323213
3103232132
1032321323
0323213232
3232132321
2321323211
3213232110
2132321100
1323211002
3232110023
2321100231
3211002313
2110023133
1100231332
1002313320
0023133203
0231332030
2313320300
3133203003
1332030030
3320300301
3203003013
2030030133
0300301333
3003013333
0030133333
0301333331
3013333311
0133333111
1333331111
3333311111
3333111110
3331111100
3311111001
3111110011
1111100110
1111001100
1110011002
1100110022
1001100222
0011002220
0110022201
1100222011
1002220113
0022201131
0222011310
2220113103
2201131030
2011310300
0113103001
1131030011
1310300113
3103001132
1030011320
0300113201
3001132013
0011320130
0113201303
1132013032
1320130322
3201303223
2013032233
0130322330
1303223303
3032233033
0322330332
3223303321
2233033213
2330332133
3303321333
3033213330
0332133301
3321333010
3213330100
2133301000
1333010001
3330100010
3301000102
3010001023
0100010233
1000102333
0001023333
0010233332
0102333320
1023333201
0233332010
2333320102
3333201020
3332010200
3320102002
3201020022
2010200223
0102002232
1020022322
0200223221
2002232213
0022322132
0223221321
2232213213
2322132130
3221321302
2213213020
2132130202
1321302021
3213020213
2130202133
1302021330
3020213300
0202133001
2021330010
0213300103
2133001030
1330010303
3300103032
3001030323
0010303230
0103032301
1030323011
0303230110
3032301102
0323011023
3230110233
2301102331
3011023311
0110233110
1102331103
1023311032
0233110323
2331103232
3311032320
3110323203
1103232032
1032320322
0323203220
3232032202
2320322021
3203220213
2032202132
0322021322
3220213223
2202132233
2021322331
0213223313
2132233133
1322331332
3223313321
2233133210
2331332100
3313321000
3133210001
1332100013
3321000130
3210001300
2100013002
1000130021
0001300213
0013002131
0130021310
1300213103
3002131031
0021310312
0213103123
2131031233
1310312333
3103123330
1031233303
0312333033
3123330331
1233303313
2333033133
3330331333
3303313332
3033133321
0331333213
3313332132
3133321320
1333213200
3332132002
3321320023
3213200231
2132002310
1320023102
3200231021
2002310210
0023102100
0231021000
2310210003
3102100030
1021000302
0210003020
2100030202
1000302023
0003020233
0030202330
0302023302
3020233020
0202330202
2023302020
0233020202
2330202020
3302020203
3020202030
0202020301
2020203011
0202030111
2020301110
0203011102
2030111023
0301110231
3011102310
0111023103
1110231031
1102310313
1023103130
0231031303
2310313031
3103130310
1031303101
0313031010
3130310101
1303101011
3031010110
0310101100
3101011000
1010110003
0101100030
1011000300
0110003000
1100030000
1000300002
0003000022
0030000220
0300002201
3000022010
0000220103
0002201030
0022010300
0220103001
2201030012
2010300122
0103001221
1030012213
0300122133
3001221333
0012213331
0122133310
1221333100
2213331000
2133310000
1333100002
3331000022
3310000222
3100002223
1000022233
0000222333
0002223333
0022233331
0222333311
2223333111
2233331110
2333311101
3333111013
3331110133
3311101330
3111013301
1110133011
1101330111
1013301110
0133011100
1330111000
3301110000
3011100002
0111000022
1110000221
1100002213
1000022133
0000221333
0002213331
0022133313
0221333132
2213331320
2133313200
1333132000
3331320002
3313200021
3132000213
1320002133
3200021331
2000213313
0002133130
0021331301
0213313011
2133130113
1331301131
3313011313
3130113132
1301131321
3011313213
0113132130
1131321300
1313213000
3132130000
1321300000
3213000000
2130000000
1300000000
3000000000
0000000000
0000000000
0000000000
0000000000
0000000002
0000000020
0000000200
0000002000
0000020000
0000200000
0002000000
0020000000
0200000000
2000000000
0000000002
0000000020
0000000200
0000002000
0000020000
0000200000
0002000000
0020000000
0200000000
2000000002
0000000020
0000000200
0000002000
0000020000
0000200000
0002000000
0020000000
0200000000
2000000000
0000000000
0000000002
0000000020
0000000200
0000002000
0000020000
0000200000
0002000000
0020000000
0200000003
2000000033
0000000330
0000003302
0000033020
0000330200
0003302001
0033020010
0330200100
3302001003
3020010033
0200100330
2001003303
0010033032
0100330322
1003303221
0033032210
0330322102
3303221020
3032210203
0322102033
3221020332
2210203321
2102033210
1020332103
0203321032
2033210320
0332103200
3321032000
3210320001
2103200012
1032000123
0320001232
3200012320
2000123202
0001232020
0012320200
0123202001
1232020012
2320200123
3202001231
2020012310
0200123101
2001231010
0012310102
0123101023
1231010230
2310102300
3101023001
1010230013
0102300132
1023001321
0230013213
2300132130
3001321301
0013213013
0132130133
1321301333
3213013333
2130133331
1301333310
3013333103
0133331033
1333310330
3333103303
3331033032
3310330323
3103303233
1033032333
0330323332
3303233323
3032333231
0323332313
3233323133
2333231333
3332313332
3323133322
3231333222
2313332223
3133322231
1333222310
3332223103
3322231032
3222310322
2223103223
2231032231
2310322310
3103223100
1032231001
0322310012
3223100120
2231001200
2310012001
3100120013
1001200132
0012001322
0120013220
1200132200
2001322002
0013220023
0132200233
1322002333
3220023330
2200233301
2002333010
0023330102
0233301023
2333010230
3330102303
3301023032
3010230322
0102303221
1023032210
0230322103
2303221031
3032210310
0322103100
3221031000
2210310002
2103100022
1031000220
0310002200
3100022000
1000220002
0002200020
0022000203
0220002033
2200020332
2000203322
0002033223
0020332230
0203322303
2033223033
0332230332
3322303323
3223033232
2230332320
2303323200
3033232002
0332320022
3323200220
3232002203
2320022032
3200220322
2002203223
0022032232
0220322323
2203223231
2032232311
0322323110
3223231102
2232311021
2323110211
3231102110
2311021103
3110211031
1102110313
1021103130
0211031302
2110313022
1103130222
1031302223
0313022231
3130222311
1302223113
3022231130
0222311301
2223113013
2231130132
2311301323
3113013230
1130132300
1301323002
3013230022
0132300220
1323002203
3230022033
2300220330
3002203303
0022033031
0220330313
2203303132
2033031320
0330313200
3303132000
3031320002
0313200022
3132000222
1320002220
3200022200
2000222000
0002220000
0022200003
0222000032
2220000322
2200003222
2000032223
0000322231
0003222313
0032223133
0322231333
3222313331
2223133311
2231333112
2313331122
3133311223
1333112230
3331122301
3311223012
3112230123
1122301233
1223012333
2230123331
2301233310
3012333100
0123331000
1233310002
2333100022
3331000221
3310002213
3100022133
1000221333
0002213332
0022133320
0221333203
2213332032
2133320322
1333203220
3332032201
3320322013
3203220132
2032201322
0322013220
3220132200
2201322002
2013220023
0132200230
1322002300
3220023001
2200230013
2002300132
0023001323
0230013232
2300132320
3001323202
0013232020
0132320202
1323202022
3232020223
2320202232
3202022323
2020223230
0202232301
2022323013
0223230130
2232301303
2323013031
3230130310
2301303102
3013031022
0130310220
1303102202
3031022022
0310220222
3102202223
1022022232
0220222322
2202223221
2022232211
0222322113
2223221130
2232211300
2322113002
3221130020
2211300201
2113002013
1130020130
1300201301
3002013010
0020130100
0201301003
2013010032
0130100321
1301003213
3010032130
0100321300
1003213000
0032130002
0321300023
3213000230
2130002303
1300023032
3000230321
0002303210
0023032103
0230321030
2303210301
3032103011
0321030113
3210301131
2103011310
1030113102
0301131023
3011310233
0113102330
1131023301
1310233010
3102330100
1023301000
0233010000
2330100001
3301000013
3010000133
0100001333
1000013332
0000133322
0001333220
0013332200
0133322000
1333220002
3332200022
3322000220
3220002200
2200022002
2000220023
0002200231
0022002313
0220023131
2200231310
2002313102
0023131021
0231310211
2313102110
3131021101
1310211010
3102110102
1021101020
0211010200
2110102003
1101020032
1010200321
0102003210
1020032103
0200321030
2003210303
0032103030
0321030301
3210303011
2103030113
1030301132
0303011323
3030113230
0301132302
3011323020
0113230202
1132302023
1323020233
3230202333
2302023333
3020233332
0202333321
2023333210
0233332103
2333321032
3333210322
3332103222
3321032223
3210322233
2103222333
1032223333
0322233330
3222333303
2223333030
2233330303
2333303032
3333030320
3330303200
3303032003
3030320030
0303200301
3032003010
0320030100
3200301003
2003010033
0030100333
0301003333
3010033330
0100333300
1003333000
0033330000
0333300000
3333000000
3330000003
3300000030
3000000302
0000003021
0000030213
0000302132
0003021321
0030213213
0302132133
3021321332
0213213321
2132133210
1321332101
3213321010
2133210103
1332101033
3321010330
3210103303
2101033030
1010330301
0103303011
1033030110
0330301102
3303011020
3030110200
0301102000
3011020000
0110200000
1102000001
1020000011
0200000113
2000001131
0000011311
0000113110
0001131100
0011311000
0113110000
1131100001
1311000013
3110000132
1100001321
1000013210
0000132102
0001321023
0013210233
0132102332
1321023321
3210233213
2102332133
1023321333
0233213332
2332133320
3321333200
3213332000
2133320000
1333200003
3332000030
3320000302
3200003020
2000030203
0000302033
0003020333
0030203333
0302033330
3020333302
0203333022
2033330223
0333302233
3333022333
3330223333
3302233333
3022333333
0223333332
2233333322
2333333220
3333332202
3333322023
3333220233
3332202333
3322023333
3220233331
2202333313
2023333132
0233331320
2333313200
3333132000
3331320003
3313200032
3132000321
1320003213
3200032133
2000321332
0003213322
0032133223
0321332231
3213322313
2133223132
1332231323
3322313230
3223132303
2231323033
2313230333
3132303333
1323033332
3230333320
2303333203
3033332030
0333320300
3333203003
3332030033
3320300332
3203003323
2030033232
0300332321
3003323210
0033232103
0332321030
3323210303
3232103033
2321030330
3210303303
2103033032
1030330323
0303303230
3033032300
0330323000
3303230000
3032300000
0323000003
3230000032
2300000323
3000003233
0000032332
0000323322
0003233223
0032332232
0323322322
3233223220
2332232201
3322322011
3223220111
2232201110
2322011103
3220111030
2201110300
2011103000
0111030003
1110300032
1103000320
1030003201
0300032011
3000320110
0003201102
0032011020
0320110201
3201102013
2011020133
0110201333
1102013333
1020133333
0201333331
2013333313
0133333130
1333331300
3333313002
3333130020
3331300200
3313002000
3130020000
1300200000
3002000003
0020000032
0200000323
2000003233
0000032332
0000323321
0003233213
0032332133
0323321333
3233213330
2332133300
3321333003
3213330032
2133300321
1333003210
3330032103
3300321033
3003210333
0032103331
0321033310
3210333103
2103331032
1033310320
0333103200
3331032003
3310320033
3103200333
1032003333
0320033333
3200333330
2003333301
0033333013
0333330131
3333301313
3333013133
3330131330
3301313303
3013133030
0131330303
1313303031
3133030310
1330303103
3303031033
3030310332
0303103321
3031033213
0310332133
3103321332
1033213321
0332133213
3321332130
3213321302
2133213023
1332130230
3321302300
3213023003
2130230030
1302300302
3023003021
0230030210
2300302100
3003021000
0030210003
0302100031
3021000313
0210003132
2100031321
1000313213
0003132133
0031321333
0313213333
3132133331
1321333313
3213333132
2133331321
1333313210
3333132103
3331321031
3313210313
3132103132
1321031321
3210313213
2103132133
1031321333
0313213332
3132133321
1321333212
3213332123
2133321230
1333212302
3332123021
3321230213
3212302130
2123021303
1230213033
2302130332
3021303323
0213033230
2130332300
1303323002
3033230022
0332300221
3323002213
3230022133
2300221333
3002213332
0022133320
0221333200
2213332001
2133320013
1333200130
3332001300
3320013003
3200130032
2001300323
0013003230
0130032303
1300323032
3003230323
0032303230
0323032303
3230323033
2303230333
3032303330
0323033303
3230333033
2303330332
3033303321
0333033213
3330332133
3303321332
3033213320
0332133200
3321332001
3213320013
2133200133
1332001331
3320013313
3200133132
2001331323
0013313232
0133132321
1331323210
3313232103
3132321030
1323210301
3232103011
2321030113
3210301133
2103011330
1030113303
0301133030
3011330300
0113303000
1133030002
1330300021
3303000210
3030002103
0300021030
3000210300
0002103003
0021030032
0210300323
2103003231
1030032313
0300323132
3003231320
0032313201
0323132010
3231320100
2313201003
3132010033
1320100333
3201003330
2010033300
0100333000
1003330003
0033300032
0333000322
3330003221
3300032213
3000322131
0003221310
0032213103
0322131032
3221310323
2213103230
2131032303
1310323033
3103230331
1032303313
0323033133
3230331332
2303313321
3033133213
0331332133
3313321331
3133213313
1332133130
3321331303
3213313031
2133130310
1331303103
3313031030
3130310300
1303103002
3031030021
0310300213
3103002132
1030021320
0300213203
3002132033
0021320330
0213203303
2132033032
1320330322
3203303222
2033032222
0330322220
3303222201
3032222013
0322220130
3222201303
2222013032
2220130320
2201303203
2013032031
0130320313
1303203133
3032031333
0320313333
3203133332
2031333323
0313333230
3133332303
1333323030
3333230301
3332303010
3323030102
3230301021
2303010210
3030102100
0301021000
3010210003
0102100033
1021000333
0210003333
2100033330
1000333300
0003333001
0033330013
0333300132
3333001323
3330013230
3300132302
3001323021
0013230210
0132302101
1323021010
3230210100
2302101000
3021010001
0210100010
2101000103
1010001031
0100010313
1000103132
0001031323
0010313233
0103132333
1031323330
0313233303
3132333032
1323330323
3233303230
2333032303
3330323033
3303230332
3032303322
0323033223
3230332232
2303322322
3033223220
0332232200
3322322003
3223220030
2232200303
2322003030
3220030303
2200303031
2003030313
0030303132
0303031323
3030313233
0303132333
3031323333
0313233330
3132333303
1323333033
3233330333
2333303330
3333033303
3330333031
3303330313
3033303133
0333031333
3330313333
3303133331
3031333313
0313333132
3133331320
1333313202
3333132022
3331320223
3313202230
3132022300
1320223000
3202230001
2022300013
0223000130
2230001300
2300013003
3000130033
0001300333
0013003333
0130033333
1300333332
3003333320
0033333203
0333332030
3333320301
3333203013
3332030133
3320301333
3203013333
2030133331
0301333310
3013333103
0133331033
1333310330
3333103301
3331033013
3310330132
3103301323
1033013232
0330132323
3301323230
3013232301
0132323013
1323230130
3232301303
2323013032
3230130323
2301303233
3013032331
0130323310
1303233103
3032331030
0323310301
3233103013
2331030133
3310301333
3103013332
1030133320
0301333200
3013332003
0133320033
1333200331
3332003313
3320033131
3200331313
2003313132
0033131320
0331313201
3313132012
3131320123
1313201233
3132012330
1320123302
3201233020
2012330200
0123302002
1233020023
2330200231
3302002310
3020023103
0200231032
2002310322
0023103223
0231032233
2310322332
3103223320
1032233202
0322332020
3223320200
2233202003
2332020033
3320200332
3202003323
2020033230
0200332300
2003323001
0033230010
0332300102
3323001021
3230010213
2300102132
3001021323
0010213233
0102132330
1021323303
0213233033
2132330333
1323303332
3233033323
2330333233
3303332331
3033323313
0333233132
3332331323
3323313230
3233132303
2331323033
3313230331
3132303310
1323033103
3230331032
2303310322
3033103221
0331032213
3310322133
3103221333
1032213331
0322133310
3221333101
2213331013
2133310132
1333101321
3331013213
3310132132
3101321320
1013213200
0132132003
1321320030
3213200300
2132003000
1320030000
3200300003
2003000030
0030000300
0300003000
3000030002
0000300022
0003000220
0030002201
0300022011
3000220110
0002201100
0022011000
0220110001
2201100011
2011000113
0110001130
1100011302
1000113022
0001130220
0011302203
0113022033
1130220333
1302203332
3022033320
0220333200
2203332000
2033320002
0333200020
3332000200
3320002000
3200020000
2000200001
0002000013
0020000132
0200001323
2000013231
0000132313
0001323130
0013231301
0132313011
1323130113
3231301131
2313011313
3130113130
1301131300
3011313001
0113130010
1131300101
1313001011
3130010110
1300101102
3001011022
0010110222
0101102220
1011022202
0110222023
1102220233
1022202330
0222023303
2220233031
2202330310
2023303102
0233031020
2330310203
3303102033
3031020333
0310203333
3102033330
1020333303
0203333033
2033330333
0333303333
3333033330
3330333301
3303333010
3033330103
0333301030
3333010302
3330103023
3301030233
3010302333
0103023330
1030233302
0302333023
3023330231
0233302313
2333023130
3330231301
3302313010
3023130100
0231301000
2313010002
3130100020
1301000201
3010002010
0100020101
1000201010
0002010100
0020101003
0201010033
2010100332
0101003321
1010033213
0100332133
1003321330
0033213300
0332133000
3321330001
3213300011
2133000113
1330001130
3300011302
3000113023
0001130232
0011302322
0113023222
1130232221
1302322213
3023222133
0232221330
2322213300
3222133002
2221330022
2213300221
2133002213
1330022133
3300221330
3002213303
0022133030
0221330303
2213303033
2133030331
1330303313
3303033133
3030331333
0303313332
3033133323
0331333232
3313332322
3133323223
1333232233
3332322332
3323223322
3232233220
2322332201
3223322013
2233220131
2332201310
3322013103
3220131032
2201310322
2013103223
0131032230
1310322301
3103223010
1032230102
0322301023
3223010233
2230102333
2301023333
3010233330
0102333301
1023333013
0233330132
2333301323
3333013233
3330132332
3301323322
3013233220
0132332200
1323322000
3233220000
2332200003
3322000031
3220000310
2200003100
2000031003
0000310033
0003100330
0031003300
0310033000
3100330000
1003300003
0033000033
0330000333
3300003333
3000033330
0000333303
0003333032
0033330323
0333303232
3333032320
3330323200
3303232003
3032320032
0323200323
3232003233
2320032330
3200323301
2003233010
0032330100
0323301002
3233010023
2330100230
3301002303
3010023033
0100230333
1002303332
0023033322
0230333223
2303332230
3033322302
0333223020
3332230200
3322302003
3223020033
2230200330
2302003301
3020033011
0200330110
2003301101
0033011013
0330110130
3301101300
3011013001
0110130013
1101300132
1013001322
0130013222
1300132223
3001322233
0013222333
0132223333
1322233331
3222333313
2223333133
2233331333
2333313330
3333133300
3331333003
3313330030
3133300300
1333003001
3330030013
3300300131
3003001310
0030013102
0300131020
3001310203
0013102030
0131020303
1310203032
3102030322
1020303220
0203032202
2030322020
0303220200
3032202000
0322020000
3220200003
2202000032
2020000323
0200003231
2000032310
0000323103
0003231031
0032310310
0323103102
3231031021
2310310210
3103102103
1031021033
0310210331
3102103313
1021033132
0210331323
2103313232
1033132323
0331323231
3313232313
3132323130
1323231301
3232313012
2323130122
3231301221
2313012213
3130122132
1301221321
3012213213
0122132133
1221321330
2213213300
2132133001
1321330013
3213300133
2133001331
1330013310
3300133103
3001331030
0013310300
0133103002
1331030020
3310300200
3103002003
1030020032
0300200321
3002003210
0020032103
0200321033
2003210333
0032103333
0321033333
3210333333
2103333333
1033333332
0333333323
3333333232
3333332323
3333323232
3333232320
3332323203
3323232033
3232320330
2323203302
3232033022
2320330222
3203302220
2033022200
0330222003
3302220031
3022200312
0222003120
2220031200
2200312002
2003120020
0031200200
0312002003
3120020030
1200200302
2002003023
0020030231
0200302310
2003023102
0030231021
0302310213
3023102130
0231021302
2310213022
3102130220
1021302200
0213022003
2130220030
1302200302
3022003020
0220030202
2200302021
2003020213
0030202130
0302021303
3020213030
0202130302
2021303020
0213030200
2130302002
1303020023
3030200230
0302002301
3020023010
0200230101
2002301013
0023010133
0230101330
2301013303
3010133030
0101330300
1013303003
0133030030
1330300300
3303003000
3030030001
0300300011
3003000110
0030001103
0300011031
3000110311
0001103113
0011031132
0110311322
1103113220
1031132201
0311322013
3113220133
1132201333
1322013330
3220133300
2201333003
2013330032
0133300323
1333003231
3330032311
3300323111
3003231113
0032311132
0323111322
3231113222
2311132221
3111322210
1113222102
1132221020
1322210203
3222102033
2221020331
2210203310
2102033102
1020331023
0203310231
2033102310
0331023101
3310231010
3102310100
1023101000
0231010000
2310100000
3101000003
1010000031
0100000311
1000003110
0000031100
0000311003
0003110030
0031100302
0311003020
3110030201
1100302011
1003020110
0030201103
0302011033
3020110333
0201103333
2011033332
0110333323
1103333230
1033332300
0333323000
3333230002
3332300023
3323000233
3230002333
2300023333
3000233331
0002333310
0023333100
0233331000
2333310003
3333100033
3331000332
3310003322
3100033220
1000332201
0003322010
0033220103
0332201033
3322010333
3220103330
2201033301
2010333010
0103330103
1033301033
0333010333
3330103333
3301033333
3010333332
0103333320
1033333202
0333332020
3333320200
3333202003
3332020033
3320200333
3202003331
2020033313
0200333131
2003331311
0033313110
0333131100
3331311001
3313110013
3131100133
1311001331
3110013310
1100133103
1001331031
0013310313
0133103133
1331031330
3310313301
3103133010
1031330101
0313301010
3133010103
1330101032
3301010321
3010103213
0101032132
1010321320
0103213203
1032132030
0321320303
3213203033
2132030330
1320303300
3203033001
2030330010
0303300101
3033001010
0330010103
3300101030
3001010303
0010103033
0101030333
1010303332
0103033321
1030333210
0303332101
3033321010
0333210100
3332101003
3321010030
3210100302
2101003021
1010030213
0100302133
1003021333
0030213330
0302133303
3021333030
0213330300
2133303000
1333030003
3330300032
3303000321
3030003211
0300032110
3000321103
0003211033
0032110330
0321103300
3211033002
2110330021
1103300213
1033002130
0330021303
3300213033
3002130332
0021303320
0213033200
2130332000
1303320000
3033200002
0332000020
3320000200
3200002001
2000020010
0000200103
0002001032
0020010322
0200103221
2001032213
0010322133
0103221330
1032213303
0322133031
3221330313
2213303133
2133031332
1330313323
3303133233
3031332330
0313323303
3133233033
1332330333
3323303331
3233033310
2330333101
3303331013
3033310130
0333101302
3331013023
3310130233
3101302333
1013023330
0130233302
1302333020
3023330203
0233302033
2333020332
3330203321
3302033210
3020332100
0203321003
2033210032
0332100320
3321003200
3210032003
2100320032
1003200322
0032003222
0320032220
3200322203
2003222033
0032220333
0322203333
3222033333
2220333333
2203333333
2033333333
0333333333
3333333333
3333333333
3333333332
3333333323
3333333231
3333332311
3333323110
3333231103
3332311032
3323110320
3231103200
2311032001
3110320010
1103200101
1032001013
0320010133
3200101332
2001013322
0010133221
0101332210
1013322100
0133221000
1332210003
3322100031
3221000313
2210003133
2100031330
1000313301
0003133013
0031330133
0313301330
3133013302
1330133021
3301330212
3013302120
0133021200
1330212000
3302120000
3021200000
0212000002
2120000020
1200000200
2000002002
0000020022
0000200220
0002002203
0020022032
0200220323
2002203230
0022032301
0220323010
2203230103
2032301033
0323010333
3230103333
2301033330
3010333301
0103333013
1033330130
0333301303
3333013030
3330130302
3301303020
3013030200
0130302003
1303020033
3030200330
0302003300
3020033003
0200330032
2003300323
0033003230
0330032303
3300323032
3003230320
0032303200
0323032001
3230320010
2303200102
3032001023
0320010232
3200102323
2001023232
0010232323
0102323231
1023232310
0232323101
2323231013
3232310130
2323101301
3231013013
2310130132
3101301323
1013013233
0130132332
1301323322
3013233220
0132332203
1323322032
3233220323
2332203230
3322032300
3220323000
2203230000
2032300000
0323000003
3230000032
2300000323
3000003230
0000032303
0000323030
0003230303
0032303032
0323030320
3230303200
2303032000
3030320001
0303200011
3032000110
0320001103
3200011033
2000110333
0001103331
0011033310
0110333103
1103331033
1033310331
0333103310
3331033101
3310331013
3103310133
1033101332
0331013322
3310133223
3101332233
1013322330
0133223301
1332233010
3322330103
3223301033
2233010333
2330103331
3301033313
3010333132
0103331320
1033313200
0333132002
3331320023
3313200230
3132002303
1320023030
3200230300
2002303000
0023030003
0230300030
2303000300
3030003000
0300030000
3000300000
0003000000
0030000000
0300000000
3000000003
0000000031
0000000313
0000003130
0000031300
0000313003
0003130033
0031300331
0313003313
3130033133
1300331333
3003313331
