3221001223
2210012230
2100122300
1001223000
0012230002
0122300021
1223000212
2230002121
2300021212
3000212122
0002121222
0021212220
0212122200
2121222003
1212220033
2122200330
1222003301
2220033010
2200330102
2003301020
0033010203
0330102030
3301020300
3010203000
0102030003
1020300033
0203000330
2030003300
0300033000
3000330000
0003300001
0033000013
0330000132
3300001321
3000013212
0000132120
0001321201
0013212013
0132120132
1321201321
3212013212
2120132121
1201321210
2013212101
0132121011
1321210112
3212101123
2121011230
1210112300
2101123003
1011230031
0112300313
1123003131
1230031310
2300313101
3003131013
0031310132
0313101320
3131013202
1310132023
3101320233
1013202333
0132023333
1320233331
3202333313
2023333132
0233331322
2333313220
3333132203
3331322031
3313220312
3132203120
1322031202
3220312022
2203120220
2031202202
0312022022
3120220222
1202202223
2022022231
0220222312
2202223122
2022231222
0222312222
2223122222
2231222223
2312222232
3122222323
1222223233
2222232333
2222323333
2223233331
2232333310
2323333102
3233331020
2333310203
3333102031
3331020310
3310203101
3102031013
1020310132
0203101322
2031013222
0310132223
3101322231
1013222311
0132223113
1322231133
3222311332
2223113322
2231133222
2311332221
3113322211
1133222111
1332221112
3322211122
3222111220
2221112200
2211122000
2111220002
1112200021
1122000211
1220002111
2200021110
2000211102
0002111020
0021110201
0211102012
2111020121
1110201213
1102012133
1020121333
0201213332
2012133321
0121333213
1213332131
2133321311
1333213113
3332131132
3321311322
3213113222
2131132223
1311322230
3113222302
1132223020
1322230202
3222302021
2223020213
2230202131
2302021310
3020213103
0202131033
2021310332
0213103323
2131033230
1310332300
3103323000
1033230000
0332300002
3323000022
3230000220
2300002200
3000022002
0000220020
0002200202
0022002020
0220020203
2200202032
2002020322
0020203220
0202032203
2020322033
0203220333
2032203330
0322033303
3220333032
2203330323
2033303232
0333032323
3330323232
3303232322
3032323220
0323232203
3232322031
2323220312
3232203121
2322031212
3220312123
2203121233
2031212332
0312123320
3121233200
1212332002
2123320020
1233200202
2332002022
3320020223
3200202230
2002022301
0020223010
0202230100
2022301000
0223010000
2230100002
2301000022
3010000223
0100002231
1000022311
0000223113
0002231131
0022311310
0223113102
2231131023
2311310232
3113102321
1131023213
1310232130
3102321303
1023213032
0232130321
2321303210
3213032102
2130321020
1303210200
3032102000
0321020000
3210200003
2102000031
1020000313
0200003133
2000031330
0000313302
0003133020
0031330202
0313302023
3133020232
1330202323
3302023231
3020232311
0202323110
2023231100
0232311003
2323110031
3231100313
2311003132
3110031323
1100313231
1003132313
0031323132
0313231322
3132313220
1323132202
3231322023
2313220233
3132202330
1322023300
3220233003
2202330031
2023300310
0233003100
2330031000
3300310002
3003100020
0031000202
0310002021
3100020211
1000202113
0002021132
0020211323
0202113233
2021132333
0211323331
2113233313
1132333130
1323331301
3233313010
2333130100
3331301000
3313010000
3130100003
1301000032
3010000323
0100003232
1000032320
0000323201
0003232011
0032320110
0323201101
3232011010
2320110103
3201101030
2011010303
0110103033
1101030333
1010303333
0103033332
1030333321
0303333210
3033332100
0333321000
3333210003
3332100033
3321000333
3210003333
2100033332
1000333323
0003333230
0033332303
0333323032
3333230321
3332303213
3323032132
3230321320
2303213200
3032132000
0321320001
3213200013
2132000133
1320001331
3200013313
2000133131
0001331310
0013313100
0133131001
1331310011
3313100110
3131001102
1310011020
3100110200
1001102002
0011020020
0110200200
1102002000
1020020002
0200200022
2002000222
0020002221
0200022211
2000222112
0002221123
0022211231
0222112310
2221123101
2211231010
2112310102
1123101023
1231010232
2310102323
3101023231
1010232311
0102323113
1023231133
0232311333
2323113332
3231133323
2311333232
3113332323
1133323230
1333232300
3332323002
3323230020
3232300202
2323002021
3230020212
2300202120
3002021203
0020212030
0202120303
2021203030
0212030300
2120303001
1203030011
2030300110
0303001100
3030011000
0300110000
3001100002
0011000020
0110000200
1100002002
1000020021
0000200211
0002002113
0020021130
0200211301
2002113010
0021130100
0211301002
2113010020
1130100200
1301002000
3010020002
0100200023
1002000230
0020002301
0200023010
2000230100
0002301002
0023010020
0230100203
2301002033
3010020333
0100203330
1002033302
0020333023
0203330231
2033302310
0333023100
3330231001
3302310013
3023100133
0231001332
2310013323
3100133233
1001332332
0013323320
0133233200
1332332002
3323320020
3233200202
2332002021
3320020213
3200202130
2002021303
0020213033
0202130332
2021303320
0213033200
2130332000
1303320002
3033200023
0332000231
3320002310
3200023103
2000231033
0002310331
0023103310
0231033103
2310331032
3103310321
1033103211
0331032113
3310321133
3103211333
1032113332
0321133320
3211333202
2113332021
1133320213
1333202132
3332021322
3320213220
3202132201
2021322010
0213220101
2132201010
1322010102
3220101022
2201010220
2010102203
0101022033
1010220332
0102203321
1022033210
0220332102
2203321023
2033210233
0332102333
3321023332
3210233321
2102333210
1023332100
0233321000
2333210003
3332100030
3321000302
3210003023
2100030233
1000302330
0003023303
0030233030
0302330300
3023303001
0233030013
2330300133
3303001333
3030013333
0300133331
3001333312
0013333120
0133331200
1333312000
3333120000
3331200000
3312000002
3120000022
1200000222
2000002220
0000022200
0000222000
0002220003
0022200030
0222000300
2220003001
2200030013
2000300131
0003001313
0030013131
0300131311
3001313113
0013131132
0131311320
1313113202
3131132021
1311320210
3113202103
1132021031
1320210313
3202103130
2021031300
0210313000
2103130002
1031300022
0313000220
3130002202
1300022022
3000220220
0002202200
0022022002
0220220023
2202200233
2022002333
0220023331
2200233313
2002333130
0023331303
0233313031
2333130310
3331303103
3313031031
3130310311
1303103110
3031031102
0310311020
3103110202
1031102023
0311020233
3110202333
1102023332
1020233322
0202333222
2023332223
0233322233
2333222330
3332223301
3322233011
3222330112
2223301120
2233011200
2330112000
3301120001
3011200011
0112000112
1120001123
1200011232
2000112321
0001123211
0011232111
0112321113
1123211130
1232111300
2321113002
3211130020
2111300201
1113002013
1130020133
1300201331
3002013312
0020133120
0201331201
2013312010
0133120100
1331201000
3312010002
3120100023
1201000232
2010002320
0100023200
1000232001
0002320011
0023200113
0232001132
2320011320
3200113202
2001132020
0011320200
0113202001
1132020011
1320200111
3202001113
2020011130
0200111301
2001113011
0011130113
0111301133
1113011332
1130113321
1301133210
3011332102
0113321022
1133210220
1332102200
3321022000
3210220001
2102200011
1022000110
0220001102
2200011023
2000110231
0001102313
0011023133
0110231332
1102313322
1023133223
0231332232
2313322323
3133223231
1332232311
3322323111
3223231110
2232311101
2323111013
3231110131
2311101313
3111013131
1110131313
1101313130
1013131300
0131313001
1313130011
3131300113
1313001133
3130011332
1300113320
3001133200
0011332002
0113320023
1133200233
1332002332
3320023323
3200233232
2002332320
0023323202
0233232020
2332320203
3323202031
3232020312
2320203121
3202031213
2020312132
0203121320
2031213202
0312132022
3121320220
1213202201
2132022010
1320220100
3202201000
2022010002
0220100021
2201000210
2010002102
0100021021
1000210210
0002102102
0021021022
0210210223
2102102230
1021022301
0210223010
2102230100
1022301001
0223010011
2230100113
2301001131
3010011310
0100113102
1001131020
0011310200
0113102003
1131020030
1310200300
3102003002
1020030023
0200300231
2003002313
0030023132
0300231323
3002313231
0023132313
0231323130
2313231301
3132313010
1323130103
3231301033
2313010332
3130103320
1301033200
3010332003
0103320033
1033200332
0332003322
3320033222
3200332220
2003322203
0033222031
0332220311
3322203112
3222031120
2220311203
2203112033
2031120331
0311203313
3112033133
1120331331
1203313313
2033133132
0331331320
3313313200
3133132002
1331320020
3313200203
3132002030
1320020301
3200203010
2002030102
0020301023
0203010233
2030102330
0301023300
3010233003
0102330030
1023300300
0233003002
2330030022
3300300221
3003002210
0030022100
0300221002
3002210023
0022100233
0221002330
2210023303
2100233033
1002330330
0023303301
0233033010
2330330102
3303301021
3033010212
0330102123
3301021232
3010212322
0102123222
1021232220
0212322202
2123222020
1232220203
2322202031
3222020310
2220203101
2202031012
2020310122
0203101223
2031012231
0310122313
3101223132
1012231323
0122313233
1223132330
2231323302
2313233020
3132330202
1323302020
3233020203
2330202031
3302020310
3020203101
0202031013
2020310131
0203101311
2031013113
0310131131
3101311310
1013113100
0131131002
1311310020
3113100200
1131002002
1310020020
3100200201
1002002010
0020020102
0200201022
2002010222
0020102221
0201022213
2010222132
0102221320
1022213200
0222132002
2221320021
2213200211
2132002111
1320021112
3200211121
2002111213
0021112133
0211121332
2111213320
1112133202
1121332023
1213320233
2133202331
1332023313
3320233132
3202331321
2023313210
0233132100
2331321000
3313210000
3132100000
1321000000
3210000002
2100000022
1000000221
0000002213
0000022132
0000221321
0002213213
0022132133
0221321330
2213213303
2132133032
1321330320
3213303202
2133032023
1330320233
3303202333
3032023333
0320233331
3202333313
2023333132
0233331320
2333313202
3333132022
3331320220
3313202203
3132022030
1320220303
3202203030
2022030300
0220303001
2203030010
2030300100
0303001001
3030010013
0300100130
3001001303
0010013033
0100130332
1001303320
0013033200
0130332001
1303320010
3033200103
0332001033
3320010332
3200103323
2001033231
0010332310
0103323102
1033231023
0332310231
3323102311
3231023110
2310231102
3102311023
1023110230
0231102300
2311023003
3110230030
1102300300
1023003000
0230030002
2300300020
3003000203
0030002033
0300020333
3000203332
0002033320
0020333201
0203332011
2033320110
0333201101
3332011011
3320110110
3201101101
2011011013
0110110132
1101101320
1011013202
0110132020
1101320200
1013202002
0132020020
1320200200
3202002002
2020020021
0200200210
2002002103
0020021032
0200210321
2002103210
0021032101
0210321011
2103210113
1032101132
0321011320
3210113202
2101132020
1011320200
0113202002
1132020021
1320200213
3202002133
2020021331
0200213311
2002133110
0021331102
0213311020
2133110200
1331102000
3311020000
3110200002
1102000023
1020000230
0200002303
2000023031
0000230310
0002303102
0023031022
0230310222
2303102223
3031022230
0310222301
3102223013
1022230133
0222301331
2223013313
2230133132
2301331323
3013313233
0133132333
1331323331
3313233310
3132333102
1323331020
3233310201
2333102013
3331020133
3310201332
3102013321
1020133210
0201332103
2013321032
0133210323
1332103232
3321032322
3210323220
2103232202
1032322021
0323220211
3232202110
2322021101
3220211012
2202110123
2021101232
0211012322
2110123221
1101232210
1012322101
0123221010
1232210100
2322101002
3221010023
2210100230
2101002301
1010023013
0100230131
1002301310
0023013103
0230131032
2301310321
3013103211
0131032110
1310321100
3103211001
1032110013
0321100131
3211001310
2110013103
1100131033
1001310330
0013103301
0131033010
1310330102
3103301021
1033010211
0330102113
3301021132
3010211320
0102113202
1021132020
0211320200
2113202001
1132020010
1320200102
3202001021
2020010210
0200102102
2001021023
0010210233
0102102333
1021023330
0210233301
2102333013
1023330132
0233301321
2333013213
3330132131
3301321310
3013213101
0132131013
1321310130
3213101300
2131013000
1310130002
3101300020
1013000201
0130002010
1300020100
3000201002
0002010020
0020100203
0201002032
2010020320
0100203200
1002032003
0020320032
0203200323
2032003230
0320032302
3200323020
2003230200
0032302000
0323020000
3230200002
2302000020
3020000201
0200002013
2000020132
0000201320
0002013200
0020132003
0201320033
2013200331
0132003313
1320033132
3200331323
2003313230
0033132300
0331323003
3313230030
3132300300
1323003000
3230030000
2300300002
3003000021
0030000210
0300002100
3000021002
0000210021
0002100210
0021002102
0210021021
2100210211
1002102113
0021021132
0210211322
2102113221
1021132213
0211322133
2113221330
1132213302
1322133021
3221330210
2213302100
2133021002
1330210022
3302100220
3021002202
0210022021
2100220211
1002202110
0022021102
0220211021
2202110210
2021102102
0211021020
2110210202
1102102021
1021020210
0210202103
2102021030
1020210303
0202103032
2021030322
0210303222
2103032221
1030322213
0303222132
3032221320
0322213200
3222132000
2221320002
2213200023
2132000232
1320002320
3200023200
2000232002
0002320020
0023200200
0232002000
2320020001
3200200010
2002000103
0020001032
0200010323
2000103232
0001032320
0010323203
0103232032
1032320320
0323203203
3232032030
2320320302
3203203022
2032030221
0320302210
3203022102
2030221020
0302210201
3022102013
0221020131
2210201311
2102013111
1020131110
0201311102
2013111021
0131110210
1311102101
3111021010
1110210102
1102101020
1021010202
0210102020
2101020200
1010202000
0102020000
1020200002
0202000022
2020000222
0200002223
2000022230
0000222302
0002223023
0022230233
0222302331
2223023313
2230233132
2302331320
3023313200
0233132003
2331320032
3313200321
3132003213
1320032132
3200321320
2003213203
0032132031
0321320313
3213203131
2132031311
1320313113
3203131132
2031311320
0313113202
3131132023
1311320232
3113202322
1132023222
1320232220
3202322202
2023222020
0232220200
2322202002
3222020020
2220200202
2202002020
2020020200
0200202003
2002020031
0020200313
0202003131
2020031311
0200313110
2003131103
0031311031
0313110311
3131103113
1311031131
3110311313
1103113132
1031131320
0311313201
3113132011
1131320112
1313201123
3132011231
1320112311
3201123113
2011231130
0112311302
1123113020
1231130202
2311302022
3113020223
1130202233
1302022331
3020223311
0202233111
2022331110
0223311100
2233111002
2331110020
3311100203
3111002032
1110020323
1100203233
1002032331
0020323311
0203233113
2032331133
0323311332
3233113322
2331133220
3311332203
3113322030
1133220302
1332203021
3322030210
3220302101
2203021012
2030210122
0302101220
3021012200
0210122003
2101220030
1012200302
0122003021
1220030210
2200302102
2003021021
0030210210
0302102103
3021021030
0210210301
2102103010
1021030102
0210301020
2103010200
1030102000
0301020002
3010200023
0102000233
1020002330
0200023300
2000233003
0002330032
0023300320
0233003202
2330032023
3300320232
3003202322
0032023223
0320232233
3202322333
2023223333
0232233331
2322333311
3223333110
2233331102
2333311022
3333110221
3331102212
3311022123
3110221232
1102212320
1022123203
0221232032
2212320320
2123203200
1232032000
2320320003
3203200032
2032000323
0320003233
3200032331
2000323310
0003233101
0032331013
0323310133
3233101331
2331013313
3310133132
3101331320
1013313202
0133132022
1331320222
3313202221
3132022213
1320222131
3202221310
2022213101
0222131010
2221310103
2213101032
2131010320
1310103203
3101032032
1010320322
0103203222
1032032220
0320322202
3203222022
2032220221
0322202211
3222022113
2220221132
2202211320
2022113200
0221132003
2211320031
2113200310
1132003100
1320031000
3200310003
2003100030
0031000303
0310003032
3100030322
1000303220
0003032200
0030322002
0303220023
3032200230
0322002302
3220023021
2200230213
2002302132
0023021320
0230213203
2302132032
3021320321
0213203212
2132032122
1320321223
3203212230
2032122302
0321223020
3212230200
2122302002
1223020023
2230200233
2302002331
3020023313
0200233132
2002331320
0023313200
0233132001
2331320012
3313200120
3132001200
1320012002
3200120022
2001200220
0012002202
0120022022
1200220223
2002202232
0022022323
0220223230
2202232303
2022323030
0223230303
2232303031
2323030311
3230303113
2303031132
3030311322
0303113223
3031132233
0311322331
3113223313
1132233131
1322331311
3223313110
2233131102
2331311020
3313110202
3131102022
1311020220
3110202200
1102022000
1020220003
0202200030
2022000302
0220003021
2200030211
2000302113
0003021131
0030211310
0302113101
3021131013
0211310132
2113101323
1131013231
1310132311
3101323110
1013231102
0132311023
1323110232
3231102320
2311023202
3110232021
1102320211
1023202113
0232021131
2320211310
3202113103
2021131032
0211310322
2113103223
1131032230
1310322301
3103223013
1032230132
0322301323
3223013230
2230132300
2301323003
3013230030
0132300303
1323003032
3230030323
2300303232
3003032320
0030323200
0303232000
3032320002
0323200021
3232000212
2320002120
3200021200
2000212000
0002120002
0021200020
0212000202
2120002023
1200020231
2000202311
0002023110
0020231101
0202311013
2023110131
0231101311
2311013110
3110131100
1101311000
1013110001
0131100011
1311000110
3110001102
1100011023
1000110230
0001102302
0011023020
0110230200
1102302000
1023020002
0230200023
2302000230
3020002300
0200023003
2000230030
0002300303
0023003031
0230030312
2300303120
3003031200
0030312002
0303120020
3031200203
0312002030
3120020300
1200203002
2002030020
0020300203
0203002030
2030020303
0300203033
3002030333
0020303332
0203033322
2030333222
0303332220
3033322200
0333222002
3332220020
3322200201
3222002011
2220020113
2200201130
2002011303
0020113031
0201130312
2011303122
0113031220
1130312202
1303122022
3031220220
0312202200
3122022002
1220220022
2202200221
2022002211
0220022110
2200221102
2002211021
0022110211
0221102113
2211021131
2110211311
1102113111
1021131113
0211311130
2113111300
1131113001
1311130013
3111300133
1113001332
1130013320
1300133202
3001332021
0013320211
0133202110
1332021101
3320211010
3202110103
2021101030
0211010300
2110103001
1101030013
1010300132
0103001320
1030013200
0300132000
3001320001
0013200013
0132000131
1320001313
3200013130
2000131300
0001313001
0013130013
0131300132
1313001323
3130013230
1300132302
3001323022
0013230220
0132302202
1323022021
3230220210
2302202103
3022021031
0220210313
2202103132
2021031321
0210313211
2103132111
1031321111
0313211110
3132111102
1321111020
3211110202
2111102021
1111020211
1110202113
1102021133
1020211332
0202113322
2021133220
0211332203
2113322030
1133220300
1332203001
3322030010
3220300101
2203001010
2030010100
0300101002
3001010020
0010100202
0101002021
1010020212
0100202123
1002021231
0020212311
0202123111
2021231113
0212311133
2123111331
1231113310
2311133101
3111331010
1113310100
1133101000
1331010003
3310100030
3101000300
1010003000
0100030001
1000300013
0003000130
0030001300
0300013000
3000130002
0001300021
0013000212
0130002121
1300021210
3000212100
0002121002
0021210020
0212100202
2121002020
1210020200
2100202001
1002020013
0020200130
0202001301
2020013011
0200130111
2001301111
0013011110
0130111102
1301111022
3011110221
0111102211
1111022113
1110221133
1102211331
1022113310
0221133103
2211331031
2113310311
1133103110
1331031102
3310311020
3103110202
1031102022
0311020220
3110202203
1102022033
1020220333
0202203333
2022033330
0220333303
2203333031
2033330310
0333303100
3333031002
3330310020
3303100200
3031002000
0310020002
3100200023
1002000230
0020002302
0200023020
2000230203
0002302031
0023020313
0230203132
2302031320
3020313201
0203132010
2031320102
0313201023
3132010233
1320102332
3201023323
2010233233
0102332331
1023323310
0233233100
2332331000
3323310000
3233100002
2331000020
3310000201
3100002013
1000020131
0000201311
0002013113
0020131132
0201311320
2013113200
0131132000
1311320000
3113200002
1132000020
1320000203
3200002030
2000020300
0000203003
0002030033
0020300332
0203003320
2030033202
0300332022
3003320222
0033202220
0332022200
3320222001
3202220013
2022200132
0222001320
2220013201
2200132011
2001320110
0013201100
0132011000
1320110003
3201100030
2011000302
0110003020
1100030200
1000302001
0003020010
0030200102
0302001020
3020010200
0200102003
2001020032
0010200322
0102003223
1020032231
0200322312
2003223123
0032231232
0322312323
3223123232
2231232320
2312323203
3123232032
1232320322
2323203220
3232032203
2320322030
3203220303
2032203033
0322030330
3220303301
2203033013
2030330132
0303301320
3033013203
0330132030
3301320300
3013203003
0132030032
1320300322
3203003223
2030032231
0300322310
3003223103
0032231032
0322310322
3223103222
2231032220
2310322200
3103222003
1032220032
0322200320
3222003200
2220032000
2200320001
2003200010
0032000100
0320001000
3200010000
2000100002
0001000022
0010000221
0100002212
1000022120
0000221201
0002212013
0022120132
0221201323
2212013232
2120132323
1201323233
2013232331
0132323310
1323233102
3232331020
2323310200
3233102000
2331020002
3310200020
3102000202
1020002020
0200020200
2000202000
0002020000
0020200000
0202000003
2020000032
0200000321
2000003213
0000032130
0000321300
0003213001
0032130011
0321300111
3213001110
2130011100
1300111001
3001110010
0011100102
0111001020
1110010200
1100102003
1001020031
0010200310
0102003101
1020031013
0200310132
2003101322
0031013222
0310132220
3101322200
1013222000
0132220000
1322200002
3222000020
2220000200
2200002003
2000020031
0000200313
0002003132
0020031321
0200313213
2003132133
0031321332
0313213321
3132133210
1321332102
3213321020
2133210200
1332102001
3321020013
3210200130
2102001300
1020013000
0200130002
2001300021
0013000213
0130002132
1300021320
3000213200
0002132001
0021320011
0213200113
2132001130
1320011303
3200113030
2001130300
0011303002
0113030021
1130300210
1303002102
3030021021
0300210210
3002102102
0021021021
0210210210
2102102103
1021021030
0210210300
2102103002
1021030021
0210300210
2103002100
1030021003
0300210030
3002100303
0021003032
0210030322
2100303220
1003032200
0030322001
0303220013
3032200130
0322001302
3220013020
2200130200
2001302003
0013020033
0130200330
1302003300
3020033000
0200330003
2003300030
0033000303
0330003031
3300030311
3000303110
0003031103
0030311032
0303110322
3031103223
0311032233
3110322331
1103223310
1032233100
0322331000
3223310000
2233100002
2331000021
3310000210
3100002101
1000021011
0000210111
0002101110
0021011100
0210111002
2101110020
1011100200
0111002002
1110020020
1100200201
1002002013
0020020130
0200201300
2002013002
0020130021
0201300211
2013002112
0130021120
1300211202
3002112022
0021120220
0211202200
2112022002
1120220020
1202200200
2022002002
0220020020
2200200201
2002002011
0020020110
0200201101
2002011013
0020110130
0201101301
2011013011
0110130110
1101301102
1013011022
0130110221
1301102210
3011022103
0110221030
1102210303
1022103033
0221030333
2210303330
2103033303
1030333032
0303330321
3033303210
0333032101
3330321013
3303210133
3032101332
0321013320
3210133200
2101332001
1013320013
0133200131
1332001312
3320013123
3200131230
2001312302
0013123023
0131230231
1312302310
3123023102
1230231023
2302310230
3023102300
0231023000
2310230000
3102300000
1023000003
0230000031
2300000311
3000003110
0000031100
0000311002
0003110021
0031100211
0311002111
3110021110
1100211101
1002111011
0021110113
0211101130
2111011301
1110113013
1101130131
1011301310
0113013103
1130131030
1301310301
3013103013
0131030132
1310301320
3103013200
1030132001
0301320013
3013200130
0132001301
1320013010
3200130100
2001301000
0013010003
0130100033
1301000332
3010003320
0100033203
1000332030
0003320302
0033203023
0332030233
3320302332
3203023323
2030233233
0302332331
3023323313
0233233130
2332331302
3323313021
3233130210
2331302102
3313021023
3130210232
1302102320
3021023202
0210232022
2102320220
1023202202
0232022022
2320220221
3202202212
2022022120
0220221200
2202212002
2022120020
0221200200
2212002000
2120020000
1200200000
2002000000
0020000000
0200000000
2000000003
0000000033
0000000331
0000003313
0000033132
0000331320
0003313202
0033132021
0331320210
3313202100
3132021000
1320210003
3202100030
2021000301
0210003011
2100030110
1000301102
0003011023
0030110231
0301102310
3011023102
0110231020
1102310201
1023102010
0231020102
2310201020
3102010202
1020102021
0201020210
2010202100
0102021000
1020210000
0202100000
2021000002
0210000021
2100000213
1000002133
0000021331
0000213310
0002133100
0021331001
0213310013
2133100131
1331001310
3310013103
3100131032
1001310322
0013103220
0131032200
1310322002
3103220022
1032200222
0322002220
3220022200
2200222000
2002220002
0022200020
0222000200
2220002001
2200020011
2000200113
0002001132
0020011321
0200113210
2001132100
0011321001
0113210013
1132100132
1321001322
3210013220
2100132202
1001322021
0013220211
0132202110
1322021100
3220211001
2202110010
2021100100
0211001002
2110010022
1100100222
1001002223
0010022230
0100222300
1002223001
0022230010
0222300100
2223001002
2230010023
2300100231
3001002310
0010023100
0100231000
1002310003
0023100032
0231000320
2310003201
3100032011
1000320110
0003201100
0032011000
0320110003
3201100030
2011000300
0110003000
1100030003
1000300030
0003000300
0030003000
0300030000
3000300002
0003000020
0030000201
0300002013
3000020133
0000201332
0002013321
0020133211
0201332110
2013321102
0133211023
1332110232
3321102320
3211023200
2110232002
1102320021
1023200213
0232002133
2320021333
3200213333
2002133332
0021333321
0213333210
2133332102
1333321020
3333210200
3332102001
3321020013
3210200130
2102001300
1020013000
0200130003
2001300033
0013000333
0130003330
1300033300
3000333001
0003330010
0033300100
0333001000
3330010001
3300100010
3001000103
0010001030
0100010301
1000103011
0001030113
0010301132
0103011322
1030113223
0301132232
3011322323
0113223233
1132232333
1322323333
3223233333
2232333330
2323333302
3233333023
2333330230
3333302302
3333023023
3330230232
3302302322
3023023223
0230232233
2302322331
3023223312
0232233120
2322331202
3223312023
2233120233
2331202331
3312023313
3120233130
1202331301
2023313013
0233130130
2331301300
3313013000
3130130001
1301300013
3013000133
0130001330
1300013300
3000133000
0001330002
0013300020
0133000200
1330002002
3300020023
3000200233
0002002332
0020023323
0200233231
2002332312
0023323120
0233231203
2332312033
3323120331
3231203313
2312033130
3120331300
1203313001
2033130011
0331300113
3313001133
3130011331
1300113310
3001133100
0011331000
0113310002
1133100020
1331000202
3310002020
3100020200
1000202002
0002020020
0020200201
0202002012
2020020123
0200201230
2002012302
0020123022
0201230220
2012302202
0123022020
1230220202
2302202020
3022020200
0220202001
2202020011
2020200113
0202001130
2020011302
0200113022
2001130220
0011302200
0113022001
1130220011
1302200110
3022001103
0220011031
2200110311
2001103110
0011031100
0110311002
1103110023
1031100232
0311002323
3110023232
1100232323
1002323230
0023232300
0232323003
2323230030
3232300302
2323003021
3230030210
2300302101
3003021011
0030210110
0302101100
3021011000
0210110002
2101100022
1011000221
0110002211
1100022113
1000221131
0002211310
0022113102
0221131020
2211310202
2113102020
1131020201
1310202011
3102020113
1020201132
0202011320
2020113203
0201132030
2011320303
0113203033
1132030331
1320303310
3203033102
2030331023
0303310232
3033102322
0331023220
3310232202
3102322022
1023220220
0232202200
2322022002
3220220020
2202200200
2022002002
0220020023
2200200231
2002002313
0020023132
0200231321
2002313210
0023132100
0231321000
2313210001
3132100013
1321000132
3210001320
2100013201
1000132010
0001320102
0013201022
0132010223
1320102231
3201022313
2010223130
0102231303
1022313032
0223130322
2231303220
2313032202
3130322020
1303220202
3032202021
0322020210
3220202101
2202021011
2020210110
0202101100
2021011003
0210110030
2101100303
1011003033
0110030333
1100303333
1003033330
0030333301
0303333013
3033330132
0333301322
3333013223
3330132232
3301322321
3013223211
0132232113
1322321132
3223211320
2232113201
2321132010
3211320101
2113201013
1132010132
1320101320
3201013201
2010132013
0101320132
1013201323
0132013232
1320132320
3201323201
2013232010
0132320101
1323201013
3232010131
2320101310
3201013102
2010131022
0101310220
1013102202
0131022020
1310220202
3102202023
1022020232
0220202323
2202023231
2020232313
0202323131
2023231310
0232313101
2323131013
3231310132
2313101321
3131013213
1310132132
3101321322
1013213221
0132132213
1321322131
3213221311
2132213113
1322131132
3221311320
2213113201
2131132010
1311320101
3113201011
1132010111
1320101111
3201011110
2010111102
0101111022
1011110222
0111102222
1111022220
1110222202
1102222022
1022220221
0222202210
2222022100
2220221000
2202210000
2022100000
0221000001
2210000010
2100000102
1000001021
0000010210
0000102101
0001021011
0010210110
0102101101
1021011010
0210110103
2101101031
1011010310
0110103102
1101031023
1010310232
0103102323
1031023232
0310232322
3102323222
1023232222
0232322222
2323222223
3232222232
2322222322
3222223222
2222232222
2222322222
2223222223
2232222232
2322222321
3222223210
2222232102
2222321021
2223210210
2232102100
2321021003
3210210033
2102100332
1021003322
0210033220
2100332200
1003322000
0033220001
0332200011
3322000111
3220001110
2200011100
2000111000
0001110002
0011100022
0111000220
1110002202
1100022021
1000220213
0002202132
0022021320
0220213203
2202132031
2021320313
0213203132
2132031323
1320313232
3203132320
2031323203
0313232033
3132320332
1323203323
3232033233
2320332331
3203323313
2033233132
0332331320
3323313203
3233132032
2331320320
3313203201
3132032010
1320320101
3203201010
2032010102
0320101020
3201010202
2010102022
0101020222
1010202221
0102022212
1020222123
0202221233
2022212330
0222123300
2221233002
2212330022
2123300220
1233002203
2330022031
3300220313
3002203131
0022031313
0220313133
2203131332
2031313320
0313133202
3131332020
1313320203
3133202032
1332020323
3320203232
3202032320
2020323200
0203232002
2032320023
0323200233
3232002331
2320023310
3200233102
2002331022
0023310220
0233102202
2331022020
3310220201
3102202010
1022020100
0220201002
2202010021
2020100210
0201002103
2010021030
0100210302
1002103020
0021030200
0210302000
2103020003
1030200032
0302000322
3020003220
0200032200
2000322002
0003220020
0032200202
0322002020
3220020202
2200202023
2002020232
0020202320
0202023200
2020232001
0202320013
2023200131
0232001312
2320013120
3200131203
2001312030
0013120301
0131203010
1312030101
3120301010
1203010102
2030101023
0301010230
3010102303
0101023033
1010230333
0102303330
1023033301
0230333010
2303330102
3033301020
0333010200
3330102003
3301020030
3010200301
0102003010
1020030103
0200301033
2003010333
0030103330
0301033300
3010333002
0103330022
1033300223
0333002233
3330022333
3300223331
3002233310
0022333100
0223331000
2233310002
2333100021
3331000212
3310002121
3100021211
1000212110
0002121100
0021211003
0212110031
2121100310
1211003103
2110031033
1100310333
1003103332
0031033321
0310333213
3103332131
1033321313
0333213132
3332131323
3321313232
3213132323
2131323233
1313232331
3132323310
1323233100
3232331000
2323310003
3233100031
2331000311
3310003110
3100031102
1000311022
0003110220
0031102200
0311022000
3110220003
1102200031
1022000311
0220003110
2200031102
2000311020
0003110200
0031102000
0311020000
3110200002
1102000022
1020000220
0200002200
2000022003
0000220032
0002200323
0022003232
0220032321
2200323210
2003232103
0032321031
0323210311
3232103112
2321031123
3210311231
2103112313
1031123133
0311231333
3112313332
1123133321
1231333211
2313332111
3133321110
1333211101
3332111013
3321110131
3211101311
2111013112
1110131122
1101311222
1013112223
0131122231
1311222311
3112223110
1122231101
1222311010
2223110100
2231101002
2311010022
3110100220
1101002200
1010022000
0100220001
1002200010
0022000100
0220001000
2200010002
2000100023
0001000231
0010002311
0100023110
1000231100
0002311000
0023110002
0231100022
2311000223
3110002233
1100022330
1000223301
0002233013
0022330131
0223301313
2233013133
2330131332
3301313320
3013133200
0131332003
1313320032
3133200323
1332003232
3320032322
3200323220
2003232201
0032322010
0323220100
3232201000
2322010000
3220100000
2201000002
2010000020
0100000200
1000002002
0000020020
0000200200
0002002000
0020020000
0200200003
2002000031
0020000312
0200003120
2000031202
0000312022
0003120220
0031202202
0312022022
3120220222
1202202220
2022022200
0220222002
2202220022
2022200220
0222002200
2220022003
2200220033
2002200333
0022003330
0220033302
2200333023
2003330230
0033302303
0333023031
3330230310
3302303100
3023031002
0230310021
2303100210
3031002101
0310021012
3100210123
1002101230
0021012301
0210123010
2101230102
1012301022
0123010221
1230102210
2301022101
3010221011
0102210113
1022101131
0221011310
2210113101
2101131010
1011310101
0113101010
1131010100
1310101001
3101010010
1010100102
0101001021
1010010210
0100102102
1001021022
0010210221
0102102213
1021022133
0210221333
2102213331
1022133311
0221333113
2213331132
2133311323
1333113232
3331132322
3311323223
3113232233
1132322333
1323223332
3232233323
2322333232
3223332320
2233323202
2333232020
3332320200
3323202000
3232020002
2320200020
3202000201
2020002010
0200020100
2000201000
0002010000
0020100000
0201000002
2010000021
0100000211
1000002110
0000021102
0000211022
0002110220
0021102202
0211022020
2110220202
1102202023
1022020230
0220202303
2202023032
2020230321
0202303211
2023032110
0230321100
2303211000
3032110003
0321100030
3211000303
2110003030
1100030302
1000303023
0003030231
0030302311
0303023112
3030231120
0302311200
3023112000
0231120002
2311200022
3112000220
1120002200
1200022001
2000220011
0002200113
0022001131
0220011313
2200113130
2001131302
0011313023
0113130231
1131302311
1313023113
3130231133
1302311332
3023113323
0231133231
2311332310
3113323102
1133231023
1332310231
3323102310
3231023103
2310231031
3102310313
1023103131
0231031310
2310313102
3103131023
1031310233
0313102333
3131023330
1310233302
3102333020
1023330202
0233302022
2333020221
3330202210
3302022100
3020221003
0202210032
2022100320
0221003200
2210032000
2100320001
1003200013
0032000130
0320001300
3200013000
2000130001
0001300013
0013000131
0130001310
1300013101
3000131013
0001310130
0013101303
0131013033
1310130332
3101303320
1013033200
0130332000
1303320000
3033200003
0332000030
3320000300
3200003000
2000030003
0000300030
0003000301
0030003010
0300030102
3000301021
0003010210
0030102103
0301021033
3010210333
0102103331
1021033310
0210333101
2103331010
1033310100
0333101000
3331010000
3310100001
3101000011
1010000111
0100001110
1000011103
0000111030
0001110303
0011103031
0111030310
1110303103
1103031030
1030310303
0303103030
3031030301
0310303011
3103030110
1030301103
0303011031
3030110311
0301103110
3011031103
0110311033
1103110333
1031103331
0311033313
3110333131
1103331311
1033313111
0333131113
3331311133
3313111331
3131113310
1311133102
3111331022
1113310223
1133102231
1331022310
3310223103
3102231031
1022310313
0223103132
2231031323
2310313233
3103132330
1031323300
0313233000
3132330000
1323300001
3233000013
2330000132
3300001323
3000013230
0000132300
0001323002
0013230023
0132300230
1323002300
3230023002
2300230022
3002300220
0023002200
0230022000
2300220000
3002200001
0022000011
0220000113
2200001132
2000011323
0000113231
0001132310
0011323102
0113231020
1132310202
1323102022
3231020220
2310202202
3102022020
1020220200
0202202002
2022020023
0220200233
2202002332
2020023322
0200233220
2002332202
0023322022
0233220220
2332202200
3322022001
3220220010
2202200103
2022001033
0220010331
2200103310
2001033102
0010331021
0103310212
1033102123
0331021231
3310212310
3102123102
1021231021
0212310213
2123102132
1231021320
2310213200
3102132000
1021320002
0213200020
2132000202
1320002021
3200020210
2000202102
0002021023
0020210232
0202102322
2021023222
0210232220
2102322200
1023222000
0232220003
2322200032
3222000320
2220003202
2200032020
2000320200
0003202001
0032020010
0320200103
3202001031
2020010310
0200103103
2001031033
0010310331
0103103310
1031033100
0310331000
3103310002
1033100023
0331000230
3310002301
3100023010
1000230102
0002301023
0023010232
0230102320
2301023202
3010232021
0102320210
1023202101
0232021010
2320210100
3202101003
2021010033
0210100330
2101003302
1010033021
0100330211
1003302110
0033021102
0330211020
3302110200
3021102003
0211020030
2110200300
1102003000
1020030000
0200300001
2003000013
0030000130
0300001302
3000013020
0000130202
0001302020
0013020200
0130202000
1302020002
3020200023
0202000230
2020002301
0200023013
2000230132
0002301321
0023013213
0230132130
2301321300
3013213000
0132130002
1321300020
3213000200
2130002002
1300020022
3000200221
0002002210
0020022102
0200221021
2002210213
0022102131
0221021311
2210213113
2102131132
1021311321
0213113210
2131132102
1311321023
3113210230
1132102301
1321023013
3210230130
2102301300
1023013003
0230130032
2301300320
3013003200
0130032002
1300320023
3003200230
0032002302
0320023022
3200230221
2002302213
0023022131
0230221311
2302213110
3022131102
0221311023
2213110232
2131102322
1311023221
3110232212
1102322120
1023221200
0232212000
2322120000
3221200003
2212000030
2120000303
1200003033
2000030331
0000303310
0003033102
0030331022
0303310221
3033102210
0331022102
3310221020
3102210200
1022102001
0221020011
2210200110
2102001102
1020011022
0200110221
2001102210
0011022102
0110221020
1102210200
1022102000
0221020001
2210200010
2102000102
1020001020
0200010202
2000102021
0001020210
0010202103
0102021031
1020210310
0202103102
2021031020
0210310200
2103102003
1031020033
0310200330
3102003300
1020033002
0200330023
2003300232
0033002321
0330023213
3300232130
3002321303
0023213033
0232130331
2321303313
3213033131
2130331310
1303313102
3033131020
0331310203
3313102033
3131020330
1310203302
3102033022
1020330223
0203302231
2033022313
0330223131
3302231310
3022313103
0223131032
2231310321
2313103210
3131032100
1310321001
3103210011
1032100113
0321001132
3210011320
2100113200
1001132002
0011320023
0113200231
1132002313
1320023130
3200231303
2002313030
0023130300
0231303002
2313030021
3130300211
1303002110
3030021100
0300211002
3002110023
0021100231
0211002313
2110023133
1100231333
1002313331
0023133313
0231333131
2313331313
3133313130
1333131300
3331313002
3313130023
3131300230
1313002300
3130023003
1300230033
3002300332
0023003323
0230033230
2300332300
3003323000
0033230002
0332300020
3323000203
3230002031
2300020313
3000203132
0002031322
0020313220
0203132200
2031322000
0313220003
3132200030
1322000300
3220003000
2200030000
2000300000
0003000002
0030000022
0300000221
3000002210
0000022100
0000221002
0002210022
0022100222
0221002222
2210022220
2100222200
1002222002
0022220021
0222200213
2222002132
2220021322
2200213220
2002132202
0021322022
0213220220
2132202202
1322022023
3220220230
2202202302
2022023023
0220230233
2202302331
2023023310
0230233102
2302331022
3023310223
0233102232
2331022322
3310223223
3102232231
1022322310
0223223100
2232231001
2322310012
3223100121
2231001210
2310012102
3100121020
1001210203
0012102033
0121020333
1210203331
2102033313
1020333131
0203331313
2033313131
0333131311
3331313110
3313131103
3131311032
1313110323
3131103231
1311032310
3110323100
1103231000
1032310001
0323100013
3231000133
2310001333
3100013330
1000133302
0001333020
0013330203
0133302030
1333020300
3330203001
3302030011
3020300113
0203001130
2030011302
0300113020
3001130200
0011302001
0113020010
1130200100
1302001001
3020010011
0200100113
2001001131
0010011313
0100113132
1001131322
0011313222
0113132220
1131322200
1313222002
3132220023
1322200230
3222002302
2220023023
2200230231
2002302311
0023023113
0230231132
2302311321
3023113213
0231132133
2311321331
3113213313
1132133131
1321331312
3213313122
2133131222
1331312223
3313122233
3131222332
1312223322
3122233223
1222332233
2223322331
2233223313
2332233132
3322331320
3223313202
2233132020
2331320201
3313202011
3132020111
1320201111
3202011110
2020111102
0201111020
2011110203
0111102032
1111020320
1110203201
1102032011
1020320113
0203201132
2032011323
0320113233
3201132330
2011323300
0113233000
1132330003
1323300032
3233000320
2330003203
3300032032
3000320320
0003203201
0032032010
0320320100
3203201002
2032010022
0320100223
3201002230
2010022300
0100223000
1002230002
0022300022
0223000220
2230002202
2300022020
3000220200
0002202001
0022020010
0220200100
2202001001
2020010010
0200100102
2001001021
0010010213
0100102133
1001021333
0010213332
0102133321
1021333213
0213332132
2133321320
1333213200
3332132000
3321320002
3213200023
2132000232
1320002321
3200023211
2000232110
0002321103
0023211033
0232110330
2321103300
3211033002
2110330022
1103300220
1033002200
0330022000
3300220002
3002200020
0022000203
0220002031
2200020313
2000203132
0002031321
0020313213
0203132132
2031321323
0313213233
3132132333
1321323333
3213233333
2132333330
1323333302
3233333021
2333330210
3333302100
3333021000
3330210000
3302100002
3021000023
0210000232
2100002323
1000023231
0000232311
0002323111
0023231112
0232311120
2323111200
3231112000
2311120002
3111200020
1112000200
1120002001
1200020013
2000200131
0002001310
0020013102
0200131020
2001310200
0013102002
0131020022
1310200220
3102002202
1020022021
0200220211
2002202111
0022021111
0220211110
2202111102
2021111023
0211110231
2111102311
1111023111
1110231113
1102311133
1023111330
0231113302
2311133023
3111330231
1113302311
1133023110
1330231101
3302311010
3023110101
0231101010
2311010101
3110101012
1101010123
1010101233
0101012333
1010123332
0101233322
1012333221
0123332211
1233322111
2333221110
3332211102
3322111022
3221110222
2211102223
2111022231
1110222310
1102223101
1022231011
0222310110
2223101100
2231011000
2310110002
3101100020
1011000200
0110002002
1100020022
1000200222
0002002221
0020022211
0200222110
2002221102
0022211022
0222110220
2221102200
2211022000
2110220001
1102200013
1022000130
0220001302
2200013020
2000130202
0001302023
0013020231
0130202311
1302023113
3020231131
0202311310
2023113102
0231131020
2311310200
3113102002
1131020020
1310200202
3102002022
1020020220
0200202201
2002022010
0020220101
0202201012
2022010123
0220101231
2201012311
2010123110
0101231102
1012311023
0123110232
1231102320
2311023202
3110232022
1102320220
1023202201
0232022012
2320220120
3202201200
2022012002
0220120020
2201200202
2012002021
0120020213
1200202132
2002021321
0020213211
0202132111
2021321113
0213211132
2132111321
1321113213
3211132133
2111321331
1113213311
1132133110
1321331102
3213311021
2133110210
1331102101
3311021013
3110210133
1102101330
1021013301
0210133013
2101330130
1013301303
0133013033
1330130333
3301303332
3013033322
0130333223
1303332230
3033322300
0333223000
3332230002
3322300023
3223000231
2230002311
2300023111
3000231111
0002311110
0023111102
0231111023
2311110230
3111102303
1111023030
1110230301
1102303013
1023030133
0230301333
2303013331
3030133313
0301333132
3013331321
0133313210
1333132100
3331321001
3313210013
3132100131
1321001311
3210013111
2100131110
1001311102
0013111022
0131110221
1311102210
3111022101
1110221010
1102210100
1022101003
0221010032
2210100321
2101003213
1010032132
0100321323
1003213233
0032132332
0321323321
3213233211
2132332110
1323321101
3233211010
2332110102
3321101020
3211010202
2110102020
1101020202
1010202023
0102020231
1020202311
0202023110
2020231103
0202311031
2023110313
0231103130
2311031300
3110313002
1103130020
1031300200
0313002000
3130020000
1300200001
3002000010
0020000102
0200001020
2000010202
0000102022
0001020220
0010202200
0102022000
1020220002
0202200021
2022000211
0220002110
2200021102
2000211022
0002110223
0021102230
0211022301
2110223011
1102230113
1022301133
0223011333
2230113330
2301133300
3011333000
0113330002
1133300020
1333000202
3330002023
3300020230
3000202301
0002023011
0020230113
0202301133
2023011330
0230113300
2301133000
3011330003
0113300030
1133000300
1330003003
3300030031
3000300310
0003003101
0030031010
0300310102
3003101023
0031010232
0310102320
3101023201
1010232011
0102320110
1023201102
0232011022
2320110223
3201102230
2011022300
0110223001
1102230012
1022300123
0223001231
2230012310
2300123102
3001231021
0012310210
0123102100
1231021000
2310210002
3102100022
1021000221
0210002212
2100022123
1000221231
0002212311
0022123111
0221231110
2212311102
2123111022
1231110220
2311102200
3111022001
1110220012
1102200123
1022001231
0220012310
2200123101
2001231011
0012310113
0123101133
1231011330
2310113302
3101133021
1011330212
0113302120
1133021200
1330212002
3302120020
3021200202
0212002022
2120020221
1200202212
2002022122
0020221222
0202212220
2022122203
0221222032
2212220323
2122203233
1222032331
2220323313
2203233132
2032331323
0323313233
3233132330
2331323302
3313233021
3132330213
1323302133
3233021332
2330213323
3302133233
3021332333
0213323333
2133233331
1332333311
3323333113
3233331131
2333311310
3333113101
3331131010
3311310102
3113101023
1131010232
1310102321
3101023210
1010232102
0102321021
1023210212
0232102123
2321021230
3210212302
2102123021
1021230210
0212302102
2123021020
1230210200
2302102002
3021020020
0210200203
2102002033
1020020333
0200203333
2002033332
0020333321
0203333211
2033332112
0333321121
3333211211
3332112110
3321121100
3211211003
2112110030
1121100301
1211003010
2110030102
1100301020
1003010201
0030102010
0301020102
3010201021
0102010211
1020102110
0201021102
2010211022
0102110220
1021102203
0211022033
2110220331
1102203313
1022033133
0220331333
2203313331
2033133313
0331333133
3313331332
3133313320
1333133203
3331332032
3313320323
3133203233
1332032333
3320323332
3203233320
2032333203
0323332033
3233320331
2333203313
3332033131
3320331310
3203313103
2033131033
0331310331
3313103313
3131033130
1310331300
3103313000
1033130001
0331300010
3313000100
3130001002
1300010023
3000100232
0001002320
0010023202
0100232021
1002320211
0023202110
0232021103
2320211031
3202110310
2021103102
0211031023
2110310231
1103102313
1031023132
0310231320
3102313200
1023132000
0231320000
2313200001
3132000012
1320000120
3200001200
2000012002
0000120023
0001200233
0012002331
0120023311
1200233112
2002331120
0023311202
0233112023
2331120232
3311202320
3112023201
1120232012
1202320120
2023201202
0232012022
2320120220
3201202200
2012022003
0120220033
1202200332
2022003322
0220033223
2200332233
2003322333
0033223331
0332233311
3322333111
3223331110
2233311101
2333111012
3331110120
3311101203
3111012032
1110120320
1101203202
1012032022
0120320222
1203202220
2032022200
0320222002
3202220022
2022200222
0222002220
2220022200
2200222000
2002220000
0022200003
0222000032
2220000320
2200003201
2000032011
0000320113
0003201132
0032011322
0320113220
3201132200
2011322002
0113220020
1132200202
1322002022
3220020220
2200202203
2002022030
0020220300
0202203003
2022030031
0220300312
2203003122
2030031222
0300312220
3003122200
0031222002
0312220020
3122200202
1222002021
2220020212
2200202122
2002021220
0020212202
0202122023
2021220232
0212202323
2122023232
1220232322
2202323220
2023232203
0232322033
2323220331
3232203310
2322033100
3220331000
2203310001
2033100013
0331000133
3310001330
3100013302
1000133020
0001330203
0013302032
0133020320
1330203200
3302032002
3020320021
0203200210
2032002102
0320021021
3200210210
2002102103
0021021031
0210210313
2102103132
1021031320
0210313202
2103132023
1031320230
0313202301
3132023012
1320230120
3202301202
2023012020
0230120202
2301202023
3012020232
0120202320
1202023200
2020232000
0202320001
2023200010
0232000102
2320001023
3200010231
2000102311
0001023113
0010231131
0102311313
1023113131
0231131313
2311313132
3113131320
1131313200
1313132002
3131320020
1313200201
3132002013
1320020131
3200201313
2002013133
0020131331
0201313310
2013133102
0131331022
1313310222
3133102221
1331022211
3310222112
3102221123
1022211231
0222112311
2221123113
2211231131
2112311313
1123113131
1231131310
2311313102
3113131020
1131310200
1313102001
3131020012
1310200120
3102001203
1020012030
0200120303
2001203033
0012030333
0120303333
1203033330
2030333303
0303333031
3033330311
0333303110
3333031101
3330311013
3303110131
3031101310
0311013102
3110131021
1101310210
1013102102
0131021020
1310210202
3102102020
1021020202
0210202020
2102020201
1020202010
0202020101
2020201011
0202010110
2020101103
0201011032
2010110321
0101103210
1011032102
0110321022
1103210220
1032102203
0321022030
3210220300
2102203001
1022030011
0220300113
2203001132
2030011320
0300113203
3001132030
0011320300
0113203000
1132030000
1320300000
3203000003
2030000031
0300000310
3000003100
0000031002
0000310021
0003100210
0031002102
0310021022
3100210221
1002102212
0021022120
0210221203
2102212032
1022120322
0221203220
2212032201
2120322011
1203220110
2032201102
0322011021
3220110213
2201102132
2011021322
0110213220
1102132202
1021322022
0213220221
2132202213
1322022132
3220221323
2202213232
2022132323
0221323233
2213232330
2132323302
1323233020
3232330202
2323302021
3233020210
2330202102
3302021021
3020210210
0202102102
2021021022
0210210220
2102102202
1021022020
0210220202
2102202021
1022020211
0220202110
2202021102
2020211020
0202110201
2021102013
0211020133
2110201331
1102013311
1020133110
0201331100
2013311000
0133110000
1331100000
3311000002
3110000023
1100000231
1000002311
0000023111
0000231111
0002311111
0023111111
0231111113
2311111131
3111111311
1111113113
1111131131
1111311310
1113113103
1131131033
1311310332
3113103321
1131033211
1310332112
3103321120
1033211203
0332112033
3321120331
3211203313
2112033133
1120331332
1203313323
2033133232
0331332321
3313323211
3133232113
1332321131
3323211311
3232113110
2321131100
3211311002
2113110022
1131100220
1311002201
3110022011
1100220113
1002201132
0022011321
0220113213
2201132132
2011321320
0113213201
1132132013
1321320131
3213201313
2132013132
1320131322
3201313220
2013132202
0131322021
1313220212
3132202120
1322021201
3220212010
2202120103
2021201030
0212010301
2120103010
1201030103
2010301031
0103010310
1030103102
0301031022
3010310220
0103102200
1031022000
0310220000
3102200002
1022000023
0220000230
2200002303
2000023033
0000230330
0002303300
0023033003
0230330032
2303300323
3033003231
0330032310
3300323102
3003231020
0032310202
0323102020
3231020200
2310202000
3102020000
1020200002
0202000023
2020000230
0200002302
2000023023
0000230232
0002302320
0023023200
0230232003
2302320032
3023200323
0232003231
2320032311
3200323113
2003231132
0032311323
0323113232
3231132320
2311323202
3113232023
1132320231
1323202310
3232023102
2320231020
3202310200
2023102003
0231020031
2310200311
3102003112
1020031122
0200311220
2003112200
0031122000
0311220000
3112200001
1122000011
1220000113
2200001133
2000011333
0000113331
0001133313
0011333132
0113331321
1133313210
1333132102
3331321020
3313210201
3132102010
1321020100
3210201002
2102010022
1020100223
0201002233
2010022331
0100223310
1002233100
0022331002
0223310020
2233100202
2331002023
3310020230
3100202303
1002023031
0020230313
0202303132
2023031322
0230313222
2303132223
3031322230
0313222302
3132223023
1322230233
3222302331
2223023311
2230233113
2302331131
3023311311
0233113110
2331131102
3311311023
3113110230
1131102300
1311023000
3110230000
1102300002
1023000023
0230000230
2300002300
3000023000
0000230002
0002300020
0023000200
0230002000
2300020001
3000200012
0002000120
0020001202
0200012020
2000120202
0001202023
0012020232
0120202322
1202023220
2020232200
0202322000
2023220002
0232200022
2322000223
3220002231
2200022313
2000223133
0002231331
0022313311
0223133113
2231331131
2313311313
3133113133
1331131331
3311313313
3113133130
1131331300
1313313000
3133130003
1331300031
3313000311
3130003111
1300031110
3000311102
0003111023
0031110233
0311102332
3111023323
1110233233
1102332332
1023323322
0233233220
2332332203
3323322032
3233220320
2332203201
3322032010
3220320103
2203201032
2032010322
0320103222
3201032222
2010322223
0103222230
1032222303
0322223032
3222230323
2222303232
2223032321
2230323210
2303232103
3032321030
0323210302
3232103021
2321030210
3210302100
2103021001
1030210013
0302100131
3021001310
0210013101
2100131010
1001310102
0013101020
0131010202
1310102023
3101020231
1010202313
0102023133
1020231331
0202313310
2023133102
0231331020
2313310200
3133102001
1331020010
3310200102
3102001020
1020010200
0200102000
2001020001
0010200013
0102000132
1020001321
0200013211
2000132111
0001321110
0013211103
0132111031
1321110313
3211103131
2111031310
1110313100
1103131000
1031310000
0313100002
3131000022
1310000220
3100002202
1000022021
0000220213
0002202131
0022021310
0220213103
2202131033
2021310330
0213103300
2131033002
1310330022
3103300222
1033002223
0330022230
3300222303
3002223033
0022230332
0222303320
2223033203
2230332030
2303320303
3033203032
0332030322
3320303220
3203032202
2030322022
0303220220
3032202202
0322022021
3220220210
2202202100
2022021001
0220210010
2202100100
2021001001
0210010011
2100100110
1001001100
0010011001
0100110011
1001100112
0011001120
0110011202
1100112023
1001120231
0011202313
0112023132
1120231320
1202313202
2023132022
0231320221
2313202211
3132022111
1320221110
3202211100
2022111002
0221110020
2211100203
2111002033
1110020333
1100203330
1002033300
0020333003
0203330032
2033300322
0333003220
3330032202
3300322021
3003220211
0032202112
0322021123
3220211231
2202112310
2021123103
0211231030
2112310303
1123103033
1231030333
2310303332
3103033323
1030333231
0303332310
3033323100
0333231002
3332310020
3323100201
3231002010
2310020100
3100201002
1002010020
0020100203
0201002031
2010020313
0100203131
1002031312
0020313120
0203131202
2031312022
0313120222
3131202220
1312022200
3120222001
1202220011
2022200111
0222001111
2220011113
2200111132
2001111321
0011113211
0111132111
1111321113
1113211130
1132111302
1321113020
3211130200
2111302003
1113020031
1130200313
1302003132
3020031322
0200313220
2003132200
0031322001
0313220011
3132200110
1322001102
3220011020
2200110201
2001102013
0011020131
0110201313
1102013133
1020131331
0201313312
2013133120
0131331203
1313312032
3133120320
1331203201
3312032011
3120320111
1203201110
2032011102
0320111020
3201110202
2011102023
0111020231
1110202313
1102023132
1020231320
0202313203
2023132031
0231320311
2313203111
3132031113
1320311130
3203111303
2031113032
0311130320
3111303200
1113032002
1130320020
1303200201
3032002010
0320020102
3200201020
2002010202
0020102021
0201020211
2010202111
0102021111
1020211111
0202111112
2021111120
0211111202
2111112021
1111120211
1111202110
1112021102
1120211021
1202110213
2021102131
0211021311
2110213113
1102131132
1021311323
0213113233
2131132333
1311323332
3113233321
1132333210
1323332102
3233321021
2333210211
3332102113
3321021132
3210211321
2102113211
1021132112
0211321120
2113211201
1132112013
1321120133
3211201331
2112013310
1120133100
1201331001
2013310011
0133100113
1331001131
3310011313
3100113132
1001131321
0011313210
0113132101
1131321012
1313210122
3132101220
1321012201
3210122012
2101220123
1012201233
0122012330
1220123301
2201233011
2012330111
0123301111
1233011110
2330111100
3301111003
3011110033
0111100331
1111003311
1110033110
1100331100
1003311002
0033110023
0331100233
3311002332
3110023320
1100233200
1002332002
0023320020
0233200200
2332002003
3320020031
3200200313
2002003132
0020031321
0200313211
2003132111
0031321110
0313211102
3132111020
1321110202
3211102023
2111020231
1110202311
1102023110
1020231102
0202311021
2023110213
0231102130
2311021301
3110213013
1102130132
1021301321
0213013213
2130132131
1301321310
3013213100
0132131000
1321310001
3213100013
2131000130
1310001301
3100013013
1000130130
0001301300
0013013001
0130130010
1301300101
3013001013
0130010132
1300101321
3001013213
0010132132
0101321322
1013213222
0132132221
1321322210
3213222103
2132221031
1322210310
3222103103
2221031032
2210310323
2103103232
1031032320
0310323200
3103232002
1032320022
0323200222
3232002220
2320022202
3200222020
2002220200
0022202000
0222020002
2220200023
2202000232
2020002323
0200023232
2000232320
0002323202
0023232021
0232320212
2323202122
3232021222
2320212222
3202122220
2021222202
0212222020
2122220200
1222202002
2222020021
2220200211
2202002110
2020021102
0200211020
2002110200
0021102002
0211020023
2110200232
1102002322
1020023223
0200232230
2002322303
0023223031
0232230313
2322303133
3223031331
2230313310
2303133100
3031331001
0313310010
3133100100
1331001000
3310010000
3100100000
1001000001
0010000010
0100000102
1000001023
0000010231
0000102310
0001023100
0010231001
0102310010
1023100100
0231001000
2310010000
3100100002
1001000020
0010000200
0100002003
1000020030
0000200303
0002003031
0020030310
0200303100
2003031003
0030310032
0303100322
3031003223
0310032232
3100322322
1003223221
0032232212
0322322123
3223221231
2232212310
2322123102
3221231022
2212310221
2123102213
1231022133
2310221332
3102213320
1022133201
0221332011
2213320111
2133201110
1332011100
3320111000
3201110000
2011100001
0111000012
1110000120
1100001200
1000012003
0000120033
0001200330
0012003300
0120033003
1200330032
2003300321
0033003213
0330032131
3300321312
3003213123
0032131232
0321312321
3213123210
2131232101
1312321010
3123210100
1232101002
2321010023
3210100233
2101002333
1010023332
0100233322
1002333221
0023332210
0233322102
2333221020
3332210200
3322102000
3221020000
2210200001
2102000010
1020000101
0200001011
2000010110
0000101102
0001011020
0010110203
0101102031
1011020310
0110203101
1102031013
1020310132
0203101323
2031013230
0310132300
3101323001
1013230013
0132300132
1323001320
3230013203
2300132031
3001320313
0013203132
0132031320
1320313203
3203132033
2031320330
0313203301
3132033013
1320330132
3203301320
2033013200
0330132002
3301320020
3013200202
0132002020
1320020201
3200202011
2002020110
0020201101
0202011013
2020110131
0201101310
2011013101
0110131012
1101310123
1013101231
0131012310
1310123103
3101231033
1012310330
0123103303
1231033032
2310330320
3103303200
1033032000
0330320000
3303200001
3032000010
0320000102
3200001020
2000010203
0000102032
0001020321
0010203213
0102032132
1020321320
0203213203
2032132033
0321320333
3213203333
2132033332
1320333323
3203333231
2033332313
0333323132
3333231323
3332313232
3323132320
3231323200
2313232001
3132320012
1323200122
3232001220
2320012201
3200122010
2001220101
0012201013
0122010132
1220101320
2201013200
2010132000
0101320003
1013200030
0132000303
1320003033
3200030333
2000303333
0003033331
0030333313
0303333132
3033331322
0333313222
3333132220
3331322200
3313222003
3132220033
1322200332
3222003321
2220033210
2200332102
2003321022
0033210220
0332102202
3321022022
3210220220
2102202200
1022022000
0220220000
2202200003
2022000032
0220000322
2200003222
2000032223
0000322230
0003222302
0032223023
0322230233
3222302330
2223023302
2230233021
2302330213
3023302130
0233021303
2330213033
3302130333
3021303331
0213033313
2130333132
1303331322
3033313222
0333132223
3331322232
3313222320
3132223201
1322232011
3222320111
2223201110
2232011102
2320111023
3201110231
2011102313
0111023132
1110231323
1102313233
1023132330
0231323300
2313233000
3132330002
1323300020
3233000200
2330002000
3300020002
3000200020
0002000200
0020002000
0200020002
2000200020
0002000203
0020002033
0200020331
2000203313
0002033130
0020331302
0203313020
2033130203
0331302032
3313020320
3130203202
1302032023
3020320232
0203202323
2032023232
0320232320
3202323203
2023232033
0232320333
2323203333
3232033332
2320333320
3203333200
2033332002
0333320023
3333200231
3332002310
3320023102
3200231020
2002310202
0023102022
0231020220
2310202202
3102022020
1020220201
0202202012
2022020123
0220201233
2202012330
2020123303
0201233031
2012330310
0123303100
1233031003
2330310032
3303100322
3031003220
0310032200
3100322002
1003220022
0032200220
0322002200
3220022001
2200220011
2002200110
0022001101
0220011011
2200110110
2001101100
0011011002
0110110022
1101100223
1011002231
0110022311
1100223110
1002231100
0022311000
0223110002
2231100021
2311000212
3110002120
1100021202
1000212021
0002120210
0021202100
0212021002
2120210020
1202100202
2021002020
0210020200
2100202003
1002020031
0020200311
0202003111
2020031110
0200311102
2003111022
0031110220
0311102201
3111022010
1110220102
1102201020
1022010200
0220102000
2201020002
2010200020
0102000203
1020002031
0200020313
2000203133
0002031331
0020313310
0203133102
2031331022
0313310222
3133102222
1331022221
3310222211
3102222113
1022221130
0222211302
2222113020
2221130200
2211302000
2113020003
1130200031
1302000313
3020003132
0200031323
2000313233
0003132332
0031323321
0313233213
3132332130
1323321303
3233213032
2332130322
3321303222
3213032221
2130322211
1303222111
3032221113
0322211133
3222111333
2221113330
2211133303
2111333031
1113330310
1133303100
1333031001
3330310010
3303100103
3031001032
0310010321
3100103211
1001032111
0010321110
0103211101
1032111010
0321110102
3211101020
2111010203
1110102031
1101020310
1010203100
0102031001
1020310013
0203100130
2031001302
0310013020
3100130202
1001302021
0013020212
0130202122
1302021220
3020212203
0202122032
2021220322
0212203223
2122032232
1220322321
2203223212
2032232122
0322321221
3223212213
2232122133
2321221333
3212213332
2122133323
1221333232
2213332322
2133323222
1333232222
3332322221
3323222213
3232222132
2322221321
3222213211
2222132112
2221321123
2213211232
2132112322
1321123223
3211232232
2112322320
1123223200
1232232002
2322320022
3223200220
2232002202
2320022021
3200220211
2002202113
0022021133
0220211331
2202113310
2021133102
0211331021
2113310212
1133102123
1331021233
3310212331
3102123310
1021233101
0212331011
2123310110
1233101103
2331011031
3310110312
3101103122
1011031221
0110312212
1103122120
1031221202
0312212022
3122120222
1221202221
2212022213
2120222131
1202221313
2022213131
0222131310
2221313101
2213131011
2131310111
1313101110
3131011102
1310111023
3101110233
1011102332
0111023323
1110233232
1102332322
1023323223
0233232231
2332322310
3323223103
3232231032
2322310321
3223103210
2231032102
2310321021
3103210211
1032102112
0321021122
3210211220
2102112203
1021122032
0211220321
2112203211
1122032113
1220321132
2203211322
2032113220
0321132201
3211322010
2113220102
1132201020
1322010202
3220102022
2201020220
2010202201
0102022010
1020220102
0202201023
2022010232
0220102322
2201023221
2010232213
0102322131
1023221311
0232213111
2322131110
3221311101
2213111012
2131110123
1311101232
3111012320
1110123203
1101232033
1012320332
0123203322
1232033222
2320332221
3203322210
2033222102
0332221020
3322210203
3222102032
2221020323
2210203232
2102032323
1020323230
0203232300
2032323002
0323230022
3232300221
2323002213
3230022131
2300221311
3002213113
0022131132
0221311323
2213113232
2131132322
1311323223
3113232232
1132322320
1323223201
3232232011
2322320111
3223201112
2232011120
2320111202
3201112020
2011120202
0111202023
1112020232
1120202322
1202023222
2020232223
0202322230
2023222303
0232223033
2322230332
3222303322
2223033220
2230332201
2303322010
3033220102
0332201021
3322010212
3220102123
2201021232
2010212322
0102123221
1021232211
0212322111
2123221113
1232211131
2322111313
3221113130
2211131301
2111313011
1113130110
1131301102
1313011023
3130110232
1301102321
3011023211
0110232110
1102321102
1023211022
0232110220
2321102202
3211022021
2110220213
1102202132
1022021322
0220213220
2202132201
2021322012
0213220121
2132201211
1322012113
3220121130
2201211301
2012113011
0121130113
1211301132
2113011322
1130113223
1301132231
3011322311
0113223111
1132231111
1322311110
3223111100
2231111002
2311110021
3111100211
1111002113
1110021132
1100211321
1002113210
0021132101
0211321010
2113210102
1132101020
1321010202
3210102023
2101020232
1010202322
0102023221
1020232213
0202322132
2023221321
0232213213
2322132132
3221321320
2213213202
2132132023
1321320231
3213202311
2132023111
1320231110
3202311101
2023111011
0231110110
2311101102
3111011021
1110110211
1101102111
1011021113
0110211132
1102111323
1021113232
0211132323
2111323232
1113232321
1132323211
1323232112
3232321122
2323211222
3232112223
2321122230
3211222303
2112223032
1122230321
1222303210
2223032102
2230321020
2303210202
3032102021
0321020211
3210202111
2102021113
1020211133
0202111331
2021113313
0211133131
2111331311
1113313110
1133131101
1331311011
3313110110
3131101102
1311011020
3110110201
1101102011
1011020111
0110201111
1102011112
1020111120
0201111202
2011112022
0111120220
1111202203
1112022030
1120220300
1202203002
2022030021
0220300213
2203002133
2030021330
0300213300
3002133002
0021330020
0213300200
2133002002
1330020023
3300200232
3002002322
0020023221
0200232211
2002322113
0023221133
0232211333
2322113333
3221133331
2211333311
2113333110
1133331102
1333311022
3333110221
3331102211
3311022111
3110221113
1102211132
1022111322
0221113222
2211132220
2111322203
1113222031
1132220313
1322203133
3222031331
2220313313
2203133131
2031331313
0313313133
3133131333
1331313330
3313133302
3131333023
1313330231
3133302311
1333023113
3330231133
3302311331
3023113311
0231133110
2311331101
3113311010
1133110102
1331101023
3311010231
3110102311
1101023113
1010231132
0102311322
1023113223
0231132233
2311322330
3113223301
1132233013
1322330130
3223301300
2233013000
2330130003
3301300030
3013000303
0130003033
1300030333
3000303333
0003033330
0030333303
0303333032
3033330323
0333303230
3333032301
3330323013
