1212213111
2122131110
1221311100
2213111003
2131110031
1311100310
3111003101
1110031012
1100310122
1003101222
0031012220
0310122202
3101222022
1012220220
0122202202
1222022022
2220220220
2202202202
2022022022
0220220220
2202202202
2022022022
0220220223
2202202232
2022022322
0220223220
2202232202
2022322022
0223220220
2232202202
2322022022
3220220220
2202202202
2022022022
0220220222
2202202221
2022022213
0220222132
2202221321
2022213211
0222132113
2221321133
2213211332
2132113320
1321133202
3211332022
2113320220
1133202200
1332022002
3320220023
3202200231
2022002311
0220023110
2200231100
2002311002
0023110020
0231100200
2311002003
3110020032
1100200320
1002003200
0020032002
0200320023
2003200233
0032002332
0320023323
3200233232
2002332322
0023323220
0233232202
2332322021
3323220213
3232202132
2322021320
3220213202
2202132020
2021320202
0213202023
2132020231
1320202311
3202023111
2020231111
0202311111
2023111113
0231111132
2311111321
3111113212
1111132123
1111321231
1113212312
1132123121
1321231212
3212312121
2123121211
1231212111
2312121111
3121211112
1212111120
2121111202
1211112020
2111120202
1111202021
1112020211
1120202112
1202021120
2020211202
0202112021
2021120212
0211202122
2112021220
1120212202
1202122021
2021220211
0212202111
2122021111
1220211111
2202111110
2021111101
0211111011
2111110111
1111101111
1111011111
1110111110
1101111101
1011111011
0111110111
1111101111
1111011111
1110111112
1101111121
1011111211
0111112110
1111121101
1111211011
1112110110
1121101101
1211011011
2110110110
1101101102
1011011022
0110110221
1101102210
1011022102
0110221021
1102210211
1022102112
0221021121
2210211211
2102112112
1021121122
0211211222
2112112223
1121122231
1211222311
2112223110
1122231102
1222311021
2223110211
2231102111
2311021112
3110211120
1102111202
1021112021
0211120211
2111202110
1112021103
1120211032
1202110322
2021103222
0211032222
2110322221
1103222211
1032222112
0322221122
3222211220
2222112202
2221122021
2211220211
2112202112
1122021121
1220211210
2202112102
2021121023
0211210232
2112102320
1121023202
1210232021
2102320210
1023202101
0232021011
2320210110
3202101103
2021011032
0210110322
2101103220
1011032202
0110322021
1103220213
1032202132
0322021322
3220213221
2202132212
2021322122
0213221221
2132212211
1322122113
3221221132
2212211322
2122113223
1221132232
2211322321
2113223211
1132232112
1322321121
3223211213
2232112132
2321121322
3211213222
2112132222
1121322222
1213222221
2132222213
1322222131
3222221311
2222213113
2222131133
2221311331
2213113313
2131133131
1311331312
3113313121
1133131211
1331312111
3313121113
3131211131
1312111311
3121113113
1211131132
2111311321
1113113211
1131132111
1311321113
3113211131
1132111311
1321113112
3211131122
2111311220
1113112202
1131122021
1311220211
3112202112
1122021121
1220211212
2202112122
2021121222
0211212221
2112122210
1121222101
1212221011
2122210111
1222101110
2221011100
2210111002
2101110023
1011100232
0111002323
1110023232
1100232321
1002323210
0023232101
0232321011
2323210112
3232101122
2321011221
3210112210
2101122101
1011221010
0112210102
1122101020
1221010201
2210102010
2101020103
1010201032
0102010320
1020103200
0201032002
2010320021
0103200213
1032002131
0320021311
3200213112
2002131122
0021311221
0213112213
2131122131
1311221311
3112213111
1122131112
1221311122
2213111221
2131112211
1311122110
3111221102
1112211023
1122110231
1221102311
2211023111
2110231112
1102311120
1023111202
0231112020
2311120201
3111202011
1112020111
1120201110
1202011101
2020111011
0201110113
2011101132
0111011322
1110113220
1101132203
1011322030
0113220303
1132203032
1322030321
3220303213
2203032131
2030321311
0303213112
3032131121
0321311211
3213112110
2131121101
1311211011
3112110113
1121101132
1211011323
2110113230
1101132301
1011323011
0113230110
1132301102
1323011022
3230110222
2301102221
3011022213
0110222132
1102221323
1022213231
0222132310
2221323100
2213231002
2132310023
1323100232
3231002322
2310023223
3100232230
1002322301
0023223010
0232230102
2322301022
3223010222
2230102222
2301022220
3010222200
0102222001
1022220011
0222200113
2222001132
2220011322
2200113220
2001132202
0011322021
0113220213
1132202131
1322021310
3220213101
2202131013
2021310133
0213101330
2131013301
1310133011
3101330113
1013301132
0133011321
1330113211
3301132113
3011321132
0113211321
1132113211
1321132110
3211321100
2113211003
1132110032
1321100321
3211003211
2110032110
1100321102
1003211021
0032110211
0321102113
3211021132
2110211323
1102113231
1021132311
0211323113
2113231133
1132311331
1323113311
3231133113
2311331132
3113311321
1133113210
1331132102
3311321022
3113210220
1132102203
1321022030
3210220303
2102203031
1022030311
0220303110
2203031102
2030311022
0303110220
3031102202
0311022022
3110220223
1102202232
1022022321
0220223210
2202232102
2022321022
0223210222
2232102221
2321022213
3210222130
2102221303
1022213032
0222130323
2221303232
2213032321
2130323213
1303232131
3032321310
0323213103
3232131033
2321310332
3213103321
2131033213
1310332131
3103321310
1033213101
0332131010
3321310102
3213101021
2131010211
1310102110
3101021100
1010211002
0102110023
1021100232
0211002320
2110023202
1100232022
1002320221
0023202210
0232022102
2320221020
3202210203
2022102031
0221020311
2210203111
2102031110
1020311101
0203111013
2031110132
0311101321
3111013210
1110132102
1101321020
1013210202
0132102022
1321020221
3210202213
2102022130
1020221301
0202213012
2022130120
0221301200
2213012003
2130120033
1301200332
3012003323
0120033232
1200332321
2003323212
0033232120
0332321202
3323212022
3232120221
2321202210
3212022101
2120221011
1202210111
2022101110
0221011102
2210111021
2101110213
1011102131
0111021313
1110213133
1102131333
1021313332
0213133320
2131333202
1313332022
3133320220
1333202201
3332022010
3320220100
3202201001
2022010013
0220100130
2201001301
2010013012
0100130121
1001301211
0013012111
0130121113
1301211132
3012111322
0121113221
1211132211
2111322112
1113221123
1132211232
1322112321
3221123213
2211232132
2112321322
1123213220
1232132201
2321322010
3213220100
2132201003
1322010032
3220100322
2201003220
2010032202
0100322020
1003220201
0032202011
0322020111
3220201112
2202011121
2020111213
0201112132
2011121322
0111213220
1112132202
1121322022
1213220222
2132202223
1322022232
3220222322
2202223221
2022232210
0222322103
2223221031
2232210311
2322103111
3221031113
2210311132
2103111321
1031113210
0311132101
3111321011
1113210110
1132101102
1321011022
3210110222
2101102222
1011022221
0110222212
1102222122
1022221221
0222212211
2222122111
2221221111
2212211110
2122111102
1221111022
2211110220
2111102202
1111022022
1110220222
1102202221
1022022213
0220222132
2202221321
2022213212
0222132122
2221321222
2213212220
2132122202
1321222021
3212220213
2122202132
1222021321
2220213210
2202132102
2021321021
0213210213
2132102133
1321021331
3210213312
2102133120
1021331200
0213312002
2133120021
1331200211
3312002113
3120021131
1200211310
2002113101
0021131010
0211310102
2113101020
1131010202
1310102020
3101020203
1010202031
0102020311
1020203113
0202031132
2020311320
0203113200
2031132002
0311320022
3113200222
1132002220
1320022202
3200222022
2002220222
0022202222
0222022223
2220222231
2202222313
2022223133
0222231332
2222313320
2223133203
2231332033
2313320331
3133203310
1332033102
3320331021
3203310212
2033102122
0331021220
3310212202
3102122021
1021220211
0212202111
2122021112
1220211121
2202111210
2021112102
0211121021
2111210213
1112102131
1121021313
1210213132
2102131321
1021313211
0213132110
2131321101
1313211011
3132110110
1321101102
3211011022
2110110220
1101102201
1011022010
0110220101
1102201012
1022010120
0220101203
2201012033
2010120333
0101203333
1012033330
0120333303
1203333032
2033330322
0333303220
3333032200
3330322002
3303220022
3032200220
0322002201
3220022012
2200220123
2002201231
0022012313
0220123133
2201231331
2012313311
0123133110
1231331103
2313311030
3133110300
1331103002
3311030020
3110300200
1103002001
1030020010
0300200100
3002001001
0020010011
0200100110
2001001102
0010011021
0100110213
1001102132
0011021322
0110213221
1102132211
1021322111
0213221113
2132211131
1322111310
3221113101
2211131012
2111310121
1113101213
1131012132
1310121320
3101213203
1012132030
0121320302
1213203020
2132030201
1320302010
3203020101
2030201011
0302010110
3020101100
0201011001
2010110011
0101100112
1011001121
0110011213
1100112131
1001121313
0011213131
0112131312
1121313122
1213131222
2131312221
1313122211
3131222113
1312221132
3122211321
1222113211
2221132111
2211321110
2113211101
1132111011
1321110111
3211101113
2111011132
1110111323
1101113233
1011132331
0111323313
1113233131
1132331311
1323313110
3233131102
2331311021
3313110213
3131102133
1311021332
3110213323
1102133230
1021332300
0213323000
2133230002
1332300020
3323000201
3230002012
2300020121
3000201211
0002012111
0020121110
0201211101
2012111013
0121110132
1211101321
2111013213
1110132132
1101321322
1013213222
0132132222
1321322222
3213222222
2132222221
1322222211
3222222110
2222221102
2222211021
2222110213
2221102131
2211021311
2110213112
1102131122
1021311222
0213112222
2131122220
1311222201
3112222013
1122220132
1222201323
2222013231
2220132310
2201323102
2013231020
0132310202
1323102021
3231020213
2310202133
3102021332
1020213320
0202133201
2021332010
0213320101
2133201012
1332010122
3320101220
3201012201
2010122013
0101220132
1012201323
0122013231
1220132313
2201323132
2013231323
0132313232
1323132321
3231323212
2313232122
3132321222
1323212222
3232122222
2321222222
3212222221
2122222213
1222222132
2222221323
2222213232
2222132321
2221323211
2213232111
2132321112
1323211121
3232111213
2321112132
3211121321
2111213210
1112132100
1121321002
1213210022
2132100222
1321002221
3210022211
2100222111
1002221110
0022211101
0222111010
2221110100
2211101001
2111010011
1110100111
1101001110
1010011101
0100111013
1001110132
0011101320
0111013201
1110132013
1101320132
1013201321
0132013213
1320132132
3201321321
2013213211
0132132110
1321321101
3213211012
2132110120
1321101202
3211012021
2110120210
1101202102
1012021023
0120210232
1202102323
2021023232
0210232321
2102323213
1023232132
0232321321
2323213213
3232132132
2321321322
3213213221
2132132213
1321322132
3213221321
2132213210
1322132101
3221321012
2213210122
2132101222
1321012221
3210122211
2101222111
1012221111
0122211110
1222111100
2221111002
2211110021
2111100210
1111002101
1110021013
1100210131
1002101313
0021013132
0210131320
2101313201
1013132013
0131320132
1313201323
3132013231
1320132313
3201323132
2013231322
0132313221
1323132211
3231322113
2313221132
3132211321
1322113211
3221132113
2211321133
2113211331
1132113310
1321133101
3211331013
2113310133
1133101331
1331013310
3310133100
3101331001
1013310011
0133100110
1331001101
3310011010
3100110102
1001101023
0011010232
0110102322
1101023221
1010232210
0102322103
1023221031
0232210313
2322103132
3221031323
2210313232
2103132320
1031323202
0313232021
3132320213
1323202132
3232021321
2320213210
3202132101
2021321013
0213210132
2132101321
1321013211
3210132111
2101321110
1013211102
0132111021
1321110211
3211102111
2111021113
1110211132
1102111322
1021113223
0211132231
2111322310
1113223101
1132231011
1322310113
3223101130
2231011301
2310113010
3101130100
1011301001
0113010010
1130100101
1301001012
3010010122
0100101220
1001012201
0010122010
0101220101
1012201011
0122010113
1220101133
2201011331
2010113312
0101133120
1011331200
0113312003
1133120031
1331200311
3312003110
3120031103
1200311032
2003110321
0031103211
0311032111
3110321110
1103211100
1032111001
0321110011
3211100111
2111001113
1110011132
1100111320
1001113202
0011132022
0111320222
1113202221
1132022211
1320222112
3202221120
2022211203
0222112030
2221120303
2211203030
2112030301
1120303011
1203030113
2030301133
0303011331
3030113312
0301133122
3011331222
0113312222
1133122221
1331222211
3312222110
3122221102
1222211021
2222110213
2221102132
2211021323
2110213232
1102132323
1021323232
0213232320
2132323201
1323232011
3232320113
2323201131
3232011311
2320113113
3201131132
2011311323
0113113231
1131132311
1311323111
3113231113
1132311130
1323111301
3231113010
2311130100
3111301001
1113010013
1130100130
1301001301
3010013011
0100130113
1001301132
0013011323
0130113231
1301132313
3011323130
0113231301
1132313012
1323130122
3231301220
2313012201
3130122012
1301220123
3012201232
0122012322
1220123222
2201232220
2012322203
0123222031
1232220311
2322203113
3222031132
2220311321
2203113210
2031132101
0311321011
3113210111
1132101113
1321011132
3210111322
2101113223
1011132231
0111322313
1113223132
1132231323
1322313231
3223132311
2231323111
2313231111
3132311113
1323111132
3231111320
2311113200
3111132001
1111320010
1113200100
1132001001
1320010011
3200100110
2001001100
0010011002
0100110020
1001100202
0011002022
0110020223
1100202232
1002022320
0020223201
0202232012
2022320122
0223201221
2232012213
2320122132
3201221320
2012213202
0122132022
1221320220
2213202203
2132022032
1320220322
3202203222
2022032220
0220322201
2203222010
2032220101
0322201010
3222010102
2220101021
2201010212
2010102122
0101021223
1010212232
0102122321
1021223212
0212232120
2122321202
1223212020
2232120200
2321202000
3212020003
2120200032
1202000321
2020003210
0200032102
2000321021
0003210210
0032102100
0321021002
3210210021
2102100211
1021002111
0210021113
2100211132
1002111323
0021113232
0211132321
2111323211
1113232111
1132321112
1323211120
3232111202
2321112023
3211120232
2111202323
1112023232
1120232321
1202323213
2023232130
0232321301
2323213012
3232130122
2321301223
3213012231
2130122313
1301223132
3012231322
0122313222
1223132221
2231322210
2313222103
3132221032
1322210322
3222103220
2221032202
2210322021
2103220210
1032202101
0322021011
3220210113
2202101132
2021011321
0210113212
2101132122
1011321222
0113212220
1132122202
1321222022
3212220223
2122202232
1222022320
2220223202
2202232022
2022320222
0223202221
2232022212
2320222122
3202221223
2022212231
0222122310
2221223101
2212231011
2122310110
1223101102
2231011023
2310110232
3101102321
1011023212
0110232120
1102321200
1023212001
0232120010
2321200103
3212001031
2120010311
1200103110
2001031102
0010311022
0103110220
1031102202
0311022023
3110220233
1102202333
1022023332
0220233321
2202333211
2023332112
0233321122
2333211221
3332112213
3321122132
3211221321
2112213210
1122132100
1221321002
2213210020
2132100200
1321002002
3210020020
2100200203
1002002031
0020020313
0200203133
2002031333
0020313332
0203133322
2031333220
0313332200
3133322002
1333220021
3332200211
3322002113
3220021132
2200211322
2002113221
0021132210
0211322103
2113221033
1132210333
1322103333
3221033333
2210333332
2103333321
1033333211
0333332110
3333321102
3333211020
3332110202
3321102020
3211020202
2110202021
1102020213
1020202133
0202021333
2020213332
0202133320
2021333202
0213332022
2133320222
1333202222
3332022222
3320222220
3202222201
2022222011
0222220111
2222201110
2222011102
2220111021
2201110211
2011102113
0111021131
1110211311
1102113110
1021131100
0211311003
2113110030
1131100301
1311003013
3110030132
1100301321
1003013211
0030132111
0301321111
3013211111
0132111111
1321111113
3211111130
2111111301
1111113010
1111130102
1111301021
1113010211
1130102113
1301021132
3010211320
0102113202
1021132021
0211320210
2113202102
1132021021
1320210213
3202102131
2021021310
0210213102
2102131020
1021310202
0213102023
2131020232
1310202323
3102023233
1020232333
0202323332
2023233320
0232333202
2323332022
3233320221
2333202213
3332022131
3320221313
3202213132
2022131322
0221313220
2213132202
2131322022
1313220220
3132202202
1322022020
3220220203
2202202031
2022020310
0220203101
2202031010
2020310102
0203101022
2031010223
0310102233
3101022330
1010223301
0102233011
1022330113
0223301132
2233011323
2330113230
3301132301
3011323010
0113230103
1132301031
1323010313
3230103131
2301031310
3010313102
0103131021
1031310212
0313102123
3131021232
1310212322
3102123221
1021232211
0212322110
2123221102
1232211020
2322110201
3221102010
2211020102
2110201021
1102010211
1020102113
0201021132
2010211321
0102113211
1021132113
0211321130
2113211300
1132113001
1321130011
3211300113
2113001131
1130011310
1300113102
3001131023
0011310232
0113102323
1131023231
1310232313
3102323133
1023231331
0232313311
2323133110
3231331102
2313311020
3133110200
1331102001
3311020011
3110200113
1102001132
1020011321
0200113212
2001132120
0011321202
0113212023
1132120230
1321202300
3212023003
2120230031
1202300311
2023003112
0230031122
2300311222
3003112222
0031122220
0311222201
3112222012
1122220120
1222201202
2222012023
2220120233
2201202331
2012023313
0120233132
1202331321
2023313210
0233132103
2331321032
3313210320
3132103203
1321032032
3210320322
2103203223
1032032232
0320322321
3203223211
2032232113
0322321130
3223211301
2232113013
2321130131
3211301312
2113013121
1130131213
1301312132
3013121320
0131213201
1312132011
3121320111
1213201113
2132011132
1320111321
3201113210
2011132100
0111321002
1113210022
1132100222
1321002221
3210022213
2100222132
1002221322
0022213222
0222132221
2221322210
2213222103
2132221031
1322210310
3222103102
2221031021
2210310213
2103102132
1031021322
0310213221
3102132213
1021322132
0213221322
2132213222
1322132222
3221322221
2213222213
2132222132
1322221321
3222213212
2222132121
2221321213
2213212131
2132121312
1321213121
3212131213
2121312132
1213121321
2131213212
1312132122
3121321222
1213212220
2132122200
1321222001
3212220013
2122200132
1222001322
2220013222
2200132221
2001322210
0013222102
0132221023
1322210232
3222102322
2221023222
2210232221
2102322213
1023222132
0232221322
2322213221
3222132211
2221322111
2213221113
2132211131
1322111310
3221113103
2211131031
2111310311
1113103110
1131031101
1310311011
3103110112
1031101121
0311011210
3110112100
1101121001
1011210012
0112100121
1121001211
1210012111
2100121112
1001211121
0012111211
0121112113
1211121133
2111211333
1112113332
1121133321
1211333213
2113332133
1133321331
1333213312
3332133123
3321331232
3213312321
2133123210
1331232101
3312321010
3123210101
1232101012
2321010122
3210101223
2101012232
1010122321
0101223211
1012232111
0122321113
1223211132
2232111322
2321113222
3211132220
2111322201
1113222011
1132220110
1322201102
3222011021
2220110213
2201102131
2011021313
0110213133
1102131331
1021313311
0213133112
2131331122
1313311220
3133112200
1331122001
3311220011
3112200111
1122001111
1220011111
2200111110
2001111101
0011111011
0111110110
1111101102
1111011022
1110110221
1101102211
1011022111
0110221113
1102211132
1022111321
0221113213
2211132131
2111321311
1113213110
1132131103
1321311030
3213110302
2131103023
1311030232
3110302321
1103023211
1030232110
0302321100
3023211001
0232110011
2321100112
3211001122
2110011221
1100112211
1001122110
0011221102
0112211020
1122110202
1221102022
2211020220
2110202202
1102022022
1020220220
0202202202
2022022023
0220220232
2202202321
2022023212
0220232123
2202321232
2023212322
0232123222
2321232221
3212322210
2123222100
1232221002
2322210022
3222100222
2221002221
2210022211
2100222113
1002221132
0022211322
0222113221
2221132211
2211322113
2113221132
1132211321
1322113213
3221132130
2211321301
2113213011
1132130111
1321301112
3213011121
2130111213
1301112132
3011121323
0111213232
1112132321
1121323212
1213232121
2132321211
1323212111
3232121110
2321211103
3212111032
2121110322
1211103222
2111032221
1110322210
1103222101
1032221013
0322210132
3222101321
2221013213
2210132132
2101321322
1013213222
0132132222
1321322223
3213222231
2132222311
1322223110
3222231102
2222311022
2223110222
2231102221
2311022211
3110222111
1102221110
1022211101
0222111011
2221110111
2211101110
2111011102
1110111023
1101110232
1011102321
0111023212
1110232123
1102321231
1023212310
0232123100
2321231001
3212310013
2123100132
1231001321
2310013210
3100132102
1001321021
0013210211
0132102110
1321021100
3210211003
2102110033
1021100331
0211003311
2110033113
1100331133
1003311331
0033113312
0331133122
3311331222
3113312222
1133122221
1331222211
3312222110
3122221102
1222211022
2222110220
2221102202
2211022023
2110220232
1102202321
1022023212
0220232123
2202321232
2023212322
0232123220
2321232202
3212322022
2123220220
1232202200
2322022003
3220220032
2202200321
2022003211
0220032112
2200321120
2003211202
0032112023
0321120230
3211202301
2112023013
1120230132
1202301321
2023013210
0230132102
2301321022
3013210222
0132102222
1321022221
3210222213
2102222132
1022221321
0222213211
2222132111
2221321111
2213211112
2132111120
1321111202
3211112020
2111120202
1111202023
1112020230
1120202303
1202023032
2020230323
0202303232
2023032320
0230323200
2303232002
3032320022
0323200220
3232002201
2320022010
3200220102
2002201022
0022010223
0220102230
2201022301
2010223013
0102230132
1022301323
0223013231
2230132313
2301323132
3013231321
0132313211
1323132112
3231321123
2313211232
3132112321
1321123211
3211232110
2112321101
1123211013
1232110131
2321101310
3211013102
2110131020
1101310202
1013102023
0131020232
1310202323
3102023231
1020232310
0202323102
2023231021
0232310211
2323102111
3231021111
2310211110
3102111102
1021111020
0211110200
2111102003
1111020032
1110200322
1102003221
1020032213
0200322131
2003221310
0032213102
0322131023
3221310232
2213102320
2131023201
1310232011
3102320113
1023201132
0232011321
2320113213
3201132133
2011321333
0113213332
1132133322
1321333220
3213332203
2133322031
1333220312
3332203122
3322031220
3220312202
2203122022
2031220221
0312202213
3122022132
1220221320
2202213201
2022132011
0221320110
2213201102
2132011023
1320110232
3201102323
2011023232
0110232323
1102323232
1023232322
0232323221
2323232211
3232322113
2323221132
3232211323
2322113232
3221132321
2211323211
2113232111
1132321110
1323211101
3232111013
2321110130
3211101301
2111013010
1110130100
1101301002
1013010022
0130100220
1301002201
3010022011
0100220111
1002201113
0022011131
0220111311
2201113111
2011131113
0111311133
1113111331
1131113313
1311133132
3111331323
1113313232
1133132323
1331323232
3313232322
3132323221
1323232213
3232322131
2323221312
3232213121
2322131213
3221312132
2213121321
2131213211
1312132111
3121321111
1213211110
2132111102
1321111023
3211110232
2111102322
1111023223
1110232232
1102322323
1023223232
0232232320
2322323200
3223232000
2232320001
2323200011
3232000113
2320001132
3200011320
2000113201
0001132011
0011320113
0113201132
1132011323
1320113231
3201132311
2011323113
0113231133
1132311331
1323113310
3231133103
2311331032
3113310321
1133103211
1331032111
3310321110
3103211103
1032111031
0321110313
3211103132
2111031322
1110313220
1103132200
1031322002
0313220023
3132200233
1322002331
3220023312
2200233121
2002331210
0023312102
0233121020
2331210203
3312102032
3121020320
1210203202
2102032022
1020320220
0203202202
2032022022
0320220222
3202202221
2022022210
0220222101
2202221013
2022210133
0222101332
2221013321
2210133211
2101332110
1013321102
0133211021
1332110211
3321102112
3211021123
2110211232
1102112321
1021123211
0211232111
2112321111
1123211110
1232111103
2321111031
3211110310
2111103100
1111031001
1110310013
1103100132
1031001321
0310013210
3100132101
1001321011
0013210111
0132101110
1321011101
3210111013
2101110131
1011101311
0111013113
1110131132
1101311323
1013113232
0131132321
1311323210
3113232102
1132321020
1323210201
3232102011
2321020113
3210201132
2102011322
1020113220
0201132201
2011322012
0113220120
1132201202
1322012020
3220120200
2201202002
2012020022
0120200222
1202002221
2020022213
0200222132
2002221323
0022213231
0222132311
2221323111
2213231112
2132311121
1323111211
3231112112
2311121120
3111211202
1112112021
1121120210
1211202102
2112021020
1120210202
1202102020
2021020202
0210202021
2102020211
1020202110
0202021102
2020211021
0202110211
2021102111
0211021113
2110211132
1102111323
1021113232
0211132320
2111323201
1113232010
1132320103
1323201031
3232010311
2320103110
3201031103
2010311031
0103110310
1031103103
0311031033
3110310332
1103103321
1031033211
0310332112
3103321121
1033211213
0332112132
3321121323
3211213232
2112132322
1121323223
1213232232
2132322322
1323223222
3232232221
2322322210
3223222103
2232221033
2322210331
3222103313
2221033132
2210331321
2103313213
1033132132
0331321322
3313213221
3132132213
1321322132
3213221323
2132213232
1322132322
3221323223
2213232231
2132322312
1323223123
3232231232
2322312322
3223123222
2231232222
2312322221
3123222213
1232222132
2322221322
3222213223
2222132231
2221322311
2213223113
2132231131
1322311312
3223113122
2231131221
2311312210
3113122103
1131221031
1312210311
3122103113
1221031132
2210311320
2103113203
1031132031
0311320310
3113203100
1132031002
1320310021
3203100212
2031002120
0310021200
3100212002
1002120022
0021200221
0212002212
2120022122
1200221221
2002212210
0022122102
0221221020
2212210200
2122102002
1221020020
2210200203
2102002031
1020020311
0200203112
2002031122
0020311220
0203112200
2031122002
0311220023
3112200230
1122002301
1220023010
2200230101
2002301013
0023010130
0230101303
2301013032
3010130321
0101303212
1013032122
0130321220
1303212202
3032122022
0321220221
3212202213
2122022132
1220221321
2202213213
2022132132
0221321321
2213213210
2132132102
1321321022
3213210220
2132102200
1321022000
3210220001
2102200011
1022000112
0220001120
2200011202
2000112021
0001120213
0011202132
0112021322
1120213223
1202132232
2021322322
0213223220
2132232202
1322322021
3223220211
2232202112
2322021121
3220211213
2202112132
2021121320
0211213201
2112132012
1121320121
1213201211
2132012113
1320121130
3201211302
2012113023
0121130232
1211302322
2113023220
1130232202
1302322021
3023220212
0232202120
2322021203
3220212032
2202120321
2021203211
0212032111
2120321110
1203211100
2032111001
0321110011
3211100110
2111001102
1110011022
1100110221
1001102213
0011022131
0110221310
1102213102
1022131020
0221310203
2213102032
2131020321
1310203212
3102032122
1020321220
0203212203
2032122031
0321220311
3212203113
2122031132
1220311320
2203113200
2031132000
0311320002
3113200020
1132000202
1320002020
3200020201
2000202010
0002020102
0020201020
0202010202
2020102021
0201020213
2010202132
0102021320
1020213202
0202132022
2021320220
0213202200
2132022002
1320220022
3202200223
2022002232
0220022320
2200223200
2002232002
0022320022
0223200223
2232002232
2320022321
3200223213
2002232133
0022321332
0223213322
2232133220
2321332203
3213322031
2133220313
1332203132
3322031322
3220313220
2203132202
2031322021
0313220213
3132202133
1322021333
3220213333
2202133332
2021333322
0213333221
2133332210
1333322101
3333221010
3332210102
3322101023
3221010231
2210102313
2101023130
1010231301
0102313010
1023130100
0231301002
2313010022
3130100222
1301002221
3010022210
0100222103
1002221031
0022210313
0222103132
2221031322
2210313220
2103132203
1031322031
0313220311
3132203111
1322031113
3220311132
2203111320
2031113203
0311132032
3111320322
1113203222
1132032222
1320322220
3203222200
2032222000
0322220000
3222200003
2222000032
2220000323
2200003232
2000032320
0000323200
0003232000
0032320000
0323200003
3232000031
2320000311
3200003111
2000031110
0000311102
0003111023
0031110232
0311102322
3111023221
1110232211
1102322110
1023221103
0232211031
2322110310
3221103100
2211031000
2110310002
1103100023
1031000232
0310002323
3100023233
1000232332
0002323320
0023233202
0232332022
2323320222
3233202220
2332022200
3320222000
3202220000
2022200001
0222000010
2220000101
2200001010
2000010103
0000101031
0001010313
0010103131
0101031311
1010313111
0103131110
1031311100
0313111000
3131110002
1311100021
3111000211
1110002110
1100021100
1000211001
0002110010
0021100100
0211001000
2110010002
1100100020
1001000200
0010002000
0100020003
1000200031
0002000313
0020003133
0200031332
2000313322
0003133220
0031332201
0313322012
3133220120
1332201200
3322012002
3220120021
2201200210
2012002103
0120021030
1200210303
2002103032
0021030323
0210303231
2103032310
1030323103
0303231032
3032310322
0323103221
3231032213
2310322132
3103221322
1032213220
0322132202
3221322023
2213220232
2132202322
1322023222
3220232221
2202322213
2023222131
0232221311
2322213111
3222131111
2221311112
2213111123
2131111230
1311112303
3111123032
1111230323
1112303232
1123032323
1230323231
2303232311
3032323111
0323231112
3232311121
2323111211
3231112113
2311121131
3111211311
1112113113
1121131132
1211311322
2113113222
1131132221
1311322210
3113222103
1132221031
1322210313
3222103132
2221031321
2210313211
2103132113
1031321132
0313211320
3132113201
1321132010
3211320103
2113201031
1132010311
1320103110
3201031101
2010311012
0103110122
1031101223
0311012232
3110122321
1101223210
1012232102
0122321021
1223210213
2232102132
2321021322
3210213223
2102132232
1021322320
0213223201
2132232010
1322320101
3223201010
2232010102
2320101021
3201010213
2010102133
0101021330
1010213303
0102133032
1021330321
0213303211
2133032111
1330321113
3303211130
3032111301
0321113012
3211130122
2111301221
1113012213
1130122132
1301221321
3012213211
0122132113
1221321131
2213211313
2132113133
1321131330
3211313302
2113133020
1131330201
1313302011
3133020110
1330201103
3302011032
3020110323
0201103231
2011032311
0110323112
1103231120
1032311202
0323112020
3231120200
2311202001
3112020010
1120200101
1202001011
2020010112
0200101123
2001011232
0010112322
0101123222
1011232221
0112322212
1123222121
1232221211
2322212113
3222121132
2221211322
2212113222
2121132221
1211322213
2113222131
1132221311
1322213111
3222131110
2221311102
2213111022
2131110220
1311102201
3111022013
1110220133
1102201332
1022013321
0220133213
2201332132
2013321320
0133213200
1332132001
3321320013
3213200132
2132001322
1320013223
3200132232
2001322323
0013223232
0132232323
1322323232
3223232321
2232323210
2323232102
3232321020
2323210203
3232102033
2321020332
3210203321
2102033211
1020332110
0203321100
2033211002
0332110022
3321100222
3211002222
2110022220
1100222203
1002222032
0022220320
0222203202
2222032021
2220320213
2203202130
2032021301
0320213013
3202130133
2021301332
0213013322
2130133220
1301332202
3013322022
0133220220
1332202203
3322022032
3220220323
2202203231
2022032311
0220323112
2203231122
2032311221
0323112213
3231122132
2311221322
3112213223
1122132232
1221322321
2213223210
2132232101
1322321010
3223210102
2232101022
2321010222
3210102220
2101022201
1010222011
0102220113
1022201132
0222011322
2220113221
2201132213
2011322132
0113221321
1132213211
1322132111
3221321112
2213211122
2132111220
1321112200
3211122003
2111220032
1112200323
1122003232
1220032321
2200323213
2003232132
0032321322
0323213223
3232132231
2321322310
3213223100
2132231002
1322310020
3223100202
2231002023
2310020231
3100202311
1002023111
0020231110
0202311100
2023111001
0231110011
2311100110
3111001103
1110011032
1100110323
1001103231
0011032310
0110323100
1103231002
1032310020
0323100203
3231002033
2310020330
3100203301
1002033010
0020330102
0203301020
2033010203
0330102033
3301020333
3010203331
0102033312
1020333122
0203331222
2033312221
0333122213
3331222132
3312221322
3122213221
1222132213
2221322131
2213221312
2132213122
1322131223
3221312233
2213122332
2131223321
1312233213
3122332132
1223321322
2233213220
2332132201
3321322010
3213220103
2132201033
1322010332
3220103320
2201033203
2010332032
0103320320
1033203202
0332032020
3320320201
3203202010
2032020102
0320201020
3202010202
2020102023
0201020230
2010202301
0102023011
1020230110
0202301101
2023011012
0230110121
2301101210
3011012102
0110121020
1101210203
1012102032
0121020322
1210203222
2102032222
1020322222
0203222221
2032222210
0322222100
3222221002
2222210022
2222100223
2221002232
2210022321
2100223211
1002232111
0022321110
0223211103
2232111031
2321110310
3211103100
2111031002
1110310023
1103100232
1031002322
0310023220
3100232203
1002322032
0023220322
0232203221
2322032210
3220322101
2203221013
2032210132
0322101322
3221013220
2210132202
2101322023
1013220231
0132202311
1322023110
3220231103
2202311033
2023110331
0231103313
2311033131
3110331311
1103313112
1033131121
0331311211
3313112112
3131121122
1311211221
3112112212
1121122122
1211221223
2112212233
1122122331
1221223310
2212233101
2122331011
1223310111
2233101110
2331011101
3310111011
3101110110
1011101102
0111011020
1110110202
1101102023
1011020232
0110202320
1102023203
1020232032
0202320323
2023203232
0232032323
2320323232
3203232322
2032323220
0323232202
3232322021
2323220213
3232202130
2322021303
3220213032
2202130322
2021303223
0213032232
2130322323
1303223232
3032232320
0322323201
3223232013
2232320132
2323201323
3232013232
2320132323
3201323232
2013232322
0132323222
1323232220
3232322200
2323222001
3232220013
2322200132
3222001320
2220013203
2200132032
2001320320
0013203201
0132032013
1320320133
3203201333
2032013333
0320133332
3201333322
2013333222
0133332222
1333322221
3333222211
3332222110
3322221100
3222211000
2222110001
2221100011
2211000113
2110001133
1100011330
1000113301
0001133012
0011330120
0113301203
1133012032
1330120322
3301203222
3012032220
0120322203
1203222031
2032220311
0322203111
3222031110
2220311102
2203111021
2031110211
0311102111
3111021112
1110211122
1102111222
1021112220
0211122202
2111222020
1112220203
1122202031
1222020311
2220203111
2202031113
2020311132
0203111320
2031113201
0311132011
3111320113
1113201132
1132011321
1320113213
3201132132
2011321322
0113213220
1132132202
1321322020
3213220200
2132202002
1322020022
3220200222
2202002222
2020022222
0200222220
2002222200
0022222001
0222220012
2222200122
2222001221
2220012213
2200122132
2001221321
0012213211
0122132111
1221321111
2213211110
2132111102
1321111021
3211110211
2111102111
1111021111
1110211111
1102111111
1021111110
0211111103
2111111031
1111110313
1111103132
1111031321
1110313210
1103132101
1031321011
0313210110
3132101103
1321011033
3210110332
2101103320
1011033203
0110332032
1103320323
1033203231
0332032313
3320323130
3203231301
2032313010
0323130103
3231301032
2313010320
3130103203
1301032031
3010320310
0103203103
1032031032
0320310322
3203103223
2031032231
0310322310
3103223100
1032231002
0322310023
3223100232
2231002321
2310023213
3100232132
1002321322
0023213220
0232132203
2321322032
3213220320
2132203203
1322032030
3220320302
2203203020
2032030201
0320302013
3203020131
2030201313
0302013132
3020131320
0201313200
2013132003
0131320032
1313200321
3132003211
1320032112
3200321120
2003211201
0032112011
0321120111
3211201111
2112011112
1120111122
1201111223
2011112233
0111122331
1111223311
1112233112
1122331122
1223311222
2233112220
2331122202
3311222023
3112220233
1122202332
1222023322
2220233223
2202332232
2023322322
0233223221
2332232211
3322322112
3223221120
2232211200
2322112003
3221120033
2211200331
2112003313
1120033131
1200331312
2003313121
0033131212
0331312123
3313121230
3131212303
1312123032
3121230322
1212303221
2123032211
1230322110
2303221102
3032211022
0322110222
3221102220
2211022201
2110222011
1102220111
1022201111
0222011111
2220111110
2201111102
2011111021
0111110212
1111102121
1111021213
1110212133
1102121333
1021213332
0212133323
2121333232
1213332322
2133323223
1333232231
3332322310
3323223103
3232231033
2322310331
3223103310
2231033102
2310331020
3103310200
1033102003
0331020032
3310200320
3102003200
1020032002
0200320020
2003200201
0032002013
0320020133
3200201332
2002013322
0020133222
0201332221
2013322211
0133222111
1332221111
3322211112
3222111121
2221111211
2211112110
2111121102
1111211021
1112110211
1121102111
1211021111
2110211113
1102111133
1021111332
0211113322
2111133220
1111332201
1113322010
1133220102
1332201021
3322010210
3220102101
2201021011
2010210113
0102101133
1021011331
0210113313
2101133130
1011331301
0113313011
1133130112
1331301123
3313011233
3130112331
1301123310
3011233101
0112331013
1123310130
1233101301
2331013013
3310130132
3101301322
1013013220
0130132200
1301322002
3013220020
0132200203
1322002032
3220020320
2200203203
2002032032
0020320320
0203203201
2032032010
0320320103
3203201032
2032010322
0320103222
3201032222
2010322222
0103222220
1032222201
0322222011
3222220113
2222201132
2222011322
2220113223
2201132232
2011322322
0113223220
1132232203
1322322032
3223220321
2232203213
2322032132
3220321320
2203213202
2032132022
0321320220
3213202202
2132022023
1320220230
3202202301
2022023011
0220230113
2202301132
2023011322
0230113223
2301132230
3011322301
0113223011
1132230111
1322301111
3223011110
2230111102
2301111021
3011110210
0111102102
1111021022
1110210222
1102102223
1021022233
0210222333
2102223331
1022233313
0222333133
2223331331
2233313313
2333133132
3331331321
3313313211
3133132111
1331321110
3313211102
3132111020
1321110200
3211102001
2111020011
1110200113
1102001130
1020011301
0200113011
2001130111
0011301111
0113011110
1130111102
1301111022
3011110222
0111102222
1111022221
1110222213
1102222132
1022221322
0222213222
2222132222
2221322222
2213222221
2132222210
1322222101
3222221013
2222210132
2222101321
2221013211
2210132111
2101321110
1013211101
0132111011
1321110112
3211101121
2111011211
1110112112
1101121122
1011211221
0112112210
1121122101
1211221011
2112210112
1122101121
1221011210
2210112102
2101121021
1011210213
0112102131
1121021310
1210213103
2102131031
1021310311
0213103110
2131031101
1310311011
3103110110
1031101102
0311011022
3110110222
1101102223
1011022231
0110222310
1102223102
1022231023
0222310232
2223102323
2231023231
2310232313
3102323133
1023231331
0232313313
2323133132
3231331323
2313313231
3133132310
1331323103
3313231030
3132310301
1323103013
3231030132
2310301320
3103013202
1030132020
0301320202
3013202023
0132020232
1320202322
3202023221
2020232212
0202322122
2023221223
0232212232
2322122322
3221223223
2212232232
2122322320
1223223202
2232232021
2322320213
3223202132
2232021320
2320213201
3202132013
2021320131
0213201313
2132013130
1320131302
3201313022
2013130220
0131302201
1313022013
3130220132
1302201322
3022013220
0220132202
2201322021
2013220211
0132202111
1322021113
3220211131
2202111311
2021113112
0211131120
2111311202
1113112022
1131120220
1311202202
3112022022
1120220220
1202202202
2022022021
0220220211
2202202111
2022021111
0220211111
2202111111
2021111110
0211111100
2111111002
1111110023
1111100231
1111002313
1110023131
1100231311
1002313110
0023131101
0231311013
2313110132
3131101322
1311013221
3110132210
1101322101
1013221011
0132210111
1322101113
3221011131
2210111310
2101113102
1011131020
0111310202
1113102022
1131020222
1310202221
3102022212
1020222121
0202221213
2022212132
0222121322
2221213221
2212132213
2121322131
1213221313
2132213132
1322131320
3221313201
2213132012
2131320123
1313201232
3132012323
1320123233
3201232333
2012323332
0123233320
1232333203
2323332032
3233320322
2333203223
3332032232
3320322320
3203223201
2032232013
0322320133
3223201332
2232013322
2320133222
3201332220
2013322200
0133222003
1332220032
3322200322
3222003222
2220032222
2200322222
2003222221
0032222210
0322222102
3222221021
2222210211
2222102110
2221021100
2210211002
2102110022
1021100222
0211002222
2110022221
1100222213
1002222132
0022221321
0222213210
2222132102
2221321020
2213210202
2132102021
1321020211
3210202113
2102021133
1020211331
0202113311
2021133111
0211331113
2113311131
1133111310
1331113101
3311131010
3111310102
1113101022
1131010220
1310102201
3101022011
1010220111
0102201111
1022011110
0220111102
2201111021
2011110211
0111102111
1111021113
1110211131
1102111313
1021113131
0211131311
2111313110
1113131102
1131311021
1313110212
3131102120
1311021203
3110212030
1102120301
1021203010
0212030102
2120301023
1203010232
2030102320
0301023202
3010232022
0102320220
1023202201
0232022011
2320220111
3202201113
2022011130
0220111301
2201113012
2011130122
0111301223
1113012230
1130122301
1301223011
3012230111
0122301113
1223011133
2230111330
2301113301
3011133011
0111330111
1113301111
1133011111
1330111113
3301111132
3011111320
0111113202
1111132020
1111320201
1113202013
1132020132
1320201320
3202013203
2020132032
0201320322
2013203221
0132032213
1320322130
3203221301
2032213012
0322130123
3221301231
2213012312
2130123121
1301231211
3012312111
0123121111
1231211111
2312111111
3121111113
1211111132
2111111320
1111113201
1111132011
1111320113
1113201132
1132011321
1320113210
3201132102
2011321021
0113210211
1132102111
1321021111
3210211111
2102111110
1021111102
0211111021
2111110211
1111102113
1111021132
1110211320
1102113200
1021132003
0211320030
2113200303
1132003032
1320030323
3200303232
2003032320
0030323200
0303232001
3032320011
0323200110
3232001102
2320011021
3200110211
2001102110
0011021102
0110211020
1102110200
1021102002
0211020023
2110200233
1102002333
1020023332
0200233322
2002333221
0023332211
0233322112
2333221121
3332211210
3322112102
3221121021
2211210211
2112102111
1121021111
1210211110
2102111101
1021111013
0211110131
2111101312
1111013121
1110131211
1101312111
1013121111
0131211113
1312111130
3121111302
1211113020
2111130200
1111302002
1113020022
1130200221
1302002211
3020022111
0200221113
2002211131
0022111313
0221113132
2211131321
2111313211
1113132113
1131321131
1313211311
3132113113
1321131133
3211311331
2113113311
1131133111
1311331112
3113311120
1133111201
1331112011
3311120112
3111201122
1112011221
1120112213
1201122132
2011221322
0112213223
1122132232
1221322321
2213223211
2132232110
1322321101
3223211013
2232110131
2321101313
3211013132
2110131322
1101313220
1013132200
0131322000
1313220002
3132200022
1322000221
3220002211
2200022111
2000221110
0002211100
0022111002
0221110020
2211100201
2111002013
1110020131
1100201313
1002013132
0020131323
0201313231
2013132311
0131323111
1313231111
3132311111
1323111110
3231111100
2311111002
3111110020
1111100201
1111002013
1110020131
1100201313
1002013131
0020131313
0201313131
2013131311
0131313111
1313131111
3131311113
1313111132
3131111322
1311113221
3111132210
1111322100
1113221002
1132210020
1322100200
3221002003
2210020032
2100200322
1002003222
0020032222
0200322223
2003222233
0032222332
0322223323
3222233231
2222332310
2223323100
2233231000
2332310002
3323100020
3231000201
2310002012
3100020123
1000201233
0002012333
0020123333
0201233333
2012333332
0123333321
1233333211
2333332113
3333321133
3333211333
3332113332
3321133322
3211333222
2113332220
1133322202
1333222023
3332220232
3322202321
3222023213
2220232132
2202321323
2023213232
0232132322
2321323220
3213232202
2132322020
1323220200
3232202001
2322020011
3220200111
2202001112
2020011122
0200111220
2001112202
0011122023
0111220230
1112202301
1122023011
1220230113
2202301132
2023011322
0230113221
2301132210
3011322101
0113221011
1132210111
1322101111
3221011112
2210111122
2101111222
1011112222
0111122221
1111222210
1112222102
1122221020
1222210202
2222102021
2221020213
2210202132
2102021321
1020213211
0202132111
2021321111
0213211113
2132111131
1321111310
3211113102
2111131021
1111310211
1113102111
1131021111
1310211110
3102111101
1021111011
0211110111
2111101113
1111011131
1110111311
1101113113
1011131131
0111311311
1113113110
1131131102
1311311021
3113110211
1131102113
1311021133
3110211331
1102113310
1021133102
0211331021
2113310211
1133102111
1331021110
3310211102
3102111021
1021110211
0211102113
2111021133
1110211333
1102113332
1021133320
0211333201
2113332010
1133320100
1333201001
3332010011
3320100113
3201001132
2010011323
0100113230
1001132303
0011323033
0113230330
1132303301
1323033013
3230330132
2303301322
3033013222
0330132220
3301322201
3013222011
0132220110
1322201102
3222011022
2220110220
2201102203
2011022031
0110220311
1102203110
1022031103
0220311031
2203110310
2031103102
0311031020
3110310200
1103102001
1031020012
0310200122
3102001222
1020012222
0200122221
2001222213
0012222131
0122221313
1222213131
2222131311
2221313110
2213131101
2131311011
1313110111
3131101110
1311011102
3110111021
1101110210
1011102101
0111021011
1110210113
1102101133
1021011333
0210113332
2101133320
1011333200
0113332002
1133320022
1333200222
3332002220
3320022201
3200222011
2002220111
0022201111
0222011113
2220111130
2201111301
2011113010
0111130102
1111301021
1113010210
1130102102
1301021020
3010210202
0102102020
1021020200
0210202001
2102020011
1020200111
0202001112
2020011122
0200111220
2001112202
0011122023
0111220230
1112202303
1122023031
1220230313
2202303132
2023031322
0230313222
2303132222
3031322221
0313222213
3132222132
1322221322
3222213220
2222132201
2221322012
2213220123
2132201232
1322012321
3220123211
2201232110
2012321102
0123211023
1232110232
2321102323
3211023232
2110232320
1102323202
1023232021
0232320211
2323202111
3232021110
2320211102
3202111020
2021110202
0211102022
2111020221
1110202211
1102022110
1020221100
0202211002
2022110023
0221100231
2211002312
2110023122
1100231221
1002312211
0023122112
0231221120
2312211202
3122112022
1221120221
2211202211
2112022111
1120221113
1202211132
2022111321
0221113213
2211132132
2111321320
1113213200
1132132001
1321320011
3213200113
2132001131
1320011311
3200113110
2001131102
0011311022
0113110222
1131102220
1311022202
3110222023
1102220232
1022202320
0222023202
2220232022
2202320221
2023202211
0232022110
2320221100
3202211002
2022110023
0221100231
2211002312
2110023122
1100231221
1002312211
0023122112
0231221120
2312211202
3122112022
1221120221
2211202211
2112022111
1120221113
1202211132
2022111321
0221113213
2211132132
2111321320
1113213200
1132132001
1321320011
3213200113
2132001131
1320011311
3200113110
2001131102
0011311022
0113110222
1131102220
1311022202
3110222023
1102220232
1022202322
0222023222
2220232222
2202322220
2023222200
0232222002
2322220022
3222200221
2222002211
2220022113
2200221132
2002211320
0022113201
0221132013
2211320130
2113201301
1132013013
1320130132
3201301322
2013013221
0130132211
1301322113
3013221132
0132211323
1322113230
3221132303
2211323031
2113230312
1132303122
1323031222
3230312220
2303122203
3031222032
0312220320
3122203202
1222032022
2220320221
2203202210
2032022102
0320221022
3202210220
2022102200
0221022000
2210220003
2102200032
1022000322
0220003222
2200032223
2000322231
0003222311
0032223113
0322231133
3222311332
2223113322
2231133221
2311332211
3113322111
1133221110
1332211101
3322111010
3221110103
2211101031
2111010311
1110103110
1101031102
1010311022
0103110222
1031102222
0311022220
3110222203
1102222031
1022220311
0222203113
2222031132
2220311321
2203113211
2031132110
0311321101
3113211010
1132110101
1321101011
3211010112
2110101122
1101011220
1010112200
0101122001
1011220011
0112200113
1122001130
1220011301
2200113011
2001130113
0011301133
0113011331
1130113311
1301133111
3011331111
0113311111
1133111113
1331111131
3311111311
3111113110
1111131100
1111311000
1113110000
1131100003
1311000031
3110000311
1100003110
1000031102
0000311022
0003110223
0031102232
0311022322
3110223221
1102232211
1022322110
0223221100
2232211002
2322110020
3221100202
2211002022
2110020222
1100202222
1002022221
0020222211
0202222111
2022221110
0222211102
2222111021
2221110211
2211102113
2111021132
1110211322
1102113223
1021132233
0211322332
2113223322
1132233223
1322332230
3223322302
2233223020
2332230200
3322302002
3223020022
2230200222
2302002220
3020022201
0200222010
2002220102
0022201021
0222010210
2220102101
2201021013
2010210132
0102101322
1021013222
0210132222
2101322220
1013222202
0132222023
1322220231
3222202313
2222023133
2220231332
2202313320
2023133201
0231332013
2313320132
3133201320
1332013201
3320132013
3201320133
2013201333
0132013332
1320133322
3201333220
2013332202
0133322021
1333220211
3332202111
3322021113
3220211132
2202111321
2021113211
0211132111
2111321111
1113211110
1132111102
1321111021
3211110211
2111102110
1111021100
1110211003
1102110033
1021100331
0211003313
2110033130
1100331302
1003313022
0033130222
0331302223
3313022233
3130222331
1302223311
3022233110
0222331101
2223311012
2233110122
2331101220
3311012203
3110122032
1101220321
1012203211
0122032110
1220321101
2203211011
2032110112
0321101121
3211011211
2110112110
1101121102
1011211023
0112110231
1121102313
1211023131
2110231311
1102313113
1023131131
0231311310
2313113101
3131131011
1311310113
3113101132
1131011321
1310113212
3101132122
1011321222
0113212220
1132122202
1321222021
3212220210
2122202102
1222021021
2220210213
2202102132
2021021323
0210213230
2102132301
1021323011
0213230113
2132301132
1323011322
3230113223
2301132233
3011322333
0113223333
1132233331
1322333313
3223333133
2233331330
2333313303
3333133033
3331330331
3313303311
3133033110
1330331102
3303311020
3033110203
0331102031
3311020313
3110203133
1102031333
1020313332
0203133320
2031333201
0313332010
3133320101
1333201010
3332010102
3320101020
3201010200
2010102002
0101020022
1010200220
0102002201
1020022013
0200220133
2002201330
0022013302
0220133020
2201330202
2013302022
0133020220
1330202202
3302022021
3020220213
0202202132
2022021322
0220213222
2202132221
2021322211
0213222111
2132221113
1322211132
3222111322
2221113222
2211132222
2111322222
1113222222
1132222220
1322222202
3222222022
2222220220
2222202202
2222022022
2220220221
2202202213
2022022131
0220221311
2202213110
2022131100
0221311002
2213110022
2131100222
1311002220
3110022202
1100222023
1002220232
0022202320
0222023202
2220232023
2202320232
2023202321
0232023211
2320232113
3202321133
2023211330
0232113302
2321133020
3211330200
2113302001
1133020010
1330200100
3302001002
3020010020
0200100203
2001002031
0010020310
0100203101
1002031011
0020310111
0203101110
2031011103
0310111033
3101110331
1011103310
0111033102
1110331020
1103310202
1033102020
0331020201
3310202013
3102020132
1020201323
0202013231
2020132311
0201323111
2013231113
0132311132
1323111320
3231113202
2311132022
3111320221
1113202211
1132022111
1320221113
3202211132
2022111320
0221113202
2211132020
2111320201
1113202011
1132020113
1320201130
3202011302
2020113021
0201130213
2011302131
0113021313
1130213132
1302131321
3021313210
0213132101
2131321011
1313210111
3132101110
1321011102
3210111022
2101110220
1011102200
0111022002
1110220020
1102200201
1022002012
0220020122
2200201222
2002012220
0020122202
0201222021
2012220210
0122202102
1222021021
2220210210
2202102100
2021021000
0210210002
2102100021
1021000213
0210002130
2100021301
1000213011
0002130111
0021301110
0213011102
2130111020
1301110203
3011102031
0111020311
1110203110
1102031102
1020311021
0203110211
2031102111
0311021113
3110211133
1102111332
1021113323
0211133230
2111332301
1113323010
1133230102
1332301020
3323010202
3230102023
2301020232
3010202321
0102023213
1020232133
0202321333
2023213333
0232133331
2321333313
3213333132
2133331322
1333313223
3333132233
3331322333
3313223333
3132233332
1322333323
3223333233
2233332333
2333323333
3333233333
3332333330
3323333301
3233333013
2333330133
3333301333
3333013333
3330133333
3301333333
3013333333
0133333333
1333333333
3333333333
3333333333
3333333333
3333333333
3333333330
3333333300
3333333002
3333330020
3333300203
3333002032
3330020320
3300203200
3002032000
0020320003
0203200030
2032000300
0320003002
3200030022
2000300220
0003002203
0030022033
0300220331
3002203312
0022033122
0220331222
2203312222
2033122220
0331222202
3312222020
3122220202
1222202023
2222020232
2220202322
2202023222
2020232223
0202322230
2023222301
0232223013
2322230132
3222301323
2223013232
2230132322
2301323220
3013232202
0132322022
1323220222
3232202222
2322022222
3220222222
2202222223
2022222232
0222222322
2222223222
2222232221
2222322213
2223222131
2232221311
2322213111
3222131112
2221311122
2213111223
2131112232
1311122323
3111223233
1112232332
1122323322
1223233222
2232332222
2323322222
3233222220
2332222200
3322222002
3222220020
2222200202
2222002023
2220020232
2200202323
2002023231
0020232311
0202323113
2023231133
0232311333
2323113331
3231133313
2311333130
3113331301
1133313010
1333130101
3331301010
3313010101
3130101011
1301010111
3010101110
0101011101
1010111013
0101110133
1011101333
0111013331
1110133313
1101333131
1013331311
0133313110
1333131103
3331311033
3313110333
3131103332
1311033321
3110333210
1103332100
1033321000
0333210003
3332100030
3321000303
3210003030
2100030303
1000303033
0003030333
0030303333
0303033332
3030333322
0303333220
3033332200
0333322000
3333220000
3332200001
3322000010
3220000102
2200001021
2000010213
0000102132
0001021322
0010213222
0102132223
1021322230
0213222301
2132223011
1322230110
3222301102
2223011021
2230110211
2301102113
3011021130
0110211300
1102113002
1021130023
0211300231
2113002313
1130023132
1300231322
3002313222
0023132222
0231322223
2313222232
3132222322
1322223221
3222232213
2222322131
2223221313
2232213132
2322131323
3221313232
2213132321
2131323211
1313232110
3132321100
1323211001
3232110011
2321100113
3211001133
2110011330
1100113301
1001133011
0011330112
0113301121
1133011213
1330112131
3301121310
3011213101
0112131011
1121310113
1213101131
2131011311
1310113113
3101131130
1011311300
0113113001
1131130013
1311300133
3113001330
1130013301
1300133010
3001330102
0013301023
0133010231
1330102310
3301023100
3010231002
0102310023
1023100231
0231002310
2310023100
3100231000
1002310003
0023100033
0231000333
2310003333
3100033331
1000333311
0003333113
0033331132
0333311322
3333113220
3331132200
3311322002
3113220022
1132200222
1322002220
3220022203
2200222032
2002220322
0022203223
0222032233
2220322330
2203223300
2032233002
0322330020
3223300200
2233002003
2330020030
3300200302
3002003020
0020030202
0200302020
2003020200
0030202000
0302020002
3020200021
0202000213
2020002133
0200021332
2000213320
0002133200
0021332003
0213320032
2133200320
1332003202
3320032022
3200320220
