1132213122
1322131221
3221312210
2213122101
2131221010
1312210102
3122101021
1221010211
2210102113
2101021131
1010211310
0102113103
1021131031
0211310312
2113103121
1131031213
1310312133
3103121333
1031213330
0312133300
3121333002
1213330022
2133300220
1333002200
3330022002
3300220023
3002200233
0022002330
0220023301
2200233010
2002330100
0023301000
0233010000
2330100002
3301000020
3010000201
0100002013
1000020132
0000201320
0002013200
0020132002
0201320021
2013200213
0132002132
1320021321
3200213210
2002132102
0021321020
0213210203
2132102031
1321020312
3210203122
2102031222
1020312220
0203122201
2031222013
0312220133
3122201332
1222013323
2220133232
2201332320
2013323200
0133232000
1332320001
3323200011
3232000111
2320001111
3200011111
2000111111
0001111111
0011111113
0111111133
1111111332
1111113320
1111133200
1111332002
1113320022
1133200222
1332002220
3320022202
3200222021
2002220211
0022202113
0222021132
2220211320
2202113202
2021132021
0211320211
2113202110
1132021102
1320211022
3202110222
2021102222
0211022221
2110222212
1102222120
1022221201
0222212011
2222120110
2221201100
2212011001
2120110011
1201100111
2011001111
0110011111
1100111110
1001111101
0011111010
0111110102
1111101020
1111010200
1110102003
1101020032
1010200322
0102003220
1020032201
0200322011
2003220110
0032201103
0322011032
3220110322
2201103221
2011032211
0110322113
1103221133
1032211331
0322113311
3221133111
2211331111
2113311111
1133111112
1331111121
3311111211
3111112112
1111121123
1111211231
1112112313
1121123132
1211231321
2112313213
1123132131
1231321313
2313213132
3132131322
1321313221
3213132213
2131322131
1313221313
3132213133
1322131332
3221313322
2213133222
2131332220
1313322201
3133222013
1332220132
3322201323
3222013233
2220132333
2201323332
2013233321
0132333211
1323332111
3233321113
2333211133
3332111333
3321113333
3211133331
2111333312
1113333122
1133331222
1333312222
3333122222
3331222221
3312222213
3122222131
1222221311
2222213112
2222131122
2221311221
2213112210
2131122102
1311221021
3112210210
1122102101
1221021010
2210210102
2102101020
1021010200
0210102002
2101020023
1010200232
0102002323
1020023232
0200232321
2002323210
0023232101
0232321010
2323210102
3232101022
2321010222
3210102220
2101022201
1010222012
0102220122
1022201220
0222012201
2220122010
2201220103
2012201032
0122010320
1220103200
2201032002
2010320023
0103200233
1032002330
0320023301
3200233010
2002330102
0023301021
0233010210
2330102101
3301021011
3010210111
0102101111
1021011113
0210111133
2101111331
1011113310
0111133100
1111331001
1113310011
1133100113
1331001132
3310011322
3100113220
1001132203
0011322030
0113220300
1132203003
1322030031
3220300310
2203003103
2030031033
0300310330
3003103303
0031033031
0310330313
3103303132
1033031320
0330313201
3303132013
3031320131
0313201313
3132013132
1320131321
3201313212
2013132121
0131321210
1313212102
3132121021
1321210211
3212102113
2121021131
1210211313
2102113130
1021131303
0211313031
2113130310
1131303102
1313031022
3130310220
1303102203
3031022033
0310220332
3102203321
1022033211
0220332110
2203321102
2033211022
0332110223
3321102232
3211022322
2110223223
1102232232
1022322321
0223223210
2232232101
2322321012
3223210122
2232101221
2321012210
3210122100
2101221001
1012210013
0122100133
1221001332
2210013322
2100133220
1001332202
0013322021
0133220213
1332202131
3322021310
3220213101
2202131011
2021310113
0213101130
2131011301
1310113011
3101130113
1011301131
0113011311
1130113112
1301131120
3011311202
0113112020
1131120202
1311202021
3112020210
1120202102
1202021022
2020210220
0202102203
2021022032
0210220320
2102203201
1022032011
0220320113
2203201130
2032011303
0320113031
3201130310
2011303103
0113031033
1130310331
1303103311
3031033113
0310331130
3103311301
1033113010
0331130102
3311301022
3113010220
1130102201
1301022010
3010220103
0102201033
1022010330
0220103300
2201033002
2010330022
0103300220
1033002200
0330022002
3300220023
3002200230
0022002301
0220023010
2200230103
2002301032
0023010322
0230103221
2301032213
3010322130
0103221303
1032213032
0322130323
3221303231
2213032313
2130323133
1303231332
3032313320
0323133203
3231332033
2313320332
3133203321
1332033211
3320332112
3203321120
2033211202
0332112020
3321120202
3211202021
2112020213
1120202133
1202021332
2020213322
0202133223
2021332232
0213322320
2133223202
1332232022
3322320223
3223202233
2232022331
2320223313
3202233133
2022331332
0223313321
2233133210
2331332102
3313321021
3133210213
1332102130
3321021302
3210213020
2102130203
1021302030
0213020300
2130203001
1302030011
3020300113
0203001132
2030011320
0300113202
3001132020
0011320200
0113202003
1132020031
1320200310
3202003103
2020031033
0200310331
2003103312
0031033122
0310331222
3103312222
1033122222
0331222220
3312222201
3122222012
1222220121
2222201213
2222012132
2220121321
2201213213
2012132131
0121321313
1213213130
2132131301
1321313011
3213130110
2131301102
1313011020
3130110200
1301102001
3011020010
0110200100
1102001002
1020010023
0200100233
2001002333
0010023332
0100233321
1002333211
0023332111
0233321113
2333211133
3332111332
3321113321
3211133211
2111332110
1113321103
1133211031
1332110311
3321103113
3211031133
2110311333
1103113331
1031133313
0311333130
3113331300
1133313003
1333130032
3331300321
3313003213
3130032132
1300321320
3003213203
0032132032
0321320321
3213203211
2132032110
1320321102
3203211021
2032110212
0321102122
3211021221
2110212210
1102122101
1021221010
0212210102
2122101021
1221010211
2210102112
2101021122
1010211221
0102112211
1021122113
0211221133
2112211331
1122113310
1221133100
2211331002
2113310020
1133100202
1331002021
3310020213
3100202132
1002021321
0020213212
0202132121
2021321210
0213212103
2132121032
1321210320
3212103202
2121032022
1210320220
2103202202
1032022023
0320220231
3202202313
2022023132
0220231320
2202313201
2023132010
0231320102
2313201020
3132010200
1320102000
3201020003
2010200031
0102000311
1020003113
0200031132
2000311320
0003113200
0031132002
0311320022
3113200222
1132002223
1320022232
3200222322
2002223222
0022232222
0222322223
2223222230
2232222300
2322223003
3222230031
2222300310
2223003103
2230031031
2300310310
3003103101
0031031011
0310310112
3103101122
1031011222
0310112220
3101122200
1011222003
0112220033
1122200331
1222003311
2220033111
2200331110
2003311102
0033111021
0331110213
3311102132
3111021323
1110213232
1102132321
1021323213
0213232133
2132321331
1323213311
3232133110
2321331102
3213311022
2133110220
1331102202
3311022020
3110220201
1102202012
1022020121
0220201213
2202012132
2020121320
0201213200
2012132002
0121320023
1213200232
2132002322
1320023222
3200232220
2002322203
0023222032
0232220320
2322203201
3222032010
2220320103
2203201033
2032010332
0320103323
3201033231
2010332310
0103323102
1033231020
0332310202
3323102020
3231020200
2310202003
3102020030
1020200303
0202003030
2020030300
0200303002
2003030022
0030300220
0303002203
3030022032
0300220323
3002203233
0022032331
0220323311
2203233111
2032331111
0323311110
3233111102
2331111022
3311110220
3111102201
1111022013
1110220132
1102201322
1022013220
0220132203
2201322033
2013220330
0132203301
1322033013
3220330130
2203301303
2033013031
0330130310
3301303101
3013031010
0130310100
1303101002
3031010023
0310100230
3101002300
1010023003
0100230031
1002300312
0023003120
0230031200
2300312002
3003120021
0031200210
0312002102
3120021020
1200210202
2002102020
0021020202
0210202023
2102020232
1020202323
0202023232
2020232322
0202323223
2023232230
0232322300
2323223001
3232230013
2322300132
3223001321
2230013213
2300132131
3001321313
0013213131
0132131310
1321313101
3213131010
2131310100
1313101001
3131010013
1310100132
3101001323
1010013232
0100132322
1001323223
0013232231
0132322313
1323223131
3232231311
2322313113
3223131132
2231311321
2313113211
3131132110
1311321103
3113211031
1132110312
1321103122
3211031222
2110312220
1103122203
1031222033
0312220332
3122203321
1222033213
2220332132
2203321322
2033213222
0332132222
3321322222
3213222221
2132222210
1322222103
3222221032
2222210321
2222103213
2221032132
2210321322
2103213222
1032132222
0321322223
3213222231
2132222310
1322223100
3222231002
2222310022
2223100222
2231002222
2310022220
3100222203
1002222031
0022220310
0222203100
2222031003
2220310030
2203100301
2031003013
0310030132
3100301321
1003013211
0030132110
0301321102
3013211020
0132110203
1321102031
3211020313
2110203133
1102031332
1020313320
0203133201
2031332011
0313320110
3133201102
1332011020
3320110200
3201102002
2011020022
0110200220
1102002203
1020022031
0200220313
2002203132
0022031321
0220313213
2203132131
2031321311
0313213110
3132131102
1321311023
3213110232
2131102322
1311023220
3110232203
1102322032
1023220321
0232203212
2322032122
3220321222
2203212221
2032122212
0321222123
3212221233
2122212332
1222123323
2221233230
2212332300
2123323002
1233230022
2332300222
3323002220
3230022201
2300222010
3002220102
0022201021
0222010213
2220102133
2201021333
2010213331
0102133311
1021333113
0213331131
2133311313
1333113131
3331131310
3311313102
3113131023
1131310232
1313102321
3131023213
1310232132
3102321321
1023213211
0232132110
2321321103
3213211032
2132110320
1321103203
3211032031
2110320310
1103203102
1032031023
0320310232
3203102321
2031023212
0310232121
3102321210
1023212102
0232121021
2321210211
3212102112
2121021122
1210211221
2102112213
1021122132
0211221323
2112213230
1122132301
1221323013
2213230132
2132301322
1323013221
3230132211
2301322111
3013221111
0132211110
1322111100
3221111002
2211110020
2111100200
1111002001
1110020013
1100200131
1002001313
0020013132
0200131320
2001313201
0013132013
0131320132
1313201321
3132013213
1320132133
3201321332
2013213322
0132133221
1321332211
3213322113
2133221132
1332211323
3322113231
3221132313
2211323130
2113231301
1132313010
1323130102
3231301023
2313010233
3130102331
1301023310
3010233100
0102331001
1023310011
0233100110
2331001101
3310011010
3100110102
1001101023
0011010232
0110102322
1101023222
1010232220
0102322203
1023222032
0232220323
2322203232
3222032323
2220323232
2203232320
2032323202
0323232021
3232320210
2323202102
3232021021
2320210210
3202102101
2021021013
0210210132
2102101321
1021013211
0210132111
2101321113
1013211133
0132111331
1321113310
3211133101
2111331013
1113310133
1133101330
1331013301
3310133010
3101330100
1013301003
0133010031
1330100313
3301003130
3010031303
0100313030
1003130300
0031303003
0313030031
3130300311
1303003110
3030031102
0300311020
3003110201
0031102010
0311020103
3110201031
1102010313
1020103133
0201031331
2010313312
0103133120
1031331200
0313312003
3133120031
1331200311
3312003110
3120031101
1200311012
2003110121
0031101211
0311012111
3110121110
1101211100
1012111001
0121110010
1211100100
2111001002
1110010022
1100100220
1001002200
0010022002
0100220022
1002200220
0022002201
0220022012
2200220123
2002201233
0022012330
0220123301
2201233010
2012330102
0123301021
1233010213
2330102133
3301021333
3010213332
0102133322
1021333220
0213332202
2133322021
1333220211
3332202110
3322021102
3220211023
2202110233
2021102332
0211023323
2110233232
1102332323
1023323231
0233232311
2332323112
3323231121
3232311213
2323112133
3231121333
2311213333
3112133332
1121333323
1213333231
2133332311
1333323110
3333231103
3332311030
3323110303
3231103030
2311030300
3110303001
1103030013
1030300130
0303001301
3030013011
0300130113
3001301130
0013011302
0130113021
1301130213
3011302130
0113021301
1130213013
1302130132
3021301320
0213013202
2130132022
1301320223
3013202232
0132022322
1320223222
3202232221
2022322213
0223222131
2232221310
2322213103
3222131032
2221310321
2213103210
2131032101
1310321011
3103210111
1032101113
0321011132
3210111322
2101113223
1011132233
0111322333
1113223332
1132233323
1322333231
3223332311
2233323113
2333231131
3332311311
3323113113
3231131130
2311311300
3113113001
1131130010
1311300102
3113001021
1130010211
1300102110
3001021102
0010211022
0102110220
1021102200
0211022002
2110220023
1102200232
1022002320
0220023201
2200232013
2002320132
0023201323
0232013232
2320132322
3201323220
2013232203
0132322031
1323220312
3232203122
2322031222
3220312223
2203122232
2031222321
0312223210
3122232102
1222321020
2223210200
2232102002
2321020023
3210200232
2102002323
1020023232
0200232320
2002323200
0023232000
0232320000
2323200002
3232000023
2320000232
3200002321
2000023212
0000232120
0002321201
0023212010
0232120100
2321201002
3212010021
2120100211
1201002111
2010021113
0100211132
1002111321
0021113211
0211132110
2111321102
1113211020
1132110202
1321102021
3211020212
2110202123
1102021231
1020212313
0202123132
2021231323
0212313233
2123132330
1231323303
2313233032
3132330322
1323303220
3233032201
2330322013
3303220130
3032201302
0322013022
3220130223
2201302232
2013022323
0130223232
1302232322
3022323220
0223232201
2232322013
2323220133
3232201331
2322013311
3220133113
2201331132
2013311320
0133113200
1331132000
3311320002
3113200022
1132000222
1320002222
3200022223
2000222231
0002222310
0022223102
0222231020
2222310202
2223102021
2231020212
2310202120
3102021203
1020212031
0202120310
2021203100
0212031001
2120310013
1203100131
2031001313
0310013133
3100131333
1001313331
0013133310
0131333100
1313331003
3133310030
1333100303
3331003031
3310030311
3100303110
1003031100
0030311001
0303110010
3031100101
0311001013
3110010133
1100101333
1001013332
0010133321
0101333213
1013332132
0133321322
1333213221
3332132213
3321322132
3213221323
2132213230
1322132301
3221323011
2213230110
2132301100
1323011002
3230110020
2301100203
3011002031
0110020313
1100203133
1002031331
0020313312
0203133122
2031331223
0313312230
3133122302
1331223021
3312230211
3122302113
1223021132
2230211322
2302113223
3021132232
0211322323
2113223233
1132232331
1322323311
3223233113
2232331132
2323311322
3233113221
2331132213
3311322132
3113221320
1132213202
1322132020
3221320201
2213202012
2132020123
1320201233
3202012331
2020123311
0201233110
2012331102
0123311022
1233110222
2331102221
3311022212
3110222120
1102221201
1022212011
0222120111
2221201113
2212011132
2120111321
1201113210
2011132100
0111321001
1113210013
1132100132
1321001322
3210013221
2100132212
1001322121
0013221213
0132212132
1322121321
3221213210
2212132101
2121321011
1213210110
2132101101
1321011013
3210110131
2101101310
1011013103
0110131031
1101310311
1013103113
0131031130
1310311302
3103113020
1031130202
0311302022
3113020220
1130202201
1302022011
3020220113
0202201131
2022011311
0220113110
2201131100
2011311002
0113110023
1131100231
1311002313
3110023133
1100231331
1002313310
0023133100
0231331002
2313310020
3133100201
1331002012
3310020123
3100201233
1002012332
0020123320
0201233200
2012332002
0123320022
1233200220
2332002202
3320022020
3200220203
2002202030
0022020300
0220203001
2202030010
2020300102
0203001022
2030010223
0300102233
3001022330
0010223301
0102233013
1022330133
0223301330
2233013303
2330133030
3301330303
3013303030
0133030303
1330303031
3303030312
3030303120
0303031201
3030312013
0303120133
3031201331
0312013313
3120133132
1201331322
2013313221
0133132211
1331322110
3313221102
3132211020
1322110202
3221102020
2211020200
2110202001
1102020011
1020200113
0202001132
2020011320
0200113201
2001132010
0011320102
0113201020
1132010201
1320102013
3201020133
2010201332
0102013320
1020133202
0201332023
2013320232
0133202323
1332023232
3320232323
3202323233
2023232333
0232323332
2323233320
3232333202
2323332020
3233320200
2333202001
3332020011
3320200113
3202001131
2020011311
0200113110
2001131102
0011311022
0113110223
1131102231
1311022310
3110223103
1102231031
1022310311
0223103112
2231031122
2310311222
3103112222
1031122221
0311222210
3112222102
1122221020
1222210202
2222102023
2221020232
2210202321
2102023213
1020232133
0202321331
2023213310
0232133101
2321331010
3213310100
2133101003
1331010032
3310100322
3101003223
1010032232
0100322323
1003223231
0032232313
0322323130
3223231301
2232313013
2323130131
3231301311
2313013113
3130131133
1301311332
3013113320
0131133201
1311332011
3113320111
1133201113
1332011130
3320111301
3201113010
2011130101
0111301010
1113010100
1130101001
1301010011
3010100113
0101001133
1010011331
0100113310
1001133101
0011331010
0113310103
1133101031
1331010310
3310103101
3101031010
1010310103
0103101031
1031010311
0310103111
3101031113
1010311131
0103111312
1031113122
0311131221
3111312213
1113122133
1131221331
1312213311
3122133112
1221331121
2213311213
2133112131
1331121311
3311213111
3112131113
1121311132
1213111322
2131113221
1311132210
3111322102
1113221020
1132210202
1322102020
3221020203
2210202031
2102020310
1020203102
0202031021
2020310210
0203102102
2031021023
0310210232
3102102322
1021023221
0210232210
2102322103
1023221032
0232210322
2322103223
3221032232
2210322322
2103223220
1032232201
0322322010
3223220103
2232201033
2322010331
3220103310
2201033101
2010331011
0103310110
1033101102
0331011020
3310110200
3101102001
1011020013
0110200131
1102001311
1020013110
0200131100
2001311001
0013110011
0131100113
1311001132
3110011323
1100113232
1001132321
0011323213
0113232133
1132321331
1323213310
3232133103
2321331033
3213310332
2133103320
1331033203
3310332030
3103320301
1033203012
0332030122
3320301223
3203012232
2030122321
0301223211
3012232111
0122321113
1223211132
2232111322
2321113220
3211132200
2111322000
1113220000
1132200001
1322000010
3220000102
2200001020
2000010200
0000102000
0001020003
0010200031
0102000313
1020003133
0200031331
2000313310
0003133100
0031331002
0313310020
3133100200
1331002001
3310020013
3100200131
1002001312
0020013121
0200131212
2001312121
0013121211
0131212110
1312121102
3121211022
1212110220
2121102202
1211022021
2110220213
1102202130
1022021301
0220213013
2202130132
2021301322
0213013221
2130132210
1301322103
3013221031
0132210310
1322103102
3221031021
2210310211
2103102110
1031021100
0310211001
3102110010
1021100100
0211001000
2110010001
1100100011
1001000111
0010001110
0100011101
1000111010
0001110102
0011101020
0111010203
1110102030
1101020301
1010203010
0102030103
1020301032
0203010323
2030103232
0301032323
3010323232
0103232320
1032323202
0323232021
3232320212
2323202120
3232021202
2320212022
3202120222
2021202221
0212022211
2120222113
1202221130
2022211303
0222113031
2221130311
2211303113
2113031132
1130311321
1303113213
3031132133
0311321333
3113213333
1132133330
1321333303
3213333033
2133330333
1333303332
3333033323
3330333232
3303332323
3033323232
0333232321
3332323213
3323232131
3232321310
2323213103
3232131032
2321310322
3213103221
2131032211
1310322110
3103221102
1032211023
0322110232
3221102321
2211023213
2110232132
1102321322
1023213222
0232132222
2321322223
3213222231
2132222311
1322223113
3222231132
2222311322
2223113222
2231132221
2311322211
3113222111
1132221110
1322211101
3222111011
2221110111
2211101110
2111011102
1110111023
1101110232
1011102323
0111023232
1110232323
1102323233
1023232330
0232323300
2323233000
3232330003
2323300032
3233000323
2330003232
3300032320
3000323201
0003232011
0032320112
0323201123
3232011233
2320112330
3201123301
2011233011
0112330113
1123301132
1233011321
2330113212
3301132122
3011321222
0113212222
1132122220
1321222201
3212222010
2122220102
1222201021
2222010210
2220102102
2201021023
2010210232
0102102323
1021023232
0210232323
2102323233
1023232332
0232323320
2323233202
3232332023
2323320231
3233202311
2332023113
3320231132
3202311321
2023113210
0231132100
2311321003
3113210032
1132100323
1321003233
3210032331
2100323313
1003233132
0032331322
0323313220
3233132200
2331322002
3313220022
3132200222
1322002222
3220022220
2200222201
2002222011
0022220113
0222201132
2222011321
2220113212
2201132122
2011321222
0113212220
1132122202
1321222021
3212220210
2122202103
1222021032
2220210323
2202103232
2021032320
0210323200
2103232003
1032320032
0323200322
3232003220
2320032200
3200322002
2003220021
0032200210
0322002102
3220021020
2200210203
2002102032
0021020321
0210203210
2102032103
1020321030
0203210301
2032103011
0321030111
3210301113
2103011132
1030111323
0301113231
3011132310
0111323103
1113231032
1132310321
1323103211
3231032112
2310321120
3103211200
1032112003
0321120032
3211200321
2112003213
1120032133
1200321331
2003213311
0032133111
0321331113
3213311131
2133111310
1331113102
3311131020
3111310200
1113102001
1131020010
1310200100
3102001001
1020010010
0200100101
2001001010
0010010102
0100101020
1001010202
0010102020
0101020201
1010202013
0102020133
1020201332
0202013321
2020133211
0201332113
2013321132
0133211322
1332113222
3321132220
3211322201
2113222011
1132220112
1322201122
3222011222
2220112221
2201122212
2011222121
0112221210
1122212102
1222121020
2221210201
2212102012
2121020120
1210201202
2102012023
1020120232
0201202321
2012023210
0120232100
1202321002
2023210022
0232100221
2321002210
3210022103
2100221032
1002210323
0022103232
0221032321
2210323213
2103232131
1032321310
0323213103
3232131033
2321310330
3213103301
2131033010
1310330100
3103301002
1033010022
0330100220
3301002203
3010022032
0100220322
1002203221
0022032213
0220322131
2203221313
2032213133
0322131333
3221313331
2213133313
2131333132
1313331321
3133313212
1333132123
3331321232
3313212322
3132123220
1321232202
3212322020
2123220200
1232202002
2322020023
3220200232
2202002321
2020023211
0200232111
2002321110
0023211100
0232111002
2321110021
3211100212
2111002122
1110021222
1100212222
1002122223
0021222232
0212222320
2122223200
1222232002
2222320022
2223200222
2232002220
2320022202
3200222020
2002220203
0022202033
0222020331
2220203311
2202033113
2020331133
0203311333
2033113332
0331133323
3311333232
3113332321
1133323211
1333232111
3332321110
3323211103
3232111033
2321110333
3211103332
2111033322
1110333220
1103332200
1033322002
0333220023
3332200230
3322002303
3220023032
2200230321
2002303210
0023032102
0230321020
2303210203
3032102032
0321020320
3210203200
2102032002
1020320020
0203200202
2032002022
0320020222
3200202223
2002022230
0020222303
0202223031
2022230313
0222303132
2223031321
2230313211
2303132110
3031321102
0313211021
3132110213
1321102132
3211021323
2110213232
1102132321
1021323211
0213232111
2132321110
1323211100
3232111001
2321110010
3211100100
2111001000
1110010001
1100100013
1001000132
0010001321
0100013210
1000132101
0001321010
0013210101
0132101010
1321010103
3210101033
2101010331
1010103312
0101033123
1010331232
0103312323
1033123230
0331232301
3312323010
3123230102
1232301023
2323010233
3230102331
2301023310
3010233102
0102331020
1023310200
0233102003
2331020032
3310200320
3102003200
1020032002
0200320020
2003200203
0032002032
0320020322
3200203221
2002032213
0020322132
0203221323
2032213231
0322132311
3221323110
2213231100
2132311003
1323110033
3231100332
2311003320
3110033203
1100332031
1003320310
0033203100
0332031000
3320310000
3203100000
2031000001
0310000011
3100000111
1000001110
0000011102
0000111023
0001110231
0011102310
0111023102
1110231022
1102310223
1023102230
0231022300
2310223001
3102230010
1022300103
0223001031
2230010313
2300103132
3001031323
0010313231
0103132310
1031323103
0313231030
3132310302
1323103021
3231030210
2310302102
3103021022
1030210223
0302102232
3021022323
0210223232
2102232322
1022323223
0223232233
2232322332
2323223322
3232233223
2322332232
3223322321
2233223213
2332232131
3322321313
3223213131
2232131311
2321313113
3213131132
2131311322
1313113223
3131132232
1311322321
3113223213
1132232132
1322321321
3223213213
2232132133
2321321333
3213213333
2132133330
1321333300
3213333001
2133330013
1333300133
3333001333
3330013333
3300133331
3001333313
0013333131
0133331311
1333313113
3333131132
3331311320
3313113203
3131132031
1311320313
3113203133
1132031333
1320313333
3203133332
2031333321
0313333212
3133332123
1333321231
3333212310
3332123100
3321231003
3212310031
2123100312
1231003122
2310031220
3100312200
1003122002
0031220020
0312200200
3122002000
1220020001
2200200010
2002000102
0020001021
0200010213
2000102130
0001021300
0010213000
0102130000
1021300000
0213000002
2130000022
1300000220
3000002200
0000022002
0000220021
0002200210
0022002103
0220021030
2200210301
2002103011
0021030113
0210301133
2103011330
1030113301
0301133012
3011330122
0113301221
1133012212
1330122121
3301221211
3012212113
0122121131
1221211311
2212113113
2121131132
1211311321
2113113210
1131132102
1311321022
3113210220
1132102202
1321022021
3210220210
2102202101
1022021012
0220210120
2202101202
2021012021
0210120213
2101202132
1012021322
0120213223
1202132232
2021322322
0213223220
2132232202
1322322021
3223220211
2232202111
2322021111
3220211113
2202111130
2021111300
0211113001
2111130013
1111300131
1113001311
1130013111
1300131110
3001311102
0013111021
0131110212
1311102122
3111021222
1110212222
1102122223
1021222231
0212222311
2122223113
1222231133
2222311331
2223113311
2231133111
2311331110
3113311100
1133111003
1331110031
3311100310
3111003100
1110031002
1100310021
1003100210
0031002101
0310021010
3100210102
1002101020
0021010203
0210102032
2101020320
1010203200
0102032000
1020320000
0203200003
2032000031
0320000311
3200003113
2000031132
0000311320
0003113200
0031132002
0311320022
3113200220
1132002202
1320022020
3200220201
2002202010
0022020102
0220201020
2202010200
2020102001
0201020013
2010200132
0102001320
1020013200
0200132000
2001320000
0013200000
0132000000
1320000002
3200000023
2000000232
0000002320
0000023200
0000232002
0002320020
0023200203
0232002033
2320020331
3200203313
2002033132
0020331322
0203313222
2033132221
0331322213
3313222131
3132221310
1322213102
3222131022
2221310222
2213102222
2131022221
1310222211
3102222113
1022221133
0222211331
2222113312
2221133122
2211331221
2113312210
1133122101
1331221010
3312210102
3122101023
1221010232
2210102323
2101023230
1010232301
0102323010
1023230100
0232301002
2323010022
3230100222
2301002221
3010022210
0100222103
1002221031
0022210313
0222103132
2221031322
2210313220
2103132203
1031322031
0313220311
3132203111
1322031110
3220311102
2203111020
2031110203
0311102032
3111020322
1110203220
1102032202
1020322020
0203220200
2032202000
0322020000
3220200003
2202000032
2020000323
0200003232
2000032320
0000323200
0003232002
0032320020
0323200203
3232002031
2320020311
3200203110
2002031102
0020311022
0203110223
2031102230
0311022302
3110223021
1102230211
1022302110
0223021103
2230211031
2302110310
3021103100
0211031000
2110310002
1103100023
1031000233
0310002331
3100023313
1000233132
0002331321
0023313212
0233132120
2331321202
3313212020
3132120202
1321202020
3212020200
2120202001
1202020010
2020200101
0202001010
2020010103
0200101031
2001010313
0010103132
0101031321
1010313210
0103132100
1031321000
0313210000
3132100002
1321000021
3210000211
2100002110
1000021100
0000211001
0002110010
0021100100
0211001002
2110010022
1100100220
1001002200
0010022000
0100220003
1002200033
0022000331
0220003313
2200033133
2000331332
0003313320
0033133201
0331332012
3313320120
3133201200
1332012002
3320120021
3201200210
2012002103
0120021030
1200210303
2002103032
0021030323
0210303231
2103032310
1030323103
0303231032
3032310322
0323103221
3231032210
2310322102
3103221022
1032210222
0322102222
3221022223
2210222232
2102222322
1022223223
0222232231
2222322310
2223223102
2232231021
2322310211
3223102111
2231021110
2310211103
3102111030
1021110303
0211103032
2111030323
1110303231
1103032313
1030323132
0303231321
3032313211
0323132112
3231321122
2313211221
3132112213
1321122131
3211221311
2112213113
1122131130
1221311302
2213113022
2131130222
1311302220
3113022203
1130222031
1302220313
3022203132
0222031321
2220313211
2203132113
2031321132
0313211320
3132113201
1321132011
3211320113
2113201131
1132011311
1320113110
3201131101
2011311010
0113110102
1131101023
1311010230
3110102301
1101023010
1010230102
0102301021
1023010213
0230102132
2301021322
3010213223
0102132231
1021322310
0213223101
2132231013
1322310131
3223101310
2231013102
2310131021
3101310213
1013102133
0131021330
1310213303
3102133032
1021330320
0213303201
2133032011
1330320113
3303201130
3032011303
0320113032
3201130322
2011303221
0113032213
1130322132
1303221321
3032213213
0322132133
3221321332
2213213321
2132133213
1321332132
3213321322
2133213220
1332132201
3321322013
3213220130
2132201303
1322013032
3220130323
2201303231
2013032311
0130323112
1303231123
3032311232
0323112320
3231123202
2311232020
3112320200
1123202001
1232020010
2320200100
3202001002
2020010022
0200100220
2001002203
0010022031
0100220312
1002203121
0022031210
0220312103
2203121033
2031210332
0312103322
3121033223
1210332233
2103322331
1033223311
0332233111
3322331110
3223311102
2233111022
2331110220
3311102201
3111022011
1110220113
1102201132
1022011321
0220113213
2201132131
2011321310
0113213100
1132131001
1321310013
3213100132
2131001322
1310013223
3100132232
1001322323
0013223232
0132232323
1322323232
3223232321
2232323210
2323232100
3232321000
2323210003
3232100033
2321000332
3210003321
2100033211
1000332110
0003321100
0033211002
0332110022
3321100222
3211002222
2110022220
1100222203
1002222032
0022220320
0222203200
2222032003
2220320033
2203200330
2032003301
0320033011
3200330113
2003301132
0033011322
0330113220
3301132200
3011322002
0113220020
1132200203
1322002032
3220020321
2200203211
2002032111
0020321112
0203211120
2032111203
0321112033
3211120330
2111203302
1112033023
1120330232
1203302321
2033023210
0330232103
3302321031
3023210312
0232103120
2321031202
3210312020
2103120201
1031202013
0312020133
3120201332
1202013322
2020133221
0201332213
2013322132
0133221321
1332213211
3322132111
3221321112
2213211122
2132111220
1321112200
3211122003
2111220032
1112200323
1122003233
1220032331
2200323313
2003233132
0032331322
0323313223
3233132232
2331322320
3313223200
3132232002
1322320020
3223200202
2232002021
2320020211
3200202111
2002021110
0020211100
0202111000
2021110001
0211100011
2111000110
1110001103
1100011032
1000110323
0001103232
0011032320
0110323200
1103232002
1032320020
0323200203
3232002031
2320020310
3200203101
2002031013
0020310132
0203101320
2031013203
0310132033
3101320333
1013203333
0132033332
1320333322
3203333222
2033332221
0333322213
3333222132
3332221322
3322213221
3222132210
2221322101
2213221012
2132210123
1322101231
3221012313
2210123131
2101231311
1012313113
0123131130
1231311302
2313113020
3131130201
1311302010
3113020103
1130201033
1302010332
3020103320
0201033203
2010332032
0103320320
1033203200
0332032000
3320320001
3203200010
2032000102
0320001020
3200010200
2000102003
0001020030
0010200301
0102003011
1020030110
0200301103
2003011032
0030110321
0301103210
3011032102
0110321020
1103210203
1032102032
0321020322
3210203220
2102032202
1020322022
0203220222
2032202220
0322022200
3220222002
2202220022
2022200223
0222002233
2220022331
2200223311
2002233111
0022331110
0223311103
2233111033
2331110330
3311103300
3111033002
1110330023
1103300232
1033002322
0330023220
3300232203
3002322032
0023220322
0232203221
2322032210
3220322101
2203221013
2032210132
0322101322
3221013220
2210132202
2101322023
1013220231
0132202311
1322023110
3220231103
2202311033
2023110331
0231103313
2311033132
3110331321
1103313210
1033132103
0331321031
3313210312
3132103122
1321031220
3210312202
2103122020
1031220203
0312202033
3122020331
1220203310
2202033101
2020331010
0203310101
2033101010
0331010103
3310101031
3101010310
1010103102
0101031020
1010310202
0103102023
1031020232
0310202320
3102023201
1020232012
0202320123
2023201232
0232012323
2320123232
3201232322
2012323220
0123232202
1232322023
2323220233
3232202330
2322023303
3220233032
2202330322
2023303223
0233032232
2330322323
3303223232
3032232320
0322323201
3223232010
2232320102
2323201023
3232010231
2320102313
3201023132
2010231322
0102313222
1023132220
0231322202
2313222021
3132220213
1322202132
3222021320
2220213203
2202132032
2021320320
0213203201
2132032011
1320320113
3203201133
2032011333
0320113332
3201133322
2011333223
0113332232
1133322321
1333223210
3332232100
3322321000
3223210000
2232100001
2321000011
3210000110
2100001103
1000011030
0000110303
0001103032
0011030320
0110303203
1103032032
1030320322
0303203222
3032032220
0320322203
3203222033
2032220331
0322203311
3222033113
2220331132
2203311321
2033113211
0331132111
3311321112
3113211120
1132111202
1321112020
3211120201
2111202010
1112020103
1120201031
1202010311
2020103111
0201031113
2010311132
0103111320
1031113200
0311132001
3111320013
1113200131
1132001311
1320013113
3200131133
2001311332
0013113320
0131133202
1311332020
3113320200
1133202000
1332020002
3320200022
3202000220
2020002202
0200022020
2000220200
0002202001
0022020012
0220200122
2202001221
2020012213
0200122131
2001221311
0012213111
0122131113
1221311131
2213111310
2131113102
1311131021
3111310211
1113102111
1131021111
1310211111
3102111111
1021111110
0211111103
2111111031
1111110313
1111103132
1111031323
1110313230
1103132301
1031323011
0313230110
3132301103
1323011033
3230110332
2301103320
3011033203
0110332032
1103320323
1033203232
0332032323
3320323230
3203232301
2032323010
0323230103
3232301032
2323010320
3230103203
2301032031
3010320310
0103203103
1032031032
0320310322
3203103223
2031032232
0310322320
3103223200
1032232002
0322320023
3223200232
2232002321
2320023213
3200232132
2002321322
0023213220
0232132203
2321322032
3213220320
2132203203
1322032033
3220320332
2203203320
2032033203
0320332033
3203320331
2033203313
0332033132
3320331320
3203313200
2033132003
0331320032
3313200321
3132003211
1320032112
3200321120
2003211201
0032112011
0321120111
3211201110
2112011100
1120111000
1201110003
2011100033
0111000333
1110003333
1100033332
1000333323
0003333232
0033332320
0333323202
3333232021
3332320213
3323202132
3232021322
2320213223
3202132230
2021322300
0213223001
2132230013
1322300132
3223001320
2230013202
2300132023
3001320233
0013202331
0132023313
1320233131
3202331313
2023313131
0233131312
2331313121
3313131210
3131312103
1313121032
3131210322
1312103221
3121032211
1210322110
2103221102
1032211022
0322110222
3221102220
2211022201
2110222011
1102220111
1022201111
0222011111
2220111111
2201111110
2011111101
0111111012
1111110123
1111101233
1111012330
1110123303
1101233030
1012330303
0123303031
1233030312
2330303123
3303031232
3030312320
0303123203
3031232031
0312320311
3123203110
1232031102
2320311020
3203110200
2031102003
0311020032
3110200320
1102003203
1020032032
0200320321
2003203211
0032032110
0320321103
3203211032
2032110320
0321103202
3211032022
2110320222
1103202220
1032022201
0320222011
3202220113
2022201132
0222011322
2220113221
2201132211
2011322110
0113221102
1132211021
1322110211
3221102111
2211021113
2110211132
1102111322
1021113223
0211132232
2111322323
1113223231
1132232310
1322323102
3223231021
2232310210
2323102101
3231021011
2310210113
3102101133
1021011331
0210113313
2101133133
1011331333
0113313331
1133133312
1331333121
3313331210
3133312101
1333121011
3331210111
3312101113
3121011132
1210111321
2101113213
1011132130
0111321302
1113213020
1132130202
1321302022
3213020220
2130202202
1302022022
3020220222
0202202220
2022022202
0220222020
2202220200
2022202000
0222020003
2220200032
2202000321
2020003210
0200032102
2000321022
0003210220
0032102203
0321022031
3210220313
2102203132
1022031321
0220313213
2203132131
2031321312
0313213120
3132131203
1321312032
3213120321
2131203211
1312032112
3120321120
1203211202
2032112022
0321120220
3211202202
2112022023
1120220230
1202202303
2022023033
0220230333
2202303332
2023033322
0230333223
2303332233
3033322331
0333223311
3332233111
3322331111
3223311110
2233111103
2331111031
3311110310
3111103102
1111031022
1110310222
1103102220
1031022202
0310222020
3102220202
1022202020
0222020200
2220202001
2202020010
2020200102
0202001020
2020010202
0200102021
2001020211
0010202110
0102021100
1020211001
0202110011
2021100112
0211001121
2110011210
1100112102
1001121021
0011210210
0112102102
1121021020
1210210203
2102102033
1021020332
0210203323
2102033231
1020332310
0203323103
2033231031
0332310311
3323103112
3231031121
2310311213
3103112130
1031121302
0311213022
3112130220
1121302201
1213022011
2130220110
1302201100
3022011001
0220110010
2201100101
2011001010
0110010102
1100101020
1001010200
0010102000
0101020001
1010200010
0102000101
1020001010
0200010102
2000101022
0001010223
0010102232
0101022322
1010223220
0102232203
1022322032
0223220321
2232203210
2322032102
3220321023
2203210232
2032102321
0321023213
3210232132
2102321322
1023213221
0232132213
2321322132
3213221320
2132213200
1322132002
3221320020
2213200201
2132002013
1320020131
3200201313
2002013133
0020131331
0201313310
2013133101
0131331010
1313310100
3133101003
1331010030
3310100301
3101003011
1010030111
0100301110
1003011101
0030111010
0301110103
3011101033
0111010333
1110103331
1101033312
1010333122
0103331220
1033312201
0333122012
3331220122
3312201222
3122012221
1220122213
2201222130
2012221303
0122213030
1222130303
2221303031
2213030311
2130303111
1303031110
3030311102
0303111021
3031110210
0311102101
3111021013
1110210131
1102101313
1021013132
0210131320
2101313200
1013132002
0131320020
1313200200
3132002002
1320020021
3200200211
2002002110
0020021100
0200211003
2002110033
0021100331
0211003313
2110033132
1100331320
1003313203
0033132032
0331320323
3313203230
3132032303
1320323033
3203230333
2032303333
0323033331
3230333310
2303333102
3033331020
0333310203
3333102032
3331020322
3310203221
3102032212
1020322120
0203221203
2032212033
0322120330
3221203301
2212033012
2120330123
1203301232
2033012322
0330123221
3301232210
3012322102
0123221020
1232210203
2322102032
3221020320
2210203202
2102032023
1020320231
0203202311
2032023111
0320231113
3202311131
2023111311
0231113110
2311131102
3111311022
1113110222
1131102222
1311022222
3110222221
1102222211
1022222113
0222221131
2222211311
2222113110
2221131101
2211311010
2113110101
1131101011
1311010110
3110101101
1101011010
1010110102
0101101022
1011010220
0110102200
1101022000
1010220000
0102200001
1022000010
0220000102
2200001021
2000010210
0000102101
0001021010
0010210101
0102101013
1021010132
0210101321
2101013210
1010132102
0101321021
1013210212
0132102121
1321021213
3210212130
2102121301
1021213010
0212130102
2121301021
1213010212
2130102120
1301021201
3010212012
0102120120
1021201201
0212012011
2120120111
1201201111
2012011110
0120111101
1201111011
2011110110
0111101102
1111011021
1110110210
1101102103
1011021031
0110210313
1102103130
1021031303
0210313030
2103130300
1031303003
0313030032
3130300320
1303003202
3030032021
0300320210
3003202101
0032021010
0320210100
3202101003
2021010032
0210100320
2101003203
1010032032
0100320320
1003203202
0032032021
0320320213
3203202132
2032021322
0320213220
3202132202
2021322021
0213220211
2132202111
1322021110
3220211102
2202111023
2021110232
0211102322
2111023221
1110232213
1102322133
1023221333
0232213331
2322133313
3221333131
2213331310
2133313101
1333131012
3331310121
3313101210
3131012103
1310121032
3101210322
1012103220
0121032203
1210322031
2103220311
1032203113
0322031132
3220311321
2203113210
2031132102
0311321021
3113210211
1132102111
1321021110
3210211103
2102111032
1021110321
0211103211
2111032111
1110321110
1103211102
1032111020
0321110200
3211102003
2111020030
1110200301
1102003012
1020030123
0200301232
2003012320
0030123200
0301232001
3012320011
0123200110
1232001102
2320011021
3200110211
2001102111
0011021112
0110211121
1102111213
1021112132
0211121320
2111213202
1112132022
1121320220
1213202202
2132022020
1320220201
3202202013
2022020131
0220201313
2202013132
2020131320
0201313201
2013132010
0131320101
1313201011
3132010110
1320101100
3201011002
2010110021
0101100210
1011002100
0110021002
1100210021
1002100210
0021002101
0210021011
2100210110
1002101100
0021011000
0210110002
2101100020
1011000201
0110002011
1100020111
1000201113
0002011131
0020111310
0201113101
2011131013
0111310130
1113101303
1131013031
1310130311
3101303110
1013031101
0130311011
1303110111
3031101113
0311011130
3110111302
1101113020
1011130202
0111302020
1113020202
1130202022
1302020221
3020202210
0202022100
2020221000
0202210000
2022100000
0221000002
2210000022
2100000220
1000002201
0000022010
0000220101
0002201011
0022010113
0220101132
2201011322
2010113222
0101132220
1011322200
0113222003
1132220032
1322200320
3222003200
2220032001
2200320012
2003200122
0032001221
0320012213
3200122133
2001221332
0012213320
0122133203
1221332031
2213320310
2133203100
1332031002
3320310022
3203100220
2031002202
0310022021
3100220211
1002202111
0022021110
0220211100
2202111000
2021110001
0211100011
2111000112
1110001121
1100011210
1000112102
0001121023
0011210233
0112102331
1121023311
1210233110
2102331100
1023311002
0233110020
2331100203
3311002032
3110020322
1100203221
1002032213
0020322133
0203221333
2032213332
0322133322
3221333222
2213332220
2133322202
1333222023
3332220232
3322202321
3222023210
2220232101
2202321013
2023210132
0232101322
2321013220
3210132201
2101322010
1013220100
0132201003
1322010031
3220100311
2201003113
2010031132
0100311320
1003113200
0031132003
0311320030
3113200301
1132003011
1320030113
3200301132
2003011320
0030113203
0301132031
3011320311
0113203111
1132031110
1320311101
3203111010
2031110102
0311101020
3111010202
1110102023
1101020231
1010202313
0102023132
1020231321
0202313211
2023132113
0231321133
2313211333
3132113332
1321133323
3211333232
2113332321
1133323210
1333232102
3332321021
3323210211
3232102111
2321021111
3210211113
2102111131
1021111311
0211113110
2111131103
1111311032
1113110321
1131103210
1311032102
3110321022
1103210221
1032102211
0321022113
3210221133
2102211333
1022113332
0221133320
2211333203
2113332030
1133320300
1333203001
3332030011
3320300111
3203001113
2030011133
0300111330
3001113303
0011133033
0111330330
1113303301
1133033013
1330330132
3303301322
3033013220
0330132200
3301322001
3013220011
0132200110
1322001102
3220011022
2200110220
2001102203
0011022031
0110220313
1102203133
1022031332
0220313321
2203133211
2031332110
0313321100
3133211001
1332110010
3321100100
3211001000
2110010002
1100100020
1001000203
0010002030
0100020302
1000203021
0002030213
0020302131
0203021310
2030213102
0302131020
3021310202
0213102023
2131020230
1310202301
3102023012
1020230121
0202301213
2023012132
0230121321
2301213213
3012132132
0121321323
1213213231
2132132310
1321323101
3213231011
2132310110
1323101100
3231011001
2310110012
3101100122
1011001223
0110012233
1100122333
1001223331
0012233310
0122333101
1223331013
2233310130
2333101301
3331013013
3310130131
3101301311
1013013113
0130131130
1301311301
3013113013
0131130132
1311301321
3113013210
1130132102
1301321020
3013210202
0132102020
1321020200
3210202003
2102020031
1020200311
0202003110
2020031102
0200311020
2003110202
0031102023
0311020230
3110202301
1102023013
1020230133
0202301332
2023013322
0230133222
2301332220
3013322201
0133222013
1332220131
3322201313
3222013131
2220131312
2201313122
2013131220
0131312202
1313122020
3131220201
1312202011
3122020111
1220201113
2202011133
2020111330
0201113302
2011133021
0111330211
1113302110
1133021100
1330211001
3302110011
3021100111
0211001110
2110011100
1100111002
1001110022
0011100220
0111002203
1110022032
1100220322
1002203222
0022032222
0220322223
2203222230
2032222301
0322223013
3222230132
2222301322
2223013222
2230132222
2301322221
3013222211
0132222111
1322221111
3222211111
2222111112
2221111122
2211111223
2111112232
1111122323
1111223230
1112232303
1122323032
1223230322
2232303222
2323032220
3230322202
2303222020
3032220201
0322202010
3222020101
2220201013
2202010130
2020101302
0201013020
2010130200
0101302000
1013020001
0130200013
1302000133
3020001332
0200013321
2000133213
0001332133
0013321333
0133213330
1332133300
3321333000
3213330000
2133300000
1333000000
3330000002
3300000022
3000000220
0000002200
0000022001
0000220010
0002200100
0022001000
0220010000
2200100000
2001000001
0010000011
0100000113
1000001132
0000011320
0000113200
0001132003
0011320033
0113200330
1132003300
1320033003
3200330032
2003300322
0033003221
0330032210
3300322102
3003221021
0032210213
0322102133
3221021332
2210213320
2102133200
1021332002
0213320021
2133200213
1332002130
3320021300
3200213003
2002130032
0021300323
0213003233
2130032330
1300323302
3003233022
0032330221
0323302213
3233022133
2330221332
3302213322
3022133220
0221332203
2213322032
2133220320
1332203201
3322032013
3220320132
2203201320
2032013201
0320132011
3201320113
2013201133
0132011333
1320113331
3201133313
2011333130
0113331302
1133313023
1333130230
3331302302
3313023020
3130230200
1302302000
3023020000
0230200003
2302000031
3020000310
0200003101
2000031010
0000310102
0003101020
0031010203
0310102032
3101020322
1010203220
0102032203
1020322031
0203220311
2032203110
0322031100
3220311000
2203110000
2031100003
0311000030
3110000300
1100003000
1000030003
0000300030
0003000300
0030003000
0300030000
3000300002
0003000023
0030000232
0300002322
3000023221
0000232211
0002322111
0023221110
0232211103
2322111031
3221110311
2211103111
2111031110
1110311100
1103111002
1031110023
0311100231
3111002313
1110023133
1100231333
1002313333
0023133330
0231333302
2313333022
3133330223
1333302233
3333022332
3330223323
3302233230
3022332301
0223323013
2233230133
2332301330
3323013303
3230133032
2301330322
3013303223
0133032232
1330322321
3303223210
3032232101
0322321011
3223210113
2232101130
2321011301
3210113010
2101130100
1011301001
0113010013
1130100132
1301001323
3010013230
0100132303
1001323033
0013230331
0132303311
1323033111
3230331110
2303311101
3033111013
0331110133
3311101333
3111013330
1110133302
1101333020
1013330202
0133302022
1333020222
3330202220
3302022200
3020222003
0202220030
2022200301
0222003010
2220030101
2200301011
2003010111
0030101111
0301011113
3010111130
0101111300
1011113003
0111130033
1111300333
1113003333
1130033332
1300333322
3003333221
0033332211
0333322112
3333221120
3332211203
3322112033
3221120330
2211203303
2112033030
1120330302
1203303022
2033030223
0330302231
3303022310
3030223100
0302231002
3022310023
0223100230
2231002303
2310023033
3100230333
1002303332
0023033323
0230333230
2303332303
3033323032
0333230321
3332303210
3323032103
3230321031
2303210313
3032103133
0321031330
3210313302
2103133022
1031330222
0313302221
3133022213
1330222132
3302221320
3022213203
0222132032
2221320320
2213203203
2132032030
1320320302
3203203021
2032030210
0320302102
3203021023
2030210231
0302102310
3021023103
0210231032
2102310320
1023103202
0231032022
2310320223
3103202232
1032022321
0320223210
3202232102
2022321022
0223210222
2232102222
2321022222
3210222223
2102222231
1022222311
0222223110
2222231102
2222311023
2223110231
2231102310
2311023101
3110231013
1102310130
1023101301
0231013010
2310130100
3101301001
1013010010
0130100103
1301001031
3010010311
0100103113
1001031131
0010311313
0103113132
1031131320
0311313201
3113132011
1131320110
1313201101
3132011013
1320110130
3201101302
2011013020
0110130200
1101302000
1013020000
0130200003
1302000031
3020000310
0200003100
2000031003
0000310033
0003100333
0031003331
0310033313
3100333133
1003331333
0033313331
0333133310
3331333101
3313331013
3133310132
1333101322
3331013220
3310132200
3101322000
1013220000
0132200000
1322000000
3220000000
2200000000
