2220233220
2202332202
2023322020
0233220202
2332202021
3322020211
3220202112
2202021120
2020211202
0202112020
2021120202
0211202021
2112020212
1120202122
1202021220
2020212202
0202122021
2021220213
0212202131
2122021312
1220213120
2202131200
2021312000
0213120001
2131200011
1312000112
3120001120
1200011201
2000112013
0001120132
0011201322
0112013220
1120132200
1201322000
2013220001
0132200013
1322000133
3220001333
2200013330
2000133302
0001333023
0013330232
0133302322
1333023221
3330232212
3302322121
3023221212
0232212122
2322121220
3221212202
2212122020
2121220201
1212202013
2122020131
1220201312
2202013121
2020131211
0201312110
2013121102
0131211023
1312110233
3121102333
1211023331
2110233310
1102333100
1023331001
0233310011
2333100111
3331001111
3310011112
3100111122
1001111220
0011112200
0111122000
1111220001
1112200013
1122000133
1220001333
2200013333
2000133331
0001333313
0013333133
0133331333
1333313332
3333133321
3331333210
3313332102
3133321022
1333210220
3332102202
3321022022
3210220220
2102202202
1022022020
0220220200
2202202002
2022020020
0220200202
2202002020
2020020200
0200202002
2002020022
0020200222
0202002222
2020022223
0200222232
2002222321
0022223210
0222232100
2222321000
2223210001
2232100012
2321000121
3210001211
2100012111
1000121111
0001211111
0012111110
0121111101
1211111013
2111110133
1111101333
1111013333
1110133332
1101333321
1013333213
0133332131
1333321313
3333213133
3332131333
3321313333
3213133333
2131333331
1313333311
3133333113
1333331131
3333311311
3333113111
3331131111
3311311113
3113111131
1131111311
1311113113
3111131131
1111311311
1113113113
1131131131
1311311313
3113113131
1131131311
1311313110
3113131100
1131311001
1313110013
3131100131
1311001312
3110013121
1100131211
1001312113
0013121133
0131211331
1312113311
3121133111
1211331111
2113311111
1133111110
1331111101
3311111013
3111110133
1111101332
1111013322
1110133220
1101332202
1013322021
0133220212
1332202122
3322021222
3220212221
2202122210
2021222102
0212221021
2122210213
1222102132
2221021321
2210213212
2102132122
1021321220
0213212201
2132122013
1321220132
3212201322
2122013221
1220132211
2201322110
2013221101
0132211011
1322110111
3221101111
2211011112
2110111121
1101111212
1011112121
0111121211
1111212111
1112121113
1121211131
1212111311
2121113113
1211131130
2111311300
1113113002
1131130023
1311300232
3113002321
1130023211
1300232111
3002321112
0023211121
0232111210
2321112102
3211121021
2111210211
1112102112
1121021121
1210211210
2102112102
1021121021
0211210211
2112102112
1121021122
1210211221
2102112211
1021122112
0211221120
2112211201
1122112012
1221120121
2211201212
2112012121
1120121211
1201212110
2012121102
0121211021
1212110211
2121102113
1211021131
2110211311
1102113111
1021131113
0211311132
2113111320
1131113202
1311132020
3111320202
1113202021
1132020211
1320202112
3202021121
2020211213
0202112131
2021121312
0211213121
2112131213
1121312131
1213121313
2131213132
1312131321
3121313210
1213132103
2131321031
1313210311
3132103112
1321031120
3210311202
2103112021
1031120210
0311202102
3112021021
1120210211
1202102112
2021021120
0210211202
2102112022
1021120222
0211202222
2112022220
1120222202
1202222020
2022220202
0222202022
2222020220
2220202202
2202022021
2020220211
0202202111
2022021112
0220211121
2202111212
2021112121
0211121211
2111212113
1112121131
1121211312
1212113120
2121131202
1211312020
2113120201
1131202011
1312020111
3120201111
1202011112
2020111120
0201111202
2011112021
0111120211
1111202112
1112021121
1120211211
1202112112
2021121121
0211211212
2112112122
1121121221
1211212213
2112122133
1121221331
1212213313
2122133131
1221331312
2213313121
2133131211
1331312113
3313121133
3131211333
1312113331
3121133311
1211333111
2113331112
1133311122
1333111221
3331112211
3311122110
3111221101
1112211011
1122110113
1221101132
2211011321
2110113211
1101132111
1011321111
0113211111
1132111113
1321111132
3211111321
2111113211
1111132111
1111321113
1113211132
1132111322
1321113222
3211132221
2111322211
1113222111
1132221112
1322211121
3222111212
2221112123
2211121230
2111212303
1112123032
1121230320
1212303200
2123032003
1230320031
2303200313
3032003131
0320031311
3200313113
2003131132
0031311322
0313113220
3131132201
1311322011
3113220111
1132201111
1322011113
3220111133
2201111331
2011113310
0111133103
1111331032
1113310320
1133103200
1331032002
3310320020
3103200203
1032002032
0320020320
3200203201
2002032011
0020320112
0203201120
2032011201
0320112012
3201120120
2011201202
0112012021
1120120210
1201202102
2012021022
0120210220
1202102202
2021022020
0210220200
2102202002
1022020022
0220200222
2202002221
2020022211
0200222113
2002221132
0022211323
0222113231
2221132311
2211323112
2113231122
1132311221
1323112212
3231122121
2311221211
3112212111
1122121111
1221211111
2212111110
2121111102
1211111021
2111110211
1111102111
1111021111
1110211110
1102111101
1021111011
0211110110
2111101103
1111011032
1110110323
1101103231
1011032311
0110323112
1103231120
1032311202
0323112022
3231120220
2311202201
3112022013
1120220131
1202201313
2022013132
0220131321
2201313212
2013132122
0131321222
1313212221
3132122213
1321222131
3212221312
2122213121
1222131211
2221312111
2213121113
2131211132
1312111321
3121113211
1211132111
2111321110
1113211103
1132111031
1321110312
3211103122
2111031222
1110312221
1103122213
1031222131
0312221311
3122213112
1222131122
2221311221
2213112213
2131122131
1311221310
3112213102
1122131020
1221310201
2213102010
2131020101
1310201011
3102010112
1020101120
0201011202
2010112020
0101120200
1011202001
0112020010
1120200101
1202001012
2020010121
0200101212
2001012122
0010121221
0101212211
1012122111
0121221111
1212211110
2122111102
1221111022
2211110220
2111102202
1111022020
1110220200
1102202001
1022020010
0220200101
2202001012
2020010123
0200101233
2001012331
0010123311
0101233111
1012331111
0123311110
1233111100
2331111002
3311110022
3111100222
1111002221
1110022212
1100222120
1002221202
0022212021
0222120211
2221202112
2212021122
2120211220
1202112201
2021122011
0211220113
2112201132
1122011320
1220113200
2201132002
2011320020
0113200200
1132002002
1320020022
3200200220
2002002202
0020022020
0200220202
2002202021
0022020212
0220202120
2202021202
2020212022
0202120220
2021202202
0212022022
2120220220
1202202201
2022022010
0220220100
2202201002
2022010023
0220100233
2201002331
2010023311
0100233111
1002331111
0023311112
0233111123
2331111232
3311112323
3111123232
1111232321
1112323210
1123232103
1232321031
2323210311
3232103112
2321031121
3210311212
2103112120
1031121202
0311212022
3112120221
1121202212
1212022122
2120221223
1202212231
2022122310
0221223102
2212231021
2122310211
1223102110
2231021102
2310211022
3102110223
1021102232
0211022321
2110223213
1102232131
1022321310
0223213100
2232131002
2321310022
3213100222
2131002221
1310022213
3100222130
1002221301
0022213012
0222130120
2221301201
2213012013
2130120132
1301201322
3012013220
0120132201
1201322012
2013220121
0132201213
1322012132
3220121322
2201213223
2012132232
0121322321
1213223211
2132232111
1322321110
3223211103
2232111032
2321110321
3211103211
2111032112
1110321122
1103211223
1032112232
0321122321
3211223212
2112232121
1122321212
1223212123
2232121231
2321212310
3212123100
2121231003
1212310032
2123100322
1231003221
2310032213
3100322131
1003221311
0032213110
0322131102
3221311021
2213110210
2131102100
1311021002
3110210020
1102100200
1021002001
0210020010
2100200100
1002001002
0020010021
0200100211
2001002112
0010021121
0100211210
1002112101
0021121012
0211210123
2112101231
1121012310
1210123100
2101231002
1012310021
0123100212
1231002122
2310021221
3100212211
1002122111
0021221110
0212211103
2122111032
1221110320
2211103200
2111032001
1110320012
1103200121
1032001211
0320012113
3200121133
2001211331
0012113310
0121133103
1211331032
2113310322
1133103223
1331032232
3310322323
3103223232
1032232322
0322323222
3223232221
2232322212
2323222121
3232221210
2322212102
3222121022
2221210221
2212102212
2121022122
1210221221
2102212212
1022122121
0221221212
2212212121
2122121210
1221212102
2212121022
2121210220
1212102200
2121022002
1210220021
2102200213
1022002131
0220021312
2200213121
2002131212
0021312122
0213121220
2131212201
1312122011
3121220110
1212201102
2122011023
1220110230
2201102301
2011023011
0110230111
1102301112
1023011121
0230111210
2301112101
3011121013
0111210133
1112101332
1121013321
1210133210
2101332101
1013321010
0133210100
1332101001
3321010012
3210100121
2101001211
1010012112
0100121120
1001211202
0012112021
0121120213
1211202131
2112021310
1120213102
1202131021
2021310210
0213102100
2131021002
1310210020
3102100201
1021002012
0210020121
2100201213
1002012132
0020121322
0201213222
2012132221
0121322210
1213222100
2132221002
1322210021
3222100213
2221002131
2210021313
2100213132
1002131322
0021313220
0213132202
2131322020
1313220201
3132202013
1322020133
3220201331
2202013313
2020133132
0201331320
2013313200
0133132001
1331320012
3313200120
3132001202
1320012020
3200120202
2001202021
0012020212
0120202120
1202021202
2020212020
0202120200
2021202002
0212020021
2120200212
1202002122
2020021221
0200212211
2002122111
0021221113
0212211133
2122111331
1221113312
2211133123
2111331232
1113312322
1133123220
1331232202
3312322022
3123220220
1232202202
2322022022
3220220221
2202202212
2022022122
0220221220
2202212202
2022122021
0221220212
2212202122
2122021221
1220212213
2202122132
2021221321
0212213212
2122132121
1221321212
2213212123
2132121232
1321212321
3212123210
2121232102
1212321021
2123210210
1232102101
2321021010
3210210100
2102101002
1021010020
0210100200
2101002002
1010020022
0100200220
1002002201
0020022011
0200220110
2002201101
0022011011
0220110111
2201101112
2011011122
0110111220
1101112203
1011122033
0111220330
1112203301
1122033010
1220330100
2203301002
2033010023
0330100230
3301002301
3010023011
0100230110
1002301102
0023011021
0230110211
2301102111
3011021111
0110211112
1102111122
1021111221
0211112212
2111122122
1111221220
1112212202
1122122022
1221220220
2212202200
2122022002
1220220023
2202200231
2022002312
0220023122
2200231223
2002312232
0023122320
0231223200
2312232002
3122320020
1223200200
2232002001
2320020012
3200200122
2002001221
0020012211
0200122110
2001221102
0012211022
0122110221
1221102210
2211022102
2110221020
1102210202
1022102022
0221020221
2210202211
2102022112
1020221120
0202211202
2022112022
0221120220
2211202202
2112022022
1120220221
1202202211
2022022110
0220221101
2202211012
2022110122
0221101220
2211012202
2110122021
1101220210
1012202102
0122021020
1220210201
2202102012
2021020121
0210201210
2102012101
1020121010
0201210103
2012101031
0121010313
1210103131
2101031311
1010313111
0103131111
1031311111
0313111110
3131111100
1311111001
3111110012
1111100121
1111001211
1110012110
1100121103
1001211031
0012110313
0121103133
1211031331
2110313310
1103133100
1031331002
0313310022
3133100221
1331002212
3310022121
3100221213
1002212132
0022121321
0221213210
2212132102
2121321022
1213210221
2132102211
1321022112
3210221120
2102211201
1022112013
0221120131
2211201312
2112013121
1120131211
1201312113
2013121131
0131211310
1312113101
3121131013
1211310131
2113101311
1131013113
1310131131
3101311311
1013113113
0131131131
1311311313
3113113132
1131131322
1311313221
3113132210
1131322103
1313221032
3132210320
1322103202
3221032021
2210320212
2103202120
1032021202
0320212022
3202120223
2021202232
0212022321
2120223210
1202232101
2022321013
0223210131
2232101311
2321013111
3210131111
2101311111
1013111112
0131111122
1311111221
3111112212
1111122120
1111221202
1112212021
1122120210
1221202101
2212021013
2120210131
1202101312
2021013122
0210131222
2101312222
1013122221
0131222210
1312222100
3122221003
1222210031
2222100311
2221003111
2210031110
2100311102
1003111022
0031110222
0311102221
3111022211
1110222111
1102221112
1022211121
0222111211
2221112112
2211121120
2111211201
1112112011
1121120111
1211201111
2112011110
1120111101
1201111011
2011110111
0111101110
1111011101
1110111011
1101110110
1011101101
0111011011
1110110111
1101101111
1011011111
0110111110
1101111100
1011111000
0111110000
1111100001
1111000011
1110000112
1100001120
1000011201
0000112012
0001120123
0011201232
0112012321
1120123210
1201232102
2012321021
0123210211
1232102112
2321021122
3210211222
2102112221
1021122210
0211222100
2112221002
1122210022
1222100221
2221002213
2210022132
2100221320
1002213201
0022132011
0221320113
2213201132
2132011320
1320113200
3201132002
2011320021
0113200212
1132002120
1320021202
3200212020
2002120202
0021202022
0212020222
2120202222
1202022221
2020222212
0202222121
2022221211
0222212111
2222121111
2221211111
2212111113
2121111132
1211111321
2111113211
1111132111
1111321112
1113211120
1132111202
1321112022
3211120222
2111202222
1112022222
1120222222
1202222221
2022222210
0222222102
2222221020
2222210201
2222102010
2221020102
2210201021
2102010211
1020102111
0201021111
2010211111
0102111111
1021111110
0211111103
2111111031
1111110312
1111103120
1111031201
1110312013
1103120133
1031201331
0312013311
3120133112
1201331121
2013311212
0133112120
1331121201
3311212012
3112120123
1121201232
1212012322
2120123220
1201232201
2012322010
0123220103
1232201031
2322010312
3220103122
2201031221
2010312212
0103122120
1031221202
0312212021
3122120213
1221202132
2212021320
2120213202
1202132021
2021320210
0213202102
2132021021
1320210212
3202102120
2021021201
0210212012
2102120123
1021201231
0212012310
2120123103
1201231031
2012310313
0123103131
1231031311
2310313110
3103131100
1031311001
0313110010
3131100103
1311001031
3110010312
1100103120
1001031202
0010312020
0103120201
1031202011
0312020113
3120201133
1202011331
2020113312
0201133120
2011331201
0113312012
1133120123
1331201231
3312012310
3120123100
1201231001
2012310012
0123100120
1231001202
2310012023
3100120233
1001202333
0012023332
0120233320
1202333201
2023332011
0233320110
2333201102
3332011023
3320110230
3201102301
2011023011
0110230113
1102301132
1023011321
0230113211
2301132112
3011321121
0113211211
1132112111
1321121110
3211211100
2112111003
1121110032
1211100322
2111003221
1110032211
1100322110
1003221101
0032211011
0322110111
3221101112
2211011122
2110111222
1101112222
1011122222
0111222223
1112222232
1122222321
1222223211
2222232112
2222321122
2223211221
2232112211
2321122110
3211221101
2112211010
1122110101
1221101010
2211010101
2110101012
1101010122
1010101221
0101012211
1010122110
0101221102
1012211022
0122110223
1221102231
2211022310
2110223101
1102231011
1022310113
0223101130
2231011301
2310113010
3101130101
1011301012
0113010122
1130101222
1301012221
3010122210
0101222102
1012221021
0122210213
1222102130
2221021301
2210213012
2102130122
1021301221
0213012210
2130122103
1301221031
3012210310
0122103102
1221031021
2210310210
2103102102
1031021021
0310210210
3102102101
1021021011
0210210112
2102101121
1021011212
0210112122
2101121221
1011212211
0112122110
1121221101
1212211011
2122110111
1221101111
2211011112
2110111122
1101111221
1011112212
0111122122
1111221222
1112212221
1122122212
1221222121
2212221212
2122212122
1222121222
2221212221
2212122211
2121222110
1212221101
2122211012
1222110123
2221101232
2211012323
2110123232
1101232322
1012323220
0123232203
1232322032
2323220323
3232203231
2322032311
3220323110
2203231100
2032311002
0323110021
3231100210
2311002102
3110021021
1100210210
1002102102
0021021022
0210210221
2102102212
1021022121
0210221211
2102212112
1022121121
0221211211
2212112112
2121121121
1211211211
2112112112
1121121121
1211211211
2112112112
1121121121
1211211211
2112112111
1121121111
1211211111
2112111112
1121111121
1211111210
2111112102
1111121021
1111210210
1112102102
1121021021
1210210211
2102102111
1021021111
0210211111
2102111112
1021111121
0211111210
2111112102
1111121022
1111210221
1112102211
1121022111
1210221111
2102211112
1022111121
0221111211
2211112112
2111121122
1111211221
1112112211
1121122111
1211221111
2112211112
1122111121
1221111210
2211112102
2111121022
1111210221
1112102212
1121022121
1210221211
2102212111
1022121111
0221211111
2212111111
2121111111
1211111110
2111111102
1111111021
1111110211
1111102112
1111021121
1110211210
1102112102
1021121022
0211210221
2112102213
1121022132
1210221321
2102213212
1022132121
0221321211
2213212111
2132121111
1321211111
3212111112
2121111121
1211111210
2111112102
1111121021
1111210210
1112102102
1121021021
1210210211
2102102112
1021021122
0210211221
2102112211
1021122112
0211221121
2112211212
1122112121
1221121211
2211212111
2112121111
1121211111
1212111112
2121111121
1211111210
2111112102
1111121021
1111210210
1112102102
1121021021
1210210211
2102102112
1021021121
0210211210
2102112102
1021121022
0211210221
2112102212
1121022121
1210221210
2102212101
1022121010
0221210101
2212101012
2121010121
1210101213
2101012132
1010121320
0101213201
1012132011
0121320110
1213201101
2132011012
1320110121
3201101213
2011012132
0110121320
1101213202
1012132021
0121320210
1213202102
2132021021
1320210212
3202102120
2021021202
0210212021
2102120211
1021202112
0212021122
2120211222
1202112221
2021122211
0211222110
2112221102
1122211022
1222110221
2221102211
2211022111
2110221110
1102211102
1022111021
0221110212
2211102120
2111021200
1110212001
1102120012
1021200121
0212001210
2120012101
1200121010
2001210103
0012101031
0121010310
1210103100
2101031002
1010310020
0103100201
1031002011
0310020112
3100201120
1002011202
0020112021
0201120210
2011202102
0112021021
1120210213
1202102132
2021021320
0210213202
2102132021
1021320211
0213202111
2132021111
1320211110
3202111102
2021111021
0211110211
2111102110
1111021101
1110211013
1102110130
1021101301
0211013010
2110130102
1101301021
1013010212
0130102120
1301021202
3010212021
0102120210
1021202102
0212021021
2120210210
1202102102
2021021021
0210210210
2102102101
1021021013
0210210131
2102101312
1021013121
0210131211
2101312111
1013121111
0131211110
1312111102
3121111021
1211110210
2111102102
1111021020
1110210203
1102102031
1021020312
0210203121
2102031211
1020312113
0203121130
2031211301
0312113010
3121130102
1211301021
2113010211
1130102111
1301021111
3010211113
0102111133
1021111331
0211113310
2111133102
1111331021
1113310211
1133102113
1331021132
3310211321
3102113211
1021132112
0211321121
2113211210
1132112101
1321121013
3211210130
2112101301
1121013010
1210130102
2101301021
1013010211
0130102111
1301021111
3010211113
0102111131
1021111311
0211113113
2111131130
1111311301
1113113011
1131130111
1311301112
3113011121
1130111211
1301112111
3011121110
0111211103
1112111031
1121110310
1211103101
2111031011
1110310111
1103101112
1031011121
0310111213
3101112131
1011121312
0111213121
1112131210
1121312102
1213121023
2131210230
1312102301
3121023012
1210230120
2102301201
1023012013
0230120130
2301201301
3012013010
0120130101
1201301011
2013010112
0130101120
1301011201
3010112011
0101120110
1011201101
0112011011
1120110110
1201101102
2011011020
0110110200
1101102001
1011020013
0110200131
1102001311
1020013110
0200131102
2001311021
0013110213
0131102131
1311021311
3110213113
1102131130
1021311301
0213113013
2131130130
1311301301
3113013010
1130130102
1301301021
3013010211
0130102110
1301021101
3010211012
0102110121
1021101212
0211012122
2110121221
1101212212
1012122122
0121221222
1212212221
2122122211
1221222110
2212221102
2122211022
1222110222
2221102221
2211022210
2110222101
1102221011
1022210112
0222101122
2221011221
2210112211
2101122113
1011221131
0112211313
1122113130
1221131301
2211313013
2113130131
1131301311
1313013110
3130131101
1301311011
3013110113
0131101133
1311011331
3110113310
1101133101
1011331011
0113310113
1133101130
1331011301
3310113010
3101130103
1011301032
0113010320
1130103200
1301032001
3010320011
0103200111
1032001111
0320011112
3200111121
2001111211
0011112111
0111121110
1111211102
1112111021
1121110212
1211102121
2111021211
1110212111
1102121111
1021211110
0212111103
2121111032
1211110323
2111103230
1111032301
1110323010
1103230101
1032301011
0323010111
3230101111
2301011111
3010111110
0101111103
1011111031
0111110312
1111103121
1111031211
1110312112
1103121120
1031211201
0312112010
3121120101
1211201011
2112010113
1120101131
1201011311
2010113112
0101131122
1011311222
0113112222
1131122223
1311222231
3112222311
1122223111
1222231113
2222311133
2223111331
2231113311
2311133110
3111331103
1113311031
1133110311
1331103111
3311031112
3110311121
1103111210
1031112102
0311121020
3111210201
1112102011
1121020111
1210201110
2102011101
1020111010
0201110102
2011101021
0111010211
1110102111
1101021111
1010211111
0102111110
1021111102
0211111021
2111110210
1111102101
1111021013
1110210132
1102101322
1021013222
0210132220
2101322200
1013222001
0132220010
1322200100
3222001001
2220010011
2200100111
2001001112
0010011123
0100111231
1001112313
0011123130
0111231301
1112313010
1123130101
1231301010
2313010101
3130101010
1301010102
3010101021
0101010213
1010102131
0101021310
1010213101
0102131011
1021310111
0213101112
2131011120
1310111201
3101112011
1011120113
0111201133
1112011332
1120113320
1201133202
2011332022
0113320220
1133202202
1332022022
3320220221
3202202211
2022022113
0220221131
2202211311
2022113111
0221131110
2211311101
2113111012
1131110120
1311101200
3111012002
1110120022
1101200222
1012002221
0120022212
1200222120
2002221200
0022212002
0222120022
2221200223
2212002232
2120022322
1200223221
2002232211
0022322112
0223221120
2232211202
2322112020
3221120203
2211202032
2112020320
1120203203
1202032031
2020320311
0203203113
2032031130
0320311300
3203113000
2031130001
0311300010
3113000100
1130001000
1300010000
3000100001
0001000011
0010000112
0100001120
1000011200
0000112002
0001120020
0011200200
0112002000
1120020002
1200200020
2002000202
0020002020
0200020202
2000202022
0002020220
0020202201
0202022011
2020220110
0202201102
2022011021
0220110211
2201102110
2011021102
0110211020
1102110200
1021102003
0211020033
2110200331
1102003311
1020033111
0200331113
2003311133
0033111333
0331113332
3311133322
3111333220
1113332201
1133322010
1333220103
3332201033
3322010330
3220103302
2201033023
2010330232
0103302322
1033023222
0330232223
3302322233
3023222333
0232223333
2322233332
3222333323
2223333233
2233332332
2333323323
3333233233
3332332332
3323323323
3233233233
2332332332
3323323323
3233233233
2332332332
3323323323
3233233233
2332332332
3323323323
3233233233
2332332333
3323323333
3233233333
2332333333
3323333332
3233333323
2333333233
3333332333
3333323332
3333233323
3332333233
3323332333
3233323333
2333233333
3332333333
3323333333
3233333333
2333333332
3333333323
3333333233
3333332332
3333323323
3333233233
3332332332
3323323323
3233233233
2332332333
3323323333
3233233332
2332333323
3323333233
3233332333
2333323333
3333233333
3332333331
3323333313
3233333133
2333331331
3333313313
3333133133
3331331331
3313313313
3133133133
1331331331
3313313313
3133133133
1331331331
3313313311
3133133113
1331331133
3313311330
3133113300
1331133000
3311330002
3113300020
1133000201
1330002010
3300020103
3000201032
0002010323
0020103230
0201032300
2010323002
0103230021
1032300213
0323002130
3230021300
2300213000
3002130002
0021300022
0213000221
2130002210
1300022100
3000221001
0002210013
0022100131
0221001312
2210013121
2100131210
1001312101
0013121011
0131210111
1312101110
3121011102
1210111020
2101110203
1011102033
0111020333
1110203331
1102033311
1020333110
0203331100
2033311002
0333110020
3331100201
3311002010
3110020102
1100201020
1002010200
0020102000
0201020001
2010200012
0102000123
1020001232
0200012320
2000123201
0001232011
0012320113
0123201130
1232011303
2320113031
3201130311
2011303110
0113031100
1130311002
1303110021
3031100212
0311002121
3110021210
1100212103
1002121033
0021210330
0212103301
2121033011
1210330111
2103301110
1033011101
0330111013
3301110133
3011101332
0111013323
1110133232
1101332322
1013323221
0133232212
1332322120
3323221200
3232212003
2322120031
3221200312
2212003120
2120031203
1200312032
2003120322
0031203221
0312032211
3120322110
1203221102
2032211022
0322110221
3221102211
2211022110
2110221100
1102211000
1022110001
0221100011
2211000113
2110001133
1100011332
1000113322
0001133221
0011332213
0113322130
1133221300
1332213000
3322130003
3221300032
2213000322
2130003220
1300032201
3000322011
0003220110
0032201102
0322011023
3220110232
2201102320
2011023200
0110232000
1102320003
1023200031
0232000312
2320003120
3200031201
2000312010
0003120100
0031201002
0312010020
3120100200
1201002000
2010020001
0100200013
1002000132
0020001322
0200013222
2000132221
0001322213
0013222133
0132221333
1322213333
3222133332
2221333320
2213333200
2133332000
1333320001
3333200011
3332000111
3320001113
3200011131
2000111313
0001113133
0011131332
0111313320
1113133202
1131332020
1313320202
3133202021
1332020210
3320202100
3202021002
2020210021
0202100212
2021002123
0210021232
2100212322
1002123220
0021232202
0212322022
2123220220
1232202203
2322022032
3220220320
2202203203
2022032032
0220320322
2203203220
2032032202
0320322020
3203220200
2032202003
0322020031
3220200312
2202003123
2020031233
0200312332
2003123321
0031233212
0312332120
3123321203
1233212031
2332120312
3321203122
3212031223
2120312232
1203122323
2031223232
0312232321
3122323213
1223232131
2232321310
2323213100
3232131003
2321310031
3213100313
2131003131
1310031313
3100313131
1003131313
0031313132
0313131321
3131313211
1313132113
3131321133
1313211331
3132113313
1321133133
3211331332
2113313322
1133133220
1331332201
3313322013
3133220133
1332201333
3322013332
3220133323
2201333230
2013332300
0133323003
1333230033
3332300330
3323003303
3230033033
2300330333
3003303333
0033033333
0330333333
3303333330
3033333302
0333333021
3333330210
3333302102
3333021023
3330210230
3302102300
3021023003
0210230033
2102300330
1023003300
0230033000
2300330000
3003300000
0033000000
0330000000
3300000002
3000000020
0000000200
0000002002
0000020023
0000200231
0002002311
0020023113
0200231131
2002311313
0023113132
0231131323
2311313232
3113132320
1131323202
1313232022
3132320220
1323202200
3232022003
2320220030
3202200303
2022003033
0220030331
2200303313
2003033131
0030331313
0303313130
3033131303
0331313033
3313130333
3131303333
1313033330
3130333300
1303333000
3033330003
0333300030
3333000303
3330003033
3300030333
3000303333
0003033333
0030333330
0303333302
3033333023
0333330230
3333302303
3333023032
3330230323
3302303230
3023032301
0230323013
2303230132
3032301323
0323013232
3230132323
2301323230
3013232303
0132323032
1323230320
3232303203
2323032033
3230320331
2303203310
3032033103
0320331033
3203310330
2033103301
0331033011
3310330110
3103301103
1033011033
0330110333
3301103333
3011033332
0110333320
1103333202
1033332022
0333320222
3333202222
3332022220
3320222203
3202222033
2022220333
0222203330
2222033303
2220333030
2203330301
2033303010
0333030103
3330301030
3303010303
3030103033
0301030333
3010303333
0103033333
1030333330
0303333302
3033333020
0333330203
3333302030
3333020300
3330203000
3302030000
3020300003
0203000033
2030000330
0300003300
3000033000
0000330003
0003300032
0033000321
0330003213
3300032131
3000321313
0003213133
0032131330
0321313303
3213133033
2131330333
1313303333
3133033333
1330333331
3303333311
3033333110
0333331100
3333311001
3333110010
3331100102
3311001021
3110010213
1100102130
1001021300
0010213000
0102130001
1021300013
0213000130
2130001301
1300013013
3000130131
0001301311
0013013113
0130131130
1301311302
3013113023
0131130233
1311302332
3113023320
1130233200
1302332000
3023320000
0233200002
2332000023
3320000232
3200002323
2000023232
0000232321
0002323211
0023232111
0232321113
2323211130
3232111302
2321113021
3211130213
2111302133
1113021333
1130213333
1302133331
3021333313
0213333133
2133331332
1333313321
3333133210
3331332100
3313321000
3133210001
1332100010
3321000102
3210001020
2100010202
1000102023
0001020230
0010202303
0102023033
1020230333
0202303333
2023033333
0230333332
2303333323
3033333230
0333332301
3333323010
3333230102
3332301020
3323010203
3230102033
2301020333
3010203332
0102033321
1020333213
0203332133
2033321333
0333213331
3332133312
3321333121
3213331213
2133312133
1333121330
3331213301
3312133010
3121330100
1213301000
2133010000
1330100000
3301000000
3010000000
0100000000
1000000000
0000000000
0000000000
0000000000
0000000000
0000000000
0000000000
0000000000
0000000000
0000000000
0000000000
0000000000
0000000000
0000000000
0000000002
0000000020
0000000200
0000002000
0000020000
0000200000
0002000000
0020000000
0200000000
2000000000
0000000000
0000000000
0000000002
0000000021
0000000211
0000002113
0000021132
0000211323
0002113233
0021132332
0211323323
2113233230
1132332303
1323323033
3233230330
2332303300
3323033001
3230330010
2303300103
3033001033
0330010333
3300103333
3001033333
0010333330
0103333300
1033333000
0333330000
3333300001
3333000010
3330000103
3300001033
3000010332
0000103323
0001033232
0010332323
0103323233
1033232330
0332323303
3323233032
3232330323
2323303232
3233032320
2330323203
3303232031
3032320310
0323203102
3232031023
2320310233
3203102333
2031023333
0310233332
3102333322
1023333222
0233332222
2333322222
3333222223
3332222233
3322222330
3222223302
2222233021
2222330213
2223302133
2233021333
2330213332
3302133321
3021333213
0213332133
2133321330
1333213300
3332133003
3321330033
3213300331
2133003311
1330033113
3300331131
3003311310
0033113102
0331131022
3311310221
3113102213
1131022133
1310221333
3102213331
1022133311
0221333110
2213331100
2133311003
1333110033
3331100331
3311003310
3110033100
1100331002
1003310022
0033100220
0331002202
3310022022
3100220220
1002202202
0022022021
0220220213
2202202132
2022021321
0220213211
2202132113
2021321133
0213211330
2132113300
1321133000
3211330000
2113300000
1133000002
1330000020
3300000200
3000002000
0000020000
0000200000
0002000003
0020000030
0200000300
2000003000
0000030002
0000300022
0003000221
0030002211
0300022113
3000221133
0002211330
0022113303
0221133033
2211330333
2113303333
1133033332
1330333321
3303333210
3033332100
0333321003
3333210033
3332100330
3321003303
3210033032
2100330322
1003303222
0033032220
0330322202
3303222023
3032220230
0322202300
3222023000
2220230001
2202300010
2023000100
0230001003
2300010030
3000100302
0001003023
0010030231
0100302313
1003023130
0030231302
0302313020
3023130202
0231302020
2313020200
3130202002
1302020021
3020200210
0202002103
2020021033
0200210333
2002103332
0021033322
0210333223
2103332230
1033322300
0333223002
3332230021
3322300213
3223002133
2230021333
2300213330
3002133303
0021333031
0213330312
2133303123
1333031230
3330312303
3303123030
3031230303
0312303030
3123030303
1230303030
2303030303
3030303033
0303030333
3030303333
0303033333
3030333333
0303333330
3033333301
0333333010
3333330101
3333301010
3333010100
3330101000
3301010000
3010100002
0101000020
1010000200
0100002000
1000020000
0000200000
0002000001
0020000010
0200000101
2000001011
0000010113
0000101133
0001011332
0010113320
0101133202
1011332021
0113320211
1133202113
1332021133
3320211330
3202113300
2021133000
0211330003
2113300031
1133000311
1330003110
3300031103
3000311032
0003110321
0031103213
0311032132
3110321321
1103213213
1032132132
0321321322
3213213222
2132132222
1321322220
3213222200
2132222003
1322220030
3222200301
2222003013
2220030133
2200301332
2003013321
0030133212
0301332121
3013321213
0133212131
1332121313
3321213131
3212131313
2121313133
1213131333
2131313333
1313133330
3131333302
1313333023
3133330232
1333302321
3333023210
3330232103
3302321033
3023210331
0232103313
2321033131
3210331311
2103313113
1033131132
0331311321
3313113211
3131132113
1311321133
3113211333
1132113332
1321133321
3211333213
2113332133
1133321331
1333213313
3332133133
3321331331
3213313310
2133133101
1331331011
3313310112
3133101121
1331011210
3310112102
3101121023
1011210231
0112102313
1121023133
1210231330
2102313300
1023133002
0231330020
2313300200
3133002000
1330020002
3300200020
3002000202
0020002022
0200020223
2000202230
0002022300
0020223000
0202230000
2022300002
0223000022
2230000221
2300002210
3000022100
0000221002
0002210021
0022100210
0221002100
2210021000
2100210002
1002100022
0021000220
0210002202
2100022020
1000220201
0002202010
0022020100
0220201000
2202010000
2020100003
0201000031
2010000313
0100003132
1000031323
0000313233
0003132331
0031323313
0313233132
3132331322
1323313222
3233132220
2331322200
3313222003
3132220032
1322200323
3222003233
2220032333
2200323331
2003233310
0032333102
0323331021
3233310210
2333102102
3331021021
3310210211
3102102110
1021021100
0210211003
2102110030
1021100300
0211003001
2110030013
1100300132
1003001321
0030013211
0300132111
3001321112
0013211120
0132111202
1321112021
3211120211
2111202110
1112021101
1120211013
1202110132
2021101323
0211013231
2110132311
1101323111
1013231111
0132311113
1323111132
3231111322
2311113223
3111132233
1111322332
1113223321
1132233211
1322332113
3223321132
2233211321
2332113211
3321132113
3211321132
2113211322
1132113222
1321132221
3211322211
2113222111
1132221111
1322211110
3222111103
2221111032
2211110323
2111103232
1111032322
1110323220
1103232200
1032322002
0323220022
3232200221
2322002210
3220022102
2200221020
2002210203
0022102032
0221020321
2210203211
2102032113
1020321132
0203211321
2032113213
0321132133
3211321333
2113213331
1132133310
1321333101
3213331011
2133310111
1333101113
3331011132
3310111323
3101113231
1011132310
0111323101
1113231011
1132310113
1323101132
3231011323
2310113232
3101132321
1011323211
0113232113
1132321131
1323211313
3232113131
2321131313
3211313132
2113131320
1131313200
1313132001
3131320010
1313200101
3132001011
1320010110
3200101102
2001011021
0010110210
0101102102
1011021023
0110210233
1102102330
1021023300
0210233001
2102330011
1023300113
0233001133
2330011331
3300113310
3001133100
0011331002
0113310020
1133100201
1331002010
3310020103
3100201033
1002010331
0020103311
0201033110
2010331101
0103311012
1033110123
0331101232
3311012321
3110123213
1101232130
1012321300
0123213000
1232130000
2321300003
3213000033
2130000330
1300003303
3000033033
0000330333
0003303330
0033033303
0330333033
3303330333
3033303333
0333033332
3330333323
3303333230
3033332300
0333323002
3333230022
3332300220
3323002202
3230022020
2300220202
3002202022
0022020223
0220202233
2202022333
2020223333
0202233330
2022333300
0223333003
2233330033
2333300330
3333003300
3330033000
3300330000
3003300000
0033000000
0330000000
3300000001
3000000010
0000000100
0000001000
0000010000
0000100001
0001000010
0010000100
0100001000
1000010000
0000100001
0001000010
0010000100
0100001000
1000010000
0000100000
0001000000
0010000000
0100000000
1000000000
0000000000
0000000000
0000000000
0000000000
0000000000
0000000000
0000000000
0000000000
0000000001
0000000013
0000000133
0000001331
0000013311
0000133113
0001331133
0013311333
0133113331
1331133313
3311333133
3113331333
1133313333
1333133333
3331333333
3313333333
3133333333
1333333333
3333333333
3333333333
3333333333
3333333333
3333333333
3333333330
3333333300
3333333003
3333330033
3333300333
3333003333
3330033330
3300333301
3003333011
0033330113
0333301133
3333011331
3330113313
3301133133
3011331333
0113313330
1133133300
1331333000
3313330000
3133300003
1333000030
3330000302
3300003022
3000030223
0000302233
0003022332
0030223323
0302233233
3022332332
0223323322
2233233220
2332332200
3323322000
3233220001
2332200013
3322000133
3220001331
2200013311
2000133113
0001331131
0013311310
0133113100
1331131000
3311310002
3113100022
1131000222
1310002223
3100022230
1000222303
0002223032
0022230322
0222303223
2223032231
2230322310
2303223103
3032231031
0322310313
3223103132
2231031323
2310313233
3103132332
1031323323
0313233233
3132332330
1323323300
3233233000
2332330003
3323300033
3233000330
2330003303
3300033032
3000330323
0003303233
0033032331
0330323313
3303233133
3032331330
0323313300
3233133001
2331330013
3313300132
3133001323
1330013230
3300132300
3001323001
0013230011
0132300112
1323001122
3230011223
2300112233
3001122333
0011223333
0112233333
1122333333
1223333333
2233333333
2333333333
3333333333
3333333330
3333333300
3333333003
3333330033
3333300333
3333003330
3330033303
3300333031
3003330313
0033303131
0333031313
3330313133
3303131333
3031313330
0313133300
3131333003
1313330031
3133300313
1333003133
3330031333
3300313333
3003133333
0031333333
0313333333
3133333333
1333333333
3333333333
3333333333
3333333333
3333333333
3333333333
3333333333
3333333333
3333333330
3333333303
3333333033
3333330330
3333303300
3333033000
3330330000
3303300002
3033000021
0330000210
3300002100
3000021002
0000210023
0002100233
0021002333
0210023331
2100233313
1002333133
0023331333
0233313332
2333133322
3331333220
3313332203
3133322033
1333220331
3332203313
3322033133
3220331331
2203313310
2033133103
0331331031
3313310311
3133103113
1331031130
3310311302
3103113020
1031130203
0311302033
3113020333
1130203332
1302033323
3020333230
0203332303
2033323030
0333230300
3332303000
3323030002
3230300022
2303000221
3030002211
0300022113
3000221133
0002211333
0022113333
0221133333
2211333332
2113333323
1133333231
1333332311
3333323112
3333231121
3332311211
3323112111
3231121111
2311211113
3112111133
1121111333
1211113333
2111133333
1111333333
1113333333
1133333333
1333333333
3333333331
3333333311
3333333113
3333331133
3333311332
3333113323
3331133233
3311332332
3113323323
1133233233
1332332333
3323323333
3233233333
2332333332
3323333323
3233333233
2333332332
3333323320
3333233200
3332332000
3323320000
3233200001
2332000010
3320000100
3200001000
2000010001
0000100013
0001000132
0010001322
0100013220
1000132200
0001322000
0013220001
0132200013
1322000133
3220001332
2200013323
2000133233
0001332333
0013323331
0133233313
1332333131
3323331313
3233313133
2333131333
3331313330
3313133303
3131333030
1313330301
3133303010
1333030100
3330301000
3303010003
3030100032
0301000320
3010003202
0100032020
1000320202
0003202020
0032020203
0320202033
3202020332
2020203321
0202033210
2020332100
0203321000
2033210003
0332100032
3321000323
3210003230
2100032302
1000323023
0003230232
0032302323
0323023230
3230232303
2302323031
3023230310
0232303101
2323031013
3230310132
2303101320
3031013202
0310132023
3101320231
1013202310
0132023103
1320231033
3202310333
2023103332
0231033321
2310333210
3103332102
1033321023
0333210232
3332102323
3321023233
3210232333
2102323333
1023233331
0232333313
2323333132
3233331321
2333313211
3333132110
3331321101
3313211010
3132110102
1321101020
3211010201
2110102011
1101020113
1010201133
0102011333
1020113332
0201133322
2011333222
0113332221
1133322213
1333222132
3332221321
3322213211
3222132111
2221321113
2213211130
2132111303
1321113030
3211130301
2111303013
1113030132
1130301320
1303013203
3030132033
0301320332
3013203320
0132033203
1320332033
3203320332
2033203323
0332033232
3320332323
3203323232
2033232323
0332323232
3323232323
3232323232
2323232323
3232323232
2323232323
3232323232
2323232323
3232323232
2323232323
3232323232
2323232323
3232323232
2323232323
3232323232
2323232323
3232323232
2323232323
3232323232
2323232323
3232323232
2323232323
3232323232
2323232322
3232323220
2323232201
3232322010
2323220101
3232201010
2322010100
3220101000
2201010000
2010100001
0101000010
1010000100
0100001003
1000010032
0000100321
0001003210
0010032100
0100321002
1003210021
0032100210
0321002103
3210021032
2100210323
1002103232
0021032323
0210323231
2103232310
1032323103
0323231031
3232310312
2323103120
3231031203
2310312030
3103120303
1031203033
0312030331
3120303313
1203033132
2030331321
0303313210
3033132103
0331321031
3313210313
3132103133
1321031331
3210313313
2103133131
1031331313
0313313133
3133131332
1331313322
3313133220
3131332202
1313322023
3133220232
1332202320
3322023200
3220232002
2202320022
2023200220
0232002202
2320022022
3200220221
2002202213
0022022130
0220221300
2202213001
2022130011
0221300113
2213001132
2130011322
1300113220
3001132202
0011322022
0113220222
1132202222
1322022220
3220222203
2202222031
2022220310
0222203102
2222031021
2220310211
2203102111
2031021110
0310211101
3102111013
1021110132
0211101320
2111013201
1110132010
1101320102
1013201020
0132010201
1320102011
3201020113
2010201133
0102011330
1020113300
0201133003
2011330031
0113300313
1133003133
1330031330
3300313300
3003133003
0031330033
0313300330
3133003301
1330033013
3300330132
3003301321
0033013213
0330132132
3301321323
3013213232
0132132322
1321323221
3213232213
2132322132
1323221322
3232213220
2322132202
3221322020
2213220202
2132202023
1322020233
3220202333
2202023332
2020233320
0202333202
2023332022
0233320220
2333202203
3332022033
3320220332
3202203321
2022033213
0220332133
2203321333
2033213333
0332133333
3321333330
3213333300
2133333000
1333330000
3333300000
3333000000
3330000002
3300000020
3000000201
0000002010
0000020102
0000201021
0002010210
0020102100
0201021000
2010210001
0102100013
1021000133
0210001333
2100013333
1000133333
0001333333
0013333333
0133333333
1333333333
3333333333
3333333333
3333333333
3333333330
3333333303
3333333033
3333330333
3333303330
3333033300
3330333000
3303330000
3033300000
0333000000
3330000002
3300000020
3000000203
0000002030
0000020303
0000203030
0002030303
0020303033
0203030330
2030303300
0303033001
3030330010
0303300102
3033001023
0330010233
3300102333
3001023333
0010233330
0102333302
1023333020
0233330200
2333302002
3333020023
3330200231
3302002310
3020023102
0200231023
2002310230
0023102302
0231023020
2310230200
3102302003
1023020030
0230200300
2302003000
3020030000
0200300003
2003000031
0030000313
0300003133
3000031330
0000313300
0003133000
0031330002
0313300021
3133000210
1330002101
3300021013
3000210131
0002101310
0021013103
0210131030
2101310300
1013103003
0131030030
1310300303
3103003032
1030030322
0300303221
3003032210
0030322103
0303221031
3032210311
0322103113
3221031133
2210311331
2103113310
1031133100
0311331003
3113310033
1133100333
1331003331
3310033313
3100333132
1003331323
0033313230
0333132303
3331323030
3313230300
3132303000
1323030000
3230300002
2303000021
3030000210
0300002102
3000021020
0000210203
0002102031
0021020313
0210203133
2102031333
1020313333
0203133330
2031333300
0313333000
3133330000
1333300000
3333000000
3330000002
3300000020
3000000203
0000002030
0000020303
0000203033
0002030333
0020303331
0203033313
2030333132
0303331323
3033313230
0333132300
3331323001
3313230013
3132300133
1323001330
3230013300
2300133002
3001330020
0013300200
0133002000
1330020001
3300200011
3002000113
0020001132
0200011322
2000113221
0001132210
0011322103
0113221033
1132210333
1322103330
3221033300
2210333000
2103330003
1033300031
0333000310
3330003103
3300031030
3000310303
0003103033
0031030333
0310303333
3103033332
1030333323
0303333231
3033332313
0333323133
3333231333
3332313330
3323133302
3231333022
2313330223
3133302230
1333022300
3330223002
3302230021
3022300213
0223002133
2230021333
2300213332
3002133322
0021333223
0213332233
2133322333
1333223332
3332233323
3322333232
3223332323
2233323233
2333232333
3332323332
3323233323
3232333232
2323332323
3233323233
2333232333
3332323333
3323233330
3232333303
2323333033
3233330333
2333303332
3333033323
3330333233
3303332333
3033323332
0333233322
3332333221
3323332213
3233322133
2333221332
3332213323
3322133233
3221332333
2213323331
2133233311
1332333111
3323331113
3233311131
2333111311
3331113111
3311131110
3111311101
1113111011
1131110111
1311101111
3111011111
1110111110
1101111100
1011111002
0111110021
1111100211
1111002113
1110021133
1100211333
1002113333
0021133332
0211333323
2113333233
1133332331
1333323313
3333233131
3332331313
3323313131
3233131313
2331313132
3313131323
3131313232
1313132320
3131323200
1313232000
3132320001
1323200013
3232000133
2320001330
3200013301
2000133011
0001330113
0013301133
0133011333
1330113331
3301133311
3011333113
0113331133
1133311333
1333113333
3331133333
3311333333
3113333331
1133333313
1333333133
3333331333
3333313331
3333133313
3331333133
3313331333
3133313333
1333133333
3331333333
3313333333
3133333333
1333333333
3333333333
3333333332
3333333323
3333333230
3333332303
3333323030
3333230303
3332303033
3323030330
3230303303
2303033033
3030330332
0303303323
3033033233
0330332333
3303323330
3033233301
0332333010
3323330100
3233301003
2333010030
3330100300
3301003000
3010030003
0100300030
1003000303
0030003030
0300030301
3000303010
0003030103
0030301033
0303010332
3030103321
0301033210
3010332103
0103321033
1033210330
0332103300
3321033000
3210330000
2103300000
