1120202122
1202021220
2020212202
0202122021
2021220213
0212202131
2122021310
1220213100
2202131000
2021310000
0213100001
2131000011
1310000112
3100001120
1000011202
0000112020
0001120202
0011202022
0112020222
1120202220
1202022200
2020222002
0202220023
2022200233
0222002331
2220023312
2200233122
2002331223
0023312232
0233122322
2331223221
3312232212
3122322121
1223221212
2232212122
2322121220
3221212202
2212122020
2121220201
1212202013
2122020132
1220201322
2202013221
2020132211
0201322110
2013221102
0132211022
1322110223
3221102231
2211022311
2110223110
1102231101
1022311011
0223110111
2231101111
2311011112
3110111122
1101111222
1011112220
0111122202
1111222021
1112220213
1122202133
1222021333
2220213333
2202133331
2021333313
0213333133
2133331333
1333313332
3333133320
3331333202
3313332022
3133320222
1333202220
3332022202
3320222022
3202220221
2022202211
0222022110
2220221100
2202211002
2022110020
0221100202
2211002020
2110020200
1100202002
1002020022
0020200222
0202002222
2020022223
0200222232
2002222321
0022223210
0222232100
2222321002
2223210021
2232100210
2321002101
3210021011
2100210111
1002101111
0021011111
0210111110
2101111101
1011111013
0111110133
1111101333
1111013333
1110133332
1101333321
1013333213
0133332133
1333321333
3333213333
3332133333
3321333333
3213333333
2133333331
1333333313
3333333133
3333331331
3333313311
3333133111
3331331111
3313311113
3133111131
1331111311
3311113113
3111131131
1111311311
1113113113
1131131133
1311311331
3113113310
1131133100
1311331001
3113310013
1133100131
1331001313
3310013131
3100131311
1001313110
0013131100
0131311001
1313110013
3131100131
1311001312
3110013121
1100131211
1001312113
0013121133
0131211331
1312113311
3121133111
1211331111
2113311111
1133111110
1331111103
3311111033
3111110333
1111103332
1111033322
1110333220
1103332202
1033322020
0333220202
3332202022
3322020222
3220202221
2202022210
2020222102
0202221021
2022210213
0222102132
2221021321
2210213212
2102132122
1021321220
0213212201
2132122013
1321220132
3212201322
2122013221
1220132211
2201322112
2013221121
0132211211
1322112112
3221121122
2211211222
2112112223
1121122232
1211222321
2112223211
1122232113
1222321133
2223211331
2232113311
2321133113
3211331130
2113311300
1133113002
1331130023
3311300232
3113002321
1130023210
1300232102
3002321021
0023210210
0232102102
2321021021
3210210211
2102102112
1021021122
0210211221
2102112210
1021122102
0211221021
2112210211
1122102112
1221021121
2210211212
2102112121
1021121211
0211212110
2112121100
1121211001
1212110011
2121100112
1211001121
2110011211
1100112111
1001121111
0011211112
0112111122
1121111222
1211112220
2111122202
1111222021
1112220211
1122202112
1222021121
2220211213
2202112130
2021121302
0211213021
2112130213
1121302131
1213021311
2130213112
1302131121
3021311212
0213112123
2131121231
1311212311
3112123112
1121231122
1212311222
2123112221
1231122210
2311222102
3112221021
1122210211
1222102112
2221021120
2210211202
2102112022
1021120222
0211202222
2112022220
1120222202
1202222020
2022220202
0222202022
2222020220
2220202202
2202022021
2020220211
0202202111
2022021112
0220211121
2202111212
2021112121
0211121211
2111212113
1112121131
1121211312
1212113120
2121131202
1211312023
2113120231
1131202311
1312023111
3120231111
1202311112
2023111120
0231111202
2311112021
3111120211
1111202112
1112021121
1120211210
1202112102
2021121021
0211210212
2112102122
1121021221
1210212213
2102122133
1021221331
0212213313
2122133131
1221331312
2213313121
2133131211
1331312113
3313121133
3131211333
1312113331
3121133311
1211333111
2113331110
1133311102
1333111021
3331110210
3311102100
3111021001
1110210011
1102100111
1021001112
0210011121
2100111211
1001112111
0011121111
0111211111
1112111113
1121111132
1211111323
2111113231
1111132311
1111323111
1113231112
1132311122
1323111222
3231112221
2311122211
3111222113
1112221132
1122211321
1222113212
2221132123
2211321230
2113212303
1132123032
1321230320
3212303200
2123032003
1230320031
2303200313
3032003131
0320031311
3200313113
2003131132
0031311322
0313113220
3131132201
1311322011
3113220111
1132201111
1322011113
3220111133
2201111331
2011113310
0111133103
1111331032
1113310320
1133103200
1331032002
3310320020
3103200203
1032002032
0320020320
3200203202
2002032021
0020320212
0203202120
2032021201
0320212012
3202120120
2021201202
0212012021
2120120210
1201202102
2012021022
0120210220
1202102202
2021022020
0210220200
2102202000
1022020002
0220200022
2202000221
2020002211
0200022113
2000221132
0002211323
0022113231
0221132311
2211323112
2113231122
1132311221
1323112212
3231122121
2311221211
3112212111
1122121111
1221211111
2212111110
2121111102
1211111021
2111110211
1111102111
1111021111
1110211110
1102111101
1021111011
0211110110
2111101103
1111011032
1110110323
1101103231
1011032311
0110323112
1103231120
1032311200
0323112002
3231120020
2311200201
3112002013
1120020131
1200201310
2002013102
0020131021
0201310212
2013102122
0131021222
1310212221
3102122213
1021222131
0212221313
2122213131
1222131311
2221313113
2213131133
2131311332
1313113321
3131133211
1311332111
3113321113
1133211133
1332111331
3321113312
3211133122
2111331222
1113312221
1133122213
1331222131
3312221312
3122213122
1222131222
2221312221
2213122213
2131222131
1312221311
3122213112
1222131120
2221311201
2213112010
2131120101
1311201012
3112010122
1120101220
1201012200
2010122000
0101220000
1012200001
0122000010
1220000101
2200001012
2000010121
0000101212
0001012122
0010121221
0101212211
1012122111
0121221111
1212211110
2122111102
1221111022
2211110220
2111102202
1111022020
1110220200
1102202001
1022020010
0220200101
2202001013
2020010133
0200101333
2001013331
0010133311
0101333111
1013331111
0133311110
1333111100
3331111002
3311110022
3111100222
1111002221
1110022212
1100222120
1002221202
0022212021
0222120211
2221202111
2212021112
2120211120
1202111203
2021112031
0211120313
2111203132
1112031320
1120313200
1203132002
2031320020
0313200200
3132002000
1320020002
3200200020
2002000200
0020002000
0200020002
2000200021
0002000212
0020002120
0200021202
2000212022
0002120220
0021202202
0212022022
2120220220
1202202201
2022022010
0220220100
2202201002
2022010023
0220100233
2201002331
2010023311
0100233111
1002331111
0023311112
0233111123
2331111232
3311112323
3111123232
1111232321
1112323210
1123232103
1232321031
2323210311
3232103112
2321031121
3210311212
2103112120
1031121202
0311212022
3112120221
1121202213
1212022132
2120221323
1202213231
2022132310
0221323102
2213231021
2132310211
1323102110
3231021102
2310211022
3102110223
1021102232
0211022321
2110223213
1102232131
1022321310
0223213100
2232131002
2321310022
3213100222
2131002221
1310022213
3100222130
1002221301
0022213012
0222130120
2221301201
2213012013
2130120132
1301201322
3012013220
0120132201
1201322012
2013220121
0132201213
1322012132
3220121322
2201213223
2012132232
0121322321
1213223211
2132232111
1322321110
3223211103
2232111032
2321110321
3211103211
2111032112
1110321122
1103211223
1032112232
0321122321
3211223212
2112232121
1122321212
1223212123
2232121231
2321212310
3212123100
2121231001
1212310012
2123100122
1231001221
2310012213
3100122131
1001221311
0012213110
0122131102
1221311021
2213110210
2131102100
1311021002
3110210020
1102100200
1021002001
0210020010
2100200100
1002001002
0020010021
0200100211
2001002112
0010021121
0100211210
1002112101
0021121012
0211210123
2112101231
1121012310
1210123100
2101231002
1012310021
0123100212
1231002122
2310021221
3100212211
1002122111
0021221110
0212211103
2122111032
1221110320
2211103200
2111032001
1110320012
1103200121
1032001211
0320012113
3200121133
2001211331
0012113310
0121133103
1211331032
2113310322
1133103223
1331032232
3310322323
3103223232
1032232322
0322323222
3223232221
2232322212
2323222121
3232221210
2322212102
3222121022
2221210221
2212102212
2121022122
1210221221
2102212212
1022122121
0221221212
2212212121
2122121210
1221212102
2212121022
2121210220
1212102200
2121022002
1210220021
2102200213
1022002131
0220021312
2200213121
2002131212
0021312122
0213121220
2131212201
1312122011
3121220110
1212201102
2122011023
1220110230
2201102301
2011023011
0110230111
1102301112
1023011121
0230111210
2301112101
3011121011
0111210113
1112101132
1121011321
1210113210
2101132101
1011321010
0113210100
1132101001
1321010012
3210100121
2101001211
1010012112
0100121120
1001211202
0012112021
0121120213
1211202131
2112021310
1120213102
1202131021
2021310210
0213102100
2131021002
1310210020
3102100201
1021002012
0210020121
2100201213
1002012132
0020121322
0201213222
2012132221
0121322210
1213222100
2132221002
1322210021
3222100213
2221002131
2210021313
2100213132
1002131322
0021313220
0213132202
2131322020
1313220201
3132202013
1322020133
3220201331
2202013313
2020133132
0201331320
2013313200
0133132001
1331320012
3313200120
3132001202
1320012020
3200120202
2001202021
0012020212
0120202120
1202021202
2020212020
0202120200
2021202002
0212020021
2120200212
1202002122
2020021221
0200212211
2002122111
0021221113
0212211133
2122111331
1221113312
2211133123
2111331232
1113312322
1133123220
1331232202
3312322022
3123220220
1232202202
2322022022
3220220221
2202202212
2022022122
0220221220
2202212202
2022122021
0221220212
2212202122
2122021221
1220212213
2202122132
2021221321
0212213212
2122132121
1221321212
2213212123
2132121232
1321212321
3212123210
2121232100
1212321001
2123210010
1232100101
2321001010
3210010100
2100101002
1001010020
0010100200
0101002002
1010020022
0100200220
1002002201
0020022011
0200220110
2002201101
0022011011
0220110111
2201101112
2011011122
0110111220
1101112203
1011122033
0111220330
1112203301
1122033010
1220330100
2203301002
2033010023
0330100230
3301002301
3010023011
0100230110
1002301102
0023011021
0230110211
2301102112
3011021121
0110211212
1102112120
1021121201
0211212012
2112120122
1121201220
1212012202
2120122022
1201220220
2012202200
0122022002
1220220023
2202200231
2022002310
0220023102
2200231023
2002310232
0023102320
0231023200
2310232002
3102320020
1023200200
0232002001
2320020012
3200200122
2002001222
0020012221
0200122210
2001222102
0012221022
0122210221
1222102212
2221022122
2210221220
2102212202
1022122022
0221220221
2212202211
2122022112
1220221120
2202211202
2022112022
0221120220
2211202202
2112022022
1120220221
1202202211
2022022110
0220221101
2202211012
2022110122
0221101220
2211012202
2110122021
1101220210
1012202102
0122021020
1220210201
2202102010
2021020101
0210201010
2102010101
1020101010
0201010103
2010101031
0101010313
1010103131
0101031311
1010313111
0103131111
1031311113
0313111130
3131111300
1311113001
3111130012
1111300121
1113001211
1130012110
1300121103
3001211031
0012110313
0121103133
1211031331
2110313310
1103133100
1031331002
0313310022
3133100221
1331002212
3310022121
3100221213
1002212132
0022121321
0221213210
2212132102
2121321022
1213210221
2132102211
1321022112
3210221120
2102211201
1022112013
0221120131
2211201312
2112013121
1120131211
1201312113
2013121131
0131211310
1312113101
3121131013
1211310131
2113101312
1131013123
1310131231
3101312311
1013123113
0131231131
1312311311
3123113112
1231131122
2311311221
3113112210
1131122103
1311221032
3112210320
1122103202
1221032021
2210320212
2103202120
1032021202
0320212022
3202120223
2021202232
0212022321
2120223210
1202232101
2022321013
0223210131
2232101311
2321013111
3210131111
2101311113
1013111132
0131111322
1311113221
3111132212
1111322120
1113221200
1132212001
1322120010
3221200101
2212001013
2120010131
1200101312
2001013122
0010131222
0101312222
1013122221
0131222210
1312222100
3122221003
1222210031
2222100311
2221003111
2210031110
2100311102
1003111022
0031110222
0311102221
3111022211
1110222111
1102221110
1022211101
0222111011
2221110112
2211101120
2111011201
1110112011
1101120111
1011201111
0112011112
1120111121
1201111211
2011112111
0111121110
1111211101
1112111013
1121110130
1211101301
2111013011
1110130111
1101301111
1013011111
0130111110
1301111100
3011111000
0111110000
1111100001
1111000011
1110000112
1100001120
1000011201
0000112012
0001120123
0011201232
0112012321
1120123210
1201232102
2012321021
0123210211
1232102112
2321021122
3210211222
2102112221
1021122210
0211222100
2112221002
1122210022
1222100221
2221002213
2210022132
2100221320
1002213201
0022132011
0221320113
2213201132
2132011320
1320113200
3201132002
2011320021
0113200212
1132002120
1320021202
3200212020
2002120202
0021202022
0212020222
2120202222
1202022221
2020222212
0202222121
2022221211
0222212111
2222121111
2221211111
2212111113
2121111132
1211111321
2111113211
1111132110
1111321102
1113211020
1132110202
1321102022
3211020222
2110202222
1102022222
1020222222
0202222221
2022222210
0222222102
2222221020
2222210201
2222102010
2221020102
2210201021
2102010211
1020102113
0201021131
2010211311
0102113111
1021131110
0211311103
2113111033
1131110332
1311103320
3111033201
1110332013
1103320133
1033201331
0332013311
3320133112
3201331121
2013311212
0133112120
1331121201
3311212012
3112120123
1121201232
1212012322
2120123220
1201232201
2012322010
0123220103
1232201031
2322010312
3220103122
2201031221
2010312212
0103122120
1031221202
0312212021
3122120213
1221202132
2212021320
2120213202
1202132021
2021320210
0213202102
2132021021
1320210212
3202102120
2021021201
0210212012
2102120123
1021201231
0212012310
2120123103
1201231031
2012310313
0123103131
1231031311
2310313110
3103131100
1031311001
0313110010
3131100103
1311001031
3110010312
1100103120
1001031202
0010312020
0103120201
1031202011
0312020113
3120201133
1202011331
2020113312
0201133120
2011331201
0113312012
1133120123
1331201231
3312012310
3120123100
1201231001
2012310012
0123100120
1231001200
2310012003
3100120033
1001200333
0012003332
0120033320
1200333203
2003332031
0033320310
0333203102
3332031023
3320310230
3203102301
2031023011
0310230113
3102301132
1023011321
0230113211
2301132111
3011321111
0113211111
1132111111
1321111110
3211111100
2111111001
1111110012
1111100122
1111001222
1110012221
1100122210
1001222101
0012221011
0122210111
1222101110
2221011102
2210111022
2101110222
1011102222
0111022223
1110222232
1102222321
1022223211
0222232112
2222321122
2223211221
2232112211
2321122110
3211221101
2112211010
1122110101
1221101010
2211010101
2110101012
1101010122
1010101221
0101012211
1010122110
0101221102
1012211022
0122110223
1221102231
2211022310
2110223101
1102231011
1022310113
0223101130
2231011301
2310113013
3101130131
1011301311
0113013112
1130131122
1301311221
3013112210
0131122102
1311221021
3112210213
1122102130
1221021301
2210213012
2102130122
1021301221
0213012210
2130122103
1301221031
3012210310
0122103102
1221031021
2210310210
2103102102
1031021021
0310210210
3102102101
1021021011
0210210112
2102101121
1021011212
0210112122
2101121221
1011212211
0112122110
1121221101
1212211011
2122110111
1221101111
2211011111
2110111112
1101111121
1011111211
0111112112
1111121122
1111211221
1112112213
1121122131
1211221312
2112213122
1122131222
1221312221
2213122211
2131222110
1312221101
3122211012
1222110123
2221101232
2211012323
2110123232
1101232322
1012323220
0123232203
1232322032
2323220323
3232203231
2322032311
3220323110
2203231100
2032311002
0323110021
3231100210
2311002100
3110021001
1100210010
1002100102
0021001022
0210010221
2100102212
1001022121
0010221211
0102212112
1022121121
0221211211
2212112111
2121121111
1211211111
2112111112
1121111121
1211111211
2111112111
1111121111
1111211111
1112111112
1121111121
1211111210
2111112102
1111121021
1111210210
1112102102
1121021021
1210210211
2102102111
1021021111
0210211111
2102111112
1021111121
0211111210
2111112102
1111121022
1111210221
1112102211
1121022111
1210221111
2102211112
1022111121
0221111210
2211112102
2111121022
1111210221
1112102212
1121022121
1210221211
2102212112
1022121121
0221211211
2212112110
2121121101
1211211010
2112110100
1121101002
1211010021
2110100212
1101002121
1010021211
0100212111
1002121111
0021211111
0212111112
2121111121
1211111210
2111112102
1111121021
1111210210
1112102102
1121021021
1210210210
2102102102
1021021022
0210210221
2102102210
1021022102
0210221021
2102210212
1022102121
0221021211
2210212111
2102121111
1021211111
0212111112
2121111121
1211111210
2111112102
1111121021
1111210210
1112102102
1121021021
1210210210
2102102102
1021021022
0210210221
2102102211
1021022112
0210221121
2102211212
1022112121
0221121211
2211212111
2112121111
1121211111
1212111112
2121111121
1211111210
2111112102
1111121021
1111210210
1112102102
1121021021
1210210211
2102102113
1021021131
0210211310
2102113102
1021131022
0211310221
2113102213
1131022131
1310221310
3102213101
1022131010
0221310101
2213101012
2131010121
1310101213
3101012132
1010121320
0101213201
1012132011
0121320110
1213201101
2132011012
1320110121
3201101213
2011012132
0110121320
1101213202
1012132021
0121320210
1213202102
2132021021
1320210212
3202102120
2021021202
0210212021
2102120211
1021202113
0212021132
2120211322
1202113221
2021132211
0211322110
2113221100
1132211003
1322110031
3221100312
2211003121
2110031210
1100312102
1003121021
0031210212
0312102120
3121021200
1210212001
2102120012
1021200121
0212001210
2120012101
1200121010
2001210103
0012101031
0121010310
1210103100
2101031002
1010310020
0103100201
1031002011
0310020112
3100201120
1002011202
0020112021
0201120210
2011202102
0112021021
1120210213
1202102132
2021021320
0210213202
2102132021
1021320211
0213202111
2132021111
1320211110
3202111102
2021111021
0211110211
2111102110
1111021101
1110211013
1102110130
1021101301
0211013010
2110130102
1101301021
1013010212
0130102120
1301021202
3010212021
0102120210
1021202102
0212021021
2120210210
1202102102
2021021021
0210210210
2102102101
1021021013
0210210131
2102101312
1021013121
0210131211
2101312112
1013121121
0131211210
1312112102
3121121021
1211210210
2112102102
1121021020
1210210203
2102102031
1021020312
0210203121
2102031211
1020312113
0203121130
2031211301
0312113010
3121130102
1211301021
2113010211
1130102111
1301021111
3010211113
0102111133
1021111331
0211113310
2111133102
1111331021
1113310211
1133102113
1331021132
3310211321
3102113211
1021132112
0211321121
2113211210
1132112101
1321121013
3211210130
2112101301
1121013010
1210130102
2101301021
1013010211
0130102111
1301021112
3010211123
0102111231
1021112313
0211123133
2111231330
1112313301
1123133011
1231330111
2313301112
3133011121
1330111211
3301112111
3011121110
0111211103
1112111031
1121110310
1211103101
2111031011
1110310111
1103101112
1031011121
0310111213
3101112131
1011121313
0111213131
1112131310
1121313102
1213131023
2131310230
1313102301
3131023012
1310230120
3102301201
1023012013
0230120130
2301201301
3012013010
0120130101
1201301011
2013010112
0130101120
1301011201
3010112011
0101120110
1011201101
0112011011
1120110110
1201101102
2011011020
0110110200
1101102001
1011020013
0110200131
1102001312
1020013122
0200131222
2001312220
0013122203
0131222031
1312220311
3122203113
1222031130
2220311301
2203113013
2031130130
0311301301
3113013010
1130130102
1301301021
3013010211
0130102110
1301021101
3010211012
0102110121
1021101211
0211012112
2110121121
1101211212
1012112122
0121121222
1211212221
2112122211
1121222110
1212221102
2122211022
1222110222
2221102221
2211022213
2110222131
1102221311
1022213112
0222131122
2221311221
2213112211
2131122113
1311221131
3112211313
1122113130
1221131301
2211313013
2113130131
1131301311
1313013110
3130131101
1301311011
3013110113
0131101133
1311011331
3110113310
1101133101
1011331011
0113310113
1133101130
1331011301
3310113010
3101130103
1011301032
0113010320
1130103200
1301032001
3010320011
0103200111
1032001112
0320011122
3200111221
2001112211
0011122111
0111221110
1112211102
1122111021
1221110212
2211102121
2111021211
1110212111
1102121111
1021211110
0212111103
2121111032
1211110323
2111103230
1111032301
1110323010
1103230101
1032301011
0323010111
3230101111
2301011111
3010111110
0101111103
1011111031
0111110312
1111103121
1111031211
1110312112
1103121120
1031211201
0312112010
3121120101
1211201011
2112010113
1120101131
1201011311
2010113112
0101131122
1011311222
0113112222
1131122223
1311222231
3112222311
1122223111
1222231113
2222311133
2223111331
2231113311
2311133110
3111331103
1113311031
1133110311
1331103111
3311031112
3110311121
1103111210
1031112100
0311121000
3111210001
1112100011
1121000111
1210001110
2100011101
1000111010
0001110102
0011101021
0111010211
1110102111
1101021111
1010211111
0102111110
1021111102
0211111021
2111110210
1111102101
1111021013
1110210132
1102101322
1021013222
0210132220
2101322200
1013222001
0132220010
1322200100
3222001001
2220010011
2200100111
2001001112
0010011123
0100111231
1001112313
0011123130
0111231301
1112313010
1123130101
1231301010
2313010101
3130101010
1301010102
3010101021
0101010213
1010102131
0101021310
1010213101
0102131011
1021310110
0213101102
2131011022
1310110221
3101102211
1011022113
0110221133
1102211332
1022113320
0221133202
2211332022
2113320220
1133202202
1332022020
3320220201
3202202011
2022020113
0220201131
2202011310
2020113102
0201131020
2011310202
0113102022
1131020222
1310202221
3102022212
1020222120
0202221200
2022212002
0222120020
2221200203
2212002032
2120020322
1200203221
2002032211
0020322112
0203221120
2032211202
0322112020
3221120200
2211202002
2112020020
1120200203
1202002031
2020020313
0200203133
2002031330
0020313300
0203133000
2031330000
0313300000
3133000003
1330000033
3300000330
3000003301
0000033011
0000330111
0003301111
0033011110
0330111102
3301111020
3011110200
0111102000
1111020003
1110200030
1102000300
1020003000
0200030003
2000300031
0003000310
0030003102
0300031021
3000310211
0003102110
0031021102
0310211020
3102110200
1021102003
0211020033
2110200333
1102003331
1020033311
0200333113
2003331133
0033311333
0333113332
3331133322
3311333220
3113332201
1133322011
1333220113
3332201133
3322011333
3220113333
2201133333
2011333333
0113333333
1133333333
1333333333
3333333331
3333333313
3333333133
3333331330
3333313301
3333133013
3331330131
3313301311
3133013113
1330131133
3301311330
3013113300
0131133000
1311330002
3113300020
1133000201
1330002010
3300020101
3000201013
0002010133
0020101330
0201013300
2010133002
0101330021
1013300213
0133002130
1330021300
3300213000
3002130002
0021300022
0213000221
2130002210
1300022100
3000221001
0002210013
0022100131
0221001312
2210013123
2100131230
1001312301
0013123011
0131230111
1312301110
3123011102
1230111020
2301110203
3011102033
0111020331
1110203313
1102033130
1020331300
0203313002
2033130020
0331300201
3313002010
3130020102
1300201020
3002010200
0020102000
0201020001
2010200010
0102000103
1020001033
0200010330
2000103303
0001033031
0010330313
0103303130
1033031303
0330313031
3303130311
3031303110
0313031100
3130311001
1303110012
3031100121
0311001210
3110012103
1100121033
1001210332
0012103321
0121033211
1210332110
2103321100
1033211001
0332110013
3321100133
3211001332
2110013323
1100133233
1001332332
0013323320
0133233200
1332332002
3323320021
3233200210
2332002102
3320021023
3200210232
2002102322
0021023221
0210232211
2102322110
1023221100
0232211002
2322110021
3221100211
2211002110
2110021101
1100211011
1002110111
0021101113
0211011132
2110111322
1101113220
1011132200
0111322002
1113220020
1132200202
1322002020
3220020203
2200202032
2002020322
0020203220
0202032201
2020322011
0203220110
2032201102
0322011021
3220110211
2201102112
2011021120
0110211200
1102112003
1021120031
0211200312
2112003120
1120031201
1200312012
2003120120
0031201202
0312012020
3120120200
1201202000
2012020001
0120200013
1202000132
2020001322
0200013220
2000132201
0001322013
0013220133
0132201333
1322013333
3220133330
2201333300
2013333000
0133330000
1333300001
3333000012
3330000123
3300001233
3000012332
0000123323
0001233233
0012332330
0123323302
1233233020
2332330202
3323302021
3233020212
2330202120
3302021202
3020212021
0202120211
2021202112
0212021120
2120211202
1202112021
2021120212
0211202123
2112021232
1120212322
1202123220
2021232202
0212322022
2123220220
1232202201
2322022012
3220220120
2202201203
2022012032
0220120322
2201203220
2012032202
0120322020
1203220200
2032202001
0322020011
3220200112
2202001123
2020011232
0200112323
2001123232
0011232320
0112323203
1123232031
1232320310
2323203100
3232031003
2320310033
3203100333
2031003333
0310033332
3100333321
1003333213
0033332131
0333321310
3333213100
3332131003
3321310031
3213100313
2131003131
1310031313
3100313131
1003131313
0031313132
0313131321
3131313211
1313132113
3131321132
1313211323
3132113233
1321132333
3211323332
2113233322
1132333220
1323332201
3233322013
2333220133
3332201333
3322013332
3220133323
2201333230
2013332300
0133323003
1333230033
3332300330
3323003303
3230033033
2300330333
3003303333
0033033333
0330333333
3303333330
3033333302
0333333021
3333330210
3333302102
3333021023
3330210230
3302102300
3021023003
0210230033
2102300330
1023003300
0230033000
2300330000
3003300000
0033000000
0330000000
3300000002
3000000023
0000000231
0000002311
0000023113
0000231131
0002311313
0023113132
0231131323
2311313232
3113132320
1131323202
1313232022
3132320220
1323202200
3232022003
2320220030
3202200303
2022003033
0220030331
2200303313
2003033131
0030331313
0303313130
3033131303
0331313033
3313130333
3131303333
1313033330
3130333300
1303333000
3033330003
0333300030
3333000303
3330003033
3300030333
3000303333
0003033333
0030333330
0303333302
3033333023
0333330230
3333302303
3333023032
3330230323
3302303230
3023032301
0230323013
2303230132
3032301323
0323013232
3230132323
2301323230
3013232303
0132323032
1323230320
3232303203
2323032033
3230320331
2303203310
3032033103
0320331033
3203310330
2033103301
0331033011
3310330110
3103301103
1033011033
0330110333
3301103333
3011033332
0110333320
1103333202
1033332022
0333320222
3333202222
3332022220
3320222203
3202222033
2022220333
0222203330
2222033303
2220333030
2203330301
2033303010
0333030103
3330301030
3303010303
3030103033
0301030333
3010303333
0103033333
1030333330
0303333302
3033333020
0333330203
3333302033
3333020330
3330203300
3302033000
3020330000
0203300000
2033000000
0330000000
3300000000
3000000003
0000000033
0000000330
0000003300
0000033000
0000330003
0003300032
0033000321
0330003213
3300032131
3000321313
0003213133
0032131330
0321313303
3213133033
2131330333
1313303333
3133033333
1330333331
3303333311
3033333110
0333331100
3333311001
3333110010
3331100102
3311001021
3110010213
1100102130
1001021300
0010213000
0102130001
1021300013
0213000131
2130001313
1300013133
3000131330
0001313302
0013133023
0131330233
1313302330
3133023300
1330233000
3302330001
3023300010
0233000102
2330001021
3300010212
3000102121
0001021212
0010212123
0102121232
1021212321
0212123211
2121232111
1212321113
2123211130
1232111302
2321113021
3211130213
2111302133
1113021333
1130213333
1302133331
3021333313
0213333133
2133331332
1333313321
3333133210
3331332100
3313321001
3133210011
1332100110
3321001102
3210011020
2100110202
1001102023
0011020230
0110202303
1102023033
1020230333
0202303333
2023033333
0230333332
2303333323
3033333230
0333332301
3333323010
3333230102
3332301020
3323010203
3230102033
2301020333
3010203332
0102033321
1020333213
0203332133
2033321333
0333213331
3332133313
3321333131
3213331313
2133313133
1333131330
3331313301
3313133010
3131330100
1313301000
3133010000
1330100000
3301000000
3010000000
0100000000
1000000000
0000000002
0000000020
0000000200
0000002000
0000020000
0000200000
0002000000
0020000000
0200000000
2000000000
0000000000
0000000000
0000000000
0000000000
0000000001
0000000010
0000000100
0000001000
0000010002
0000100020
0001000201
0010002010
0100020100
1000201000
0002010000
0020100000
0201000000
2010000000
0100000000
1000000000
0000000000
0000000001
0000000013
0000000133
0000001333
0000013333
0000133332
0001333323
0013333233
0133332332
1333323323
3333233230
3332332303
3323323033
3233230330
2332303300
3323033001
3230330010
2303300103
3033001032
0330010320
3300103200
3001032000
0010320000
0103200000
1032000002
0320000020
3200000200
2000002000
0000020000
0000200000
0002000001
0020000010
0200000102
2000001020
0000010200
0000102002
0001020023
0010200232
0102002323
1020023232
0200232323
2002323233
0023232330
0232323303
2323233032
3232330320
2323303202
3233032020
2330320203
3303202031
3032020310
0320203100
3202031003
2020310033
0203100333
2031003332
0310033322
3100333222
1003332222
0033322220
0333222202
3332222023
3322220233
3222202330
2222023301
2220233011
2202330113
2023301133
0233011333
2330113332
3301133321
3011333213
0113332133
1133321330
1333213300
3332133003
3321330033
3213300331
2133003311
1330033113
3300331131
3003311310
0033113100
0331131002
3311310023
3113100231
1131002313
1310023133
3100231333
1002313331
0023133311
0231333110
2313331100
3133311003
1333110033
3331100331
3311003313
3110033130
1100331302
1003313022
0033130220
0331302202
3313022022
3130220220
1302202202
3022022021
0220220213
2202202132
2022021321
0220213211
2202132113
2021321133
0213211330
2132113300
1321133003
3211330030
2113300300
1133003000
1330030000
3300300000
3003000000
0030000000
0300000000
3000000000
0000000000
0000000000
0000000000
0000000000
0000000002
0000000020
0000000200
0000002000
0000020002
0000200022
0002000221
0020002211
0200022113
2000221133
0002211330
0022113303
0221133033
2211330333
2113303333
1133033332
1330333321
3303333210
3033332100
0333321000
3333210003
3332100030
3321000303
3210003032
2100030322
1000303222
0003032222
0030322223
0303222230
3032222300
0322223000
3222230001
2222300010
2223000102
2230001023
2300010230
3000102300
0001023003
0010230030
0102300302
1023003023
0230030231
2300302313
3003023130
0030231302
0302313020
3023130202
0231302020
2313020200
3130202002
1302020021
3020200210
0202002103
2020021033
0200210331
2002103310
0021033102
0210331023
2103310230
1033102300
0331023002
3310230021
3102300213
1023002133
0230021333
2300213330
3002133303
0021333031
0213330310
2133303103
1333031030
3330310303
3303103030
3031030303
0310303030
3103030303
1030303030
0303030303
3030303033
0303030333
3030303333
0303033333
3030333333
0303333330
3033333300
0333333000
3333330001
3333300012
3333000122
3330001220
3300012202
3000122020
0001220200
0012202000
0122020000
1220200000
2202000001
2020000010
0200000101
2000001011
0000010113
0000101133
0001011332
0010113320
0101133202
1011332021
0113320211
1133202113
1332021133
3320211330
3202113300
2021133000
0211330000
2113300003
1133000031
1330000310
3300003103
3000031032
0000310321
0003103213
0031032132
0310321321
3103213213
1032132132
0321321320
3213213200
2132132000
1321320000
3213200000
2132000003
1320000032
3200000321
2000003213
0000032133
0000321332
0003213323
0032133232
0321332321
3213323213
2133232131
1332321313
3323213131
3232131313
2321313133
3213131333
2131313333
1313133330
3131333302
1313333021
3133330212
1333302121
3333021210
3330212103
3302121033
3021210333
0212103331
2121033311
1210333111
2103331111
1033311113
0333111132
3331111321
3311113211
3111132113
1111321133
1113211333
1132113332
1321133321
3211333213
2113332133
1133321332
1333213320
3332133203
3321332033
3213320332
2133203321
1332033213
3320332132
3203321321
2033213210
0332132102
3321321023
3213210231
2132102313
1321023133
3210231330
2102313300
1023133003
0231330030
2313300300
3133003000
1330030000
3300300002
3003000022
0030000221
0300002211
3000022110
0000221100
0002211000
0022110002
0221100022
2211000221
2110002210
1100022100
1000221002
0002210021
0022100212
0221002120
2210021200
2100212002
1002120022
0021200220
0212002200
2120022000
1200220001
2002200012
0022000120
0220001200
2200012000
2000120003
0001200031
0012000313
0120003132
1200031323
2000313233
0003132333
0031323333
0313233332
3132333322
1323333222
3233332220
2333322200
3333222001
3332220012
3322200123
3222001233
2220012333
2200123331
2001233310
0012333102
0123331021
1233310210
2333102102
3331021021
3310210211
3102102110
1021021100
0210211003
2102110030
1021100300
0211003002
2110030023
1100300232
1003002321
0030023211
0300232111
3002321111
0023211112
0232111122
2321111223
3211112232
2111122321
1111223212
1112232121
1122321213
1223212132
2232121321
2321213211
3212132111
2121321111
1213211113
2132111132
1321111322
3211113223
2111132233
1111322332
1113223321
1132233211
1322332113
3223321132
2233211321
2332113211
3321132111
3211321112
2113211122
1132111222
1321112221
3211122211
2111222111
1112221111
1122211110
1222111101
2221111012
2211110123
2111101232
1111012322
1110123220
1101232200
1012322002
0123220022
1232200221
2322002210
3220022102
2200221020
2002210203
0022102032
0221020321
2210203213
2102032131
1020321312
0203213122
2032131222
0321312221
3213122210
2131222103
1312221033
3122210331
1222103310
2221033102
2210331020
2103310201
1033102013
0331020132
3310201323
3102013231
1020132310
0201323101
2013231011
0132310113
1323101132
3231011321
2310113212
3101132121
1011321211
0113212113
1132121131
1321211313
3212113131
2121131313
1211313132
2113131320
1131313200
1313132001
3131320010
1313200101
3132001011
1320010110
3200101102
2001011021
0010110210
0101102102
1011021023
0110210233
1102102330
1021023300
0210233001
2102330011
1023300113
0233001133
2330011331
3300113310
3001133100
0011331002
0113310020
1133100201
1331002010
3310020103
3100201033
1002010331
0020103311
0201033110
2010331101
0103311012
1033110123
0331101232
3311012321
3110123213
1101232130
1012321300
0123213000
1232130000
2321300003
3213000033
2130000330
1300003303
3000033033
0000330333
0003303330
0033033303
0330333033
3303330333
3033303331
0333033312
3330333123
3303331230
3033312300
0333123002
3331230022
3312300220
3123002202
1230022020
2300220202
3002202022
0022020223
0220202233
2202022333
2020223333
0202233331
2022333310
0223333101
2233331013
2333310133
3333101330
3331013300
3310133000
3101330000
1013300000
0133000000
1330000003
3300000033
3000000330
0000003300
0000033000
0000330000
0003300003
0033000031
0330000313
3300003133
3000031333
0000313333
0003133331
0031333313
0313333133
3133331333
1333313333
3333133333
3331333333
3313333333
3133333333
1333333333
3333333330
3333333300
3333333003
3333330033
3333300333
3333003330
3330033301
3300333013
3003330133
0033301333
0333013331
3330133313
3301333133
3013331333
0133313330
1333133300
3331333000
3313330000
3133300003
1333000030
3330000302
3300003022
3000030223
0000302233
0003022332
0030223323
0302233233
3022332332
0223323322
2233233220
2332332202
3323322021
3233220211
2332202113
3322021133
3220211331
2202113311
2021133113
0211331131
2113311310
1133113100
1331131000
3311310002
3113100022
1131000222
1310002223
3100022230
1000222303
0002223032
0022230322
0222303223
2223032231
2230322310
2303223103
3032231031
0322310313
3223103132
2231031323
2310313233
3103132332
1031323323
0313233233
3132332330
1323323300
3233233000
2332330003
3323300033
3233000330
2330003303
3300033032
3000330323
0003303233
0033032331
0330323313
3303233133
3032331330
0323313300
3233133001
2331330013
3313300132
3133001323
1330013230
3300132300
3001323001
0013230011
0132300110
1323001102
3230011023
2300110233
3001102333
0011023333
0110233333
1102333333
1023333333
0233333333
2333333333
3333333333
3333333333
3333333333
3333333333
3333333333
3333333330
3333333303
3333333033
3333330333
3333303330
3333033303
3330333031
3303330313
3033303131
0333031313
3330313133
3303131333
3031313330
0313133300
3131333003
1313330031
3133300313
1333003133
3330031333
3300313333
3003133333
0031333333
0313333333
3133333333
1333333333
3333333333
3333333333
3333333333
3333333333
3333333330
3333333300
3333333002
3333330021
3333300210
3333002100
3330021002
3300210023
3002100233
0021002333
0210023331
2100233313
1002333133
0023331333
0233313332
2333133322
3331333220
3313332203
3133322033
1333220331
3332203311
3322033113
3220331133
2203311332
2033113323
0331133231
3311332311
3113323113
1133231130
1332311302
3323113020
3231130203
2311302033
3113020333
1130203332
1302033323
3020333230
0203332301
2033323010
0333230100
3332301000
3323010003
3230100032
2301000321
3010003211
0100032113
1000321133
0003211333
0032113333
0321133333
3211333332
2113333323
1133333231
1333332313
3333323132
3333231323
3332313231
3323132313
3231323133
2313231333
3132313333
1323133333
3231333333
2313333333
3133333331
1333333313
3333333133
3333331333
3333313333
3333133331
3331333313
3313333133
3133331333
1333313333
3333133331
3331333313
3313333133
3133331333
1333313333
3333133333
3331333333
3313333333
3133333333
1333333333
3333333333
3333333332
3333333321
3333333213
3333332133
3333321333
3333213332
3332133323
3321333233
3213332330
2133323303
1333233033
3332330333
3323303333
3233033333
2330333332
3303333323
3033333233
0333332332
3333323320
3333233200
3332332000
3323320000
3233200001
2332000010
3320000100
3200001000
2000010001
0000100013
0001000132
0010001322
0100013220
1000132200
0001322000
0013220001
0132200013
1322000133
3220001332
2200013323
2000133233
0001332333
0013323331
0133233313
1332333131
3323331313
3233313133
2333131333
3331313333
3313133333
3131333332
1313333323
3133333230
1333332301
3333323010
3333230100
3332301000
3323010003
3230100032
2301000320
3010003202
0100032021
1000320212
0003202120
0032021203
0320212033
3202120332
2021203321
0212033210
2120332100
1203321000
2033210003
0332100032
3321000323
3210003230
2100032302
1000323023
0003230232
0032302323
0323023230
3230232303
2302323031
3023230310
0232303101
2323031013
3230310132
2303101320
3031013202
0310132023
3101320231
1013202310
0132023103
1320231033
3202310333
2023103332
0231033321
2310333210
3103332102
1033321023
0333210232
3332102323
3321023233
3210232333
2102323332
1023233321
0232333213
2323332132
3233321321
2333213211
3332132110
3321321101
3213211012
2132110122
1321101220
3211012201
2110122011
1101220113
1012201133
0122011333
1220113332
2201133322
2011333222
0113332222
1133322221
1333222213
3332222132
3322221321
3222213211
2222132113
2221321132
2213211320
2132113202
1321132020
3211320202
2113202023
1132020232
1320202323
3202023232
2020232323
0202323232
2023232323
0232323232
2323232323
3232323232
2323232323
3232323232
2323232323
3232323232
2323232323
3232323230
2323232303
3232323032
2323230323
3232303232
2323032323
3230323232
2303232323
3032323232
0323232323
3232323232
2323232323
3232323232
2323232323
3232323232
2323232323
3232323232
2323232323
3232323233
2323232332
3232323323
2323233232
3232332320
2323323201
3233232010
2332320101
3323201010
3232010100
2320101000
3201010000
2010100001
0101000010
1010000100
0100001003
1000010032
0000100321
0001003210
0010032100
0100321000
1003210001
0032100012
0321000123
3210001232
2100012323
1000123233
0001232332
0012323321
0123233213
1232332132
2323321320
3233213203
2332132030
3321320303
3213203033
2132030331
1320303311
3203033111
2030331113
0303311132
3033111321
0331113213
3311132133
3111321332
1113213323
1132133233
1321332331
3213323313
2133233132
1332331323
3323313233
3233132332
2331323322
3313233220
3132332202
1323322020
3233220202
2332202022
3322020222
3220202220
2202022202
2020222022
0202220222
2022202223
0222022230
2220222301
2202223013
2022230130
0222301302
2223013020
2230130202
2301302022
3013020222
0130202222
1302022222
3020222223
0202222231
2022222310
0222223102
2222231021
2222310211
2223102111
2231021110
2310211101
3102111013
1021110132
0211101320
2111013201
1110132010
1101320102
1013201020
0132010201
1320102011
3201020113
2010201133
0102011330
1020113300
0201133003
2011330031
0113300313
1133003133
1330031330
3300313300
3003133003
0031330032
0313300320
3133003201
1330032013
3300320133
3003201331
0032013313
0320133132
3201331323
2013313232
0133132322
1331323221
3313232213
3132322132
1323221322
3232213220
2322132202
3221322020
2213220202
2132202023
1322020233
3220202333
2202023332
2020233320
0202333202
2023332022
0233320220
2333202203
3332022033
3320220332
3202203321
2022033213
0220332133
2203321333
2033213333
0332133333
3321333330
3213333300
2133333000
1333330000
3333300000
3333000000
3330000002
3300000020
3000000201
0000002010
0000020102
0000201021
0002010210
0020102100
0201021000
2010210001
0102100013
1021000133
0210001333
2100013333
1000133333
0001333333
0013333333
0133333333
1333333333
3333333333
3333333330
3333333300
3333333003
3333330033
3333300333
3333003332
3330033320
3300333200
3003332000
0033320000
0333200000
3332000000
3320000002
3200000020
2000000203
0000002030
0000020303
0000203030
0002030303
0020303033
0203030330
2030303300
0303033001
3030330010
0303300102
3033001023
0330010233
3300102333
3001023333
0010233330
0102333302
1023333020
0233330200
2333302002
3333020023
3330200231
3302002310
3020023102
0200231023
2002310230
0023102302
0231023020
2310230200
3102302003
1023020030
0230200300
2302003000
3020030000
0200300003
2003000031
0030000313
0300003133
3000031330
0000313300
0003133000
0031330002
0313300021
3133000210
1330002101
3300021013
3000210131
0002101310
0021013103
0210131032
2101310320
1013103203
0131032030
1310320303
3103203032
1032030322
0320303221
3203032210
2030322103
0303221031
3032210313
0322103133
3221031333
2210313331
2103133310
1031333102
0313331023
3133310233
1333102333
3331023331
3310233313
3102333132
1023331323
0233313230
2333132303
3331323030
3313230300
3132303000
1323030000
3230300002
2303000021
3030000210
0300002102
3000021020
0000210203
0002102031
0021020313
0210203133
2102031333
1020313333
0203133333
2031333330
0313333300
3133333000
1333330000
3333300000
3333000002
3330000020
3300000203
3000002030
0000020303
0000203033
0002030333
0020303331
0203033313
2030333132
0303331323
3033313230
0333132300
3331323001
3313230013
3132300133
1323001330
3230013300
2300133002
3001330020
0013300200
0133002000
1330020001
3300200011
3002000113
0020001132
0200011322
2000113221
0001132212
0011322123
0113221233
1132212333
1322123330
3221233300
2212333000
2123330003
1233300031
2333000310
3330003103
3300031030
3000310303
0003103033
0031030333
0310303333
3103033332
1030333322
0303333221
3033332213
0333322133
3333221333
3332213330
3322133302
3221333022
2213330223
2133302230
1333022300
3330223002
3302230022
3022300223
0223002233
2230022331
2300223312
3002233122
0022331223
0223312233
2233122333
2331223332
3312233323
3122333232
1223332323
2233323233
2333232333
3332323332
3323233323
3232333232
2323332323
3233323233
2333232333
3332323333
3323233330
3232333303
2323333033
3233330333
2333303331
3333033310
3330333102
3303331023
3033310233
0333102332
3331023323
3310233233
3102332331
1023323313
0233233131
2332331313
3323313132
3233131321
2331313211
3313132111
3131321111
1313211111
3132111113
1321111131
3211111311
2111113111
1111131111
1111311111
1113111110
1131111100
1311111000
3111110001
1111100011
1111000113
1110001133
1100011333
1000113333
0001133332
0011333323
0113333233
1133332331
1333323313
3333233131
3332331313
3323313131
3233131313
2331313132
3313131323
3131313232
1313132320
3131323200
1313232000
3132320001
1323200013
3232000133
2320001330
3200013301
2000133013
0001330133
0013301333
0133013333
1330133331
3301333311
3013333113
0133331133
1333311333
3333113333
3331133333
3311333333
3113333331
1133333313
1333333133
3333331333
3333313331
3333133313
3331333133
3313331333
3133313331
1333133313
3331333133
3313331333
3133313333
1333133333
3331333333
3313333332
3133333323
1333333230
3333332303
3333323030
3333230303
3332303033
3323030330
3230303303
2303033033
3030330332
0303303323
3033033233
0330332333
3303323330
3033233301
0332333010
3323330100
3233301003
2333010030
3330100300
3301003000
3010030003
0100300030
1003000301
0030003010
0300030101
3000301010
0003010103
0030101033
0301010332
3010103321
0101033210
1010332103
0103321033
1033210330
0332103300
3321033000
3210330000
2103300000
