1222121233
2221212331
2212123311
2121233111
1212331112
2123311120
1233111201
2331112012
3311120121
3111201213
1112012131
1120121310
1201213100
2012131002
0121310022
1213100223
2131002233
1310022332
3100223322
1002233220
0022332202
0223322022
2233220220
2332202202
3322022020
3220220200
2202202000
2022020002
0220200022
2202000220
2020002202
0200022022
2000220223
0002202232
0022022322
0220223223
2202232232
2022322322
0223223221
2232232213
2322322133
3223221331
2232213313
2322133131
3221331313
2213313133
2133131332
1331313321
3313133213
3131332131
1313321313
3133213131
1332131313
3321313131
3213131313
2131313133
1313131333
3131313333
1313133333
3131333333
1313333333
3133333333
1333333331
3333333311
3333333111
3333331111
3333311113
3333111133
3331111331
3311113312
3111133121
1111331212
1113312122
1133121220
1331212200
3312122002
3121220023
1212200232
2122002322
1220023222
2200232222
2002322223
0023222232
0232222322
2322223222
3222232220
2222322200
2223222000
2232220000
2322200000
3222000002
2220000022
2200000223
2000002231
0000022312
0000223122
0002231222
0022312222
0223122222
2231222223
2312222233
3122222332
1222223320
2222233202
2222332020
2223320200
2233202002
2332020020
3320200200
3202002002
2020020023
0200200233
2002002331
0020023312
0200233122
2002331220
0023312203
0233122031
2331220312
3312203122
3122031222
1220312220
2203122200
2031222002
0312220022
3122200220
1222002200
2220022000
2200220002
2002200023
0022000233
0220002332
2200023322
2000233222
0002332220
0023322201
0233222012
2332220120
3322201202
3222012020
2220120200
2201202002
2012020021
0120200210
1202002102
2020021020
0200210201
2002102010
0021020100
0210201000
2102010001
1020100011
0201000112
2010001122
0100011222
1000112221
0001122213
0011222132
0112221322
1122213220
1222132203
2221322033
2213220331
2132203312
1322033122
3220331220
2203312202
2033122022
0331220220
3312202200
3122022000
1220220002
2202200022
2022000220
0220002203
2200022031
2000220312
0002203122
0022031220
0220312200
2203122000
2031220002
0312200020
3122000200
1220002002
2200020020
2000200200
0002002002
0020020023
0200200230
2002002300
0020023000
0200230001
2002300013
0023000131
0230001313
2300013131
3000131311
0001313110
0013131102
0131311021
1313110211
3131102110
1311021100
3110211002
1102110023
1021100233
0211002333
2110023332
1100233322
1002333220
0023332201
0233322012
2333220122
3332201221
3322012210
3220122102
2201221022
2012210220
0122102203
1221022032
2210220320
2102203202
1022032021
0220320211
2203202112
2032021122
0320211222
3202112221
2021122213
0211222133
2112221332
1122213322
1222133221
2221332211
2213322110
2133221103
1332211032
3322110320
3221103201
2211032010
2110320100
1103201000
1032010000
0320100001
3201000010
2010000100
0100001003
1000010032
0000100322
0001003222
0010032222
0100322221
1003222211
0032222111
0322221113
3222211133
2222111333
2221113331
2211133313
2111333131
1113331310
1133313102
1333131021
3331310211
3313102111
3131021111
1310211112
3102111122
1021111220
0211112203
2111122032
1111220322
1112203221
1122032213
1220322133
2203221332
2032213322
0322133221
3221332213
2213322133
2133221332
1332213322
3322133222
3221332222
2213322223
2133222233
1332222331
3322223311
3222233113
2222331131
2223311311
2233113113
2331131132
3311311322
3113113222
1131132220
1311322203
3113222031
1132220312
1322203122
3222031223
2220312233
2203122331
2031223313
0312233132
3122331321
1223313211
2233132111
2331321112
3313211122
3132111220
1321112202
3211122023
2111220233
1112202333
1122023332
1220233322
2202333222
2023332222
0233322221
2333222210
3332222101
3322221011
3222210112
2222101120
2221011200
2210112002
2101120023
1011200231
0112002313
1120023132
1200231321
2002313210
0023132101
0231321010
2313210102
3132101022
1321010220
3210102200
2101022001
1010220013
0102200132
1022001320
0220013203
2200132030
2001320303
0013203032
0132030320
1320303200
3203032002
2030320023
0303200233
3032002332
0320023321
3200233210
2002332100
0023321001
0233210012
2332100123
3321001231
3210012311
2100123111
1001231113
0012311131
0123111311
1231113110
2311131102
3111311021
1113110211
1131102111
1311021110
3110211102
1102111020
1021110200
0211102000
2111020000
1110200001
1102000011
1020000110
0200001101
2000011011
0000110110
0001101103
0011011032
0110110321
1101103211
1011032110
0110321101
1103211011
1032110111
0321101113
3211011131
2110111311
1101113112
1011131121
0111311211
1113112112
1131121122
1311211221
3112112213
1121122131
1211221313
2112213130
1122131303
1221313032
2213130320
2131303200
1313032003
3130320030
1303200301
3032003013
0320030132
3200301323
2003013231
0030132310
0301323100
3013231002
0132310023
1323100233
3231002332
2310023323
3100233232
1002332321
0023323210
0233232100
2332321002
3323210022
3232100221
2321002210
3210022100
2100221001
1002210011
0022100113
0221001132
2210011322
2100113220
1001132202
0011322020
0113220203
1132202031
1322020310
3220203101
2202031010
2020310101
0203101010
2031010101
0310101013
3101010133
1010101330
0101013301
1010133011
0101330110
1013301102
0133011021
1330110210
3301102103
3011021031
0110210313
1102103132
1021031321
0210313210
2103132102
1031321020
0313210203
3132102030
1321020301
3210203012
2102030123
1020301231
0203012311
2030123113
0301231133
3012311331
0123113311
1231133113
2311331131
3113311310
1133113100
1331131002
3311310022
3113100220
1131002201
1310022010
3100220103
1002201031
0022010310
0220103102
2201031020
2010310202
0103102020
1031020202
0310202022
3102020223
1020202231
0202022311
2020223110
0202231102
2022311022
0223110222
2231102220
2311022203
3110222030
1102220303
1022203032
0222030323
2220303232
2203032321
2030323213
0303232132
3032321320
0323213203
3232132033
2321320332
3213203321
2132033211
1320332110
3203321100
2033211002
0332110020
3321100200
3211002003
2110020030
1100200300
1002003003
0020030032
0200300323
2003003232
0030032320
0300323202
3003232023
0032320230
0323202300
3232023001
2320230013
3202300133
2023001332
0230013321
2300133210
3001332103
0013321031
0133210313
1332103132
3321031322
3210313220
2103132202
1031322020
0313220200
3132202001
1322020011
3220200113
2202001131
2020011310
0200113103
2001131031
0011310310
0113103103
1131031031
1310310310
3103103103
1031031033
0310310331
3103103312
1031033123
0310331232
3103312322
1033123222
0331232220
3312322201
3123222011
1232220111
2322201110
3222011102
2220111021
2201110213
2011102130
0111021303
1110213030
1102130303
1021303032
0213030320
2130303202
1303032022
3030320220
0303202201
3032022010
0320220100
3202201002
2022010023
0220100230
2201002303
2010023032
0100230321
1002303210
0023032101
0230321013
2303210130
3032101302
0321013021
3210130211
2101302110
1013021103
0130211031
1302110311
3021103113
0211031133
2110311332
1103113320
1031133201
0311332010
3113320100
1133201003
1332010032
3320100321
3201003211
2010032112
0100321120
1003211201
0032112011
0321120110
3211201101
2112011010
1120110102
1201101023
2011010232
0110102322
1101023222
1010232220
0102322200
1023222003
0232220032
2322200323
3222003230
2220032302
2200323022
2003230220
0032302201
0323022013
3230220132
2302201321
3022013212
0220132122
2201321222
2013212220
0132122202
1321222021
3212220213
2122202132
1222021322
2220213222
2202132221
2021322210
0213222103
2132221032
1322210323
3222103233
2221032332
2210323320
2103233200
1032332000
0323320001
3233200013
2332000132
3320001320
3200013201
2000132010
0001320102
0013201020
0132010200
1320102000
3201020003
2010200031
0102000313
1020003133
0200031332
2000313320
0003133200
0031332000
0313320002
3133200022
1332000221
3320002210
3200022102
2000221021
0002210212
0022102123
0221021232
2210212320
2102123203
1021232033
0212320332
2123203323
1232033233
2320332330
3203323300
2033233000
0332330000
3323300002
3233000022
2330000220
3300002200
3000022001
0000220011
0002200111
0022001110
0220011101
2200111010
2001110102
0011101021
0111010213
1110102132
1101021323
1010213232
0102132323
1021323233
0213232333
2132323331
1323233311
3232333110
2323331102
3233311022
2333110220
3331102200
3311022000
3110220001
1102200011
1022000110
0220001103
2200011031
2000110313
0001103130
0011031303
0110313033
1103130332
1031303322
0313033222
3130332220
1303322203
3033222032
0332220321
3322203211
3222032110
2220321103
2203211031
2032110313
0321103133
3211031331
2110313311
1103133110
1031331103
0313311030
3133110300
1331103000
3311030002
3110300020
1103000201
1030002010
0300020100
3000201001
0002010010
0020100100
0201001002
2010010021
0100100210
1001002100
0010021000
0100210000
1002100003
0021000032
0210000320
2100003201
1000032010
0000320101
0003201010
0032010102
0320101020
3201010202
2010102020
0101020203
1010202031
0102020310
1020203102
0202031023
2020310230
0203102302
2031023021
0310230211
3102302110
1023021102
0230211021
2302110212
3021102120
0211021201
2110212013
1102120133
1021201331
0212013312
2120133122
1201331221
2013312210
0133122100
1331221003
3312210032
3122100321
1221003211
2210032113
2100321133
1003211332
0032113320
0321133201
3211332013
2113320132
1133201321
1332013210
3320132100
3201321001
2013210011
0132100110
1321001100
3210011000
2100110003
1001100031
0011000313
0110003132
1100031321
1000313211
0003132111
0031321111
0313211110
3132111100
1321111003
3211110032
2111100322
1111003221
1110032211
1100322110
1003221101
0032211013
0322110132
3221101321
2211013213
2110132132
1101321322
1013213222
0132132222
1321322220
3213222202
2132222020
1322220200
3222202002
2222020021
2220200211
2202002110
2020021100
0200211000
2002110002
0021100022
0211000220
2110002200
1100022002
1000220021
0002200213
0022002132
0220021323
2200213231
2002132310
0021323102
0213231020
2132310201
1323102010
3231020103
2310201033
3102010332
1020103320
0201033201
2010332010
0103320100
1033201002
0332010021
3320100210
3201002101
2010021010
0100210100
1002101003
0021010031
0210100313
2101003132
1010031323
0100313232
1003132321
0031323211
0313232110
3132321102
1323211021
3232110210
2321102102
3211021021
2110210213
1102102132
1021021323
0210213232
2102132321
1021323211
0213232110
2132321102
1323211022
3232110223
2321102232
3211022321
2110223210
1102232100
1022321002
0223210022
2232100222
2321002221
3210022210
2100222102
1002221022
0022210221
0222102212
2221022120
2210221201
2102212011
1022120112
0221201120
2212011201
2120112010
1201120102
2011201020
0112010203
1120102033
1201020332
2010203323
0102033233
1020332332
0203323321
2033233211
0332332110
3323321103
3233211032
2332110320
3321103202
3211032021
2110320212
1103202122
1032021223
0320212232
3202122323
2021223232
0212232321
2122323212
1223232122
2232321221
2323212212
3232122122
2321221222
3212212221
2122122213
1221222132
2212221321
2122213210
1222132101
2221321010
2213210102
2132101022
1321010220
3210102201
2101022011
1010220113
0102201130
1022011300
0220113002
2201130021
2011300210
0113002103
1130021033
1300210331
3002103312
0021033122
0210331220
2103312201
1033122013
0331220132
3312201321
3122013211
1220132113
2201321132
2013211322
0132113221
1321132211
3211322113
2113221132
1132211323
1322113233
3221132333
2211323332
2113233320
1132333200
1323332001
3233320013
2333200133
3332001331
3320013310
3200133100
2001331003
0013310031
0133100310
1331003101
3310031010
3100310102
1003101023
0031010232
0310102322
3101023222
1010232222
0102322223
1023222231
0232222313
2322223132
3222231323
2222313232
2223132320
2231323200
2313232001
3132320013
1323200131
3232001311
2320013110
3200131103
2001311033
0013110332
0131103321
1311033211
3110332111
1103321110
1033211101
0332111011
3321110112
3211101121
2111011213
1110112131
1101121310
1011213103
0112131031
1121310310
1213103103
2131031031
1310310313
3103103130
1031031301
0310313010
3103130100
1031301003
0313010031
3130100311
1301003110
3010031102
0100311020
1003110201
0031102010
0311020101
3110201011
1102010113
1020101130
0201011303
2010113032
0101130320
1011303200
0113032003
1130320031
1303200311
3032003110
0320031103
3200311030
2003110301
0031103011
0311030111
3110301110
1103011100
1030111003
0301110030
3011100300
0111003000
1110030001
1100300010
1003000103
0030001032
0300010322
3000103222
0001032221
0010322212
0103222121
1032221213
0322212130
3222121303
2221213030
2212130301
2121303011
1213030113
2130301133
1303011333
3030113332
0301133322
3011333220
0113332202
1133322021
1333220210
3332202100
3322021001
3220210013
2202100133
2021001332
0210013323
2100133232
1001332323
0013323231
0133232310
1332323101
3323231011
3232310112
2323101120
3231011200
2310112003
3101120032
1011200321
0112003211
1120032111
1200321113
2003211133
0032111330
0321113303
3211133030
2111330300
1113303003
1133030033
1330300330
3303003301
3030033011
0300330113
3003301132
0033011322
0330113221
3301132213
3011322132
0113221321
1132213210
1322132102
3221321020
2213210202
2132102022
1321020223
3210202232
2102022322
1020223222
0202232223
2022322233
0223222331
2232223313
2322233133
3222331332
2223313323
2233133230
2331332301
3313323013
3133230133
1332301333
3323013332
3230133322
2301333223
3013332230
0133322303
1333223032
3332230323
3322303231
3223032311
2230323113
2303231131
3032311310
0323113102
3231131020
2311310200
3113102003
1131020030
1310200302
3102003021
1020030211
0200302110
2003021102
0030211022
0302110220
3021102202
0211022022
2110220223
1102202232
1022022323
0220223232
2202232323
2022323232
0223232323
2232323232
2323232322
3232323220
2323232201
3232322010
2323220100
3232201001
2322010010
3220100103
2201001032
2010010321
0100103210
1001032102
0010321020
0103210200
1032102002
0321020023
3210200232
2102002323
1020023232
0200232320
2002323200
0023232000
0232320000
2323200002
3232000023
2320000232
3200002321
2000023210
0000232101
0002321011
0023210110
0232101100
2321011002
3210110021
2101100211
1011002111
0110021113
1100211132
1002111321
0021113211
0211132111
2111321110
1113211102
1132111020
1321110200
3211102002
2111020022
1110200223
1102002233
1020022332
0200223321
2002233213
0022332130
0223321303
2233213032
2332130322
3321303221
3213032213
2130322133
1303221332
3032213322
0322133222
3221332222
2213322220
2133222203
1332222032
3322220322
3222203222
2222032221
2220322213
2203222131
2032221311
0322213113
3222131133
2221311330
2213113300
2131133000
1311330000
3113300002
1133000022
1330000222
3300002222
3000022223
0000222233
0002222331
0022223312
0222233123
2222331232
2223312321
2233123213
2331232132
3312321323
3123213231
1232132310
2321323100
3213231003
2132310032
1323100321
3231003211
2310032113
3100321131
1003211311
0032113110
0321131100
3211311003
2113110030
1131100303
1311003031
3110030311
1100303110
1003031103
0030311031
0303110310
3031103101
0311031013
3110310133
1103101333
1031013332
0310133321
3101333211
1013332112
0133321122
1333211221
3332112213
3321122132
3211221321
2112213210
1122132101
1221321011
2213210110
2132101100
1321011002
3210110020
2101100203
1011002033
0110020333
1100203333
1002033333
0020333332
0203333322
2033333221
0333332210
3333322102
3333221021
3332210213
3322102133
3221021330
2210213302
2102133021
1021330211
0213302113
2133021133
1330211333
3302113331
3021133313
0211333132
2113331321
1133313211
1333132112
3331321122
3313211220
3132112202
1321122020
3211220201
2112202011
1122020113
1220201133
2202011331
2020113312
0201133121
2011331210
0113312102
1133121022
1331210222
3312102222
3121022220
1210222203
2102222031
1022220311
0222203113
2222031132
2220311320
2203113201
2031132010
0311320101
3113201011
1132010110
1320101100
3201011003
2010110030
0101100301
1011003013
0110030131
1100301311
1003013110
0030131101
0301311011
3013110113
0131101133
1311011333
3110113332
1101133322
1011333220
0113332203
1133322031
1333220313
3332203133
3322031331
3220313310
2203133102
2031331021
0313310210
3133102102
1331021021
3310210213
3102102133
1021021330
0210213300
2102133000
1021330000
0213300003
2133000031
1330000313
3300003133
3000031333
0000313332
0003133320
0031333202
0313332020
3133320200
1333202001
3332020011
3320200113
3202001130
2020011300
0200113000
2001130002
0011300022
0113000220
1130002203
1300022031
3000220313
0002203131
0022031310
0220313101
2203131013
2031310132
0313101322
3131013221
1310132213
3101322130
1013221301
0132213011
1322130113
3221301131
2213011313
2130113130
1301131301
3011313010
0113130103
1131301033
1313010332
3130103320
1301033200
3010332003
0103320031
1033200310
0332003103
3320031032
3200310322
2003103221
0031032211
0310322112
3103221122
1032211222
0322112222
3221122220
2211222201
2112222012
1122220123
1222201233
2222012331
2220123313
2201233131
2012331310
0123313102
1233131020
2331310201
3313102013
3131020133
1310201332
3102013320
1020133201
0201332013
2013320131
0133201311
1332013111
3320131113
3201311133
2013111331
0131113311
1311133110
3111331102
1113311020
1133110200
1331102001
3311020011
3110200113
1102001133
1020011331
0200113310
2001133102
0011331020
0113310203
1133102032
1331020320
3310203203
3102032031
1020320311
0203203112
2032031122
0320311222
3203112222
2031122223
0311222231
3112222312
1122223120
1222231202
2222312021
2223120211
2231202111
2312021113
3120211131
1202111313
2021113130
0211131301
2111313010
1113130100
1131301001
1313010012
3130100122
1301001220
3010012202
0100122021
1001220212
0012202123
0122021230
1220212303
2202123033
2021230331
0212303311
2123033111
1230331113
2303311130
3033111300
0331113001
3311130010
3111300103
1113001033
1130010332
1300103321
3001033210
0010332102
0103321021
1033210210
0332102101
3321021011
3210210113
2102101131
1021011310
0210113100
2101131001
1011310010
0113100103
1131001031
1310010310
3100103101
1001031013
0010310133
0103101331
1031013313
0310133131
3101331313
1013313133
0133131332
1331313322
3313133221
3131332211
1313322113
3133221132
1332211321
3322113212
3221132123
2211321233
2113212331
1132123310
1321233101
3212331013
2123310132
1233101321
2331013210
3310132102
3101321022
1013210220
0132102202
1321022020
3210220203
2102202031
1022020310
0220203102
2202031021
2020310210
0203102102
2031021021
0310210212
3102102122
1021021222
0210212220
2102122203
1021222032
0212220322
2122203223
1222032231
2220322311
2203223113
2032231133
0322311330
3223113303
2231133031
2311330311
3113303110
1133031101
1330311011
3303110110
3031101101
0311011010
3110110100
1101101001
1011010011
0110100111
1101001113
1010011130
0100111300
1001113003
0011130031
0111300313
1113003132
1130031323
1300313232
3003132323
0031323233
0313232333
3132323331
1323233310
3232333103
2323331031
3233310311
2333103110
3331031100
3310311000
3103110002
1031100021
0311000212
3110002123
1100021232
1000212321
0002123211
0021232112
0212321123
2123211232
1232112322
2321123222
3211232222
2112322220
1123222202
1232222020
2322220203
3222202030
2222020303
2220203031
2202030313
2020303133
0203031331
2030313310
0303133100
3031331000
0313310000
3133100000
1331000003
3310000031
3100000311
1000003111
0000031111
0000311112
0003111122
0031111221
0311112210
3111122102
1111221020
1112210201
1122102012
1221020121
2210201213
2102012132
1020121323
0201213233
2012132331
0121323311
1213233110
2132331102
1323311020
3233110200
2331102003
3311020032
3110200320
1102003203
1020032030
0200320300
2003203001
0032030010
0320300102
3203001021
2030010211
0300102111
3001021110
0010211102
0102111023
1021110233
0211102332
2111023320
1110233202
1102332021
1023320210
0233202102
2332021023
3320210232
3202102323
2021023232
0210232320
2102323200
1023232001
0232320013
2323200131
3232001311
2320013110
3200131100
2001311002
0013110022
0131100223
1311002231
3110022310
1100223102
1002231022
0022310223
0223102232
2231022323
2310223232
3102232321
1022323213
0223232133
2232321331
2323213311
3232133111
2321331110
3213311103
2133111033
1331110332
3311103323
3111033232
1110332321
1103323213
1033232131
0332321311
3323213112
3232131120
2321311202
3213112022
2131120222
1311202220
3112022201
1120222010
1202220103
2022201033
0222010332
2220103321
2201033213
2010332132
0103321322
1033213222
0332132222
3321322220
3213222201
2132222011
1322220110
3222201102
2222011022
2220110220
2201102202
2011022021
0110220210
1102202100
1022021001
0220210011
2202100111
2021001110
0210011102
2100111023
1001110232
0011102321
0111023210
1110232102
1102321022
1023210220
0232102201
2321022011
3210220113
2102201132
1022011323
0220113230
2201132300
2011323003
0113230032
1132300322
1323003221
3230032213
2300322133
3003221333
0032213331
0322133313
3221333132
2213331321
2133313212
1333132123
3331321232
3313212322
3132123220
1321232200
3212322000
2123220002
1232200022
2322000220
3220002200
2200022003
2000220032
0002200323
0022003232
0220032323
2200323230
2003232302
0032323020
0323230202
3232302020
2323020201
3230202011
2302020113
3020201132
0202011321
2020113210
0201132100
2011321001
0113210010
1132100103
1321001033
3210010331
2100103313
1001033132
0010331322
0103313220
1033132203
0331322032
3313220322
3132203220
1322032202
3220322020
2203220203
2032202030
0322020303
3220203031
2202030310
2020303102
0203031020
2030310202
0303102020
3031020200
0310202003
3102020030
1020200303
0202003032
2020030323
0200303231
2003032310
0030323102
0303231023
3032310232
0323102322
3231023222
2310232220
3102322201
1023222010
0232220101
2322201012
3222010122
2220101223
2201012232
2010122321
0101223213
1012232133
0122321333
1223213331
2232133311
2321333111
3213331113
2133311132
1333111323
3331113231
3311132310
3111323103
1113231031
1132310311
1323103110
3231031102
2310311020
3103110202
1031102023
0311020232
3110202321
1102023210
1020232103
0202321032
2023210321
0232103211
2321032111
3210321111
2103211110
1032111100
0321111000
3211110000
2111100003
1111000032
1110000322
1100003220
1000032200
0000322001
0003220012
0032200122
0322001220
3220012202
2200122023
2001220231
0012202311
0122023113
1220231132
2202311321
2023113210
0231132100
2311321003
3113210032
1132100322
1321003221
3210032213
2100322131
1003221312
0032213122
0322131220
3221312200
2213122002
2131220021
1312200210
3122002102
1220021020
2200210203
2002102031
0021020310
0210203100
2102031003
1020310032
0203100323
2031003230
0310032303
3100323032
1003230322
0032303221
0323032213
3230322133
2303221332
3032213323
0322133232
3221332321
2213323213
2133232131
1332321310
3323213103
3232131033
2321310330
3213103301
2131033010
1310330100
3103301000
1033010002
0330100020
3301000203
3010002032
0100020322
1000203221
0002032211
0020322113
0203221133
2032211333
0322113331
3221133313
2211333133
2113331332
1133313323
1333133232
3331332323
3313323232
3133232322
1332323220
3323232202
3232322021
2323220212
3232202122
2322021223
3220212232
2202122323
2021223231
0212232311
2122323111
1223231110
2232311102
2323111023
3231110232
2311102322
3111023223
1110232232
1102322323
1023223232
0232232320
2322323200
3223232002
2232320020
2323200203
3232002032
2320020322
3200203220
2002032203
0020322030
0203220300
2032203001
0322030013
3220300131
2203001313
2030013133
0300131333
3001313333
0013133332
0131333323
1313333233
3133332331
1333323311
3333233111
3332331110
3323311103
3233111031
2331110313
3311103132
3111031322
1110313220
1103132200
1031322000
0313220003
3132200030
1322000303
3220003032
2200030321
2000303213
0003032132
0030321320
0303213203
3032132032
0321320320
3213203203
2132032032
1320320320
3203203200
2032032002
0320320021
3203200211
2032002110
0320021103
3200211033
2002110333
0021103332
0211033323
2110333231
1103332310
1033323102
0333231023
3332310233
3323102333
3231023333
2310233332
3102333323
1023333231
0233332311
2333323110
3333231100
3332311003
3323110031
3231100310
2311003100
3110031001
1100310013
1003100132
0031001321
0310013210
3100132101
1001321010
0013210101
0132101010
1321010103
3210101033
2101010331
1010103313
0101033133
1010331332
0103313321
1033133212
0331332121
3313321210
3133212102
1332121021
3321210211
3212102111
2121021112
1210211120
2102111202
1021112020
0211120203
2111202032
1112020320
1120203200
1202032003
2020320033
0203200330
2032003302
0320033022
3200330221
2003302213
0033022132
0330221321
3302213211
3022132111
0221321111
2213211112
2132111123
1321111232
3211112322
2111123220
1111232203
1112322031
1123220310
1232203102
2322031020
3220310200
2203102000
2031020001
0310200011
3102000113
1020001132
0200011322
2000113221
0001132211
0011322110
0113221102
1132211022
1322110221
3221102213
2211022130
2110221301
1102213011
1022130113
0221301131
2213011311
2130113110
1301131103
3011311031
0113110310
1131103103
1311031030
3110310302
1103103021
1031030213
0310302132
3103021322
1030213222
0302132222
3021322223
0213222232
2132222322
1322223223
3222232232
2222322322
2223223222
2232232220
2322322202
3223222021
2232220213
2322202132
3222021321
2220213211
2202132111
2021321113
0213211133
2132111332
1321113321
3211133211
2111332111
1113321113
1133211132
1332111322
3321113223
3211132231
2111322311
1113223113
1132231131
1322311313
3223113133
2231131332
2311313321
3113133213
1131332133
1313321330
3133213303
1332133031
3321330310
3213303103
2133031031
1330310310
3303103103
3031031033
0310310332
3103103323
1031033233
0310332333
3103323332
1033233321
0332333210
3323332103
3233321031
2333210310
3332103100
3321031001
3210310011
2103100112
1031001122
0310011221
3100112212
1001122122
0011221220
0112212200
1122122002
1221220021
2212200210
2122002102
1220021021
2200210210
2002102100
0021021002
0210210020
2102100200
1021002000
0210020002
2100200022
1002000220
0020002200
0200022000
2000220001
0002200010
0022000101
0220001010
2200010101
2000101010
0001010100
0010101003
0101010032
1010100321
0101003212
1010032121
0100321211
1003212112
0032121123
0321211231
3212112313
2121123133
1211231331
2112313313
1123133133
1231331331
2313313310
3133133102
1331331022
3313310220
3133102202
1331022020
3310220201
3102202013
1022020132
0220201320
2202013202
2020132023
0201320233
2013202332
0132023322
1320233223
3202332232
2023322322
0233223220
2332232202
3322322021
3223220211
2232202110
2322021103
3220211033
2202110332
2021103320
0211033201
2110332010
1103320101
1033201011
0332010112
3320101120
3201011202
2010112023
0101120232
1011202322
0112023220
1120232202
1202322021
2023220213
0232202131
2322021313
3220213132
2202131321
2021313211
0213132110
2131321100
1313211000
3132110001
1321100011
3211000110
2110001102
1100011022
1000110221
0001102213
0011022131
0110221310
1102213102
1022131020
0221310203
2213102032
2131020321
1310203212
3102032123
1020321230
0203212303
2032123033
0321230331
3212303313
2123033131
1230331310
2303313100
3033131002
0331310022
3313100220
3131002202
1310022020
3100220201
1002202012
0022020122
0220201220
2202012200
2020122003
0201220033
2012200332
0122003320
1220033200
2200332000
2003320000
0033200000
0332000000
3320000002
3200000023
2000000231
0000002310
0000023100
0000231002
0002310022
0023100223
0231002232
2310022323
3100223233
1002232332
0022323322
0223233222
2232332222
2323322223
3233222231
2332222311
3322223112
3222231122
2222311223
2223112232
2231122321
2311223213
3112232133
1122321333
1223213333
2232133332
2321333322
3213333220
2133332200
1333322001
3333220010
3332200102
3322001023
3220010232
2200102323
2001023230
0010232301
0102323010
1023230100
0232301002
2323010022
3230100222
2301002223
3010022232
0100222323
1002223233
0022232333
0222323332
2223233322
2232333220
2323332203
3233322033
2333220331
3332203311
3322033110
3220331102
2203311020
2033110203
0331102032
3311020322
3110203223
1102032232
1020322320
0203223202
2032232020
0322320200
3223202001
2232020012
2320200123
3202001232
2020012320
0200123200
2001232002
0012320020
0123200203
1232002031
2320020311
3200203111
2002031110
0020311102
0203111023
2031110232
0311102322
3111023221
1110232211
1102322110
1023221103
0232211031
2322110310
3221103100
2211031000
2110310002
1103100023
1031000231
0310002313
3100023133
1000231332
0002313321
0023133212
0231332120
2313321202
3133212020
1332120200
3321202000
3212020000
2120200001
1202000010
2020000101
0200001011
2000010113
0000101131
0001011312
0010113121
0101131211
1011312111
0113121110
1131211100
1312111000
3121110002
1211100021
2111000210
1110002100
1100021000
1000210001
0002100010
0021000100
0210001002
2100010022
1000100220
0001002202
0010022020
0100220203
1002202030
0022020303
0220203033
2202030332
2020303322
0203033220
2030332203
0303322032
3033220320
0332203202
3322032022
3220320221
2203202210
2032022103
0320221030
3202210303
2022103032
0221030323
2210303231
2103032310
1030323103
0303231032
3032310322
0323103221
3231032210
2310322102
3103221022
1032210223
0322102232
3221022323
2210223232
2102232322
1022323222
0223232221
2232322210
2323222102
3232221021
2322210211
3222102111
2221021110
2210211103
2102111030
1021110303
0211103032
2111030323
1110303233
1103032333
1030323331
0303233313
3032333131
0323331312
3233313122
2333131221
3331312213
3313122133
3131221331
1312213313
3122133132
1221331322
2213313222
2133132220
1331322200
3313222003
3132220031
1322200313
3222003132
2220031321
2200313211
2003132113
0031321131
0313211310
3132113101
1321131013
3211310133
2113101331
1131013311
1310133110
3101331101
1013311012
0133110122
1331101223
3311012232
3110122321
1101223210
1012232102
0122321021
1223210213
2232102132
2321021322
3210213223
2102132232
1021322320
0213223201
2132232013
1322320131
3223201310
2232013102
2320131021
3201310213
2013102131
0131021310
1310213103
3102131032
1021310321
0213103211
2131032111
1310321113
3103211130
1032111301
0321113012
3211130122
2111301221
1113012213
1130122132
1301221321
3012213211
0122132113
1221321132
2213211321
2132113213
1321132132
3211321322
2113213220
1132132201
1321322013
3213220130
2132201303
1322013032
3220130323
2201303232
2013032321
0130323212
1303232122
3032321222
0323212220
3232122202
2321222020
3212220200
2122202001
1222020010
2220200100
2202001002
2020010022
0200100220
2001002201
0010022011
0100220112
1002201123
0022011230
0220112303
2201123033
2011230332
0112303322
1123033223
1230332233
2303322331
3033223311
0332233111
3322331110
3223311102
2233111022
2331110220
3311102201
3111022011
1110220113
1102201133
1022011331
0220113313
2201133132
2011331320
0113313200
1133132001
1331320013
3313200132
3132001322
1320013223
3200132232
2001322323
0013223232
0132232323
1322323232
3223232321
2232323210
2323232102
3232321020
2323210203
3232102030
2321020302
3210203021
2102030210
1020302100
0203021000
2030210002
0302100022
3021000222
0210002223
2100022230
1000222303
0002223032
0022230320
0222303200
2223032001
2230320013
2303200130
3032001301
0320013011
3200130113
2001301132
0013011322
0130113220
1301132202
3011322022
0113220220
1132202200
1322022002
3220220023
2202200231
2022002311
0220023112
2200231123
2002311231
0023112313
0231123132
2311231322
3112313223
1123132231
1231322311
2313223110
3132231103
1322311031
3223110312
2231103120
2311031202
3110312020
1103120201
1031202013
0312020133
3120201332
1202013322
2020133221
0201332213
2013322132
0133221321
1332213211
3322132110
3221321102
2213211022
2132110220
1321102200
3211022003
2110220032
1102200323
1022003233
0220032333
2200323333
2003233332
0032333322
0323333223
3233332232
2333322320
3333223200
3332232002
3322320020
3223200202
2232002023
2320020231
3200202311
2002023110
0020231100
0202311000
2023110001
0231100011
2311000110
3110001103
1100011032
1000110323
0001103232
0011032320
0110323200
1103232002
1032320020
0323200203
3232002031
2320020310
3200203101
2002031012
0020310122
0203101220
2031012203
0310122033
3101220333
1012203333
0122033332
1220333322
2203333221
2033332213
0333322133
3333221332
3332213322
3322133221
3221332211
2213322111
2133221112
1332211120
3322111201
3221112013
2211120132
2111201321
1112013213
1120132132
1201321322
2013213220
0132132201
1321322010
3213220103
2132201033
1322010332
3220103320
2201033201
2010332012
0103320120
1033201202
0332012020
3320120201
3201202010
2012020102
0120201020
1202010200
2020102003
0201020030
2010200303
0102003031
1020030310
0200303103
2003031032
0030310321
0303103210
3031032102
0310321020
3103210203
1032102032
0321020322
3210203220
2102032202
1020322022
0203220220
2032202200
0322022000
3220220002
2202200022
2022000223
0220002232
2200022321
2000223211
0002232111
0022321110
0223211103
2232111031
2321110310
3211103100
2111031000
1110310003
1103100032
1031000322
0310003220
3100032203
1000322032
0003220322
0032203221
0322032210
3220322103
2203221033
2032210332
0322103322
3221033220
2210332202
2103322023
1033220231
0332202311
3322023110
3220231103
2202311031
2023110313
0231103133
2311031332
3110313321
1103133212
1031332121
0313321210
3133212102
1332121022
3321210221
3212102212
2121022120
1210221203
2102212033
1022120331
0221203310
2212033101
2120331013
1203310131
2033101310
0331013101
3310131011
3101310110
1013101100
0131011000
1310110002
3101100023
1011000232
0110002320
1100023203
1000232032
0002320323
0023203232
0232032323
2320323232
3203232322
2032323220
0323232202
3232322021
2323220213
3232202130
2322021303
3220213032
2202130322
2021303223
0213032232
2130322323
1303223232
3032232320
0322323201
3223232013
2232320132
2323201323
3232013230
2320132303
3201323032
2013230322
0132303222
1323032220
3230322202
2303222021
3032220213
0322202132
3222021320
2220213203
2202132032
2021320320
0213203201
2132032010
1320320103
3203201033
2032010333
0320103332
3201033322
2010333223
0103332232
1033322321
0333223211
3332232110
3322321100
3223211000
2232110001
2321100011
3211000110
2110001103
1100011030
1000110301
0001103012
0011030120
0110301203
1103012032
1030120322
0301203221
3012032210
0120322103
1203221031
2032210311
0322103111
3221031110
2210311102
2103111021
1031110211
0311102111
3111021112
1110211120
1102111202
1021112020
0211120202
2111202020
1112020203
1120202031
1202020311
2020203111
0202031113
2020311132
0203111320
2031113203
0311132031
3111320313
1113203132
1132031321
1320313213
3203132130
2031321302
0313213020
3132130202
1321302020
3213020200
2130202000
1302020002
3020200022
0202000220
2020002202
0200022020
2000220202
0002202020
0022020202
0220202022
2202020221
2020202213
0202022132
2020221321
0202213211
2022132112
0221321121
2213211210
2132112102
1321121021
3211210211
2112102111
1121021111
1210211111
2102111111
1021111110
0211111103
2111111031
1111110313
1111103132
1111031321
1110313210
1103132101
1031321011
0313210110
3132101103
1321011033
3210110332
2101103320
1011033203
0110332032
1103320323
1033203233
0332032333
3320323330
3203233301
2032333010
0323330103
3233301032
2333010320
3330103203
3301032033
3010320330
0103203303
1032033032
0320330322
3203303223
2033032232
0330322320
3303223200
3032232000
0322320003
3223200032
2232000323
2320003233
3200032332
2000323322
0003233220
0032332203
0323322032
3233220320
2332203203
3322032033
3220320332
2203203320
2032033203
0320332033
3203320331
2033203310
0332033102
3320331020
3203310200
2033102003
0331020032
3310200321
3102003211
1020032112
0200321122
2003211221
0032112211
0321122113
3211221130
2112211300
1122113002
1221130023
2211300233
2113002331
1130023311
1300233112
3002331120
0023311202
0233112020
2331120200
3311202001
3112020013
1120200132
1202001322
2020013223
0200132231
2001322310
0013223101
0132231012
1322310122
3223101220
2231012202
2310122023
3101220233
1012202331
0122023310
1220233101
2202331013
2023310131
0233101312
2331013123
3310131230
3101312303
1013123032
0131230322
1312303221
3123032211
1230322110
2303221102
3032211020
0322110202
3221102020
2211020203
2110202031
1102020311
1020203110
0202031101
2020311010
0203110102
2031101021
0311010212
3110102123
1101021233
1010212333
0102123333
1021233332
0212333323
2123333232
1233332322
2333323223
3333232233
3332322330
3323223303
3232233033
2322330331
3223303310
2233033102
2330331020
3303310200
3033102003
0331020032
3310200320
3102003203
1020032032
0200320320
2003203203
0032032030
0320320300
3203203002
2032030020
0320300203
3203002032
2030020322
0300203222
3002032223
0020322231
0203222313
2032223130
0322231302
3222313021
2223130211
2231302110
2313021102
3130211021
1302110211
3021102111
0211021111
2110211110
1102111103
1021111033
0211110332
2111103320
1111033201
1110332010
1103320102
1033201021
0332010210
3320102101
3201021013
2010210133
0102101333
1021013331
0210133313
2101333130
1013331301
0133313011
1333130112
3331301121
3313011210
3130112101
1301121012
3011210123
0112101233
1121012332
1210123321
2101233213
1012332130
0123321302
1233213020
2332130202
3321302022
3213020220
2130202200
1302022002
3020220020
0202200200
2022002002
0220020020
2200200201
2002002010
0020020103
0200201032
2002010321
0020103210
0201032100
2010321002
0103210020
1032100203
0321002031
3210020313
2100203132
1002031322
0020313223
0203132232
2031322322
0313223220
3132232203
1322322032
3223220321
2232203210
2322032102
3220321020
2203210200
2032102002
0321020020
3210200202
2102002023
1020020230
0200202301
2002023011
0020230113
0202301132
2023011322
0230113223
2301132231
3011322311
0113223111
1132231111
1322311111
3223111110
2231111101
2311111011
3111110110
1111101102
1111011022
1110110222
1101102222
1011022223
0110222233
1102222331
1022223313
0222233133
2222331331
2223313310
2233133102
2331331021
3313310210
3133102102
1331021021
3310210212
3102102120
1021021202
0210212022
2102120221
1021202210
0212022103
2120221031
1202210310
2022103101
0221031011
2210310113
2103101132
1031011320
0310113201
3101132013
1011320130
0113201303
1132013031
1320130312
3201303123
2013031231
0130312311
1303123113
3031231131
0312311312
3123113122
1231131220
2311312203
3113122033
1131220331
1312203311
3122033113
1220331133
2203311331
2033113310
0331133100
3311331001
3113310011
1133100110
1331001102
3310011020
3100110200
1001102002
0011020023
0110200232
1102002321
1020023211
0200232110
2002321101
0023211010
0232110102
2321101020
3211010202
2110102020
1101020201
1010202013
0102020131
1020201310
0202013102
2020131021
0201310211
2013102110
0131021102
1310211020
3102110203
1021102032
0211020321
2110203210
1102032102
1020321020
0203210202
2032102022
0321020220
3210202202
2102022020
1020220201
0202202013
2022020132
0220201320
2202013201
2020132012
0201320120
2013201200
0132012003
1320120031
3201200310
2012003102
0120031021
1200310213
2003102131
0031021310
0310213102
3102131020
1021310202
0213102021
2131020211
1310202111
3102021110
1020211103
0202111030
2021110303
0211103033
2111030333
1110303332
1103033322
1030333222
0303332221
3033322211
0333222111
3332221110
3322211103
3222111033
2221110332
2211103321
2111033213
1110332131
1103321311
1033213111
0332131112
3321311122
3213111220
2131112200
1311122001
3111220010
1112200102
1122001021
1220010211
2200102110
2001021102
0010211020
0102110201
1021102010
0211020101
2110201013
1102010132
1020101323
0201013230
2010132301
0101323013
1013230131
0132301310
1323013101
3230131013
2301310130
3013101300
0131013001
1310130013
3101300133
1013001332
0130013320
1300133203
3001332032
0013320321
0133203213
1332032131
3320321312
3203213120
2032131203
0321312032
3213120322
2131203220
1312032202
3120322020
1203220201
2032202013
0322020132
3220201323
2202013232
2020132321
0201323210
2013232102
0132321021
1323210210
3232102100
2321021002
3210210021
2102100210
1021002100
0210021002
2100210022
1002100221
0021002210
0210022103
2100221033
1002210332
0022103321
0221033210
2210332102
2103321022
1033210220
0332102201
3321022013
3210220131
2102201310
1022013101
0220131013
2201310132
2013101321
0131013211
1310132112
3101321122
1013211220
0132112202
1321122023
3211220231
2112202311
1122023110
1220231102
2202311021
2023110211
0231102111
2311021113
3110211131
1102111313
1021113133
0211131331
2111313310
1113133102
1131331021
1313310212
3133102121
1331021213
3310212130
3102121301
1021213010
0212130102
2121301023
1213010232
2130102320
1301023200
3010232002
0102320020
1023200203
0232002031
2320020311
3200203111
2002031110
0020311101
0203111011
2031110110
0311101102
3111011023
1110110231
1101102311
1011023111
0110231113
1102311131
1023111310
0231113100
2311131001
3111310013
1113100130
1131001300
1310013003
3100130032
1001300320
0013003200
0130032001
1300320010
3003200103
0032001032
0320010320
3200103202
2001032022
0010320220
0103202203
1032022031
0320220313
3202203132
2022031322
0220313220
2203132203
2031322032
0313220321
3132203211
1322032111
3220321110
2203211100
2032111000
0321110000
3211100001
2111000013
1110000130
1100001301
1000013010
0000130100
0001301003
0013010033
0130100331
1301003310
3010033101
0100331011
1003310110
0033101103
0331011031
3310110313
3101103132
1011031322
0110313223
1103132233
1031322333
0313223331
3132233310
1322333103
3223331033
2233310331
2333103311
3331033110
3310331102
3103311020
1033110200
0331102003
3311020030
3110200303
1102003032
1020030323
0200303233
2003032330
0030323300
0303233001
3032330011
0323300110
3233001102
2330011021
3300110211
3001102110
0011021102
0110211020
1102110200
1021102000
0211020000
2110200001
1102000010
1020000100
0200001003
2000010033
0000100333
0001003332
0010033321
0100333211
1003332113
0033321133
0333211331
3332113311
3321133113
3211331132
2113311321
1133113210
1331132100
3311321000
3113210000
1132100003
1321000033
3210000332
2100003323
1000033233
0000332331
0003323312
0033233120
0332331201
3323312011
3233120110
2331201101
3312011011
3120110113
1201101132
2011011322
0110113222
1101132220
1011322201
0113222013
1132220130
1322201301
3222013011
2220130111
2201301113
2013011130
0130111302
1301113020
3011130201
0111302010
1113020100
1130201002
1302010021
3020100211
0201002110
2010021100
0100211000
1002110002
0021100022
0211000222
2110002223
1100022231
1000222310
0002223103
0022231033
0222310333
2223103333
2231033332
2310333322
3103333221
1033332210
0333322100
3333221002
3332210020
3322100200
3221002003
2210020032
2100200322
1002003220
0020032201
0200322013
2003220131
0032201310
0322013103
3220131031
2201310310
2013103100
0131031000
1310310002
3103100020
1031000203
0310002031
3100020311
1000203110
0002031100
0020311000
0203110002
2031100020
0311000200
3110002003
1100020030
1000200301
0002003011
0020030113
0200301133
2003011331
0030113311
0301133111
3011331111
0113311110
1133111102
1331111021
3311110210
3111102102
1111021023
1110210233
1102102333
1021023331
0210233310
2102333101
1023331011
0233310110
2333101100
3331011003
3310110032
3101100323
1011003232
0110032322
1100323223
1003232232
0032322322
0323223220
3232232200
2322322000
3223220000
2232200001
2322000011
3220000111
2200001110
2000011102
0000111020
0001110200
0011102003
0111020030
1110200303
1102003031
1020030313
0200303132
2003031320
0030313201
0303132012
3031320121
0313201211
3132012110
1320121103
3201211032
2012110321
0121103210
1211032100
2110321001
1103210011
1032100113
0321001131
3210011311
2100113111
1001131113
0011311132
0113111323
1131113232
1311132322
3111323221
1113232213
1132322132
1323221322
3232213221
2322132211
3221322111
2213221113
2132211133
1322111333
3221113330
2211133303
2111333031
1113330311
1133303111
1333031110
3330311100
3303111002
3031110021
0311100211
3111002113
1110021133
1100211333
1002113332
0021133320
0211333201
2113332010
1133320100
1333201003
3332010031
3320100313
3201003133
2010031333
0100313330
1003133303
0031333033
0313330330
3133303303
1333033033
3330330332
3303303322
3033033220
0330332200
3303322003
3033220031
0332200310
3322003100
3220031002
2200310020
2003100201
0031002011
0310020111
3100201113
1002011133
0020111331
0201113311
2011133110
0111331100
1113311002
1133110020
1331100202
3311002021
3110020210
1100202100
1002021001
0020210011
0202100111
2021001110
0210011102
2100111023
1001110230
0011102302
0111023020
1110230200
1102302003
1023020033
0230200331
2302003313
3020033133
0200331333
2003313332
0033133321
0331333213
3313332130
3133321301
1333213011
3332130113
3321301131
3213011311
2130113112
1301131123
3011311233
0113112332
1131123321
1311233213
3112332131
1123321311
1233213113
2332131132
3321311323
3213113233
2131132332
1311323321
3113233211
1132332110
1323321101
3233211011
2332110110
3321101101
3211011013
2110110130
1101101300
1011013003
0110130032
1101300322
1013003221
0130032213
1300322133
3003221331
0032213310
0322133101
3221331013
2213310130
2133101301
1331013010
3310130100
3101301001
1013010011
0130100111
1301001111
3010011110
0100111100
1001111001
0011110013
0111100132
1111001321
1110013212
1100132122
1001321220
0013212202
0132122020
1321220200
3212202003
2122020031
1220200313
2202003132
2020031322
0200313220
2003132202
0031322023
0313220230
3132202301
1322023011
3220230113
2202301131
2023011312
0230113122
2301131223
3011312231
0113122313
1131223133
1312231332
3122313321
1223133210
2231332102
2313321020
3133210200
1332102003
3321020031
3210200313
2102003132
1020031323
0200313231
2003132310
0031323101
0313231013
3132310133
1323101332
3231013321
2310133213
3101332131
1013321311
0133213110
1332131100
3321311002
3213110022
2131100220
1311002202
3110022023
1100220233
1002202333
0022023332
0220233321
2202333210
2023332103
0233321032
2333210320
3332103200
3321032002
3210320022
2103200221
1032002211
0320022110
3200221103
2002211033
0022110331
0221103311
2211033111
2110331111
1103311110
1033111103
0331111031
3311110310
3111103101
1111031011
1110310110
1103101102
1031011020
0310110202
3101102020
1011020201
0110202013
1102020133
1020201331
0202013310
2020133100
0201331003
2013310033
0133100333
1331003333
3310033331
3100333310
1003333103
0033331030
0333310302
3333103023
3331030232
3310302320
3103023200
1030232002
0302320022
3023200221
0232002210
2320022102
3200221021
2002210213
0022102131
0221021310
2210213102
2102131022
1021310220
0213102201
2131022010
1310220101
3102201010
1022010100
0220101000
2201010001
2010100013
0101000130
1010001302
0100013023
1000130232
0001302320
0013023200
0130232003
1302320033
3023200330
0232003303
2320033033
3200330332
2003303320
0033033203
0330332033
3303320331
3033203310
0332033103
3320331032
3203310323
2033103230
0331032300
3310323002
3103230020
1032300200
0323002003
3230020032
2300200320
3002003202
0020032021
0200320210
2003202100
0032021000
0320210000
3202100003
2021000033
0210000331
2100003310
1000033103
0000331030
0003310303
0033103030
0331030302
3310303022
3103030221
1030302211
0303022113
3030221131
0302211313
3022113133
0221131331
2211313310
2113133102
1131331022
1313310221
3133102211
1331022110
3310221100
3102211002
1022110022
0221100220
2211002202
2110022022
1100220223
1002202233
0022022332
0220223321
2202233213
2022332133
0223321333
2233213333
2332133333
3321333331
3213333311
2133333113
1333331131
3333311313
3333113133
3331131331
3311313313
3113133133
1131331331
1313313313
3133133133
1331331332
3313313322
3133133221
1331332210
3313322102
3133221021
1332210213
3322102130
3221021302
2210213022
2102130221
1021302213
0213022130
2130221300
1302213002
3022130022
0221300221
2213002210
2130022102
1300221022
3002210222
0022102222
0221022223
2210222232
2102222322
1022223220
0222232201
2222322010
2223220102
2232201020
2322010200
3220102002
2201020020
2010200203
0102002030
1020020302
0200203020
2002030203
0020302031
0203020313
2030203132
0302031322
3020313220
0203132203
2031322031
0313220312
3132203121
1322031210
3220312103
2203121032
2031210322
0312103221
3121032213
1210322132
2103221320
1032213203
0322132033
3221320331
2213203310
2132033101
1320331010
3203310102
2033101023
0331010232
3310102321
3101023210
1010232103
0102321033
1023210330
0232103301
2321033010
3210330100
2103301003
1033010032
0330100322
3301003220
3010032203
0100322033
1003220332
0032203321
0322033213
3220332132
2203321320
2033213203
0332132033
3321320331
3213203311
2132033113
1320331132
3203311322
2033113220
0331132202
3311322021
3113220210
1132202102
1322021020
3220210200
2202102000
2021020000
0210200000
2102000000
1020000000
0200000003
2000000032
0000000323
0000003231
0000032310
0000323103
0003231031
0032310311
0323103111
3231031113
2310311133
3103111331
1031113311
0311133110
3111331103
1113311030
1133110303
1331103030
3311030301
3110303010
1103030101
1030301013
0303010133
3030101333
0301013330
3010133300
0101333003
1013330033
0133300333
1333003330
3330033303
3300333030
3003330301
0033303013
0333030132
3330301321
3303013213
3030132131
0301321310
3013213100
0132131000
1321310003
3213100033
2131000333
1310003330
3100033303
1000333030
0003330301
0033303013
0333030132
3330301320
3303013202
3030132020
0301320203
3013202032
0132020320
1320203203
3202032031
2020320311
0203203110
2032031102
0320311022
3203110220
2031102202
0311022023
3110220232
1102202323
1022023233
0220232333
2202323333
2023233333
0232333332
2323333323
3233333232
2333332323
3333323232
3333232323
3332323232
3323232322
3232323222
2323232220
3232322200
2323222000
3232220001
2322200011
3222000113
2220001133
2200011333
2000113332
0001133320
0011333202
0113332021
1133320210
1333202103
3332021031
3320210310
3202103101
2021031013
0210310131
2103101310
1031013102
0310131022
3101310220
1013102201
0131022013
1310220130
3102201300
1022013003
0220130033
2201300331
2013003311
0130033113
1300331132
3003311322
0033113222
0331132221
3311322211
3113222111
1132221110
1322211102
3222111020
2221110200
2211102003
2111020033
1110200330
1102003300
1020033003
0200330033
2003300333
0033003333
0330033330
3300333303
3003333030
0033330303
0333303032
3333030323
3330303230
3303032303
3030323032
0303230320
3032303201
0323032013
3230320130
2303201303
3032013033
0320130332
3201303321
2013033210
0130332103
1303321031
3033210310
0332103103
3321031032
3210310323
2103103233
1031032331
0310323313
3103233132
1032331322
0323313223
3233132233
2331322332
3313223320
3132233203
1322332032
3223320322
2233203220
2332032203
3320322031
3203220313
2032203130
0322031300
3220313002
2203130022
2031300222
0313002223
3130022233
1300222331
3002223311
0022233111
0222331113
2223311132
2233111323
2331113230
3311132303
3111323032
1113230322
1132303222
1323032221
3230322213
2303222133
3032221333
0322213332
3222133323
2221333232
2213332320
2133323201
1333232010
3332320100
3323201003
3232010033
2320100333
3201003331
2010033311
0100333110
1003331103
0033311031
0333110310
3331103102
3311031022
3110310221
1103102210
1031022103
0310221032
3102210321
1022103210
0221032100
2210321000
2103210001
1032100010
0321000100
3210001000
2100010000
1000100003
0001000032
0010000322
0100003220
1000032202
0000322023
0003220232
0032202321
0322023213
3220232131
2202321311
2023213113
0232131131
2321311310
3213113102
2131131023
1311310232
3113102323
1131023231
1310232313
3102323133
1023231331
0232313313
2323133131
3231331311
2313313110
3133131103
1331311031
3313110313
3131103131
1311031313
3110313133
1103131331
1031313311
0313133113
3131331133
1313311332
3133113322
1331133220
3311332203
3113322033
1133220330
1332203301
3322033010
3220330100
2203301002
2033010020
0330100201
3301002010
3010020102
0100201020
1002010200
0020102000
0201020002
2010200022
0102000222
1020002223
0200022232
2000222320
0002223202
0022232020
0222320201
2223202011
2232020110
2320201101
3202011013
2020110130
0201101301
2011013013
0110130133
1101301332
1013013322
0130133220
1301332203
3013322033
0133220330
1332203303
3322033033
3220330333
2203303333
2033033330
0330333303
3303333033
3033330333
0333303330
3333033302
3330333020
3303330200
3033302003
0333020033
3330200332
3302003320
3020033200
0200332000
2003320001
0033200013
0332000133
3320001331
3200013313
2000133132
0001331322
0013313220
0133132202
1331322020
3313220202
3132202022
1322020222
3220202223
2202022232
2020222322
0202223222
2022232223
0222322230
2223222302
2232223020
2322230202
3222302020
2223020200
2230202000
2302020000
3020200002
0202000021
2020000211
0200002110
2000021101
0000211011
0002110110
0021101102
0211011020
2110110200
1101102002
1011020020
0110200203
1102002030
1020020303
0200203033
2002030331
0020303310
0203033103
2030331031
0303310311
3033103113
0331031132
3310311322
3103113220
1031132203
0311322033
3113220333
1132203333
1322033332
3220333321
2203333210
2033332101
0333321013
3333210132
3332101320
3321013201
3210132010
2101320101
1013201013
0132010130
1320101300
3201013002
2010130022
0101300220
1013002200
0130022000
1300220000
3002200002
0022000021
0220000211
2200002112
2000021123
0000211232
0002112320
0021123202
0211232020
2112320203
1123202030
1232020301
2320203013
3202030132
2020301323
0203013233
2030132333
0301323333
3013233332
0132333322
1323333220
3233332200
2333322002
3333220020
3332200200
3322002000
3220020003
2200200033
2002000332
0020003320
0200033202
2000332022
0003320222
0033202221
0332022210
3320222102
3202221020
2022210200
0222102003
2221020032
2210200323
2102003232
1020032320
0200323202
2003232023
0032320233
0323202333
3232023331
2320233313
3202333131
2023331313
0233313133
2333131333
3331313332
3313133320
3131333200
1313332000
3133320001
1333200013
3332000132
3320001323
3200013232
2000132320
0001323203
0013232032
0132320323
1323203233
3232032333
2320323333
3203233333
2032333332
0323333320
3233333203
2333332033
3333320332
3333203323
3332033232
3320332320
3203323203
2033232030
0332320300
3323203000
3232030000
2320300000
3203000000
2030000002
0300000022
3000000222
0000002220
0000022200
0000222003
0002220033
0022200333
0222003333
2220033333
2200333332
2003333323
0033333233
0333332333
3333323332
3333233322
3332333220
3323332201
3233322013
2333220133
3332201332
3322013320
3220133202
2201332020
2013320200
0133202001
1332020010
3320200102
3202001020
2020010200
0200102000
2001020000
0010200002
0102000020
1020000201
0200002010
2000020103
0000201033
0002010332
0020103323
0201033233
2010332331
0103323313
1033233133
0332331333
3323313331
3233133310
2331333101
3313331010
3133310100
1333101002
3331010022
3310100223
3101002233
1010022330
0100223301
1002233010
0022330103
0223301031
2233010310
2330103100
3301031000
3010310000
0103100003
1031000032
0310000323
3100003230
1000032303
0000323030
0003230303
0032303032
0323030323
3230303232
2303032322
3030323223
0303232230
3032322300
0323223003
3232230030
2322300302
3223003020
2230030202
2300302023
3003020231
0030202313
0302023132
3020231322
0202313220
2023132202
0231322020
2313220200
3132202000
1322020003
3220200030
2202000300
2020003003
0200030033
2000300333
0003003333
0030033332
0300333321
3003333212
0033332123
0333321231
3333212312
3332123123
3321231230
3212312302
2123123021
1231230210
2312302100
3123021000
1230210000
2302100000
3021000003
0210000031
2100000313
1000003133
0000031333
0000313332
0003133323
0031333232
0313332320
3133323203
1333232032
3332320320
3323203203
3232032033
2320320330
3203203303
2032033032
0320330321
3203303213
2033032130
0330321301
3303213013
3032130130
0321301302
3213013020
2130130200
1301302002
3013020020
0130200200
1302002003
3020020031
0200200310
2002003102
0020031020
0200310203
2003102032
0031020321
0310203210
3102032102
1020321020
0203210200
2032102001
0321020010
3210200100
2102001001
1020010010
0200100100
2001001000
0010010000
0100100001
1001000011
0010000111
0100001111
1000011110
0000111100
0001111003
0011110033
0111100331
1111003310
1110033103
1100331033
1003310330
0033103301
0331033010
3310330103
3103301032
1033010320
0330103203
3301032030
3010320303
0103203032
1032030322
0320303222
3203032221
2030322210
0303222102
3032221021
0322210213
3222102133
2221021333
2210213330
2102133303
1021333030
0213330300
2133303000
1333030001
3330300013
3303000130
3030001301
0300013010
3000130102
0001301023
0013010232
0130102323
1301023233
3010232331
0102323311
1023233111
0232331113
2323311131
3233111310
2331113101
3311131013
3111310130
1113101301
1131013013
1310130133
3101301331
1013013312
0130133121
1301331210
3013312102
0133121023
1331210233
3312102331
3121023310
1210233101
2102331013
1023310133
0233101333
2331013333
3310133331
3101333312
1013333123
0133331232
1333312322
3333123220
3331232203
3312322031
3123220311
1232203112
2322031121
3220311213
2203112132
2031121323
0311213233
3112132333
1121323331
1213233312
2132333121
1323331210
3233312102
2333121023
3331210233
3312102333
3121023333
1210233333
2102333331
1023333310
0233333100
2333331003
3333310030
3333100300
3331003000
3310030001
3100300013
1003000131
0030001313
0300013130
3000131300
0001313000
