1211311323
2113113232
1131132320
1311323201
3113232013
1132320132
1323201323
3232013230
2320132302
3201323020
2013230201
0132302013
1323020131
3230201313
2302013133
3020131331
0201313310
2013133102
0131331021
1313310210
3133102100
1331021000
3310210001
3102100011
1021000113
0210001131
2100011311
1000113110
0001131100
0011311001
0113110010
1131100102
1311001021
3110010210
1100102102
1001021020
0010210201
0102102011
1021020113
0210201131
2102011313
1020113131
0201131310
2011313102
0113131023
1131310231
1313102310
3131023101
1310231010
3102310103
1023101033
0231010333
2310103332
3101033323
1010333233
0103332331
1033323313
0333233133
3332331330
3323313300
3233133000
2331330002
3313300021
3133000211
1330002112
3300021120
3000211200
0002112000
0021120003
0211200033
2112000333
1120003331
1200033310
2000333100
0003331000
0033310002
0333100023
3331000233
3310002330
3100023300
1000233002
0002330021
0023300210
0233002103
2330021033
3300210331
3002103312
0021033120
0210331200
2103312000
1033120002
0331200021
3312000212
3120002122
1200021223
2000212231
0002122310
0021223101
0212231013
2122310133
1223101332
2231013321
2310133212
3101332120
1013321203
0133212033
1332120330
3321203302
3212033021
2120330213
1203302132
2033021323
0330213231
3302132311
3021323113
0213231132
2132311323
1323113231
3231132313
2311323132
3113231321
1132313212
1323132120
3231321200
2313212000
3132120001
1321200013
3212000132
2120001321
1200013211
2000132110
0001321100
0013211000
0132110000
1321100002
3211000023
2110000233
1100002332
1000023320
0000233200
0002332002
0023320022
0233200220
2332002202
3320022022
3200220222
2002202223
0022022231
0220222310
2202223103
2022231033
0222310333
2223103333
2231033333
2310333333
3103333330
1033333300
0333333003
3333330033
3333300333
3333003333
3330033331
3300333313
3003333133
0033331333
0333313333
3333133332
3331333323
3313333231
3133332310
1333323103
3333231033
3332310333
3323103333
3231033333
2310333333
3103333330
1033333300
0333333000
3333330003
3333300033
3333000330
3330003301
3300033013
3000330133
0003301333
0033013330
0330133300
3301333002
3013330022
0133300222
1333002220
3330022203
3300222033
3002220331
0022203311
0222033110
2220331102
2203311023
2033110233
0331102333
3311023332
3110233323
1102333231
1023332310
0233323102
2333231023
3332310231
3323102310
3231023100
2310231002
3102310021
1023100213
0231002132
2310021323
3100213232
1002132321
0021323212
0213232121
2132321211
1323212111
3232121113
2321211131
3212111310
2121113101
1211131010
2111310102
1113101022
1131010221
1310102213
3101022132
1010221323
0102213231
1022132310
0221323101
2213231013
2132310132
1323101321
3231013210
2310132102
3101321023
1013210231
0132102313
1321023133
3210231333
2102313332
1023133322
0231333222
2313332221
3133322210
1333222101
3332221011
3322210113
3222101130
2221011300
2210113003
2101130033
1011300333
0113003332
1130033322
1300333220
3003332203
0033322033
0333220333
3332203330
3322033302
3220333020
2203330200
2033302000
0333020002
3330200022
3302000220
3020002202
0200022022
2000220220
0002202203
0022022033
0220220333
2202203333
2022033331
0220333313
2203333131
2033331311
0333313113
3333131133
3331311333
3313113333
3131133333
1311333333
3113333333
1133333330
1333333300
3333333001
3333330013
3333300132
3333001321
3330013212
3300132120
3001321202
0013212020
0132120201
1321202012
3212020121
2120201213
1202012132
2020121323
0201213233
2012132331
0121323313
1213233133
2132331333
1323313330
3233133300
2331333003
3313330033
3133300333
1333003333
3330033333
3300333333
3003333331
0033333312
0333333121
3333331210
3333312103
3333121032
3331210320
3312103200
3121032003
1210320031
2103200313
1032003131
0320031311
3200313113
2003131131
0031311312
0313113120
3131131201
1311312011
3113120111
1131201113
1312011133
3120111330
1201113301
2011133011
0111330113
1113301132
1133011320
1330113200
3301132002
3011320020
0113200203
1132002032
1320020320
3200203201
2002032010
0020320102
0203201020
2032010200
0320102002
3201020020
2010200200
0102002001
1020020010
0200200102
2002001022
0020010220
0200102202
2001022020
0010220200
0102202002
1022020023
0220200232
2202002323
2020023231
0200232310
2002323101
0023231013
0232310131
2323101313
3231013132
2310131320
3101313201
1013132012
0131320121
1313201213
3132012131
1320121311
3201213111
2012131110
0121311102
1213111021
2131110211
1311102111
3111021112
1110211120
1102111202
1021112021
0211120210
2111202103
1112021032
1120210323
1202103231
2021032311
0210323112
2103231120
1032311202
0323112022
3231120220
2311202201
3112022013
1120220131
1202201311
2022013112
0220131121
2201311212
2013112122
0131121222
1311212223
3112122233
1121222331
1212223312
2122233121
1222331211
2223312112
2233121123
2331211232
3312112321
3121123211
1211232111
2112321112
1123211123
1232111231
2321112311
3211123112
2111231122
1112311222
1123112223
1231122231
2311222311
3112223112
1122231122
1222311223
2223112233
2231122331
2311223312
3112233122
1122331220
1223312201
2233122010
2331220101
3312201013
3122010132
1220101320
2201013200
2010132000
0101320000
1013200001
0132000010
1320000101
3200001011
2000010111
0000101112
0001011122
0010111221
0101112211
1011122112
0111221123
1112211231
1122112313
1221123132
2211231320
2112313201
1123132010
1231320100
2313201001
3132010011
1320100110
3201001101
2010011011
0100110113
1001101131
0011011311
0110113113
1101131132
1011311321
0113113212
1131132122
1311321222
3113212220
1132122203
1321222031
3212220311
2122203110
1222031102
2220311020
2203110201
2031102013
0311020130
3110201303
1102013030
1020130300
0201303002
2013030020
0130300200
1303002002
3030020022
0300200220
3002002202
0020022022
0200220222
2002202221
0022022212
0220222120
2202221200
2022212002
0222120020
2221200202
2212002022
2120020220
1200202200
2002022000
0020220000
0202200002
2022000023
0220000233
2200002333
2000023331
0000233311
0002333111
0023331112
0233311123
2333111232
3331112323
3311123232
3111232321
1112323210
1123232103
1232321031
2323210310
3232103102
2321031020
3210310202
2103102020
1031020203
0310202032
3102020321
1020203211
0202032112
2020321123
0203211232
2032112323
0321123231
3211232311
2112323111
1123231110
1232311102
2323111022
3231110223
2311102232
3111022323
1110223233
1102232332
1022323320
0223233200
2232332002
2323320022
3233200222
2332002223
3320022233
3200222330
2002223301
0022233012
0222330120
2223301201
2233012013
2330120132
3301201322
3012013220
0120132201
1201322012
2013220121
0132201213
1322012132
3220121322
2201213223
2012132232
0121322321
1213223211
2132232111
1322321110
3223211103
2232111032
2321110321
3211103211
2111032110
1110321102
1103211023
1032110232
0321102321
3211023212
2110232121
1102321212
1023212123
0232121231
2321212310
3212123100
2121231001
1212310012
2123100122
1231001221
2310012213
3100122131
1001221310
0012213100
0122131002
1221310021
2213100210
2131002100
1310021000
3100210000
1002100002
0021000021
0210000210
2100002100
1000021000
0000210001
0002100011
0021000113
0210001131
2100011310
1000113101
0001131012
0011310123
0113101231
1131012310
1310123100
3101231000
1012310000
0123100002
1231000020
2310000201
3100002011
1000020111
0000201110
0002011103
0020111032
0201110320
2011103200
0111032001
1110320012
1103200121
1032001212
0320012123
3200121233
2001212331
0012123310
0121233103
1212331032
2123310322
1233103223
2331032232
3310322323
3103223232
1032232322
0322323222
3223232221
2232322213
2323222131
3232221310
2322213102
3222131022
2221310221
2213102213
2131022132
1310221321
3102213210
1022132101
0221321012
2213210122
2132101220
1321012202
3210122022
2101220220
1012202200
0122022002
1220220023
2202200233
2022002332
0220023322
2200233221
2002332211
0023322112
0233221120
2332211203
3322112031
3221120310
2211203102
2112031023
1120310230
1203102301
2031023011
0310230111
3102301112
1023011121
0230111210
2301112103
3011121031
0111210313
1112103132
1121031321
1210313210
2103132101
1031321010
0313210100
3132101001
1321010012
3210100121
2101001212
1010012122
0100121220
1001212200
0012122001
0121220013
1212200131
2122001310
1220013102
2200131021
2001310210
0013102100
0131021000
1310210000
3102100001
1021000013
0210000131
2100001313
1000013132
0000131322
0001313222
0013132221
0131322210
1313222100
3132221000
1322210001
3222100013
2221000133
2210001333
2100013332
1000133322
0001333220
0013332202
0133322020
1333220203
3332202033
3322020332
3220203321
2202033213
2020332131
0203321310
2033213100
0332131003
3321310032
3213100320
2131003202
1310032022
3100320223
1003202230
0032022302
0320223020
3202230202
2022302020
0223020200
2230202002
2302020021
3020200212
0202002121
2020021211
0200212111
2002121112
0021211123
0212111233
2121112333
1211123332
2111233323
1112333230
1123332302
1233323020
2333230202
3332302022
3323020220
3230202202
2302022022
3020220221
0202202213
2022022132
0220221320
2202213200
2022132001
0221320012
2213200121
2132001213
1320012133
3200121332
2001213320
0012133202
0121332020
1213320202
2133202023
1332020232
3320202321
3202023210
2020232100
0202321001
2023210010
0232100103
2321001030
3210010300
2100103002
1001030020
0010300200
0103002002
1030020022
0300200220
3002002203
0020022031
0200220310
2002203101
0022031011
0220310111
2203101111
2031011112
0310111120
3101111201
1011112013
0111120130
1111201301
1112013010
1120130100
1201301000
2013010003
0130100030
1301000303
3010003031
0100030310
1000303102
0003031021
0030310211
0303102110
3031021100
0310211002
3102110022
1021100221
0211002212
2110022122
1100221220
1002212202
0022122020
0221220200
2212202000
2122020000
1220200003
2202000031
2020000310
0200003102
2000031023
0000310233
0003102330
0031023300
0310233002
3102330020
1023300200
0233002001
2330020012
3300200122
3002001220
0020012201
0200122010
2001220102
0012201020
0122010200
1220102001
2201020012
2010200120
0102001200
1020012001
0200120011
2001200113
0012001132
0120011320
1200113202
2001132022
0011320220
0113202201
1132022010
1320220102
3202201021
2022010212
0220102120
2201021202
2010212021
0102120210
1021202100
0212021000
2120210001
1202100013
2021000131
0210001310
2100013103
1000131030
0001310303
0013103031
0131030313
1310303131
3103031313
1030313131
0303131311
3031313111
0313131110
3131311100
1313111003
3131110032
1311100321
3111003212
1110032120
1100321203
1003212031
0032120313
0321203133
3212031331
2120313310
1203133100
2031331000
0313310002
3133100021
1331000212
3310002121
3100021213
1000212132
0002121321
0021213210
0212132102
2121321021
1213210210
2132102102
1321021022
3210210221
2102102211
1021022112
0210221120
2102211201
1022112013
0221120131
2211201313
2112013131
1120131311
1201313112
2013131122
0131311221
1313112212
3131122123
1311221231
3112212313
1122123130
1221231302
2212313021
2123130210
1231302103
2313021033
3130210332
1302103322
3021033220
0210332202
2103322020
1033220202
0332202022
3322020223
3220202232
2202022321
2020223210
0202232101
2022321013
0223210131
2232101311
2321013111
3210131111
2101311110
1013111102
0131111022
1311110220
3111102202
1111022020
1110220200
1102202001
1022020010
0220200103
2202001033
2020010331
0200103310
2001033102
0010331022
0103310223
1033102231
0331022310
3310223102
3102231023
1022310231
0223102310
2231023101
2310231010
3102310102
1023101022
0231010222
2310102221
3101022211
1010222111
0102221110
1022211101
0222111011
2221110110
2211101100
2111011001
1110110012
1101100121
1011001211
0110012113
1100121131
1001211311
0012113110
0121131100
1211311001
2113110011
1131100110
1311001101
3110011013
1100110131
1001101311
0011013113
0110131130
1101311300
1013113002
0131130020
1311300201
3113002010
1130020102
1300201020
3002010201
0020102011
0201020113
2010201131
0102011311
1020113111
0201131111
2011311113
0113111131
1131111311
1311113110
3111131102
1111311021
1113110210
1131102100
1311021002
3110210020
1102100201
1021002013
0210020132
2100201320
1002013201
0020132011
0201320113
2013201132
0132011320
1320113200
3201132002
2011320021
0113200212
1132002123
1320021232
3200212320
2002123202
0021232022
0212320222
2123202222
1232022221
2320222212
3202222121
2022221211
0222212111
2222121111
2221211110
2212111103
2121111032
1211110321
2111103210
1111032102
1110321022
1103210220
1032102202
0321022022
3210220222
2102202221
1022022210
0220222101
2202221013
2022210130
0222101302
2221013021
2210130211
2101302112
1013021121
0130211211
1302112110
3021121102
0211211021
2112110213
1121102131
1211021310
2110213100
1102131001
1021310010
0213100103
2131001033
1310010332
3100103320
1001033201
0010332013
0103320133
1033201333
0332013332
3320133322
3201333221
2013332212
0133322121
1333221213
3332212132
3322121323
3221213232
2212132322
2121323220
1213232201
2132322010
1323220103
3232201033
2322010332
3220103322
2201033221
2010332212
0103322120
1033221202
0332212021
3322120213
3221202132
2212021320
2120213202
1202132021
2021320210
0213202102
2132021023
1320210232
3202102320
2021023203
0210232032
2102320323
1023203231
0232032310
2320323103
3203231031
2032310313
0323103131
3231031311
2310313110
3103131100
1031311001
0313110010
3131100103
1311001032
3110010322
1100103222
1001032220
0010322200
0103222002
1032220021
0322200213
3222002133
2220021333
2200213332
2002133320
0021333203
0213332032
2133320323
1333203233
3332032332
3320323320
3203233203
2032332032
0323320320
3233203202
2332032023
3320320233
3203202333
2032023332
0320233320
3202333203
2023332031
0233320310
2333203102
3332031023
3320310230
3203102301
2031023011
0310230113
3102301132
1023011321
0230113211
2301132110
3011321101
0113211011
1132110113
1321101131
3211011310
2110113103
1101131030
1011310302
0113103021
1131030211
1310302110
3103021101
1030211012
0302110121
3021101213
0211012132
2110121322
1101213222
1012132220
0121322203
1213222032
2132220320
1322203201
3222032013
2220320132
2203201322
2032013221
0320132212
3201322121
2013221210
0132212102
1322121021
3221210211
2212102111
2121021110
1210211100
2102111002
1021110021
0211100211
2111002110
1110021102
1100211021
1002110213
0021102130
0211021303
2110213030
1102130301
1021303011
0213030110
2130301102
1303011021
3030110210
0301102102
3011021021
0110210213
1102102130
1021021301
0210213012
2102130122
1021301221
0213012210
2130122103
1301221031
3012210310
0122103100
1221031001
2210310010
2103100102
1031001021
0310010213
3100102131
1001021311
0010213113
0102131131
1021311310
0213113102
2131131023
1311310233
3113102332
1131023322
1310233221
3102332213
1023322131
0233221310
2332213102
3322131021
3221310213
2213102132
2131021321
1310213211
3102132110
1021321102
0213211021
2132110210
1321102103
3211021033
2110210332
1102103322
1021033220
0210332202
2103322021
1033220211
0332202111
3322021110
3220211101
2202111012
2021110121
0211101211
2111012113
1110121132
1101211322
1012113220
0121132203
1211322032
2113220323
1132203231
1322032311
3220323110
2203231100
2032311002
0323110021
3231100210
2311002102
3110021021
1100210210
1002102102
0021021021
0210210210
2102102102
1021021021
0210210210
2102102102
1021021021
0210210210
2102102101
1021021013
0210210131
2102101313
1021013131
0210131313
2101313132
1013131320
0131313201
1313132011
3131320110
1313201101
3132011011
1320110111
3201101113
2011011133
0110111332
1101113322
1011133223
0111332232
1113322322
1133223220
1332232202
3322322022
3223220220
2232202202
2322022022
3220220220
2202202202
2022022020
0220220202
2202202021
2022020210
0220202100
2202021002
2020210022
0202100221
2021002211
0210022110
2100221102
1002211021
0022110210
0221102102
2211021022
2110210222
1102102223
1021022231
0210222310
2102223102
1022231021
0222310210
2223102102
2231021020
2310210202
3102102020
1021020200
0210202001
2102020011
1020200110
0202001101
2020011011
0200110111
2001101110
0011011100
0110111000
1101110003
1011100033
0111000330
1110003300
1100033002
1000330020
0003300201
0033002011
0330020112
3300201120
3002011202
0020112021
0201120210
2011202102
0112021021
1120210213
1202102132
2021021320
0210213202
2102132021
1021320211
0213202111
2132021111
1320211110
3202111102
2021111021
0211110211
2111102110
1111021101
1110211013
1102110130
1021101301
0211013010
2110130102
1101301020
1013010202
0130102020
1301020203
3010202031
0102020310
1020203102
0202031021
2020310210
0203102102
2031021022
0310210222
3102102221
1021022213
0210222131
2102221311
1022213111
0222131111
2221311110
2213111101
2131111010
1311110100
3111101001
1111010010
1110100103
1101001032
1010010323
0100103231
1001032310
0010323101
0103231011
1032310113
0323101130
3231011303
2310113032
3101130322
1011303222
0113032223
1130322231
1303222311
3032223113
0322231133
3222311331
2223113310
2231133100
2311331001
3113310011
1133100113
1331001130
3310011301
3100113010
1001130102
0011301021
0113010210
1130102101
1301021013
3010210130
0102101301
1021013010
0210130102
2101301021
1013010210
0130102101
1301021011
3010210113
0102101131
1021011311
0210113113
2101131131
1011311313
0113113133
1131131330
1311313301
3113133011
1131330111
1313301111
3133011113
1330111131
3301111311
3011113110
0111131103
1111311031
1113110310
1131103101
1311031012
3110310120
1103101202
1031012020
0310120202
3101202021
1012020210
0120202101
1202021010
2020210102
0202101023
2021010230
0210102303
2101023032
1010230320
0102303201
1023032013
0230320130
2303201303
3032013033
0320130331
3201303312
2013033122
0130331220
1303312200
3033122001
0331220010
3312200101
3122001011
1220010110
2200101100
2001011000
0010110002
0101100023
1011000232
0110002322
1100023223
1000232232
0002322321
0023223211
0232232110
2322321100
3223211001
2232110013
2321100131
3211001311
2110013113
1100131130
1001311301
0013113013
0131130130
1311301301
3113013010
1130130102
1301301021
3013010211
0130102110
1301021101
3010211012
0102110121
1021101210
0211012102
2110121021
1101210213
1012102132
0121021322
1210213221
2102132211
1021322110
0213221100
2132211002
1322110022
3221100221
2211002213
2110022131
1100221313
1002213130
0022131302
0221313021
2213130211
2131302113
1313021132
3130211323
1302113230
3021132301
0211323013
2113230131
1132301311
1323013110
3230131101
2301311011
3013110113
0131101133
1311011331
3110113310
1101133102
1011331021
0113310213
1133102130
1331021303
3310213030
3102130303
1021303032
0213030320
2130303202
1303032021
3030320211
0303202111
3032021111
0320211110
3202111102
2021111021
0211110211
2111102110
1111021102
1110211020
1102110202
1021102022
0211020221
2110202211
1102022110
1020221100
0202211003
2022110032
0221100323
2211003230
2110032303
1100323030
1003230301
0032303010
0323030101
3230301011
2303010110
3030101100
0301011003
3010110031
0101100312
1011003121
0110031211
1100312112
1003121120
0031211201
0312112010
3121120101
1211201011
2112010110
1120101101
1201011013
2010110132
0101101322
1011013222
0110132222
1101322223
1013222232
0132222321
1322223211
3222232112
2222321123
2223211231
2232112310
2321123102
3211231023
2112310232
1123102321
1231023211
2310232112
3102321121
1023211210
0232112102
2321121020
3211210201
2112102011
1121020111
1210201110
2102011101
1020111010
0201110102
2011101023
0111010231
1110102311
1101023110
1010231101
0102311010
1023110102
0231101021
2311010210
3110102101
1101021013
1010210132
0102101322
1021013222
0210132220
2101322202
1013222021
0132220210
1322202102
3222021021
2220210210
2202102102
2021021021
0210210211
2102102111
1021021110
0210211103
2102111033
1021110333
0211103330
2111033301
1110333010
1103330101
1033301010
0333010101
3330101010
3301010100
3010101001
0101010013
1010100131
0101001313
1010013131
0100131311
1001313110
0013131102
0131311022
1313110221
3131102211
1311022111
3110221113
1102211132
1022111320
0221113202
2211132022
2111320220
1113202202
1132022022
1320220221
3202202210
2022022102
0220221023
2202210231
2022102313
0221023131
2210231310
2102313102
1023131021
0231310210
2313102101
3131021013
1310210132
3102101320
1021013201
0210132013
2101320132
1013201323
0132013230
1320132303
3201323030
2013230302
0132303021
1323030210
3230302101
2303021010
3030210101
0302101010
3021010103
0210101031
2101010310
1010103101
0101031010
1010310102
0103101020
1031010201
0310102013
3101020133
1010201333
0102013333
1020133333
0201333333
2013333333
0133333331
1333333313
3333333132
3333331321
3333313211
3333132110
3331321100
3313211002
3132110023
1321100232
3211002321
2110023211
1100232111
1002321113
0023211133
0232111333
2321113332
3211133321
2111333210
1113332101
1133321011
1333210110
3332101101
3321011012
3210110120
2101101203
1011012032
0110120321
1101203211
1012032110
0120321101
1203211010
2032110101
0321101010
3211010101
2110101011
1101010112
1010101123
0101011233
1010112331
0101123310
1011233103
0112331033
1123310332
1233103321
2331033211
3310332110
3103321100
1033211001
0332110010
3321100102
3211001020
2110010200
1100102000
1001020000
0010200000
0102000001
1020000010
0200000103
2000001032
0000010320
0000103201
0001032010
0010320100
0103201002
1032010020
0320100200
3201002001
2010020013
0100200133
1002001333
0020013333
0200133333
2001333333
0013333330
0133333303
1333333030
3333330302
3333303023
3333030233
3330302331
3303023313
3030233130
0302331300
3023313000
0233130000
2331300000
3313000003
3130000030
1300000303
3000003030
0000030303
0000303031
0003030313
0030303133
0303031333
3030313332
0303133322
3031333220
0313332203
3133322033
1333220332
3332203322
3322033221
3220332213
2203322131
2033221310
0332213101
3322131010
3221310100
2213101001
2131010010
1310100102
3101001023
1010010232
0100102321
1001023211
0010232113
0102321133
1023211333
0232113333
2321133332
3211333323
2113333230
1133332303
1333323033
3333230332
3332303322
3323033223
3230332233
2303322332
3033223322
0332233220
3322332200
3223322003
2233220033
2332200332
3322003323
3220033232
2200332320
2003323203
0033232033
0332320330
3323203303
3232033030
2320330303
3203303033
2033030333
0330303333
3303033333
3030333333
0303333330
3033333302
0333333020
3333330203
3333302030
3333020303
3330203030
3302030300
3020303003
0203030032
2030300323
0303003233
3030032332
0300323320
3003233200
0032332000
0323320000
3233200001
2332000010
3320000103
3200001033
2000010333
0000103330
0001033300
0010333000
0103330003
1033300031
0333000311
3330003113
3300031131
3000311313
0003113132
0031131323
0311313232
3113132320
1131323202
1313232022
3132320220
1323202201
3232022010
2320220103
3202201030
2022010301
0220103013
2201030132
2010301322
0103013221
1030132213
0301322130
3013221303
0132213032
1322130320
3221303200
2213032003
2130320030
1303200303
3032003030
0320030303
3200303033
2003030330
0030303302
0303033023
3030330230
0303302303
3033023032
0330230323
3302303230
3023032301
0230323013
2303230132
3032301323
0323013232
3230132323
2301323230
3013232303
0132323032
1323230323
3232303232
2323032323
3230323233
2303232331
3032323313
0323233132
3232331321
2323313213
3233132131
2331321313
3313213133
3132131332
1321313323
3213133231
2131332310
1313323103
3133231033
1332310330
3323103303
3231033031
2310330310
3103303103
1033031031
0330310310
3303103103
3031031030
0310310300
3103103003
1031030031
0310300310
3103003102
1030031023
0300310232
3003102323
0031023231
0310232310
3102323103
1023231031
0232310310
2323103102
3231031021
2310310210
3103102103
1031021031
0310210311
3102103113
1021031131
0210311310
2103113103
1031131031
0311310310
3113103103
1131031031
1310310310
3103103103
1031031032
0310310320
3103103203
1031032033
0310320333
3103203332
1032033320
0320333200
3203332002
2033320022
0333200223
3332002233
3320022333
3200223330
2002233300
0022333001
0223330013
2233300131
2333001310
3330013103
3300131031
3001310313
0013103130
0131031300
1310313002
3103130020
1031300202
0313002020
3130020202
1300202021
3002020210
0020202102
0202021022
2020210220
0202102200
2021022003
0210220032
2102200321
1022003213
0220032132
2200321322
2003213222
0032132223
0321322230
3213222300
2132223000
1322230000
3222300001
2223000010
2230000101
2300001011
3000010111
0000101113
0001011131
0010111310
0101113101
1011131013
0111310132
1113101322
1131013221
1310132211
3101322113
1013221133
0132211330
1322113301
3221133013
2211330133
2113301331
1133013313
1330133131
3301331310
3013313101
0133131013
1331310130
3313101300
3131013003
1310130032
3101300323
1013003230
0130032302
1300323023
3003230233
0032302333
0323023333
3230233332
2302333323
3023333230
0233332301
2333323010
3333230102
3332301022
3323010220
3230102200
2301022002
3010220023
0102200230
1022002300
0220023002
2200230020
2002300203
0023002030
0230020303
2300203032
3002030323
0020303232
0203032323
2030323232
0303232323
3032323233
0323232333
3232323330
2323233301
3232333013
2323330132
3233301320
2333013201
3330132010
3301320101
3013201012
0132010122
1320101221
3201012210
2010122103
0101221033
1012210331
0122103313
1221033131
2210331310
2103313103
1033131030
0331310302
3313103023
3131030230
1310302301
3103023010
1030230103
0302301033
3023010331
0230103313
2301033132
3010331321
0103313210
1033132103
0331321033
3313210332
3132103320
1321033200
3210332003
2103320033
1033200333
0332003333
3320033333
3200333332
2003333323
0033333230
0333332301
3333323013
3333230132
3332301323
3323013230
3230132301
2301323010
3013230103
0132301030
1323010303
3230103033
2301030333
3010303333
0103033330
1030333303
0303333033
3033330332
0333303323
3333033230
3330332300
3303323003
3033230033
0332300331
3323003311
3230033111
2300331110
3003311103
0033111032
0331110320
3311103202
3111032020
1110320203
1103202032
1032020321
0320203210
3202032100
2020321002
0203210023
2032100230
0321002303
3210023033
2100230332
1002303320
0023033202
0230332021
2303320210
3033202100
0332021003
3320210032
3202100321
2021003210
0210032102
2100321022
1003210223
0032102233
0321022333
3210223332
2102233320
1022333200
0223332000
2233320003
2333200030
3332000302
3320003020
3200030203
2000302033
0003020330
0030203302
0302033020
3020330200
0203302003
2033020033
0330200333
3302003333
3020033332
0200333322
2003333221
0033332211
0333322110
3333221103
3332211032
3322110320
3221103203
2211032030
2110320303
1103203032
1032030320
0320303201
3203032011
2030320112
0303201123
3032011232
0320112323
3201123231
2011232310
0112323103
1123231031
1232310310
2323103102
3231031023
2310310232
3103102320
1031023200
0310232003
3102320033
1023200330
0232003302
2320033023
3200330231
2003302310
0033023100
0330231000
3302310003
3023100030
0231000303
2310003033
3100030331
1000303313
0003033130
0030331301
0303313013
3033130133
0331301331
3313013313
3130133133
1301331332
3013313323
0133133233
1331332333
3313323332
3133233321
1332333213
3323332133
3233321333
2333213332
3332133322
3321333221
3213332213
2133322131
1333221310
3332213100
3322131000
3221310003
2213100033
2131000330
1310003303
3100033033
1000330332
0003303323
0033033232
0330332323
3303323233
3033232332
0332323322
3323233220
3232332200
2323322000
3233220003
2332200032
3322000321
3220003213
2200032130
2000321303
0003213030
0032130300
0321303001
3213030010
2130300102
1303001022
3030010223
0300102230
3001022301
0010223011
0102230110
1022301103
0223011032
2230110323
2301103230
3011032300
0110323001
1103230013
1032300131
0323001313
3230013133
2300131331
3001313313
0013133130
0131331302
1313313022
3133130222
1331302222
3313022221
3130222211
1302222113
3022221133
0222211330
2222113301
2221133013
2211330132
2113301323
1133013232
1330132323
3301323233
3013232332
0132323321
1323233213
3232332130
2323321302
3233213020
2332130203
3321302032
3213020323
2130203230
1302032302
3020323021
0203230210
2032302102
0323021021
3230210210
2302102100
3021021003
0210210032
2102100321
1021003213
0210032133
2100321332
1003213321
0032133213
0321332133
3213321333
2133213333
1332133330
3321333303
3213333031
2133330313
1333303131
3333031310
3330313102
3303131023
3031310230
0313102301
3131023013
1310230132
3102301321
1023013211
0230132113
2301321133
3013211332
0132113320
1321133203
3211332030
2113320301
1133203011
1332030112
3320301123
3203011233
2030112332
0301123322
3011233223
0112332232
1123322321
1233223211
2332232113
3322321131
3223211313
2232113132
2321131322
3211313220
2113132202
1131322021
1313220211
3132202112
1322021121
3220211210
2202112102
2021121023
0211210230
2112102302
1121023023
1210230232
2102302320
1023023202
0230232022
2302320221
3023202213
0232022133
2320221331
3202213312
2022133123
0221331231
2213312311
2133123110
1331231101
3312311013
3123110132
1231101322
2311013221
3110132210
1101322103
1013221033
0132210332
1322103321
3221033210
2210332102
2103321023
1033210232
0332102323
3321023232
3210232320
2102323200
1023232000
0232320000
2323200001
3232000013
2320000131
3200001311
2000013110
0000131102
0001311021
0013110210
0131102103
1311021030
3110210302
1102103023
1021030233
0210302333
2103023333
1030233332
0302333320
3023333203
0233332033
2333320333
3333203331
3332033311
3320333113
3203331132
2033311321
0333113210
3331132102
3311321022
3113210220
1132102200
1321022002
3210220020
2102200201
1022002011
0220020113
2200201133
2002011333
0020113332
0201133320
2011333201
0113332011
1133320113
1333201132
3332011320
3320113203
3201132033
2011320331
0113203313
1132033133
1320331331
3203313313
2033133131
0331331310
3313313102
3133131021
1331310213
3313102132
3131021321
1310213211
3102132110
1021321103
0213211031
2132110310
1321103102
3211031022
2110310223
1103102231
1031022311
0310223110
3102231100
1022311002
0223110022
2231100221
2311002213
3110022132
1100221322
1002213223
0022132232
0221322323
2213223232
2132232321
1322323213
3223232133
2232321331
2323213313
3232133130
2321331303
3213313031
2133130310
1331303103
3313031033
3130310331
1303103311
3031033113
0310331133
3103311331
1033113313
0331133132
3311331323
3113313231
1133132311
1331323111
3313231110
3132311103
1323111031
3231110311
2311103113
3111031133
1110311333
1103113333
1031133333
0311333331
3113333311
1133333113
1333331130
3333311300
3333113001
3331130011
3311300113
3113001133
1130011333
1300113333
3001133333
0011333331
0113333313
1133333133
1333331330
3333313300
3333133003
3331330033
3313300333
3133003330
1330033303
3300333033
3003330331
0033303313
0333033133
3330331333
3303313330
3033133302
0331333021
3313330210
3133302103
1333021033
3330210330
3302103300
3021033003
0210330033
2103300333
1033003333
0330033330
3300333303
3003333033
0033330333
0333303332
3333033320
3330333200
3303332000
3033320000
0333200003
3332000030
3320000300
3200003000
2000030003
0000300030
0003000303
0030003033
0300030333
3000303332
0003033321
0030333210
0303332100
3033321003
0333210033
3332100330
3321003303
3210033031
2100330310
1003303103
0033031033
0330310333
3303103333
3031033330
0310333300
3103333003
1033330033
0333300331
3333003310
3330033102
3300331020
3003310200
0033102002
0331020021
3310200210
3102002102
1020021021
0200210213
2002102130
0021021300
0210213001
2102130013
1021300132
0213001320
2130013202
1300132023
3001320233
0013202332
0132023320
1320233200
3202332000
2023320003
0233200030
2332000302
3320003022
3200030223
2000302233
0003022332
0030223321
0302233213
3022332132
0223321323
2233213231
2332132310
3321323103
3213231030
2132310303
1323103032
3231030323
2310303232
3103032322
1030323223
0303232230
3032322301
0323223010
3232230100
2322301000
3223010003
2230100033
2301000333
3010003332
0100033323
1000333233
0003332333
0033323330
0333233303
3332333033
3323330333
3233303330
2333033303
3330333031
3303330310
3033303103
0333031033
3330310333
3303103332
3031033323
0310333230
3103332300
1033323000
0333230003
3332300032
3323000323
3230003233
2300032333
3000323331
0003233311
0032333112
0323331123
3233311230
2333112303
3331123030
3311230300
3112303000
1123030000
1230300002
2303000023
3030000233
0300002333
3000023331
0000233311
0002333113
0023331133
0233311333
2333113330
3331133303
3311333033
3113330331
1133303313
1333033133
3330331332
3303313320
3033133203
0331332031
3313320313
3133203130
1332031302
3320313023
3203130233
2031302330
0313023303
3130233032
1302330323
3023303230
0233032301
2330323010
3303230102
3032301020
0323010200
3230102003
2301020030
3010200301
0102003013
1020030133
0200301330
2003013303
0030133030
0301330300
3013303003
0133030033
1330300330
3303003301
3030033010
0300330103
3003301032
0033010320
0330103202
3301032023
3010320231
0103202313
1032023133
0320231333
3202313331
2023133313
0231333131
2313331313
3133313130
1333131300
3331313000
3313130000
3131300002
1313000020
3130000203
1300002030
3000020300
0000203000
0002030002
0020300020
0203000200
2030002000
0300020000
3000200000
0002000001
0020000013
0200000132
2000001322
0000013220
0000132200
0001322002
0013220023
0132200233
1322002333
3220023331
2200233311
2002333111
0023331111
0233311113
2333111131
3331111313
3311113133
3111131333
1111313333
1113133333
1131333333
1313333331
3133333313
1333333133
3333331333
3333313331
3333133313
3331333130
3313331300
3133313001
1333130010
3331300100
3313001000
3130010003
1300100032
3001000320
0010003201
0100032013
1000320133
0003201330
0032013300
0320133003
3201330032
2013300322
0133003220
1330032203
3300322030
3003220303
0032203032
0322030320
3220303203
2203032032
2030320320
0303203200
3032032000
0320320002
3203200021
2032000211
0320002112
3200021121
2000211213
0002112132
0021121323
0211213233
2112132333
1121323333
1213233332
2132333323
1323333230
3233332300
2333323000
3333230002
3332300020
3323000200
3230002003
2300020033
3000200333
0002003332
0020033321
0200333213
2003332132
0033321322
0333213220
3332132200
3321322003
3213220031
2132200310
1322003100
3220031001
2200310010
2003100102
0031001022
0310010220
3100102203
1001022030
0010220301
0102203013
1022030133
0220301333
2203013333
2030133333
0301333332
3013333323
0133333233
1333332333
3333323332
3333233323
3332333232
3323332320
3233323200
2333232000
3332320000
3323200000
3232000000
2320000002
3200000023
2000000233
0000002332
0000023323
0000233232
0002332323
0023323233
0233232331
2332323311
3323233113
3232331131
2323311310
3233113103
2331131033
3311310333
3113103333
1131033330
1310333303
3103333030
1033330303
0333303033
3333030331
3330303313
3303033132
3030331323
0303313230
3033132303
0331323031
3313230311
3132303113
1323031133
3230311330
2303113302
3031133023
0311330233
3113302331
1133023313
1330233131
3302331310
3023313103
0233131033
2331310333
3313103333
3131033332
1310333323
3103333231
1033332310
0333323103
3333231032
3332310323
3323103233
3231032333
2310323333
3103233333
1032333330
0323333300
3233333003
2333330032
3333300321
3333003210
3330032102
3300321023
3003210233
0032102333
0321023331
3210233311
2102333111
1023331113
0233311130
2333111302
3331113022
3311130223
3111302230
1113022300
1130223000
1302230001
3022300010
0223000103
2230001032
2300010322
3000103221
0001032210
0010322103
0103221033
1032210332
0322103323
3221033231
2210332313
2103323133
1033231330
0332313300
3323133000
3231330000
2313300002
3133000021
1330000213
3300002133
3000021330
0000213303
0002133031
0021330313
0213303133
2133031333
1330313333
3303133332
3031333323
0313333230
3133332303
1333323033
3333230330
3332303303
3323033030
3230330303
2303303033
3033030333
0330303332
3303033323
3030333233
0303332333
3033323332
0333233321
3332333210
3323332100
3233321003
2333210030
3332100300
3321003000
3210030000
2100300000
1003000001
0030000010
0300000100
3000001000
0000010000
0000100001
0001000012
0010000121
0100001210
1000012102
0000121020
0001210202
0012102020
0121020200
1210202000
2102020003
1020200030
