1311213322
3112133220
1121332200
1213322000
2133220003
1332200033
3322000330
3220003300
2200033000
2000330002
0003300021
0033000211
0330002112
3300021121
3000211210
0002112102
0021121021
0211210210
2112102101
1121021012
1210210120
2102101202
1021012021
0210120212
2101202121
1012021212
0120212121
1202121212
2021212121
0212121212
2121212121
1212121213
2121212131
1212121313
2121213132
1212131322
2121313220
1213132203
2131322031
1313220311
3132203111
1322031112
3220311121
2203111212
2031112120
0311121202
3111212020
1112120202
1121202020
1212020202
2120202023
1202020233
2020202331
0202023313
2020233131
0202331312
2023313123
0233131233
2331312330
3313123303
3131233030
1312330300
3123303000
1233030000
2330300001
3303000010
3030000101
0300001013
3000010131
0000101311
0001013112
0010131121
0101311210
1013112101
0131121012
1311210121
3112101212
1121012121
1210121210
2101212103
1012121031
0121210310
1212103102
2121031023
1210310232
2103102322
1031023220
0310232203
3102322033
1023220333
0232203331
2322033312
3220333122
2203331223
2033312231
0333122313
3331223131
3312231310
3122313100
1223131002
2231310023
2313100231
3131002313
1310023133
3100231332
1002313320
0023133202
0231332022
2313320223
3133202231
1332022311
3320223110
3202231102
2022311021
0223110213
2231102132
2311021322
3110213220
1102132200
1021322000
0213220001
2132200010
1322000100
3220001000
2200010000
2000100000
0001000001
0010000013
0100000130
1000001300
0000013003
0000130030
0001300303
0013003030
0130030303
1300303033
3003030333
0030303330
0303033303
3030333030
0303330303
3033303030
0333030300
3330303000
3303030000
3030300002
0303000020
3030000200
0300002000
3000020000
0000200000
0002000001
0020000013
0200000133
2000001333
0000013333
0000133330
0001333303
0013333033
0133330333
1333303330
3333033303
3330333033
3303330332
3033303320
0333033202
3330332022
3303320222
3033202222
0332022223
3320222231
3202222312
2022223122
0222231223
2222312232
2223122323
2231223231
2312232312
3122323123
1223231232
2232312321
2323123212
3231232121
2312321213
3123212132
1232121320
2321213200
3212132001
2121320012
1213200121
2132001212
1320012123
3200121232
2001212323
0012123233
0121232330
1212323302
2123233023
1232330232
2323302320
3233023202
2330232023
3302320232
3023202320
0232023202
2320232020
3202320200
2023202001
0232020010
2320200103
3202001033
2020010333
0200103333
2001033331
0010333313
0103333130
1033331300
0333313002
3333130022
3331300220
3313002200
3130022003
1300220033
3002200333
0022003333
0220033331
2200333310
2003333100
0033331002
0333310023
3333100233
3331002333
3310023333
3100233333
1002333332
0023333323
0233333233
2333332333
3333323333
3333233333
3332333333
3323333333
3233333330
2333333300
3333333000
3333330001
3333300011
3333000111
3330001111
3300011112
3000111120
0001111200
0011112003
0111120030
1111200302
1112003021
1120030212
1200302123
2003021233
0030212333
0302123331
3021233312
0212333123
2123331230
1233312303
2333123032
3331230320
3312303200
3123032003
1230320031
2303200313
3032003130
0320031301
3200313013
2003130131
0031301312
0313013120
3130131201
1301312011
3013120111
0131201111
1312011113
3120111130
1201111301
2011113011
0111130113
1111301131
1113011310
1130113100
1301131002
3011310020
0113100203
1131002032
1310020320
3100203201
1002032012
0020320122
0203201220
2032012201
0320122012
3201220120
2012201202
0122012021
1220120210
2201202100
2012021002
0120210020
1202100201
2021002010
0210020100
2100201002
1002010020
0020100202
0201002023
2010020231
0100202313
1002023132
0020231323
0202313231
2023132312
0231323122
2313231220
3132312201
1323122012
3231220121
2312201211
3122012111
1220121111
2201211112
2012111120
0121111202
1211112021
2111120211
1111202111
1112021112
1120211120
1202111202
2021112021
0211120210
2111202103
1112021032
1120210323
1202103231
2021032311
0210323112
2103231120
1032311202
0323112022
3231120220
2311202203
3112022033
1120220331
1202203311
2022033112
0220331121
2203311212
2033112122
0331121222
3311212222
3112122223
1121222231
1212222313
2122223131
1222231311
2222313112
2223131123
2231311232
2313112323
3131123231
1311232311
3112323111
1123231113
1232311131
2323111311
3231113112
2311131121
3111311211
1113112113
1131121131
1311211313
3112113132
1121131322
1211313223
2113132233
1131322331
1313223313
3132233132
1322331322
3223313221
2233132213
2331322131
3313221312
3132213123
1322131232
3221312321
2213123213
2131232131
1312321312
3123213122
1232131220
2321312201
3213122012
2131220123
1312201232
3122012322
1220123220
2201232202
2012322020
0123220201
1232202011
2322020112
3220201122
2202011221
2020112212
0201122122
2011221223
0112212232
1122122322
1221223221
2212232212
2122322123
1223221232
2232212321
2322123212
3221232121
2212321212
2123212121
1232121212
2321212121
3212121212
2121212121
1212121212
2121212120
1212121201
2121212012
1212120123
2121201231
1212012312
2120123122
1201231221
2012312212
0123122122
1231221221
2312212212
3122122120
1221221202
2212212021
2122120213
1221202132
2212021320
2120213200
1202132000
2021320000
0213200000
2132000002
1320000023
3200000233
2000002332
0000023322
0000233220
0002332201
0023322012
0233220122
2332201222
3322012222
3220122220
2201222202
2012222022
0122220220
1222202201
2222022012
2220220120
2202201202
2022012021
0220120210
2201202101
2012021012
0120210120
1202101202
2021012020
0210120200
2101202001
1012020010
0120200100
1202001001
2020010012
0200100120
2001001202
0010012020
0100120200
1001202002
0012020023
0120200233
1202002331
2020023311
0200233111
2002331112
0023311121
0233111210
2331112102
3311121023
3111210232
1112102321
1121023210
1210232103
2102321031
1023210311
0232103112
2321031121
3210311212
2103112120
1031121202
0311212022
3112120221
1121202211
1212022112
2120221123
1202211232
2022112323
0221123231
2211232312
2112323121
1123231210
1232312102
2323121022
3231210223
2312102232
3121022321
1210223213
2102232133
1022321330
0223213300
2232133002
2321330022
3213300222
2133002221
1330022213
3300222130
3002221301
0022213012
0222130120
2221301201
2213012013
2130120132
1301201322
3012013220
0120132201
1201322012
2013220121
0132201213
1322012131
3220121312
2201213123
2012131232
0121312321
1213123211
2131232113
1312321132
3123211323
1232113232
2321132321
3211323211
2113232112
1132321122
1323211223
3232112232
2321122321
3211223212
2112232121
1122321212
1223212123
2232121232
2321212321
3212123210
2121232101
1212321012
2123210122
1232101221
2321012212
3210122121
2101221211
1012212110
0122121102
1221211021
2212110210
2121102100
1211021000
2110210000
1102100000
1021000001
0210000010
2100000100
1000001002
0000010021
0000100211
0001002112
0010021121
0100211210
1002112101
0021121012
0211210123
2112101232
1121012320
1210123200
2101232002
1012320021
0123200212
1232002122
2320021221
3200212211
2002122110
0021221100
0212211003
2122110032
1221100320
2211003200
2110032001
1100320012
1003200121
0032001212
0320012123
3200121233
2001212331
0012123310
0121233103
1212331032
2123310322
1233103223
2331032232
3310322323
3103223232
1032232322
0322323222
3223232221
2232322211
2323222111
3232221110
2322211102
3222111022
2221110221
2211102211
2111022112
1110221121
1102211212
1022112121
0221121212
2211212121
2112121211
1121212112
1212121121
2121211210
1212112100
2121121002
1211210021
2112100213
1121002131
1210021312
2100213121
1002131210
0021312102
0213121020
2131210201
1312102011
3121020110
1210201102
2102011023
1020110230
0201102301
2011023011
0110230111
1102301113
1023011131
0230111310
2301113101
3011131011
0111310113
1113101132
1131011321
1310113210
3101132101
1011321010
0113210100
1132101001
1321010012
3210100121
2101001211
1010012112
0100121120
1001211202
0012112021
0121120213
1211202132
2112021320
1120213202
1202132021
2021320210
0213202100
2132021000
1320210000
3202100001
2021000011
0210000111
2100001113
1000011132
0000111322
0001113222
0011132221
0111322210
1113222100
1132221002
1322210023
3222100233
2221002330
2210023303
2100233032
1002330322
0023303220
0233032202
2330322020
3303220203
3032202033
0322020332
3220203321
2202033213
2020332132
0203321320
2033213200
0332132001
3321320012
3213200120
2132001203
1320012030
3200120301
2001203010
0012030102
0120301020
1203010202
2030102020
0301020200
3010202002
0102020021
1020200212
0202002123
2020021231
0200212311
2002123110
0021231103
0212311033
2123110331
1231103312
2311033123
3110331230
1103312302
1033123020
0331230200
3312302002
3123020020
1230200202
2302002022
3020020221
0200202213
2002022132
0020221320
0202213202
2022132021
0221320212
2213202121
2132021211
1320212113
3202121130
2021211301
0212113012
2121130121
1211301212
2113012123
1130121232
1301212321
3012123210
0121232100
1212321001
2123210010
1232100101
2321001010
3210010100
2100101002
1001010020
0010100200
0101002002
1010020022
0100200220
1002002203
0020022031
0200220310
2002203101
0022031011
0220310111
2203101111
2031011112
0310111120
3101111201
1011112013
0111120130
1111201301
1112013010
1120130100
1201301000
2013010003
0130100030
1301000301
3010003011
0100030110
1000301102
0003011021
0030110211
0301102110
3011021101
0110211012
1102110122
1021101221
0211012212
2110122120
1101221200
1012212002
0122120022
1221200220
2212002200
2120022000
1200220003
2002200031
0022000310
0220003102
2200031021
2000310211
0003102110
0031021100
0310211002
3102110020
1021100200
0211002001
2110020012
1100200122
1002001223
0020012231
0200122310
2001223102
0012231022
0122310222
1223102221
2231022212
2310222120
3102221202
1022212022
0222120222
2221202222
2212022222
2120222220
1202222200
2022222002
0222220020
2222200202
2222002022
2220020222
2200202223
2002022231
0020222311
0202223111
2022231112
0222311120
2223111202
2231112021
2311120210
3111202101
1112021010
1120210101
1202101012
2021010121
0210101210
2101012101
1010121012
0101210123
1012101231
0121012313
1210123131
2101231311
1012313110
0123131101
1231311011
2313110110
3131101100
1311011001
3110110012
1101100121
1011001211
0110012110
1100121103
1001211031
0012110313
0121103133
1211031331
2110313310
1103133100
1031331000
0313310002
3133100021
1331000210
3310002101
3100021013
1000210132
0002101321
0021013210
0210132100
2101321001
1013210010
0132100100
1321001002
3210010021
2100100211
1001002112
0010021120
0100211203
1002112033
0021120331
0211203313
2112033131
1120331311
1203313110
2033131102
0331311021
3313110210
3131102103
1311021031
3110210311
1102103110
1021031102
0210311021
2103110210
1031102103
0311021032
3110210322
1102103222
1021032220
0210322202
2103222020
1032220202
0322202022
3222020223
2220202232
2202022321
2020223210
0202232101
2022321013
0223210131
2232101311
2321013111
3210131111
2101311111
1013111110
0131111102
1311111021
3111110212
1111102120
1111021202
1110212021
1102120210
1021202102
0212021023
2120210231
1202102310
2021023102
0210231022
2102310221
1023102211
0231022110
2310221102
3102211023
1022110231
0221102311
2211023111
2110231110
1102311102
1023111022
0231110222
2311102223
3111022231
1110222311
1102223111
1022231111
0222311111
2223111112
2231111120
2311111201
3111112013
1111120131
1111201311
1112013112
1120131121
1201311211
2013112111
0131121110
1311211101
3112111011
1121110110
1211101101
2111011011
1110110111
1101101111
1011011111
0110111110
1101111100
1011111000
0111110000
1111100003
1111000033
1110000332
1100003320
1000033203
0000332032
0003320321
0033203213
0332032131
3320321310
3203213102
2032131022
0321310221
3213102210
2131022102
1310221022
3102210221
1022102210
0221022100
2210221000
2102210000
1022100002
0221000023
2210000232
2100002320
1000023202
0000232021
0002320211
0023202110
0232021100
2320211000
3202110002
2021100021
0211000212
2110002123
1100021232
1000212320
0002123202
0021232022
0212320222
2123202220
1232022201
2320222012
3202220121
2022201211
0222012111
2220121110
2201211103
2012111033
0121110332
1211103321
2111033210
1110332102
1103321022
1033210220
0332102203
3321022032
3210220322
2102203221
1022032210
0220322103
2203221031
2032210312
0322103121
3221031210
2210312102
2103121023
1031210233
0312102330
3121023301
1210233011
2102330112
1023301123
0233011233
2330112332
3301123322
3011233221
0112332213
1123322131
1233221313
2332213132
3322131322
3221313221
2213132212
2131322122
1313221222
3132212221
1322122210
3221222102
2212221021
2122210212
1222102123
2221021231
2210212310
2102123102
1021231021
0212310213
2123102133
1231021330
2310213300
3102133001
1021330010
0213300103
2133001031
1330010312
3300103120
3001031201
0010312013
0103120133
1031201333
0312013331
3120133312
1201333121
2013331212
0133312120
1333121203
3331212032
3312120323
3121203232
1212032322
2120323220
1203232201
2032322011
0323220113
3232201132
2322011322
3220113222
2201132222
2011322222
0113222220
1132222200
1322222001
3222220013
2222200132
2222001320
2220013202
2200132021
2001320210
0013202102
0132021023
1320210232
3202102320
2021023201
0210232012
2102320123
1023201231
0232012310
2320123103
3201231031
2012310313
0123103131
1231031312
2310313121
3103131210
1031312101
0313121010
3131210103
1312101032
3121010322
1210103220
2101032202
1010322020
0103220202
1032202021
0322020213
3220202133
2202021333
2020213332
0202133320
2021333203
0213332032
2133320323
1333203232
3332032322
3320323221
3203232211
2032322112
0323221120
3232211202
2322112023
3221120233
2211202333
2112023332
1120233320
1202333201
2023332011
0233320110
2333201102
3332011023
3320110230
3201102301
2011023011
0110230113
1102301132
1023011321
0230113211
2301132110
3011321101
0113211011
1132110113
1321101130
3211011300
2110113001
1101130012
1011300122
0113001222
1130012221
1300122210
3001222101
0012221011
0122210111
1222101111
2221011112
2210111122
2101111222
1011112221
0111122210
1111222101
1112221012
1122210122
1222101220
2221012203
2210122032
2101220322
1012203220
0122032203
1220322032
2203220320
2032203202
0322032021
3220320213
2203202131
2032021310
0320213102
3202131021
2021310212
0213102122
2131021221
1310212211
3102122110
1021221102
0212211021
2122110212
1221102122
2211021223
2110212233
1102122332
1021223322
0212233220
2122332203
1223322032
2233220320
2332203201
3322032011
3220320110
2203201100
2032011002
0320110020
3201100202
2011002021
0110020211
1100202111
1002021111
0020211110
0202111102
2021111023
0211110233
2111102331
1111023311
1110233110
1102331102
1023311021
0233110211
2331102111
3311021113
3110211131
1102111310
1021113102
0211131022
2111310223
1113102232
1131022322
1310223222
3102232223
1022322232
0223222321
2232223213
2322232130
3222321301
2223213011
2232130110
2321301102
3213011021
2130110211
1301102111
3011021113
0110211132
1102111322
1021113223
0211132232
2111322320
1113223202
1132232022
1322320220
3223202203
2232022031
2320220310
3202203102
2022031020
0220310202
2203102021
2031020211
0310202110
3102021102
1020211021
0202110210
2021102102
0211021020
2110210202
1102102020
1021020200
0210202001
2102020010
1020200100
0202001001
2020010012
0200100121
2001001210
0010012101
0100121010
1001210103
0012101031
0121010310
1210103100
2101031000
1010310000
0103100001
1031000010
0310000102
3100001020
1000010202
0000102021
0001020210
0010202102
0102021021
1020210213
0202102132
2021021320
0210213202
2102132023
1021320231
0213202311
2132023113
1320231130
3202311302
2023113021
0231130211
2311302110
3113021103
1130211033
1302110330
3021103303
0211033032
2110330322
1103303221
1033032213
0330322131
3303221311
3032213113
0322131133
3221311331
2213113310
2131133100
1311331001
3113310011
1133100113
1331001132
3310011321
3100113210
1001132102
0011321021
0113210210
1132102101
1321021013
3210210130
2102101301
1021013010
0210130101
2101301011
1013010110
0130101101
1301011012
3010110123
0101101231
1011012311
0110123110
1101231101
1012311013
0123110133
1231101331
2311013312
3110133123
1101331231
1013312311
0133123113
1331231131
3312311313
3123113132
1231131321
2311313211
3113132113
1131321133
1313211331
3132113311
1321133111
3211331110
2113311103
1133111031
1331110310
3311103103
3111031032
1110310321
1103103210
1031032103
0310321031
3103210310
1032103102
0321031021
3210310211
2103102112
1031021122
0310211221
3102112211
1021122113
0211221131
2112211310
1122113102
1221131023
2211310230
2113102301
1131023012
1310230120
3102301201
1023012013
0230120130
2301201301
3012013010
0120130101
1201301011
2013010112
0130101120
1301011202
3010112021
0101120210
1011202102
0112021021
1120210211
1202102110
2021021102
0210211021
2102110211
1021102112
0211021122
2110211221
1102112213
1021122131
0211221311
2112213112
1122131121
1221311212
2213112123
2131121231
1311212311
3112123113
1121231130
1212311303
2123113033
1231130330
2311303301
3113033013
1130330131
1303301312
3033013122
0330131223
3301312232
3013122322
0131223222
1312232221
3122322211
1223222110
2232221102
2322211022
3222110222
2221102221
2211022213
2110222131
1102221312
1022213121
0222131213
2221312133
2213121333
2131213330
1312133303
3121333033
1213330331
2133303311
1333033110
3330331101
3303311011
3033110113
0331101133
3311011333
3110113330
1101133300
1011333001
0113330013
1133300130
1333001301
3330013010
3300130103
3001301032
0013010320
0130103202
1301032023
3010320233
0103202331
1032023313
0320233130
3202331302
2023313021
0233130211
2331302110
3313021102
3130211020
1302110202
3021102022
0211020221
2110202211
1102022111
1020221110
0202211103
2022111032
0221110323
2211103230
2111032301
1110323010
1103230101
1032301011
0323010111
3230101111
2301011111
3010111110
0101111103
1011111031
0111110310
1111103101
1111031011
1110310112
1103101120
1031011202
0310112020
3101120201
1011202011
0112020111
1120201110
1202011102
2020111023
0201110231
2011102310
0111023102
1110231022
1102310221
1023102211
0231022110
2310221101
3102211010
1022110102
0221101021
2211010211
2110102111
1101021111
1010211111
0102111110
1021111102
0211111021
2111110210
1111102101
1111021013
1110210132
1102101322
1021013222
0210132220
2101322201
1013222011
0132220110
1322201102
3222011021
2220110210
2201102102
2011021021
0110210211
1102102112
1021021122
0210211223
2102112231
1021122313
0211223130
2112231301
1122313010
1223130101
2231301010
2313010101
3130101010
1301010102
3010101021
0101010213
1010102131
0101021313
1010213131
0102131311
1021313110
0213131102
2131311020
1313110201
3131102011
1311020111
3110201113
1102011132
1020111320
0201113202
2011132020
0111320200
1113202001
1132020010
1320200101
3202001010
2020010101
0200101010
2001010101
0010101010
0101010103
1010101032
0101010321
1010103210
0101032101
1010321012
0103210121
1032101210
0321012100
3210121000
2101210001
1012100010
0121000101
1210001010
2100010101
1000101010
0001010103
0010101030
0101010301
1010103010
0101030101
1010301010
0103010103
1030101032
0301010320
3010103200
0101032002
1010320020
0103200200
1032002000
0320020001
3200200010
2002000101
0020001010
0200010101
2000101012
0001010121
0010101210
0101012101
1010121010
0101210101
1012101010
0121010102
1210101020
2101010202
1010102020
0101020201
1010202010
0102020101
1020201010
0202010101
2020101010
0201010101
2010101010
0101010101
1010101010
0101010101
1010101010
0101010101
1010101012
0101010121
1010101210
0101012101
1010121010
0101210103
1012101032
0121010321
1210103210
2101032102
1010321023
0103210232
1032102320
0321023202
3210232020
2102320203
1023202033
0232020330
2320203303
3202033033
2020330333
0203303333
2033033330
0330333301
3303333010
3033330100
0333301002
3333010022
3330100221
3301002213
3010022132
0100221320
1002213203
0022132032
0221320322
2213203221
2132032211
1320322111
3203221110
2032211101
0322111010
3221110103
2211101031
2111010312
1110103120
1101031202
1010312020
0103120201
1031202011
0312020111
3120201113
1202011132
2020111321
0201113210
2011132103
0111321031
1113210310
1132103101
1321031013
3210310131
2103101313
1031013133
0310131331
3101313311
1013133113
0131331132
1313311323
3133113230
1331132300
3311323000
3113230002
1132300021
1323000210
3230002101
2300021010
3000210101
0002101010
0021010101
0210101013
2101010133
1010101332
0101013320
1010133200
0101332003
1013320030
0133200301
1332003013
3320030131
3200301310
2003013101
0030131011
0301310110
3013101102
0131011020
1310110202
3101102022
1011020220
0110202200
1102022002
1020220020
0202200201
2022002013
0220020132
2200201320
2002013200
0020132000
0201320002
2013200020
0132000200
1320002000
3200020000
2000200002
0002000021
0020000213
0200002132
2000021322
0000213220
0002132201
0021322013
0213220133
2132201333
1322013333
3220133330
2201333300
2013333000
0133330000
1333300000
3333000000
3330000000
3300000002
3000000020
0000000202
0000002021
0000020210
0000202102
0002021021
0020210213
0202102131
2021021310
0210213101
2102131012
1021310120
0213101201
2131012012
1310120123
3101201232
1012012321
0120123211
1201232113
2012321133
0123211333
1232113333
2321133333
3211333331
2113333310
1133333103
1333331031
3333310313
3333103133
3331031333
3310313330
3103133300
1031333000
0313330000
3133300003
1333000031
3330000312
3300003121
3000031211
0000312113
0003121132
0031211320
0312113203
3121132032
1211320321
2113203211
1132032110
1320321100
3203211003
2032110033
0321100330
3211003302
2110033020
1100330203
1003302030
0033020303
0330203030
3302030303
3020303030
0203030303
2030303033
0303030333
3030303333
0303033333
3030333330
0303333302
3033333021
0333330211
3333302113
3333021133
3330211332
3302113320
3021133203
0211332033
2113320332
1133203321
1332033212
3320332120
3203321202
2033212020
0332120200
3321202000
3212020000
2120200002
1202000020
2020000202
0200002020
2000020200
0000202000
0002020001
0020200010
0202000103
2020001033
0200010333
2000103333
0001033333
0010333331
0103333313
1033333132
0333331321
3333313212
3333132120
3331321200
3313212000
3132120000
1321200002
3212000020
2120000200
1200002002
2000020020
0000200200
0002002003
0020020031
0200200311
2002003113
0020031131
0200311313
2003113132
0031131323
0311313232
3113132320
1131323202
1313232022
3132320220
1323202201
3232022013
2320220133
3202201330
2022013300
0220133003
2201330033
2013300330
0133003300
1330033003
3300330033
3003300330
0033003303
0330033033
3300330332
3003303323
0033033230
0330332301
3303323013
3033230133
0332301333
3323013330
3230133302
2301333023
3013330230
0133302303
1333023032
3330230323
3302303230
3023032301
0230323013
2303230132
3032301323
0323013232
3230132323
2301323230
3013232303
0132323032
1323230323
3232303233
2323032333
3230323333
2303233331
3032333313
0323333133
3233331330
2333313301
3333133011
3331330113
3313301133
3133011333
1330113333
3301133331
3011333311
0113333110
1133331102
1333311020
3333110202
3331102021
3311020213
3110202132
1102021320
1020213203
0202132030
2021320302
0213203022
2132030222
1320302220
3203022203
2030222033
0302220333
3022203333
0222033330
2220333303
2203333033
2033330331
0333303313
3333033132
3330331323
3303313230
3033132302
0331323022
3313230222
3132302220
1323022200
3230222000
2302220000
3022200003
0222000032
2220000322
2200003220
2000032203
0000322033
0003220331
0032203313
0322033133
3220331333
2203313331
2033133313
0331333133
3313331333
3133313333
1333133333
3331333333
3313333333
3133333332
1333333323
3333333233
3333332330
3333323302
3333233023
3332330233
3323302333
3233023332
2330233323
3302333233
3023332333
0233323332
2333233321
3332333213
3323332133
3233321333
2333213333
3332133333
3321333333
3213333333
2133333333
1333333333
3333333333
3333333333
3333333333
3333333330
3333333300
3333333001
3333330013
3333300130
3333001300
3330013000
3300130001
3001300011
0013000110
0130001101
1300011013
3000110131
0001101313
0011013133
0110131330
1101313302
1013133021
0131330211
1313302112
3133021123
1330211233
3302112331
3021123313
0211233132
2112331321
1123313211
1233132113
2331321130
3313211302
3132113023
1321130231
3211302310
2113023103
1130231031
1302310311
3023103113
0231031131
2310311310
3103113103
1031131032
0311310322
3113103223
1131032230
1310322300
3103223003
1032230033
0322300333
3223003333
2230033333
2300333330
3003333303
0033333033
0333330333
3333303333
3333033333
3330333333
3303333330
3033333300
0333333000
3333330003
3333300030
3333000300
3330003002
3300030021
3000300211
0003002113
0030021131
0300211313
3002113130
0021131302
0211313022
2113130220
1131302203
1313022033
3130220331
1302203313
3022033132
0220331323
2203313233
2033132333
0331323332
3313233321
3132333213
1323332133
3233321331
2333213312
3332133121
3321331213
3213312130
2133121302
1331213023
3312130232
3121302322
1213023220
2130232201
1302322011
3023220113
0232201133
2322011331
3220113310
2201133103
2011331032
0113310321
1133103211
1331032112
3310321123
3103211231
1032112312
0321123121
3211231212
2112312123
1123121231
1231212311
2312123113
3121231130
1212311301
2123113010
1231130103
2311301033
3113010330
1130103300
1301033002
3010330023
0103300233
1033002331
0330023310
3300233101
3002331013
0023310133
0233101333
2331013330
3310133300
3101333003
1013330033
0133300330
1333003303
3330033033
3300330333
3003303331
0033033313
0330333133
3303331332
3033313323
0333133230
3331332303
3313323033
3133230333
1332303330
3323033303
3230333032
2303330320
3033303203
0333032033
3330320330
3303203303
3032033033
0320330330
3203303300
2033033000
0330330000
3303300001
3033000013
0330000131
3300001313
3000013133
0000131331
0001313311
0013133113
0131331132
1313311320
3133113203
1331132032
3311320321
3113203213
1132032133
1320321333
3203213330
2032133302
0321333020
