1332001133
3320011333
3200113332
2001133323
0011333231
0113332310
1133323101
1333231011
3332310111
3323101111
3231011113
2310111131
3101111310
1011113101
0111131012
1111310123
1113101233
1131012332
1310123321
3101233210
1012332101
0123321010
1233210101
2332101011
3321010110
3210101100
2101011000
1010110002
0101100020
1011000201
0110002010
1100020103
1000201032
0002010321
0020103211
0201032111
2010321113
0103211130
1032111302
0321113023
3211130232
2111302320
1113023203
1130232033
1302320330
3023203300
0232033000
2320330003
3203300032
2033000321
0330003213
3300032132
3000321320
0003213203
0032132033
0321320333
3213203333
2132033332
1320333323
3203333232
2033332323
0333323230
3333232301
3332323012
3323230120
3232301203
2323012033
3230120332
2301203323
3012033231
0120332311
1203323110
2033231101
0332311012
3323110122
3231101220
2311012201
3110122012
1101220121
1012201211
0122012110
1220121100
2201211000
2012110000
0121100001
1211000010
2110000100
1100001003
1000010031
0000100310
0001003101
0010031010
0100310102
1003101020
0031010202
0310102021
3101020213
1010202132
0102021321
1020213213
0202132133
2021321332
0213213320
2132133203
1321332033
3213320333
2133203332
1332033323
3320333233
3203332333
2033323333
0333233330
3332333300
3323333003
3233330033
2333300330
3333003301
3330033011
3300330110
3003301102
0033011021
0330110210
3301102101
3011021010
0110210100
1102101000
1021010000
0210100003
2101000032
1010000321
0100003211
1000032110
0000321103
0003211031
0032110310
0321103102
3211031023
2110310231
1103102313
1031023132
0310231322
3102313222
1023132220
0231322201
2313222012
3132220123
1322201232
3222012320
2220123203
2201232031
2012320312
0123203122
1232031222
2320312221
3203122210
2031222102
0312221020
3122210202
1222102022
2221020223
2210202232
2102022323
1020223230
0202232301
2022323013
0223230131
2232301310
2323013101
3230131010
2301310102
3013101023
0131010230
1310102302
3101023023
1010230232
0102302323
1023023230
0230232300
2302323000
3023230003
0232300030
2323000301
3230003013
2300030132
3000301321
0003013213
0030132132
0301321323
3013213230
0132132300
1321323000
3213230003
2132300030
1323000302
3230003023
2300030233
3000302332
0003023321
0030233211
0302332113
3023321132
0233211320
2332113203
3321132032
3211320322
2113203223
1132032232
1320322322
3203223221
2032232213
0322322133
3223221333
2232213332
2322133320
3221333201
2213332010
2133320102
1333201023
3332010232
3320102320
3201023202
2010232021
0102320213
1023202130
0232021302
2320213021
3202130213
2021302133
0213021331
2130213313
1302133132
3021331320
0213313202
2133132023
1331320233
3313202333
3132023333
1320233331
3202333311
2023333111
0233331113
2333311133
3333111331
3331113313
3311133133
3111331333
1113313333
1133133333
1331333330
3313333302
3133333020
1333330201
3333302013
3333020132
3330201323
3302013233
3020132333
0201323333
2013233331
0132333311
1323333112
3233331121
2333311210
3333112101
3331121013
3311210132
3112101322
1121013221
1210132213
2101322133
1013221333
0132213333
1322133333
3221333333
2213333333
2133333333
1333333333
3333333331
3333333311
3333333113
3333331133
3333311333
3333113333
3331133332
3311333320
3113333200
1133332003
1333320031
3333200313
3332003133
3320031331
3200313313
2003133133
0031331330
0313313300
3133133003
1331330032
3313300323
3133003233
1330032333
3300323331
3003233310
0032333103
0323331031
3233310313
2333103131
3331031313
3310313133
3103131333
1031313330
0313133300
3131333001
1313330010
3133300100
1333001000
3330010001
3300100013
3001000131
0010001311
0100013113
1000131130
0001311303
0013113032
0131130320
1311303200
3113032002
1130320023
1303200233
3032002332
0320023320
3200233200
2002332000
0023320001
0233200011
2332000112
3320001122
3200011220
2000112200
0001122000
0011220002
0112200023
1122000233
1220002333
2200023332
2000233321
0002333213
0023332131
0233321313
2333213130
3332131300
3321313001
3213130010
2131300103
1313001033
3130010333
1300103331
3001033311
0010333110
0103331102
1033311021
0333110212
3331102120
3311021200
3110212002
1102120022
1021200223
0212002230
2120022303
1200223033
2002230330
0022303300
0223033002
2230330023
2303300231
3033002310
0330023103
3300231032
3002310320
0023103203
0231032032
2310320321
3103203210
1032032102
0320321022
3203210220
2032102200
0321022003
3210220031
2102200313
1022003132
0220031321
2200313212
2003132120
0031321201
0313212010
3132120102
1321201020
3212010202
2120102020
1201020201
2010202010
0102020100
1020201003
0202010030
2020100300
0201003002
2010030021
0100300210
1003002100
0030021001
0300210010
3002100102
0021001023
0210010233
2100102331
1001023310
0010233100
0102331003
1023310032
0233100320
2331003200
3310032003
3100320031
1003200310
0032003100
0320031000
3200310000
2003100003
0031000032
0310000322
3100003220
1000032200
0000322003
0003220032
0032200320
0322003202
3220032021
2200320210
2003202101
0032021013
0320210131
3202101313
2021013130
0210131300
2101313002
1013130021
0131300210
1313002102
3130021021
1300210211
3002102110
0021021100
0210211003
2102110033
1021100330
0211003302
2110033020
1100330203
1003302032
0033020321
0330203213
3302032132
3020321322
0203213221
2032132210
0321322102
3213221021
2132210211
1322102112
3221021120
2210211202
2102112020
1021120203
0211202032
2112020322
1120203220
1202032200
2020322002
0203220020
2032200203
0322002031
3220020310
2200203100
2002031002
0020310023
0203100232
2031002322
0310023223
3100232232
1002322320
0023223201
0232232010
2322320101
3223201011
2232010110
2320101102
3201011021
2010110213
0101102131
1011021313
0110213132
1102131320
1021313200
0213132002
2131320023
1313200230
3132002300
1320023002
3200230021
2002300210
0023002101
0230021010
2300210102
3002101023
0021010230
0210102302
2101023020
1010230202
0102302021
1023020213
0230202132
2302021321
3020213213
0202132132
2021321321
0213213210
2132132103
1321321031
3213210313
2132103132
1321031321
3210313210
2103132100
1031321001
0313210010
3132100100
1321001001
3210010010
2100100102
1001001021
0010010210
0100102102
1001021022
0010210221
0102102213
1021022131
0210221313
2102213131
1022131311
0221313110
2213131102
2131311022
1313110221
3131102210
1311022102
3110221021
1102210210
1022102100
0221021002
2210210022
2102100221
1021002210
0210022100
2100221001
1002210013
0022100133
0221001331
2210013313
2100133130
1001331301
0013313013
0133130130
1331301301
3313013010
3130130100
1301301001
3013010010
0130100102
1301001021
3010010210
0100102100
1001021000
0010210001
0102100010
1021000100
0210001002
2100010023
1000100232
0001002322
0010023220
0100232203
1002322033
0023220332
0232203320
2322033200
3220332000
2203320003
2033200031
0332000313
3320003131
3200031311
2000313113
0003131130
0031311300
0313113000
3131130000
1311300002
3113000021
1130000210
1300002102
3000021023
0000210232
0002102320
0021023203
0210232030
2102320300
1023203000
0232030001
2320300010
3203000102
2030001020
0300010202
3000102020
0001020201
0010202011
0102020110
1020201101
0202011013
2020110132
0201101321
2011013210
0110132102
1101321022
1013210220
0132102200
1321022003
3210220033
2102200332
1022003321
0220033213
2200332133
2003321331
0033213311
0332133110
3321331102
3213311020
2133110200
1331102003
3311020031
3110200310
1102003100
1020031000
0200310000
2003100003
0031000033
0310000330
3100003303
1000033032
0000330323
0003303232
0033032323
0330323232
3303232323
3032323232
0323232323
3232323232
2323232322
3232323221
2323232211
3232322110
2323221101
3232211013
2322110131
3221101313
2211013133
2110131331
1101313313
1013133132
0131331322
1313313223
3133132232
1331322320
3313223203
3132232032
1322320320
3223203202
2232032021
2320320210
3203202103
2032021031
0320210311
3202103113
2021031131
0210311310
2103113101
1031131010
0311310100
3113101001
1131010010
1310100101
3101001010
1010010103
0100101033
1001010333
0010103332
0101033321
1010333210
0103332102
1033321023
0333210232
3332102321
3321023211
3210232113
2102321132
1023211323
0232113232
2321132323
3211323231
2113232313
1132323132
1323231323
3232313232
2323132322
3231323221
2313232211
3132322110
1323221103
3232211032
2322110320
3221103203
2211032032
2110320320
1103203201
1032032011
0320320111
3203201111
2032011111
0320111111
3201111110
2011111102
0111111022
1111110223
1111102232
1111022320
1110223203
1102232031
1022320310
0223203101
2232031011
2320310111
3203101111
2031011113
0310111131
3101111310
1011113102
0111131021
1111310210
1113102102
1131021020
1310210203
3102102032
1021020321
0210203210
2102032102
1020321021
0203210210
2032102102
0321021020
3210210203
2102102031
1021020311
0210203113
2102031132
1020311321
0203113210
2031132102
0311321021
3113210210
1132102102
1321021021
3210210210
2102102100
1021021002
0210210023
2102100231
1021002311
0210023113
2100231132
1002311323
0023113231
0231132313
2311323131
3113231311
1132313113
1323131131
3231311310
2313113102
3131131021
1311310210
3113102102
1131021021
1310210213
3102102131
1021021311
0210213110
2102131100
1021311002
0213110021
2131100211
1311002111
3110021113
1100211131
1002111311
0021113113
0211131131
2111311311
1113113110
1131131102
1311311021
3113110210
1131102102
1311021021
3110210210
1102102102
1021021021
0210210210
2102102102
1021021022
0210210221
2102102210
1021022102
0210221023
2102210231
1022102310
0221023103
2210231032
2102310321
1023103213
0231032132
2310321321
3103213210
1032132102
0321321021
3213210210
2132102102
1321021021
3210210210
2102102100
1021021001
0210210010
2102100100
1021001001
0210010013
2100100130
1001001301
0010013010
0100130100
1001301002
0013010020
0130100202
1301002023
3010020233
0100202333
1002023333
0020233330
0202333301
2023333010
0233330100
2333301002
3333010020
3330100200
3301002000
3010020001
0100200010
1002000102
0020001021
0200010210
2000102100
0001021002
0010210020
0102100202
1021002021
0210020210
2100202102
1002021023
0020210233
0202102330
2021023301
0210233010
2102330103
1023301031
0233010313
2330103133
3301031331
3010313310
0103133102
1031331021
0313310213
3133102133
1331021333
3310213333
3102133332
1021333321
0213333210
2133332102
1333321021
3333210210
3332102102
3321021021
3210210210
2102102102
1021021021
0210210210
2102102102
1021021021
0210210210
2102102102
1021021021
0210210210
2102102100
1021021001
0210210010
2102100102
1021001021
0210010210
2100102102
1001021021
0010210210
0102102102
1021021021
0210210210
2102102102
1021021021
0210210210
2102102100
1021021001
0210210010
2102100102
1021001021
0210010210
2100102102
1001021021
0010210210
0102102102
1021021021
0210210210
2102102102
1021021021
0210210210
2102102100
1021021001
0210210010
2102100102
1021001021
0210010210
2100102102
1001021021
0010210210
0102102102
1021021021
0210210210
2102102100
1021021001
0210210010
2102100102
1021001021
0210010210
2100102102
1001021021
0010210210
0102102102
1021021021
0210210210
2102102102
1021021021
0210210210
2102102100
1021021001
0210210010
2102100102
1021001021
0210010210
2100102102
1001021021
0010210210
0102102102
1021021021
0210210210
2102102102
1021021021
0210210210
2102102102
1021021021
0210210210
2102102100
1021021001
0210210010
2102100102
1021001021
0210010211
2100102110
1001021101
0010211011
0102110111
1021101111
0211011111
2110111112
1101111121
1011111211
0111112110
1111121101
1111211011
1112110112
1121101121
1211011211
2110112110
1101121101
1011211010
0112110103
1121101031
1211010311
2110103113
1101031132
1010311322
0103113220
1031132200
0311322000
3113220002
1132200021
1322000210
3220002100
2200021002
2000210021
0002100210
0021002100
0210021000
2100210000
1002100002
0021000020
0210000202
2100002021
1000020210
0000202102
0002021021
0020210210
0202102102
2021021021
0210210210
2102102102
1021021021
0210210210
2102102100
1021021001
0210210010
2102100102
1021001021
0210010210
2100102102
1001021021
0010210210
0102102102
1021021021
0210210210
2102102102
1021021021
0210210210
2102102102
1021021021
0210210210
2102102102
1021021023
0210210233
2102102332
1021023322
0210233221
2102332210
1023322102
0233221021
2332210210
3322102101
3221021010
2210210102
2102101021
1021010210
0210102102
2101021021
1010210213
0102102133
1021021332
0210213323
2102133231
1021332313
0213323133
2133231331
1332313311
3323133110
3231331102
2313311021
3133110210
1331102102
3311021021
3110210210
1102102102
1021021021
0210210213
2102102131
1021021310
0210213103
2102131031
1021310311
0213103110
2131031102
1310311020
3103110203
1031102032
0311020321
3110203210
1102032100
1020321001
0203210010
2032100100
0321001003
3210010033
2100100332
1001003321
0010033210
0100332102
1003321021
0033210210
0332102102
3321021021
3210210210
2102102102
1021021021
0210210210
2102102102
1021021021
0210210210
2102102101
1021021011
0210210113
2102101132
1021011321
0210113213
2101132132
1011321320
0113213202
1132132021
1321320211
3213202113
2132021130
1320211301
3202113010
2021130102
0211301021
2113010212
1130102122
1301021221
3010212210
0102122102
1021221022
0212210222
2122102220
1221022201
2210222013
2102220131
1022201310
0222013103
2220131031
2201310313
2013103131
0131031311
1310313110
3103131103
1031311033
0313110331
3131103311
1311033110
3110331101
1103311011
1033110113
0331101132
3311011322
3110113221
1101132211
1011322110
0113221102
1132211022
1322110221
3221102210
2211022102
2110221021
1102210211
1022102111
0221021113
2210211133
2102111331
1021113311
0211133113
2111331132
1113311323
1133113231
1331132311
3311323110
3113231100
1132311003
1323110031
3231100310
2311003101
3110031013
1100310132
1003101321
0031013211
0310132113
3101321131
1013211310
0132113100
1321131002
3211310021
2113100213
1131002132
1310021322
3100213221
1002132213
0021322133
0213221330
2132213300
1322133002
3221330023
2213300231
2133002311
1330023113
3300231132
3002311321
0023113213
0231132132
2311321320
3113213202
1132132020
1321320203
3213202031
2132020311
1320203110
3202031102
2020311021
0203110210
2031102102
0311021023
3110210233
1102102330
1021023303
0210233032
2102330322
1023303220
0233032200
2330322000
3303220002
3032200020
0322000200
3220002002
2200020023
2000200232
0002002320
0020023201
0200232013
2002320132
0023201322
0232013220
2320132202
3201322023
2013220233
0132202331
1322023310
3220233101
2202331010
2023310102
0233101023
2331010230
3310102303
3101023032
1010230322
0102303220
1023032200
0230322002
2303220020
3032200201
0322002010
3220020100
2200201003
2002010032
0020100322
0201003221
2010032210
0100322103
1003221033
0032210330
0322103300
3221033000
2210330001
2103300010
1033000101
0330001012
3300010122
3000101220
0001012202
0010122022
0101220222
1012202221
0122022213
1220222132
2202221322
2022213220
0222132201
2221322011
2213220113
2132201131
1322011310
3220113101
2201131011
2011310110
0113101101
1131011011
1310110110
3101101100
1011011003
0110110033
1101100331
1011003311
0110033113
1100331131
1003311311
0033113113
0331131131
3311311313
3113113130
1131131301
1311313013
3113130130
1131301301
1313013011
3130130113
1301301131
3013011311
0130113113
1301131131
3011311311
0113113110
1131131101
1311311011
3113110110
1131101101
1311011013
3110110133
1101101331
1011013311
0110133110
1101331100
1013311000
0133110002
1331100021
3311000210
3110002103
1100021031
1000210310
0002103101
0021031011
0210310110
2103101101
1031011011
0310110111
3101101110
1011011103
0110111031
1101110310
1011103101
0111031011
1110310111
1103101110
1031011103
0310111031
3101110310
1011103103
0111031033
1110310331
1103103311
1031033110
0310331103
3103311032
1033110322
0331103223
3311032230
3110322300
1103223000
1032230003
0322300032
3223000322
2230003220
2300032201
3000322010
0003220102
0032201023
0322010231
3220102313
2201023133
2010231331
0102313310
1023133102
0231331023
2313310231
3133102311
1331023113
3310231131
3102311310
1023113100
0231131003
2311310030
3113100301
1131003010
1310030100
3100301002
1003010022
0030100221
0301002212
3010022120
0100221202
1002212020
0022120201
0221202010
2212020102
2120201021
1202010213
2020102131
0201021312
2010213123
0102131231
1021312310
0213123101
2131231010
1312310101
3123101012
1231010120
2310101202
3101012022
1010120220
0101202202
1012022020
0120220201
1202202013
2022020132
0220201322
2202013222
2020132222
0201322221
2013222211
0132222113
1322221131
3222211313
2222113131
2221131310
2211313101
2113131010
1131310101
1313101013
3131010131
1310101313
3101013131
1010131313
0101313130
1013131303
0131313032
1313130322
3131303221
1313032211
3130322110
1303221103
3032211032
0322110322
3221103223
2211032232
2110322323
1103223233
1032232333
0322323332
3223233321
2232333210
2323332100
3233321002
2333210023
3332100232
3321002322
3210023221
2100232211
1002322113
0023221132
0232211322
2322113221
3221132213
2211322132
2113221323
1132213232
1322132320
3221323200
2213232000
2132320002
1323200021
3232000210
2320002103
3200021033
2000210333
0002103332
0021033323
0210333232
2103332320
1033323200
0333232002
3332320020
3323200203
3232002033
2320020333
3200203333
2002033332
0020333322
0203333220
2033332201
0333322010
3333220102
3332201023
3322010233
3220102333
2201023333
2010233333
0102333330
1023333300
0233333000
2333330002
3333300021
3333000210
3330002101
3300021011
3000210113
0002101133
0021011330
0210113300
2101133001
1011330010
0113300100
1133001003
1330010032
3300100320
3001003202
0010032021
0100320210
1003202103
0032021032
0320210321
3202103210
2021032103
0210321033
2103210332
1032103322
0321033220
3210332203
2103322032
1033220320
0332203201
3322032011
3220320112
2203201120
2032011200
0320112002
3201120021
2011200210
0112002101
1120021013
1200210132
2002101321
0021013211
0210132111
2101321110
1013211102
0132111023
1321110232
3211102323
2111023231
1110232312
1102323120
1023231202
0232312023
2323120232
3231202321
2312023210
3120232100
1202321000
2023210003
0232100032
2321000321
3210003210
2100032102
1000321022
0003210223
0032102232
0321022322
3210223223
2102232232
1022322321
0223223210
2232232102
2322321021
3223210210
2232102102
2321021023
3210210233
2102102330
1021023302
0210233020
2102330200
1023302000
0233020003
2330200031
3302000311
3020003110
0200031102
2000311021
0003110213
0031102133
0311021333
3110213331
1102133313
1021333130
0213331300
2133313000
1333130002
3331300020
3313000200
3130002001
1300020012
3000200121
0002001212
0020012120
0200121200
2001212001
0012120012
0121200123
1212001231
2120012313
1200123133
2001231331
0012313310
0123133100
1231331002
2313310021
3133100210
1331002100
3310021003
3100210032
1002100320
0021003203
0210032032
2100320320
1003203201
0032032011
0320320111
3203201110
2032011101
0320111013
3201110133
2011101332
0111013321
1110133210
1101332101
1013321010
0133210103
1332101032
3321010321
3210103212
2101032120
1010321201
0103212011
1032120111
0321201113
3212011131
2120111310
1201113102
2011131020
0111310202
1113102021
1131020211
1310202111
3102021110
1020211100
0202111000
2021110001
0211100011
2111000110
1110001103
1100011031
1000110313
0001103131
0011031311
0110313111
1103131110
1031311100
0313111000
3131110001
1311100011
3111000113
1110001131
1100011313
1000113130
0001131300
0011313000
0113130003
1131300031
1313000313
3130003132
1300031322
3000313223
0003132232
0031322323
0313223231
3132232313
1322323130
3223231302
2232313023
2323130232
3231302323
2313023231
3130232310
1302323101
3023231011
0232310110
2323101103
3231011032
2310110323
3101103231
1011032312
0110323120
1103231200
1032312002
0323120020
3231200200
2312002001
3120020010
1200200103
2002001032
0020010323
0200103233
2001032332
0010323322
0103233220
1032332202
0323322020
3233220201
2332202010
3322020103
3220201031
2202010311
2020103111
0201031111
2010311110
0103111101
1031111010
0311110102
3111101020
1111010202
1110102021
1101020213
1010202133
0102021330
1020213301
0202133011
2021330113
0213301131
2133011310
1330113100
3301131000
3011310001
0113100011
1131000111
1310001111
3100011113
1000111130
0001111301
0011113011
0111130110
1111301101
1113011010
1130110101
1301101011
3011010110
0110101100
1101011001
1010110012
0101100122
1011001221
0110012211
1100122111
1001221111
0012211110
0122111102
1221111023
2211110231
2111102310
1111023101
1110231011
1102310111
1023101111
0231011112
2310111120
3101111203
1011112033
0111120330
1111203301
1112033011
1120330111
1203301110
2033011102
0330111022
3301110222
3011102220
0111022201
1110222011
1102220111
1022201113
0222011131
2220111310
2201113102
2011131023
0111310230
1113102300
1131023003
1310230031
3102300310
1023003101
0230031011
2300310111
3003101111
0031011110
0310111102
3101111021
1011110211
0111102110
1111021102
1110211023
1102110232
1021102323
0211023232
2110232321
1102323211
1023232111
0232321110
2323211100
3232111003
2321110032
3211100323
2111003232
1110032322
1100323222
1003232220
0032322202
0323222021
3232220211
2322202110
3222021103
2220211030
2202110301
2021103012
0211030120
2110301200
1103012002
1030120022
0301200221
3012002212
0120022120
1200221201
2002212010
0022120103
0221201033
2212010331
2120103310
1201033102
2010331020
0103310201
1033102010
0331020100
3310201000
3102010003
1020100030
0201000301
2010003010
0100030100
1000301001
0003010010
0030100103
0301001033
3010010331
0100103311
1001033111
0010331110
0103311103
1033111032
0331110323
3311103231
3111032310
1110323103
1103231031
1032310310
0323103102
3231031020
2310310202
3103102020
1031020203
0310202033
3102020332
1020203321
0202033211
2020332111
0203321111
2033211111
0332111110
3321111100
3211111001
2111110013
1111100130
1111001303
1110013032
1100130320
1001303200
0013032003
0130320033
1303200333
3032003333
0320033330
3200333303
2003333030
0033330300
0333303000
3333030000
3330300000
3303000003
3030000032
0300000321
3000003210
0000032102
0000321020
0003210203
0032102032
0321020323
3210203231
2102032310
1020323102
0203231020
2032310201
0323102011
3231020113
2310201131
3102011311
1020113110
0201131103
2011311033
0113110333
1131103330
1311033301
3110333013
1103330133
1033301330
0333013303
3330133032
3301330321
3013303210
0133032100
1330321001
3303210013
3032100131
0321001313
3210013131
2100131310
1001313103
0013131030
0131310300
1313103002
3131030022
1310300221
3103002210
1030022102
0300221022
3002210221
0022102213
0221022130
2210221303
2102213031
1022130310
0221303103
2213031032
2130310322
1303103220
3031032202
0310322023
3103220231
1032202310
0322023103
3220231031
2202310313
2023103132
0231031320
2310313201
3103132010
1031320102
0313201022
3132010221
1320102210
3201022102
2010221023
0102210233
1022102330
0221023300
2210233001
2102330010
1023300101
0233001013
2330010133
3300101330
3001013300
0010133003
0101330032
1013300320
0133003200
1330032000
3300320003
3003200033
0032000333
0320003330
3200033301
2000333010
0003330102
0033301021
0333010213
3330102132
3301021322
3010213223
0102132233
1021322333
0213223330
2132233301
1322333010
3223330101
2233301012
2333010122
3330101220
3301012201
3010122010
0101220103
1012201033
0122010333
1220103332
2201033321
2010333213
0103332133
1033321330
0333213301
3332133013
3321330133
3213301331
2133013310
1330133102
3301331022
3013310221
0133102212
1331022123
3310221230
3102212300
1022123003
0221230032
2212300321
2123003210
1230032102
2300321021
3003210210
0032102100
0321021001
3210210013
2102100133
1021001332
0210013322
2100133220
1001332200
0013322002
0133220020
1332200200
3322002003
3220020032
2200200321
2002003210
0020032102
0200321023
2003210230
0032102301
0321023012
3210230123
2102301231
1023012310
0230123103
2301231030
3012310300
0123103003
1231030031
2310300313
3103003133
1030031330
0300313302
3003133021
0031330211
0313302113
3133021132
1330211321
3302113210
3021132101
0211321010
2113210100
1132101000
1321010003
3210100032
2101000323
1010003233
0100032333
1000323333
0003233332
0032333323
0323333233
3233332331
2333323312
3333233120
3332331202
3323312023
3233120230
2331202302
3312023020
3120230200
1202302000
2023020000
0230200003
2302000032
3020000323
0200003233
2000032330
0000323300
0003233000
0032330002
0323300022
3233000220
2330002202
3300022021
3000220210
0002202102
0022021023
0220210230
2202102303
2021023032
0210230322
2102303220
1023032201
0230322012
2303220122
3032201223
0322012232
3220122322
2201223220
2012232203
0122322032
1223220320
2232203200
2322032002
3220320023
2203200230
2032002302
0320023020
3200230200
2002302003
0023020030
0230200301
2302003011
3020030110
0200301102
2003011020
0030110200
0301102002
3011020021
0110200212
1102002120
1020021200
0200212002
2002120022
0021200223
0212002231
2120022310
1200223101
2002231010
0022310100
0223101000
2231010000
2310100002
3101000020
1010000203
0100002030
1000020300
0000203001
0002030010
0020300102
0203001022
2030010220
0300102200
3001022002
0010220023
0102200231
1022002311
0220023113
2200231130
2002311301
0023113013
0231130133
2311301333
3113013330
1130133302
1301333023
3013330230
0133302300
1333023000
3330230000
3302300000
3023000000
0230000001
2300000010
3000000103
0000001030
0000010301
0000103011
0001030113
0010301130
0103011301
1030113011
0301130110
3011301102
0113011023
1130110233
1301102333
3011023330
0110233302
1102333022
1023330221
0233302213
2333022130
3330221303
3302213032
3022130322
0221303220
2213032202
2130322021
1303220210
3032202102
0322021021
3220210213
2202102131
2021021313
0210213133
2102131330
1021313300
0213133003
2131330032
1313300321
3133003211
1330032110
3300321102
3003211023
0032110233
0321102333
3211023332
2110233321
1102333210
1023332102
0233321022
2333210221
3332102213
3321022132
3210221321
2102213211
1022132113
0221321133
2213211332
2132113322
1321133221
3211332210
2113322102
1133221020
1332210202
3322102020
3221020202
2210202021
2102020210
1020202102
0202021023
2020210233
0202102333
2021023330
0210233301
2102333011
1023330113
0233301133
2333011333
3330113332
3301133321
3011333213
0113332130
1133321300
1333213002
3332130023
3321300230
3213002300
2130023001
1300230011
3002300111
0023001113
0230011132
2300111322
3001113220
0011132201
0111322013
1113220132
1132201320
1322013203
3220132031
2201320310
2013203100
0132031003
1320310030
3203100300
2031003003
0310030032
3100300321
1003003210
0030032103
0300321031
3003210311
0032103110
0321031102
3210311021
2103110212
1031102122
0311021221
3110212211
1102122113
1021221131
0212211311
2122113113
1221131132
2211311321
2113113210
1131132102
1311321022
3113210221
1132102211
1321022112
3210221123
2102211231
1022112311
0221123110
2211231101
2112311012
1123110120
1231101200
2311012002
3110120020
1101200201
1012002011
0120020113
1200201131
2002011310
0020113100
0201131003
2011310032
0113100322
1131003222
1310032223
3100322231
1003222311
0032223111
0322231113
3222311132
2223111322
2231113220
2311132201
3111322011
1113220110
1132201101
1322011010
3220110103
2201101031
2011010312
0110103120
1101031201
1010312010
0103120102
1031201021
0312010210
3120102100
1201021003
2010210032
0102100322
1021003222
0210032220
2100322200
1003222001
0032220010
0322200102
3222001021
2220010210
2200102102
2001021023
0010210231
0102102311
1021023110
0210231102
2102311022
1023110223
0231102233
2311022332
3110223321
1102233213
1022332131
0223321310
2233213101
2332131011
3321310113
3213101131
2131011310
1310113102
3101131021
1011310211
0113102110
1131021101
1310211010
3102110101
1021101010
0211010103
2110101030
1101010301
1010103010
0101030101
1010301013
0103010131
1030101310
0301013100
3010131003
0101310031
1013100311
0131003110
1310031103
3100311032
1003110323
0031103231
0311032310
3110323100
1103231002
1032310022
0323100220
3231002200
2310022002
3100220020
1002200202
0022002021
0220020211
2200202110
2002021102
0020211023
0202110232
2021102320
0211023203
2110232033
1102320332
1023203321
0232033210
2320332102
3203321020
2033210202
0332102022
3321020220
3210202203
2102022032
1020220320
0202203200
2022032002
0220320020
2203200201
2032002013
0320020132
3200201323
2002013231
0020132311
0201323110
2013231100
0132311003
1323110032
3231100323
2311003231
3110032311
1100323113
1003231133
0032311330
0323113302
3231133023
2311330232
3113302320
1133023201
1330232010
3302320100
3023201001
0232010010
2320100102
3201001021
2010010213
0100102130
1001021300
0010213003
0102130031
1021300310
0213003101
2130031010
1300310102
3003101023
0031010231
0310102311
3101023110
1010231102
0102311020
1023110200
0231102003
2311020033
3110200330
1102003302
1020033020
0200330200
2003302002
0033020020
0330200203
3302002032
3020020320
0200203201
2002032010
0020320102
0203201020
2032010202
0320102020
3201020202
2010202020
0102020203
1020202033
0202020332
2020203320
0202033200
2020332002
0203320020
2033200200
0332002002
3320020020
3200200202
2002002021
0020020211
0200202113
2002021133
0020211333
0202113330
2021133303
0211333031
2113330313
1133303132
1333031320
3330313200
3303132002
3031320020
0313200202
3132002021
1320020213
3200202132
2002021322
0020213220
0202132200
2021322003
0213220030
2132200300
1322003002
3220030020
2200300200
2003002001
0030020013
0300200132
3002001320
0020013201
0200132013
2001320133
0013201332
0132013323
1320133232
3201332320
2013323200
0133232000
1332320001
3323200011
3232000113
2320001131
3200011310
2000113102
0001131021
0011310212
0113102123
1131021232
1310212320
3102123200
1021232002
0212320022
2123200222
1232002220
2320022201
3200222010
2002220103
0022201030
0222010303
2220103031
2201030310
2010303101
0103031013
1030310132
0303101320
3031013201
0310132011
3101320113
1013201133
0132011331
1320113310
3201133103
2011331030
0113310300
1133103001
1331030011
3310300110
3103001101
1030011013
0300110131
3001101311
0011013110
0110131101
1101311010
1013110100
0131101001
1311010011
3110100110
1101001103
1010011032
0100110320
1001103200
0011032003
0110320030
1103200303
1032003033
0320030333
3200303332
2003033320
0030333201
0303332010
3033320100
0333201000
3332010003
3320100033
3201000333
2010003333
0100033333
1000333330
0003333301
0033333013
0333330132
3333301323
3333013232
3330132320
3301323201
3013232013
0132320130
1323201303
3232013033
2320130333
3201303330
2013033303
0130333033
1303330330
3033303300
0333033002
3330330023
3303300230
3033002303
0330023032
3300230322
3002303220
0023032203
0230322030
2303220300
3032203000
0322030002
3220300022
2203000220
2030002202
0300022020
3000220201
0002202010
0022020102
0220201021
2202010211
2020102111
0201021113
2010211130
0102111300
1021113000
0211130002
2111300022
1113000220
1130002200
1300022001
3000220013
0002200133
0022001330
0220013303
2200133033
2001330330
0013303300
0133033002
1330330021
3303300211
3033002110
0330021102
3300211021
3002110211
0021102111
0211021113
2110211133
1102111333
1021113332
0211133322
2111333222
1113332220
1133322203
1333222033
3332220331
3322203310
3222033102
2220331023
2203310230
2033102301
0331023011
3310230110
3102301100
1023011001
0230110010
2301100102
3011001022
0110010221
1100102210
1001022100
0010221000
0102210003
1022100033
0221000332
2210003321
2100033213
1000332133
0003321332
0033213323
0332133233
3321332333
3213323332
2133233321
1332333212
3323332123
3233321231
2333212313
3332123131
3321231310
3212313101
2123131013
1231310133
2313101333
3131013331
1310133313
3101333131
1013331313
0133313131
1333131313
3331313131
3313131313
3131313133
1313131331
3131313311
1313133113
3131331131
1313311313
3133113131
1331131313
3311313131
3113131313
1131313133
1313131333
3131313330
1313133303
3131333031
1313330313
3133303133
1333031333
3330313331
3303133313
3031333131
0313331313
3133313133
1333131333
3331313332
3313133323
3131333233
1313332333
3133323330
1333233303
3332333033
3323330333
3233303333
2333033333
3330333333
3303333333
3033333331
0333333313
3333333133
3333331333
3333313333
3333133331
3331333313
3313333133
3133331333
1333313333
3333133332
3331333323
3313333233
3133332333
1333323333
3333233333
3332333333
3323333333
3233333333
2333333330
3333333302
3333333020
3333330200
3333302002
3333020020
3330200203
3302002033
3020020330
0200203300
2002033000
0020330000
0203300000
2033000000
0330000000
3300000002
3000000020
0000000201
0000002010
0000020100
0000201000
0002010000
0020100000
0201000001
2010000013
0100000132
1000001320
0000013203
0000132033
0001320333
0013203333
0132033331
1320333313
3203333133
2033331332
0333313320
3333133202
3331332020
3313320201
3133202010
1332020100
3320201000
3202010000
2020100000
0201000002
2010000020
0100000200
1000002001
0000020013
0000200132
0002001323
0020013233
0200132331
2001323313
0013233133
0132331333
1323313331
3233133313
2331333130
3313331303
3133313030
1333130300
3331303003
3313030032
3130300322
1303003221
3030032213
0300322133
3003221333
0032213332
0322133321
3221333211
2213332111
2133321110
1333211103
3332111033
3321110330
3211103300
2111033000
1110330000
1103300000
1033000000
0330000000
3300000000
3000000003
0000000032
0000000323
0000003232
0000032322
0000323221
0003232213
0032322131
0323221313
3232213133
2322131330
3221313300
2213133002
2131330022
1313300222
3133002223
1330022233
3300222333
3002223330
0022233303
0222333032
2223330320
2233303200
2333032000
3330320003
3303200032
3032000320
0320003201
3200032013
2000320132
0003201320
0032013200
0320132003
3201320030
2013200303
0132003032
1320030320
3200303202
2003032022
0030320220
0303202203
3032022030
0320220301
3202203010
2022030103
0220301032
2203010323
2030103231
0301032311
3010323113
0103231132
1032311323
0323113230
3231132302
2311323020
3113230200
1132302000
1323020002
3230200021
2302000210
3020002100
0200021000
2000210003
0002100032
0021000321
0210003212
2100032121
1000321211
0003212113
0032121131
0321211310
3212113103
2121131030
1211310303
2113103030
1131030301
1310303013
3103030132
1030301321
0303013211
3030132110
0301321100
3013211000
0132110000
1321100000
3211000003
2110000030
1100000302
1000003023
0000030232
0000302323
0003023233
0030232330
0302323302
3023233023
0232330233
2323302333
3233023331
2330233310
3302333103
3023331033
0233310330
2333103300
3331033003
3310330032
3103300323
1033003232
0330032320
3300323200
3003232003
0032320033
0323200333
3232003333
2320033331
3200333311
2003333110
0033331102
0333311021
3333110210
3331102103
3311021033
3110210331
1102103310
1021033102
0210331023
2103310230
1033102302
0331023023
3310230233
3102302332
1023023323
0230233230
2302332300
3023323003
0233230032
2332300323
3323003233
3230032330
2300323302
3003233020
0032330200
0323302000
3233020001
2330200010
3302000100
3020001003
0200010033
2000100332
0001003321
0010033213
0100332132
1003321322
0033213223
0332132231
3321322310
3213223100
2132231002
1322310023
3223100233
2231002331
2310023310
3100233100
1002331001
0023310013
0233100133
2331001332
3310013323
3100133233
1001332332
0013323321
0133233213
1332332130
3323321303
3233213033
2332130332
3321303323
3213033233
2130332333
1303323333
3033233333
0332333330
3323333300
3233333003
2333330033
3333300333
3333003332
3330033321
3300333210
3003332101
0033321010
0333210102
3332101022
3321010220
3210102202
2101022023
1010220230
0102202302
1022023023
0220230230
2202302303
2023023031
0230230310
2302303102
3023031020
0230310200
2303102000
3031020003
0310200033
3102000330
1020003302
0200033023
2000330232
0003302323
0033023231
0330232310
3302323101
3023231013
0232310132
2323101321
3231013213
2310132133
3101321332
1013213323
0132133230
1321332303
3213323031
2133230313
1332303130
3323031302
3230313021
2303130213
3031302132
0313021320
3130213200
1302132003
3021320033
0213200333
2132003333
1320033330
3200333300
2003333002
0033330021
0333300210
3333002100
3330021001
3300210010
3002100102
0021001020
0210010200
2100102001
1001020010
0010200103
0102001033
1020010330
0200103302
2001033023
0010330233
0103302333
1033023333
0330233333
3302333333
3023333333
0233333332
2333333323
3333333233
3333332333
3333323333
3333233333
3332333333
3323333333
3233333333
2333333332
3333333323
3333333233
3333332333
3333323333
3333233333
3332333333
3323333330
3233333303
2333333032
3333330323
3333303233
3333032332
3330323322
3303233223
3032332232
0323322321
3233223211
2332232110
3322321101
3223211011
2232110110
2321101100
3211011001
2110110013
1101100132
1011001323
0110013230
1100132300
1001323000
0013230003
0132300032
1323000320
3230003201
2300032010
3000320103
0003201030
0032010300
0320103002
3201030023
2010300233
0103002330
1030023302
0300233023
3002330233
0023302330
0233023303
2330233033
3302330330
3023303301
0233033010
2330330100
3303301000
3033010000
0330100001
3301000010
3010000101
0100001010
1000010102
0000101023
0001010230
0010102303
0101023033
1010230333
0102303330
1023033302
0230333020
2303330201
3033302013
0333020132
3330201323
3302013233
3020132332
0201323321
2013233210
0132332100
1323321001
3233210011
2332100110
3321001103
3210011031
2100110313
1001103132
0011031320
0110313200
1103132000
1031320001
0313200011
3132000113
1320001133
3200011330
2000113302
0001133022
0011330221
0113302213
1133022133
1330221331
3302213311
3022133110
0221331102
2213311023
2133110231
1331102313
3311023132
3110231323
1102313232
1023132321
0231323213
2313232132
3132321323
1323213233
3232132330
2321323302
3213233023
2132330232
1323302323
3233023233
2330232330
3302323300
3023233002
0232330020
2323300203
3233002032
2330020323
3300203230
3002032300
0020323000
0203230002
2032300023
0323000232
3230002321
2300023210
3000232100
0002321003
0023210031
0232100311
2321003113
3210031130
2100311300
1003113002
0031130021
0311300213
3113002130
1130021300
1300213001
3002130010
0021300103
0213001033
2130010330
1300103303
3001033031
0010330313
0103303132
1033031323
0330313232
3303132321
3031323210
0313232100
3132321002
1323210021
3232100210
2321002101
3210021011
2100210110
1002101103
0021011030
0210110302
2101103020
1011030200
0110302000
1103020001
1030200010
0302000103
3020001033
0200010333
2000103332
0001033321
0010333210
0103332103
1033321030
0333210303
3332103031
3321030313
3210303132
2103031321
1030313210
0303132103
3031321030
0313210302
3132103020
1321030203
3210302031
2103020313
1030203133
0302031330
3020313301
0203133010
2031330100
0313301001
3133010013
1330100132
3301001323
3010013230
0100132301
1001323013
0013230131
0132301313
1323013133
3230131333
2301313330
3013133301
0131333011
1313330113
3133301131
1333011311
3330113113
3301131133
3011311332
0113113323
1131133232
1311332320
3113323203
1133232030
1332320300
3323203000
3232030002
2320300021
3203000213
2030002133
0300021333
3000213332
0002133323
0021333231
0213332313
2133323130
1333231301
3332313011
3323130113
3231301132
2313011321
3130113210
1301132100
3011321000
0113210001
1132100010
1321000101
3210001010
2100010102
1000101023
0001010231
0010102310
0101023100
1010231000
0102310002
1023100022
0231000221
2310002213
3100022130
1000221301
0002213010
0022130102
0221301021
2213010213
2130102132
1301021321
3010213210
0102132100
1021321000
0213210001
2132100011
1321000110
3210001100
2100011000
1000110002
0001100021
0011000211
0110002110
1100021100
1000211001
0002110013
0021100131
0211001313
2110013130
1100131300
1001313001
0013130011
0131300110
1313001103
3130011032
1300110322
3001103221
0011032211
0110322110
1103221100
1032211002
0322110020
3221100202
2211002021
2110020213
1100202131
1002021310
0020213100
0202131002
2021310022
0213100220
2131002201
1310022010
3100220102
1002201020
0022010200
0220102002
2201020021
2010200210
0102002102
1020021021
0200210211
2002102110
0021021101
0210211010
2102110103
1021101032
0211010321
2110103213
1101032133
1010321333
0103213332
1032133322
0321333223
3213332231
2133322310
1333223102
3332231021
3322310211
3223102113
2231021133
2310211331
3102113313
1021133132
0211331323
2113313230
1133132300
1331323001
3313230013
3132300133
1323001331
3230013310
2300133100
3001331003
0013310033
0133100331
1331003312
3310033123
3100331230
1003312301
0033123010
0331230100
3312301000
3123010002
1230100022
2301000220
3010002200
0100022001
1000220011
0002200113
0022001133
0220011333
2200113333
2001133331
0011333311
0113333110
1133331103
1333311032
3333110320
3331103200
3311032001
3110320013
1103200130
1032001301
0320013011
3200130113
2001301132
0013011321
0130113213
1301132132
3011321323
0113213233
1132132333
1321323333
3213233331
2132333313
1323333132
3233331320
2333313203
3333132032
3331320320
3313203201
3132032011
1320320113
3203201131
2032011313
0320113132
3201131322
2011313222
0113132220
1131322203
1313222031
3132220313
1322203133
3222031333
2220313333
2203133331
2031333310
0313333103
3133331033
1333310333
3333103330
3331033302
3310333021
3103330211
1033302111
0333021113
3330211130
3302111300
3021113000
0211130001
2111300010
1113000100
1130001000
1300010002
3000100020
0001000200
0010002000
0100020002
1000200020
0002000200
0020002000
0200020001
2000200010
0002000101
0020001010
0200010100
2000101001
0001010010
0010100100
0101001001
1010010010
0100100100
1001001001
0010010010
0100100100
1001001001
0010010010
0100100100
1001001001
0010010010
0100100100
1001001000
0010010003
0100100030
1001000300
0010003001
0100030011
1000300110
0003001101
0030011010
0300110100
3001101001
0011010013
0110100130
1101001300
1010013000
0100130000
1001300002
0013000023
0130000232
1300002323
3000023233
0000232330
0002323300
0023233003
0232330033
2323300331
3233003310
2330033102
3300331023
3003310231
0033102310
0331023101
3310231010
3102310102
1023101020
0231010202
2310102023
3101020230
1010202300
0102023003
1020230031
0202300313
2023003133
0230031331
2300313313
3003133132
0031331320
0313313202
3133132022
1331320221
3313202211
3132022110
1320221100
3202211000
2022110003
0221100032
2211000323
2110003231
1100032311
1000323110
0003231103
0032311031
0323110313
3231103130
2311031301
3110313010
1103130103
1031301032
0313010321
3130103210
1301032100
3010321003
0103210032
1032100320
0321003200
3210032002
2100320020
1003200203
0032002033
0320020333
3200203332
2002033321
0020333213
0203332133
2033321333
0333213331
3332133310
3321333103
3213331033
2133310330
1333103300
3331033000
3310330002
3103300020
1033000201
0330002010
3300020102
3000201020
0002010202
0020102022
0201020223
2010202232
0102022320
1020223202
0202232022
2022320220
0223202201
2232022010
2320220100
3202201000
2022010000
0220100003
2201000031
2010000311
0100003112
1000031121
0000311210
0003112102
0031121023
0311210232
3112102322
1121023220
1210232200
2102322002
1023220023
0232200233
2322002330
3220023303
2200233032
2002330320
0023303203
0233032030
2330320303
3303203032
3032030321
0320303213
3203032130
2030321302
0303213020
3032130200
0321302000
3213020002
2130200021
1302000210
3020002100
0200021001
2000210010
0002100100
0021001000
0210010003
2100100030
1001000303
0010003032
0100030322
1000303220
0003032203
0030322031
0303220310
3032203101
0322031013
3220310132
2203101320
2031013201
0310132011
3101320110
1013201100
0132011000
1320110000
3201100001
2011000012
0110000120
1100001203
1000012033
0000120330
0001203303
0012033032
0120330323
1203303230
2033032301
0330323013
3303230133
3032301332
0323013320
3230133203
2301332032
3013320321
0133203210
1332032100
3320321000
3203210003
2032100032
0321000321
3210003210
2100032102
1000321020
0003210203
0032102033
0321020332
3210203321
2102033210
1020332103
0203321030
2033210303
0332103032
3321030322
3210303223
2103032233
1030322330
0303223303
3032233030
0322330303
3223303030
2233030303
2330303030
3303030303
3030303030
0303030303
3030303030
0303030303
3030303030
0303030302
3030303023
0303030230
3030302301
0303023010
3030230103
0302301033
3023010332
0230103323
2301033232
3010332323
0103323233
1033232333
0332323333
3323233333
3232333332
2323333323
3233333233
2333332331
3333323311
3333233111
3332331111
3323311111
3233111111
2331111111
3311111110
3111111101
1111111011
1111110111
1111101111
1111011113
1110111133
1101111331
1011113311
0111133110
1111331102
1113311023
1133110231
1331102310
3311023101
3110231013
1102310133
1023101330
0231013303
2310133033
3101330333
1013303333
0133033331
1330333312
3303333122
3033331223
0333312232
3333122320
3331223203
3312232032
3122320320
1223203202
2232032023
2320320230
3203202301
2032023010
0320230103
3202301032
2023010323
0230103233
2301032332
3010323323
0103233233
1032332330
0323323302
3233233020
2332330200
3323302002
3233020020
2330200203
3302002032
3020020323
0200203231
2002032313
0020323133
0203231332
2032313323
0323133230
3231332303
2313323032
3133230322
1332303223
3323032231
3230322311
2303223110
3032231100
0322311000
3223110003
2231100031
2311000313
3110003133
1100031333
1000313332
0003133323
0031333233
0313332332
3133323323
1333233232
3332332323
3323323230
3233232301
2332323013
3323230130
3232301303
2323013033
3230130333
2301303333
3013033333
0130333333
1303333333
3033333330
0333333303
3333333030
3333330302
3333303023
3333030231
3330302313
3303023133
3030231330
0302313300
3023133002
0231330023
2313300233
3133002330
1330023303
3300233030
3002330300
0023303003
0233030032
2330300320
3303003200
3030032000
0300320000
3003200000
0032000000
0320000000
3200000000
2000000000
0000000000
0000000001
0000000010
0000000100
0000001000
0000010000
0000100000
0001000000
0010000001
0100000010
1000000100
0000001000
0000010000
0000100000
0001000000
0010000002
0100000023
1000000230
0000002302
0000023022
0000230220
0002302200
0023022001
0230220011
2302200110
3022001100
0220011000
2200110001
2001100010
0011000103
0110001030
1100010300
1000103000
0001030000
0010300002
0103000022
1030000223
0300002231
3000022313
0000223130
0002231302
0022313023
0223130230
2231302300
2313023000
3130230002
1302300021
3023000211
0230002110
2300021100
3000211000
0002110000
0021100000
0211000003
2110000033
1100000330
1000003300
0000033003
0000330033
0003300333
0033003331
0330033310
3300333103
3003331030
0033310303
0333103033
3331030332
3310303320
3103033203
1030332033
0303320333
3033203333
0332033330
3320333300
3203333000
2033330002
0333300023
3333000232
3330002320
3300023203
3000232031
0002320313
0023203130
0232031302
2320313021
3203130213
2031302132
0313021320
3130213202
1302132023
3021320233
0213202333
2132023333
1320233333
3202333330
2023333301
0233333010
2333330101
3333301013
3333010132
3330101320
3301013200
3010132000
0101320002
1013200021
0132000210
1320002100
3200021000
2000210002
0002100020
0021000203
0210002033
2100020330
1000203303
0002033030
0020330302
0203303021
2033030210
0330302100
3303021003
3030210033
0302100332
3021003323
0210033230
2100332302
1003323023
0033230231
0332302311
3323023110
3230231103
2302311032
3023110322
0231103223
2311032230
3110322303
1103223033
1032230333
0322303330
3223033303
2230333033
2303330333
3033303333
0333033331
3330333310
3303333102
3033331023
0333310231
3333102310
3331023100
3310231000
3102310001
1023100011
0231000110
2310001100
3100011000
1000110002
0001100023
0011000233
0110002330
1100023301
1000233010
0002330103
0023301030
0233010303
2330103030
3301030300
3010303003
0103030033
1030300331
0303003313
3030033132
0300331321
3003313211
0033132113
0331321131
3313211313
3132113133
1321131331
3211313313
2113133133
1131331330
1313313303
3133133030
1331330301
3313303012
3133030122
1330301222
3303012220
3030122203
0301222030
3012220301
0122203013
1222030130
2220301300
2203013001
2030130010
0301300101
3013001013
0130010130
1300101300
3001013001
0010130010
0101300100
1013001003
0130010030
1300100301
3001003010
0010030101
0100301013
1003010131
0030101311
0301013111
3010131113
0101311133
1013111331
0131113310
1311133100
3111331000
1113310002
1133100020
1331000201
3310002013
3100020133
1000201332
0002013321
0020133212
0201332121
2013321210
0133212102
1332121022
3321210221
3212102211
2121022110
1210221100
2102211000
1022110003
0221100033
2211000332
2110003323
1100033233
1000332332
0003323322
0033233220
0332332200
3323322003
3233220032
2332200321
3322003213
3220032132
2200321322
2003213223
0032132233
0321322333
3213223333
2132233331
1322333313
3223333133
2233331332
2333313320
3333133201
3331332010
3313320100
3133201001
1332010013
3320100131
3201001311
2010013110
0100131100
1001311000
0013110001
0131100011
1311000111
3110001111
1100011110
1000111100
0001111000
0011110000
0111100000
1111000001
1110000013
1100000130
1000001303
0000013032
0000130320
0001303203
0013032030
0130320300
1303203001
3032030010
0320300101
3203001010
2030010103
0300101033
3001010330
0010103303
0101033032
1010330320
0103303203
1033032032
0330320323
3303203233
3032032332
0320323323
3203233232
2032332320
0323323200
3233232000
2332320002
3323200020
3232000203
2320002030
3200020302
2000203021
0002030210
0020302103
0203021030
2030210302
0302103023
3021030231
0210302310
2103023102
1030231020
0302310203
3023102032
0231020323
2310203233
3102032332
1020323322
0203233221
2032332213
0323322133
3233221330
2332213300
3322133001
3221330011
2213300111
2133001113
1330011130
3300111302
3001113020
0011130200
0111302000
1113020001
1130200013
1302000133
3020001333
0200013331
2000133311
0001333112
0013331123
0133311232
1333112323
3331123233
3311232332
3112323321
1123233213
1232332133
2323321333
3233213333
2332133331
3321333310
3213333103
2133331032
1333310323
3333103232
3331032321
3310323213
3103232132
1032321323
0323213232
3232132321
2321323211
3213232110
2132321100
1323211002
3232110023
2321100231
3211002313
2110023133
1100231332
1002313320
0023133203
0231332030
2313320300
3133203003
1332030030
3320300301
3203003013
2030030133
0300301333
3003013333
0030133333
0301333331
3013333311
0133333111
1333331111
3333311111
3333111110
3331111100
3311111001
3111110011
1111100110
1111001100
1110011002
1100110022
1001100222
0011002220
0110022201
1100222011
1002220113
0022201131
0222011310
2220113103
2201131030
2011310300
0113103001
1131030011
1310300113
3103001132
1030011320
0300113203
3001132033
0011320330
0113203303
1132033032
1320330322
3203303223
2033032233
0330322330
3303223303
3032233033
0322330332
3223303321
2233033213
2330332133
3303321333
3033213330
0332133301
3321333010
3213330100
2133301000
1333010001
3330100010
3301000102
3010001023
0100010233
1000102333
0001023333
0010233332
0102333320
1023333201
0233332010
2333320102
3333201020
3332010200
3320102002
3201020022
2010200223
0102002232
1020022322
0200223221
2002232213
0022322132
0223221321
2232213213
2322132130
3221321302
2213213020
2132130202
1321302021
3213020213
2130202133
1302021330
3020213300
0202133001
2021330010
0213300103
2133001030
1330010301
3300103010
3001030103
0010301030
0103010301
1030103011
0301030110
3010301102
0103011023
1030110233
0301102331
3011023311
0110233110
1102331103
1023311032
0233110323
2331103232
3311032320
3110323203
1103232032
1032320322
0323203220
3232032200
2320322001
3203220010
2032200102
0322001022
3220010223
2200102233
2001022331
0010223313
0102233133
1022331332
0223313321
2233133210
2331332100
3313321000
3133210001
1332100013
3321000130
3210001300
2100013002
1000130021
0001300213
0013002131
0130021310
1300213103
3002131033
0021310333
0213103332
2131033323
1310333233
3103332333
1033323330
0333233303
3332333033
3323330331
3233303313
2333033133
3330331333
3303313332
3033133321
0331333213
3313332132
3133321320
1333213200
3332132000
3321320003
3213200031
2132000310
1320003102
3200031021
2000310210
0003102100
0031021000
0310210003
3102100030
1021000302
0210003020
2100030202
1000302023
0003020233
0030202330
0302023302
3020233020
0202330202
2023302020
0233020202
2330202020
3302020203
3020202030
0202020301
2020203011
0202030111
2020301110
0203011102
2030111023
0301110231
3011102310
0111023103
1110231031
1102310313
1023103130
0231031303
2310313031
3103130310
1031303101
0313031010
3130310101
1303101011
3031010110
0310101100
3101011000
1010110003
0101100030
1011000300
0110003000
1100030000
1000300002
0003000022
0030000220
0300002201
3000022010
0000220103
0002201030
0022010301
0220103012
2201030122
2010301221
0103012213
1030122133
0301221333
3012213331
0122133310
1221333100
2213331000
2133310000
1333100002
3331000022
3310000222
3100002223
1000022233
0000222333
0002223333
0022233331
0222333311
2223333111
2233331110
2333311101
3333111013
3331110133
3311101330
3111013301
1110133011
1101330111
1013301110
0133011100
1330111000
3301110000
3011100002
0111000022
1110000221
1100002213
1000022133
0000221333
0002213331
0022133313
0221333132
2213331320
2133313200
1333132000
3331320002
3313200021
3132000213
1320002133
3200021331
2000213313
0002133130
0021331301
