1010101010
0101010101
1010101010
0101010101
1010101010
0101010101
1010101010
0101010101
1010101010
0101010100
1010101000
0101010000
1010100000
0101000003
1010000032
0100000320
1000003200
0000032002
0000320021
0003200210
0032002101
0320021013
3200210133
2002101330
0021013301
0210133013
2101330133
1013301333
0133013330
1330133302
3301333020
3013330200
0133302000
1333020002
3330200020
3302000203
3020002033
0200020330
2000203303
0002033032
0020330322
0203303223
2033032230
0330322300
3303223002
3032230021
0322300210
3223002103
2230021032
2300210321
3002103212
0021032122
0210321221
2103212213
1032122131
0321221310
3212213102
2122131023
1221310231
2213102313
2131023133
1310231332
3102313320
1023133200
0231332001
2313320011
3133200113
1332001133
3320011333
3200113332
2001133323
0011333231
0113332310
1133323101
1333231011
3332310111
3323101111
3231011113
2310111131
3101111310
1011113101
0111131012
1111310123
1113101233
1131012332
1310123321
3101233210
1012332101
0123321010
1233210101
2332101011
3321010110
3210101100
2101011000
1010110002
0101100020
1011000201
0110002010
1100020103
1000201030
0002010301
0020103011
0201030111
2010301113
0103011130
1030111302
0301113023
3011130232
0111302320
1113023203
1130232033
1302320330
3023203300
0232033000
2320330003
3203300032
2033000321
0330003213
3300032132
3000321320
0003213203
0032132033
0321320333
3213203333
2132033332
1320333323
3203333232
2033332323
0333323230
3333232301
3332323012
3323230120
3232301203
2323012033
3230120332
2301203323
3012033231
0120332311
1203323110
2033231101
0332311012
3323110122
3231101220
2311012201
3110122012
1101220121
1012201211
0122012110
1220121100
2201211000
2012110000
0121100001
1211000010
2110000100
1100001003
1000010031
0000100310
0001003101
0010031010
0100310102
1003101020
0031010202
0310102021
3101020213
1010202132
0102021321
1020213213
0202132133
2021321332
0213213320
2132133203
1321332033
3213320333
2133203332
1332033323
3320333233
3203332333
2033323333
0333233330
3332333300
3323333003
3233330033
2333300330
3333003301
3330033011
3300330110
3003301102
0033011021
0330110210
3301102101
3011021010
0110210100
1102101000
1021010000
0210100003
2101000032
1010000321
0100003211
1000032110
0000321103
0003211031
0032110310
0321103102
3211031023
2110310231
1103102313
1031023132
0310231322
3102313222
1023132220
0231322201
2313222012
3132220123
1322201232
3222012320
2220123203
2201232031
2012320312
0123203122
1232031222
2320312221
3203122210
2031222102
0312221020
3122210202
1222102022
2221020223
2210202232
2102022323
1020223230
0202232301
2022323013
0223230131
2232301310
2323013101
3230131010
2301310102
3013101023
0131010230
1310102302
3101023023
1010230232
0102302323
1023023230
0230232300
2302323000
3023230003
0232300030
2323000301
3230003013
2300030132
3000301321
0003013213
0030132132
0301321323
3013213230
0132132300
1321323000
3213230003
2132300030
1323000302
3230003023
2300030233
3000302332
0003023321
0030233211
0302332113
3023321132
0233211320
2332113203
3321132032
3211320322
2113203223
1132032232
1320322322
3203223221
2032232213
0322322133
3223221333
2232213332
2322133320
3221333201
2213332010
2133320102
1333201023
3332010232
3320102320
3201023202
2010232021
0102320213
1023202130
0232021302
2320213021
3202130213
2021302133
0213021331
2130213313
1302133132
3021331320
0213313202
2133132023
1331320233
3313202333
3132023333
1320233331
3202333311
2023333111
0233331113
2333311133
3333111331
3331113313
3311133133
3111331333
1113313333
1133133331
1331333310
3313333103
3133331030
1333310301
3333103013
3331030130
3310301303
3103013033
1030130333
0301303333
3013033331
0130333311
1303333112
3033331121
0333311210
3333112101
3331121013
3311210132
3112101322
1121013223
1210132233
2101322333
1013223333
0132233333
1322333333
3223333333
2233333331
2333333313
3333333133
3333331333
3333313333
3333133333
3331333331
3313333313
3133333133
1333331333
3333313333
3333133333
3331333333
3313333333
3133333333
1333333333
3333333333
3333333331
3333333313
3333333133
3333331333
3333313333
3333133333
3331333333
3313333333
3133333333
1333333333
3333333333
3333333332
3333333320
3333333202
3333332023
3333320231
3333202313
3332023133
3320231333
3202313331
2023133313
0231333130
2313331300
3133313003
1333130033
3331300333
3313003333
3130033333
1300333331
3003333310
0033333103
0333331031
3333310313
3333103131
3331031313
3310313133
3103131333
1031313330
0313133300
3131333001
1313330010
3133300100
1333001000
3330010001
3300100013
3001000131
0010001311
0100013113
1000131130
0001311303
0013113032
0131130320
1311303200
3113032002
1130320023
1303200233
3032002332
0320023320
3200233200
2002332000
0023320001
0233200011
2332000112
3320001122
3200011222
2000112220
0001122200
0011222002
0112220023
1122200233
1222002333
2220023330
2200233301
2002333013
0023330131
0233301313
2333013130
3330131300
3301313001
3013130010
0131300103
1313001033
3130010333
1300103331
3001033311
0010333110
0103331102
1033311020
0333110202
3331102020
3311020200
3110202002
1102020022
1020200223
0202002230
2020022303
0200223033
2002230330
0022303300
0223033002
2230330023
2303300231
3033002310
0330023103
3300231032
3002310320
0023103203
0231032032
2310320321
3103203210
1032032102
0320321022
3203210220
2032102200
0321022003
3210220031
2102200313
1022003132
0220031321
2200313212
2003132120
0031321201
0313212010
3132120102
1321201020
3212010202
2120102020
1201020201
2010202010
0102020100
1020201003
0202010030
2020100300
0201003002
2010030021
0100300210
1003002100
0030021001
0300210010
3002100102
0021001023
0210010233
2100102331
1001023310
0010233100
0102331003
1023310032
0233100320
2331003200
3310032003
3100320031
1003200310
0032003100
0320031000
3200310000
2003100003
0031000032
0310000322
3100003220
1000032200
0000322003
0003220032
0032200320
0322003202
3220032021
2200320210
2003202101
0032021013
0320210131
3202101313
2021013130
0210131300
2101313002
1013130021
0131300210
1313002102
3130021021
1300210211
3002102110
0021021100
0210211003
2102110033
1021100330
0211003302
2110033020
1100330203
1003302032
0033020321
0330203213
3302032132
3020321322
0203213221
2032132210
0321322102
3213221021
2132210210
1322102102
3221021020
2210210202
2102102020
1021020203
0210202032
2102020322
1020203220
0202032200
2020322002
0203220020
2032200203
0322002031
3220020310
2200203100
2002031002
0020310023
0203100232
2031002322
0310023223
3100232232
1002322320
0023223201
0232232010
2322320101
3223201011
2232010110
2320101102
3201011021
2010110213
0101102131
1011021313
0110213132
1102131320
1021313200
0213132002
2131320023
1313200230
3132002300
1320023002
3200230021
2002300210
0023002101
0230021010
2300210102
3002101023
0021010232
0210102322
2101023220
1010232200
0102322001
1023220013
0232200132
2322001321
3220013213
2200132132
2001321321
0013213210
0132132103
1321321031
3213210313
2132103132
1321031321
3210313210
2103132100
1031321001
0313210010
3132100100
1321001001
3210010010
2100100102
1001001021
0010010210
0100102102
1001021022
0010210221
0102102213
1021022131
0210221313
2102213133
1022131331
0221313310
2213133102
2131331022
1313310221
3133102213
1331022132
3310221321
3102213210
1022132100
0221321002
2213210020
2132100201
1321002010
3210020100
2100201001
1002010013
0020100133
0201001331
2010013313
0100133131
1001331313
0013313133
0133131330
1331313301
3313133010
3131330102
1313301021
3133010210
1330102102
3301021021
3010210210
0102102100
1021021000
0210210001
2102100010
1021000100
0210001002
2100010023
1000100232
0001002322
0010023220
0100232203
1002322033
0023220332
0232203320
2322033200
3220332000
2203320003
2033200031
0332000313
3320003131
3200031311
2000313113
0003131130
0031311300
0313113002
3131130020
1311300202
3113002021
1130020210
1300202102
3002021023
0020210232
0202102320
2021023203
0210232030
2102320300
1023203000
0232030001
2320300010
3203000102
2030001020
0300010202
3000102020
0001020201
0010202011
0102020110
1020201101
0202011013
2020110132
0201101321
2011013210
0110132102
1101321022
1013210220
0132102200
1321022003
3210220033
2102200332
1022003321
0220033213
2200332133
2003321331
0033213311
0332133110
3321331102
3213311020
2133110200
1331102000
3311020001
3110200010
1102000100
1020001000
0200010000
2000100003
0001000033
0010000330
0100003303
1000033032
0000330323
0003303232
0033032323
0330323231
3303232313
3032323132
0323231323
3232313232
2323132322
3231323221
2313232211
3132322110
1323221101
3232211013
2322110131
3221101313
2211013133
2110131331
1101313313
1013133132
0131331322
1313313223
3133132232
1331322320
3313223203
3132232032
1322320322
3223203222
2232032221
2320322210
3203222102
2032221021
0322210211
3222102113
2221021131
2210211310
2102113101
1021131010
0211310100
2113101001
1131010010
1310100101
3101001010
1010010103
0100101033
1001010333
0010103332
0101033321
1010333210
0103332102
1033321023
0333210232
3332102321
3321023211
3210232113
2102321132
1023211323
0232113232
2321132323
3211323231
2113232310
1132323102
1323231023
3232310232
2323102322
3231023221
2310232211
3102322110
1023221103
0232211032
2322110320
3221103203
2211032032
2110320320
1103203201
1032032013
0320320131
3203201311
2032013111
0320131111
3201311110
2013111102
0131111022
1311110223
3111102232
1111022320
1110223203
1102232031
1022320310
0223203101
2232031011
2320310111
3203101111
2031011113
0310111131
3101111310
1011113102
0111131021
1111310210
1113102100
1131021000
1310210003
3102100032
1021000321
0210003210
2100032102
1000321021
0003210210
0032102102
0321021020
3210210203
2102102031
1021020311
0210203113
2102031133
1020311331
0203113310
2031133102
0311331021
3113310210
1133102102
1331021021
3310210210
3102102100
1021021002
0210210023
2102100233
1021002331
0210023313
2100233132
1002331323
0023313231
0233132313
2331323131
3313231311
3132313113
1323131131
3231311310
2313113102
3131131021
1311310210
3113102102
1131021021
1310210213
3102102131
1021021311
0210213110
2102131100
1021311002
0213110021
2131100211
1311002111
3110021113
1100211133
1002111331
0021113313
0211133131
2111331311
1113313110
1133131102
1331311021
3313110210
3131102102
1311021021
3110210210
1102102102
1021021021
0210210210
2102102102
1021021022
0210210221
2102102210
1021022102
0210221023
2102210231
1022102310
0221023103
2210231032
2102310321
1023103213
0231032132
2310321321
3103213210
1032132102
0321321021
3213210210
2132102102
1321021021
3210210210
2102102100
1021021001
0210210010
2102100100
1021001001
0210010013
2100100130
1001001301
0010013010
0100130100
1001301002
0013010020
0130100202
1301002023
3010020233
0100202333
1002023333
0020233330
0202333301
2023333010
0233330100
2333301002
3333010020
3330100200
3301002000
3010020001
0100200010
1002000102
0020001021
0200010210
2000102100
0001021002
0010210020
0102100202
1021002021
0210020210
2100202102
1002021023
0020210233
0202102330
2021023301
0210233010
2102330103
1023301031
0233010313
2330103133
3301031331
3010313310
0103133102
1031331021
0313310213
3133102133
1331021333
3310213333
3102133332
1021333321
0213333210
2133332102
1333321021
3333210210
3332102102
3321021021
3210210210
2102102102
1021021021
0210210210
2102102100
1021021001
0210210010
2102100102
1021001021
0210010210
2100102102
1001021021
0010210210
0102102102
1021021021
0210210210
2102102102
1021021021
0210210210
2102102100
1021021001
0210210010
2102100102
1021001021
0210010210
2100102102
1001021021
0010210210
0102102102
1021021021
0210210210
2102102100
1021021001
0210210010
2102100100
1021001001
0210010010
2100100102
1001001021
0010010210
0100102102
1001021021
0010210210
0102102102
1021021021
0210210210
2102102100
1021021001
0210210010
2102100100
1021001001
0210010010
2100100100
1001001000
0010010001
0100100010
1001000101
0010001010
0100010102
1000101021
0001010210
0010102102
0101021021
1010210210
0102102102
1021021021
0210210210
2102102102
1021021021
0210210211
2102102114
1021021144
0210211442
2102114421
1021144211
0211442111
2114421111
1144211111
1442111112
4421111121
4211111211
2111112112
1111121121
1111211211
1112112112
1121121122
1211211220
2112112200
1121122002
1211220020
2112200201
1122002012
1220020122
2200201221
2002012211
0020122111
0201221111
2012211112
0122111122
1221111222
2211112222
2111122220
1111222201
1112222012
1122220121
1222201211
2222012111
2220121112
2201211121
2012111211
0121112111
1211121111
2111211111
1112111112
1121111122
1211111221
2111112212
1111122121
1111221212
1112212121
1122121210
1221212102
2212121021
2121210210
1212102102
2121021021
1210210210
2102102102
1021021021
0210210210
2102102102
1021021021
0210210210
2102102102
1021021021
0210210210
2102102102
1021021021
0210210210
2102102100
1021021001
0210210010
2102100102
1021001021
0210010210
2100102102
1001021021
0010210210
0102102102
1021021021
0210210210
2102102102
1021021021
0210210210
2102102102
1021021021
0210210210
2102102102
1021021021
0210210210
2102102102
1021021021
0210210210
2102102101
1021021011
0210210111
2102101113
1021011132
0210111322
2101113221
1011132210
0111322100
1113221002
1132210021
1322100210
3221002100
2210021002
2100210021
1002100210
0021002100
0210021000
2100210000
1002100002
0021000020
0210000202
2100002021
1000020210
0000202102
0002021021
0020210210
0202102102
2021021021
0210210210
2102102102
1021021021
0210210210
2102102102
1021021021
0210210210
2102102102
1021021021
0210210210
2102102102
1021021021
0210210210
2102102102
1021021023
0210210233
2102102332
1021023322
0210233221
2102332211
1023322112
0233221121
2332211211
3322112111
3221121110
2211211102
2112111021
1121110210
1211102102
2111021021
1110210213
1102102133
1021021332
0210213323
2102133231
1021332313
0213323133
2133231331
1332313311
3323133110
3231331102
2313311021
3133110210
1331102102
3311021021
3110210210
1102102102
1021021021
0210210213
2102102133
1021021331
0210213313
2102133131
1021331311
0213313110
2133131102
1331311020
3313110203
3131102032
1311020321
3110203210
1102032100
1020321001
0203210010
2032100100
0321001001
3210010013
2100100131
1001001311
0010013110
0100131102
1001311021
0013110210
0131102102
1311021021
3110210210
1102102102
1021021021
0210210210
2102102102
1021021021
0210210210
2102102103
1021021031
0210210313
2102103132
1021031321
0210313213
2103132131
1031321310
0313213102
3132131021
1321310211
3213102113
2131021133
1310211331
3102113310
1021133102
0211331021
2113310212
1133102123
1331021231
3310212310
3102123102
1021231022
0212310222
2123102220
1231022201
2310222013
3102220131
1022201310
0222013103
2220131031
2201310313
2013103131
0131031311
1310313110
3103131103
1031311033
0313110331
3131103311
1311033110
3110331101
1103311011
1033110113
0331101132
3311011322
3110113221
1101132211
1011322110
0113221102
1132211022
1322110221
3221102212
2211022122
2110221221
1102212210
1022122101
0221221013
2212210133
2122101331
1221013311
2210133113
2101331132
1013311323
0133113231
1331132311
3311323110
3113231100
1132311003
1323110031
3231100312
2311003121
3110031213
1100312132
1003121321
0031213211
0312132113
3121321131
1213211310
2132113100
1321131002
3211310021
2113100213
1131002132
1310021322
3100213221
1002132213
0021322133
0213221330
2132213300
1322133002
3221330023
2213300231
2133002311
1330023113
3300231132
3002311321
0023113213
0231132132
2311321320
3113213202
1132132020
1321320203
3213202031
2132020311
1320203110
3202031102
2020311021
0203110210
2031102102
0311021023
3110210233
1102102330
1021023303
0210233032
2102330322
1023303220
0233032200
2330322000
3303220002
3032200020
0322000200
3220002002
2200020023
2000200232
0002002320
0020023201
0200232013
2002320132
0023201322
0232013220
2320132202
3201322023
2013220233
0132202331
1322023310
3220233101
2202331010
2023310102
0233101023
2331010230
3310102303
3101023032
1010230322
0102303220
1023032200
0230322002
2303220020
3032200201
0322002010
3220020100
2200201003
2002010032
0020100322
0201003221
2010032210
0100322103
1003221033
0032210330
0322103300
3221033000
2210330001
2103300010
1033000103
0330001032
3300010322
3000103220
0001032202
0010322022
0103220222
1032202221
0322022213
3220222130
2202221302
2022213020
0222130201
2221302011
2213020113
2130201131
1302011310
3020113101
0201131013
2011310130
0113101301
1131013013
1310130130
3101301300
1013013001
0130130010
1301300100
3013001003
0130010033
1300100331
3001003311
0010033113
0100331131
1003311311
0033113113
0331131131
3311311312
3113113120
1131131201
1311312013
3113120130
1131201301
1312013011
3120130113
1201301131
2013011311
0130113113
1301131131
3011311311
0113113110
1131131101
1311311011
3113110110
1131101101
1311011013
3110110133
1101101331
1011013311
0110133110
1101331100
1013311000
0133110002
1331100021
3311000210
3110002103
1100021031
1000210310
0002103101
0021031011
0210310110
2103101101
1031011011
0310110110
3101101100
1011011003
0110110030
1101100300
1011003001
0110030013
1100300131
1003001310
0030013103
0300131031
3001310310
0013103103
0131031033
1310310331
3103103311
1031033110
0310331103
3103311030
1033110302
0331103023
3311030232
3110302320
1103023200
1030232003
0302320032
3023200322
0232003220
2320032201
3200322010
2003220102
0032201023
0322010231
3220102313
2201023133
2010231331
0102313310
1023133102
0231331023
2313310233
3133102331
1331023313
3310233130
3102331300
1023313000
0233130003
2331300032
3313000321
3130003210
1300032100
3000321002
0003210022
0032100221
0321002212
3210022120
2100221202
1002212020
0022120201
0221202010
2212020102
2120201021
1202010213
2020102131
0201021312
2010213123
0102131231
1021312310
0213123101
2131231010
1312310103
3123101032
1231010320
2310103202
3101032022
1010320220
0103202202
1032022020
0320220201
3202202013
2022020132
0220201322
2202013222
2020132222
0201322221
2013222211
0132222113
1322221131
3222211313
2222113131
2221131310
2211313101
2113131010
1131310101
1313101013
3131010131
1310101313
3101013131
1010131313
0101313130
1013131303
0131313032
1313130322
3131303221
1313032211
3130322110
1303221103
3032211032
0322110322
3221103220
2211032202
2110322023
1103220233
1032202333
0322023332
3220233321
2202333210
2023332100
0233321000
2333210003
3332100032
3321000322
3210003221
2100032211
1000322110
0003221102
0032211022
0322110221
3221102213
2211022132
2110221323
1102213232
1022132320
0221323200
2213232000
2132320002
1323200021
3232000210
2320002103
3200021033
2000210333
0002103332
0021033323
0210333232
2103332320
1033323200
0333232002
3332320020
3323200203
3232002033
2320020333
3200203333
2002033332
0020333322
0203333220
2033332201
0333322010
3333220102
3332201023
3322010233
3220102333
2201023333
2010233333
0102333330
1023333300
0233333000
2333330002
3333300021
3333000210
3330002101
3300021011
3000210113
0002101133
0021011330
0210113300
2101133003
1011330030
0113300300
1133003003
1330030032
3300300320
3003003200
0030032001
0300320010
3003200101
0032001012
0320010121
3200101213
2001012133
0010121333
0101213332
1012133322
0121333220
1213332203
2133322032
1333220320
3332203201
3322032011
3220320112
2203201120
2032011200
0320112002
3201120021
2011200210
0112002101
1120021013
1200210132
2002101321
0021013211
0210132111
2101321110
1013211102
0132111023
1321110232
3211102323
2111023231
1110232312
1102323120
1023231202
0232312023
2323120230
3231202301
2312023010
3120230100
1202301000
2023010003
0230100032
2301000321
3010003210
0100032102
1000321022
0003210223
0032102232
0321022322
3210223223
2102232232
1022322321
0223223210
2232232100
2322321001
3223210010
2232100102
2321001023
3210010233
2100102330
1001023302
0010233020
0102330202
1023302020
0233020203
2330202030
3302020301
3020203010
0202030102
2020301021
0203010213
2030102133
0301021333
3010213331
0102133313
1021333130
0213331300
2133313000
1333130002
3331300020
3313000200
3130002001
1300020012
3000200121
0002001212
0020012120
0200121200
2001212001
0012120012
0121200123
1212001231
2120012313
1200123133
2001231331
0012313310
0123133100
1231331002
2313310021
3133100210
1331002100
3310021003
3100210032
1002100320
0021003203
0210032032
2100320320
1003203201
0032032011
0320320111
3203201110
2032011101
0320111013
3201110133
2011101332
0111013321
1110133210
1101332101
1013321010
0133210103
1332101032
3321010321
3210103212
2101032120
1010321201
0103212011
1032120111
0321201113
3212011131
2120111310
1201113102
2011131020
0111310202
1113102021
1131020211
1310202111
3102021110
1020211100
0202111000
2021110001
0211100011
2111000110
1110001103
1100011031
1000110313
0001103131
0011031311
0110313111
1103131110
1031311100
0313111000
3131110001
1311100011
3111000113
1110001131
1100011313
1000113130
0001131300
0011313000
0113130003
1131300031
1313000313
3130003132
1300031322
3000313223
0003132232
0031322323
0313223231
3132232313
1322323130
3223231302
2232313023
2323130232
3231302323
2313023231
3130232310
1302323101
3023231011
0232310110
2323101103
3231011032
2310110323
3101103231
1011032312
0110323120
1103231200
1032312002
0323120020
3231200200
2312002001
3120020010
1200200103
2002001032
0020010323
0200103233
2001032332
0010323322
0103233220
1032332202
0323322020
3233220201
2332202010
3322020103
3220201031
2202010311
2020103111
0201031111
2010311110
0103111101
1031111010
0311110102
3111101020
1111010202
1110102021
1101020213
1010202133
0102021330
1020213301
0202133011
2021330113
0213301131
2133011310
1330113100
3301131000
3011310001
0113100011
1131000111
1310001111
3100011113
1000111130
0001111301
0011113011
0111130110
1111301101
1113011010
1130110101
1301101011
3011010110
0110101100
1101011001
1010110012
0101100122
1011001221
0110012211
1100122111
1001221111
0012211110
0122111102
1221111023
2211110231
2111102310
1111023101
1110231011
1102310111
1023101111
0231011112
2310111120
3101111203
1011112033
0111120330
1111203301
1112033011
1120330111
1203301110
2033011102
0330111022
3301110222
3011102220
0111022201
1110222011
1102220111
1022201113
0222011131
2220111310
2201113102
2011131023
0111310230
1113102300
1131023003
1310230031
3102300310
1023003101
0230031011
2300310111
3003101111
0031011110
0310111102
3101111021
1011110211
0111102110
1111021102
1110211023
1102110232
1021102323
0211023232
2110232321
1102323211
1023232111
0232321110
2323211100
3232111003
2321110032
3211100323
2111003232
1110032322
1100323222
1003232220
0032322202
0323222021
3232220211
2322202110
3222021103
2220211030
2202110301
2021103012
0211030120
2110301200
1103012002
1030120022
0301200221
3012002212
0120022120
1200221201
2002212010
0022120103
0221201033
2212010331
2120103310
1201033102
2010331020
0103310201
1033102010
0331020100
3310201000
3102010003
1020100030
0201000301
2010003010
0100030100
1000301001
0003010010
0030100103
0301001033
3010010331
0100103311
1001033111
0010331110
0103311103
1033111032
0331110323
3311103231
3111032310
1110323103
1103231031
1032310310
0323103102
3231031020
2310310202
3103102020
1031020203
0310202033
3102020332
1020203321
0202033211
2020332111
0203321111
2033211110
0332111100
3321111000
3211110001
2111100013
1111000130
1110001301
1100013012
1000130120
0001301200
0013012003
0130120033
1301200333
3012003333
0120033330
1200333303
2003333030
0033330300
0333303000
3333030000
3330300000
3303000001
3030000012
0300000121
3000001210
0000012102
0000121020
0001210203
0012102032
0121020323
1210203231
2102032310
1020323102
0203231020
2032310201
0323102011
3231020113
2310201131
3102011311
1020113111
0201131113
2011311133
0113111333
1131113330
1311133301
3111333013
1113330133
1133301330
1333013303
3330133032
3301330321
3013303210
0133032100
1330321001
3303210013
3032100131
0321001313
3210013131
2100131310
1001313103
0013131030
0131310300
1313103002
3131030022
1310300221
3103002210
1030022102
0300221022
3002210221
0022102213
0221022130
2210221303
2102213031
1022130310
0221303103
2213031032
2130310322
1303103220
3031032202
0310322023
3103220231
1032202310
0322023103
3220231031
2202310313
2023103132
0231031320
2310313201
3103132010
1031320102
0313201022
3132010221
1320102210
3201022102
2010221023
0102210233
1022102330
0221023300
2210233001
2102330010
1023300101
0233001013
2330010133
3300101330
3001013300
0010133003
0101330032
1013300320
0133003200
1330032000
3300320003
3003200033
0032000333
0320003330
3200033301
2000333010
0003330102
0033301021
0333010213
3330102132
3301021322
3010213223
0102132233
1021322333
0213223330
2132233301
1322333010
3223330101
2233301012
2333010122
3330101220
3301012201
3010122010
0101220103
1012201033
0122010333
1220103332
2201033321
2010333213
0103332133
1033321330
0333213301
3332133013
3321330133
3213301331
2133013310
1330133102
3301331022
3013310221
0133102212
1331022123
3310221230
3102212300
1022123003
0221230032
2212300321
2123003210
1230032102
2300321021
3003210210
0032102100
0321021001
3210210013
2102100133
1021001332
0210013322
2100133220
1001332200
0013322002
0133220020
1332200200
3322002003
3220020032
2200200321
2002003210
0020032102
0200321023
2003210230
0032102301
0321023012
3210230123
2102301231
1023012310
0230123103
2301231030
3012310300
0123103003
1231030031
2310300313
3103003133
1030031330
0300313302
3003133021
0031330211
0313302113
3133021132
1330211321
3302113210
3021132101
0211321010
2113210100
1132101002
1321010023
3210100232
2101002323
1010023233
0100232333
1002323333
0023233332
0232333323
2323333233
3233332331
2333323312
3333233120
3332331202
3323312023
3233120230
2331202302
3312023020
3120230200
1202302000
2023020000
0230200003
2302000032
3020000323
0200003233
2000032330
0000323300
0003233000
0032330002
0323300022
3233000220
2330002202
3300022021
3000220210
0002202102
0022021023
0220210230
2202102303
2021023032
0210230322
2102303220
1023032201
0230322013
2303220132
3032201323
0322013232
3220132322
2201323220
2013232203
0132322032
1323220320
3232203200
2322032002
3220320023
2203200230
2032002302
0320023020
3200230200
2002302003
0023020030
0230200301
2302003011
3020030110
0200301102
2003011020
0030110200
0301102002
3011020020
0110200202
1102002020
1020020200
0200202002
2002020022
0020200223
0202002231
2020022310
0200223101
2002231010
0022310100
0223101000
2231010000
2310100002
3101000020
1010000203
0100002031
1000020310
0000203101
0002031010
0020310102
0203101022
2031010220
0310102200
3101022002
1010220021
0102200211
1022002111
0220021110
2200211100
2002111001
0021110011
0211100113
2111001133
1110011330
1100113302
1001133023
0011330230
0113302300
1133023000
1330230000
3302300000
3023000000
0230000003
2300000030
3000000303
0000003030
0000030301
0000303011
0003030113
0030301130
0303011301
3030113011
0301130110
3011301102
0113011023
1130110233
1301102333
3011023330
0110233302
1102333022
1023330221
0233302213
2333022130
3330221303
3302213032
3022130322
0221303220
2213032202
2130322021
1303220210
3032202102
0322021021
3220210213
2202102131
2021021313
0210213133
2102131330
1021313300
0213133003
2131330032
1313300321
3133003211
1330032110
3300321102
3003211023
0032110233
0321102333
3211023332
2110233321
1102333210
1023332102
0233321022
2333210221
3332102213
3321022132
3210221321
2102213211
1022132113
0221321133
2213211330
2132113302
1321133021
3211330212
2113302122
1133021220
1330212202
3302122020
3021220202
0212202021
2122020210
1220202102
2202021023
2020210233
0202102333
2021023330
0210233301
2102333011
1023330113
0233301133
2333011333
3330113330
3301133301
3011333013
0113330130
1133301300
1333013002
3330130023
3301300230
3013002300
0130023001
1300230011
3002300111
0023001113
0230011132
2300111322
3001113223
0011132231
0111322313
1113223132
1132231320
1322313203
3223132031
2231320310
2313203100
3132031003
1320310030
3203100300
2031003003
0310030032
3100300321
1003003210
0030032103
0300321031
3003210311
0032103110
0321031102
3210311023
2103110232
1031102322
0311023221
3110232211
1102322113
1023221131
0232211311
2322113113
3221131132
2211311321
2113113210
1131132102
1311321022
3113210221
1132102213
1321022132
3210221323
2102213231
1022132311
0221323110
2213231101
2132311012
1323110120
3231101200
2311012002
3110120020
1101200201
1012002011
0120020113
1200201131
2002011310
0020113100
0201131003
2011310032
0113100322
1131003223
1310032233
3100322331
1003223311
0032233111
0322331113
3223311132
2233111322
2331113220
3311132203
3111322031
1113220310
1132203101
1322031010
3220310103
2203101031
2031010312
0310103120
3101031201
1010312010
0103120102
1031201021
0312010210
3120102100
1201021003
2010210032
0102100322
1021003221
0210032210
2100322100
1003221001
0032210010
0322100102
3221001021
2210010210
2100102102
1001021023
0010210231
0102102311
1021023110
0210231102
2102311022
1023110221
0231102213
2311022132
3110221321
1102213213
1022132131
0221321310
2213213101
2132131011
1321310113
3213101131
2131011310
1310113102
3101131021
1011310211
0113102111
1131021111
1310211110
3102111101
1021111010
0211110103
2111101030
1111010301
1110103010
1101030103
1010301033
0103010331
1030103310
0301033100
3010331003
0103310031
1033100311
0331003110
3310031103
3100311032
1003110323
0031103231
0311032310
3110323100
1103231002
1032310022
0323100220
3231002200
2310022002
3100220020
1002200202
0022002021
0220020211
2200202110
2002021102
0020211023
0202110232
2021102320
0211023203
2110232033
1102320332
1023203321
0232033210
2320332102
3203321020
2033210200
0332102002
3321020020
3210200203
2102002032
1020020320
0200203200
2002032002
0020320020
0203200201
2032002013
0320020132
3200201321
2002013211
0020132111
0201321110
2013211100
0132111003
1321110032
3211100323
2111003231
1110032311
1100323113
1003231133
0032311330
0323113302
3231133023
2311330232
3113302320
1133023201
1330232010
3302320100
3023201001
0232010010
2320100102
3201001021
2010010213
0100102130
1001021300
0010213003
0102130031
1021300310
0213003101
2130031010
1300310102
3003101023
0031010231
0310102311
3101023110
1010231102
0102311020
1023110200
0231102003
2311020033
3110200330
1102003302
1020033020
0200330200
2003302002
0033020020
0330200203
3302002032
3020020320
0200203201
2002032010
0020320102
0203201020
2032010202
0320102020
3201020202
2010202020
0102020203
1020202033
0202020332
2020203320
0202033200
2020332002
0203320020
2033200200
0332002002
3320020020
3200200202
2002002021
0020020211
0200202113
2002021133
0020211333
0202113330
2021133303
0211333031
2113330311
1133303112
1333031120
3330311200
3303112002
3031120020
0311200203
3112002031
1120020313
1200203132
2002031322
0020313220
0203132200
2031322003
0313220032
3132200320
1322003202
3220032020
2200320200
2003202001
0032020013
0320200132
3202001320
2020013201
0200132013
2001320133
0013201332
0132013323
1320133232
3201332320
2013323200
0133232000
1332320001
3323200011
3232000113
2320001131
3200011310
2000113102
0001131021
0011310212
0113102123
1131021232
1310212320
3102123200
1021232002
0212320022
2123200222
1232002220
2320022201
3200222010
2002220103
0022201030
0222010303
2220103031
2201030310
2010303101
0103031013
1030310132
0303101320
3031013201
0310132011
3101320113
1013201133
0132011331
1320113310
3201133103
2011331030
0113310300
1133103001
1331030011
3310300110
3103001101
1030011013
0300110131
3001101311
0011013110
0110131101
1101311010
1013110100
0131101001
1311010011
3110100110
1101001103
1010011032
0100110320
1001103200
0011032003
0110320030
1103200303
1032003033
0320030333
3200303332
2003033320
0030333201
0303332010
3033320100
0333201000
3332010003
3320100033
3201000333
2010003333
0100033333
1000333330
0003333301
0033333013
0333330132
3333301323
3333013232
3330132320
3301323201
3013232013
0132320130
1323201303
3232013033
2320130333
3201303330
2013033303
0130333033
1303330330
3033303300
0333033002
3330330021
3303300210
3033002103
0330021032
3300210322
3002103220
0021032203
0210322030
2103220300
1032203000
0322030002
3220300022
2203000220
2030002202
0300022020
3000220201
0002202010
0022020102
0220201021
2202010211
2020102111
0201021113
2010211130
0102111300
1021113000
0211130002
2111300022
1113000220
1130002200
1300022001
3000220013
0002200133
0022001330
0220013303
2200133033
2001330330
0013303300
0133033002
1330330021
3303300211
3033002110
0330021102
3300211021
3002110211
0021102111
0211021113
2110211133
1102111333
1021113332
0211133322
2111333222
1113332220
1133322203
1333222033
3332220331
3322203310
3222033102
2220331023
2203310230
2033102301
0331023011
3310230110
3102301100
1023011001
0230110010
2301100102
3011001022
0110010221
1100102210
1001022100
0010221000
0102210003
1022100033
0221000332
2210003321
2100033213
1000332133
0003321332
0033213323
0332133233
3321332333
3213323333
2133233331
1332333313
3323333133
3233331331
2333313313
3333133131
3331331313
3313313133
3133131333
1331313333
3313133333
3131333333
1313333333
3133333333
1333333330
3333333300
3333333002
3333330020
3333300200
3333002000
3330020000
3300200000
3002000000
0020000000
0200000000
2000000000
0000000000
0000000000
0000000000
0000000000
0000000002
0000000020
0000000201
0000002010
0000020100
0000201000
0002010000
0020100000
0201000001
2010000013
0100000132
1000001320
0000013203
0000132033
0001320333
0013203333
0132033331
1320333313
3203333133
2033331332
0333313320
3333133200
3331332000
3313320000
3133200000
1332000000
3320000000
3200000000
2000000000
0000000000
0000000000
0000000000
0000000003
0000000032
0000000320
0000003200
0000032001
0000320013
0003200132
0032001323
0320013233
3200132331
2001323313
0013233133
0132331333
1323313331
3233133313
2331333130
3313331303
3133313030
1333130300
3331303003
3313030032
3130300322
1303003221
3030032213
0300322133
3003221333
0032213332
0322133321
3221333211
2213332111
2133321110
1333211103
3332111033
3321110333
3211103330
2111033300
1110333000
1103330000
1033300000
0333000000
3330000003
3300000032
3000000323
0000003232
0000032322
0000323221
0003232213
0032322131
0323221313
3232213133
2322131330
3221313300
2213133002
2131330022
1313300222
3133002223
1330022233
3300222331
3002223310
0022233103
0222331032
2223310320
2233103200
2331032000
3310320003
3103200032
1032000320
0320003201
3200032013
2000320132
0003201320
0032013200
0320132003
3201320030
2013200303
0132003032
1320030320
3200303202
2003032022
0030320220
0303202203
3032022030
0320220301
3202203010
2022030103
0220301032
2203010323
2030103231
0301032313
3010323133
0103231332
1032313323
0323133230
3231332302
2313323020
3133230200
1332302000
3323020002
3230200021
2302000210
3020002100
0200021000
2000210003
0002100032
0021000321
0210003212
2100032121
1000321211
0003212113
0032121131
0321211310
3212113103
2121131030
1211310303
2113103030
1131030301
1310303013
3103030132
1030301321
0303013211
3030132110
0301321100
3013211000
0132110000
1321100000
3211000003
2110000030
1100000302
1000003023
0000030232
0000302323
0003023233
0030232330
0302323302
3023233023
0232330233
2323302333
3233023331
2330233310
3302333103
3023331033
0233310330
2333103300
3331033003
3310330032
3103300323
1033003232
0330032320
3300323200
3003232003
0032320033
0323200333
3232003333
2320033331
3200333311
2003333110
0033331102
0333311021
3333110210
3331102103
3311021033
3110210331
1102103310
1021033102
0210331023
2103310230
1033102302
0331023023
3310230233
3102302332
1023023323
0230233230
2302332300
3023323003
0233230032
2332300323
3323003233
3230032330
2300323302
3003233020
0032330200
0323302000
3233020001
2330200010
3302000100
3020001003
0200010033
2000100332
0001003321
0010033213
0100332132
1003321322
0033213223
0332132231
3321322310
3213223100
2132231002
1322310023
3223100233
2231002331
2310023310
3100233100
1002331001
0023310013
0233100133
2331001332
3310013323
3100133233
1001332332
0013323321
0133233213
1332332130
3323321303
3233213033
2332130332
3321303323
3213033233
2130332333
1303323333
3033233333
0332333330
3323333300
3233333003
2333330033
3333300333
3333003332
3330033321
3300333210
3003332101
0033321010
0333210102
3332101022
3321010220
3210102202
2101022023
1010220230
0102202302
1022023023
0220230230
2202302303
2023023031
0230230310
2302303102
3023031020
0230310200
2303102000
3031020003
0310200033
3102000330
1020003302
0200033023
2000330232
0003302323
0033023231
0330232310
3302323101
3023231013
0232310132
2323101321
3231013213
2310132133
3101321332
1013213323
0132133230
1321332303
3213323031
2133230313
1332303130
3323031302
3230313021
2303130213
3031302132
0313021320
3130213200
1302132003
3021320033
0213200333
2132003333
1320033330
3200333300
2003333000
0033330001
0333300010
3333000100
3330001001
3300010010
3000100102
0001001020
0010010200
0100102001
1001020010
0010200103
0102001033
1020010330
0200103302
2001033023
0010330233
0103302333
1033023333
0330233333
3302333333
3023333330
0233333303
2333333032
3333330323
3333303233
3333032332
3330323322
3303233223
3032332232
0323322321
3233223211
2332232110
3322321101
3223211011
2232110110
2321101100
3211011001
2110110013
1101100132
1011001323
0110013230
1100132300
1001323000
0013230003
0132300032
1323000320
3230003201
2300032010
3000320103
0003201030
0032010300
0320103002
3201030023
2010300233
0103002330
1030023302
0300233023
3002330233
0023302330
0233023303
2330233033
3302330330
3023303301
0233033010
2330330100
3303301000
3033010000
0330100001
3301000010
3010000101
0100001010
1000010102
0000101023
0001010230
0010102300
0101023003
1010230033
0102300330
1023003302
0230033020
2300330201
3003302013
0033020132
0330201323
3302013231
3020132312
0201323121
2013231210
0132312100
1323121001
3231210011
2312100110
3121001103
1210011031
2100110313
1001103130
0011031300
0110313000
1103130000
1031300001
0313000011
3130000113
1300001133
3000011330
0000113302
0001133022
0011330221
0113302213
1133022133
1330221331
3302213311
3022133110
0221331102
2213311023
2133110231
1331102313
3311023132
3110231323
1102313232
1023132321
0231323213
2313232132
3132321323
1323213233
3232132330
2321323302
3213233023
2132330232
1323302323
3233023233
2330232330
3302323300
3023233002
0232330020
2323300203
3233002032
2330020323
3300203230
3002032300
0020323000
0203230002
2032300023
0323000232
3230002321
2300023210
3000232100
0002321003
0023210031
0232100311
2321003113
3210031130
2100311300
1003113002
0031130021
0311300213
3113002130
1130021300
1300213001
3002130010
0021300103
0213001033
2130010330
1300103303
3001033031
0010330313
0103303132
1033031323
0330313232
3303132321
3031323210
0313232100
3132321002
1323210021
3232100210
2321002101
3210021011
2100210110
1002101103
0021011030
0210110302
2101103020
1011030200
0110302000
1103020001
1030200010
0302000103
3020001033
0200010333
2000103332
0001033321
0010333210
0103332103
1033321030
0333210303
3332103031
3321030313
3210303132
2103031321
1030313210
0303132103
3031321030
0313210302
3132103020
1321030203
3210302031
2103020313
1030203133
0302031330
3020313301
0203133010
2031330100
0313301001
3133010013
1330100132
3301001323
3010013230
0100132301
1001323013
0013230131
0132301313
1323013133
3230131333
2301313330
3013133301
0131333011
1313330113
3133301131
1333011311
3330113113
3301131133
3011311332
0113113323
1131133232
1311332320
3113323203
1133232030
1332320300
3323203000
3232030002
2320300021
3203000213
2030002133
0300021333
3000213332
0002133323
0021333231
0213332313
2133323130
1333231301
3332313011
3323130113
3231301132
2313011321
3130113210
1301132100
3011321000
0113210001
1132100010
1321000101
3210001010
2100010102
1000101023
0001010231
0010102310
0101023100
1010231000
0102310002
1023100022
0231000221
2310002213
3100022130
1000221301
0002213010
0022130102
0221301021
2213010213
2130102132
1301021321
3010213210
0102132100
1021321000
0213210001
2132100011
1321000110
3210001100
2100011000
1000110002
0001100021
0011000211
0110002110
1100021100
1000211001
0002110013
0021100131
0211001313
2110013130
1100131300
1001313001
0013130011
0131300110
1313001103
3130011032
1300110322
3001103221
0011032211
0110322110
1103221100
1032211002
0322110020
3221100202
2211002021
2110020213
1100202131
1002021310
0020213100
0202131002
2021310022
0213100220
2131002201
1310022010
3100220102
1002201020
0022010200
0220102002
2201020021
2010200210
0102002102
1020021021
0200210211
2002102110
0021021101
0210211010
2102110103
1021101032
0211010321
2110103213
1101032133
1010321333
0103213332
1032133322
0321333223
3213332231
2133322310
1333223102
3332231021
3322310211
3223102113
2231021133
2310211331
3102113313
1021133132
0211331323
2113313230
1133132300
1331323001
3313230013
3132300133
1323001331
3230013310
2300133100
3001331003
0013310033
0133100330
1331003302
3310033023
3100330230
1003302301
0033023010
0330230100
3302301000
3023010002
0230100022
2301000220
3010002200
0100022001
1000220011
0002200113
0022001133
0220011333
2200113333
2001133331
0011333311
0113333110
1133331103
1333311032
3333110320
3331103200
3311032001
3110320013
1103200130
1032001301
0320013011
3200130113
2001301132
0013011321
0130113213
1301132132
3011321323
0113213233
1132132333
1321323333
3213233331
2132333313
1323333132
3233331320
2333313203
3333132032
3331320320
