1311210112
3112101120
1121011200
1210112000
2101120000
1011200001
0112000013
1120000133
1200001333
2000013331
0000133311
0001333111
0013331112
0133311122
1333111220
3331112202
3311122021
3111220212
1112202123
1122021231
1220212311
2202123112
2021231122
0212311221
2123112212
1231122122
2311221222
3112212222
1122122221
1221222211
2212222110
2122221103
1222211032
2222110322
2221103222
2211032221
2110322211
1103222112
1032221121
0322211212
3222112122
2221121221
2211212211
2112122111
1121221112
1212211121
2122111212
1221112121
2211121213
2111212132
1112121320
1121213202
1212132021
2121320210
1213202101
2132021011
1320210110
3202101103
2021011032
0210110323
2101103233
1011032331
0110323311
1103233111
1032331111
0323311112
3233111121
2331111211
3311112112
3111121122
1111211220
1112112202
1121122022
1211220221
2112202213
1122022132
1220221321
2202213211
2022132113
0221321131
2213211312
2132113122
1321131221
3211312212
2113122121
1131221211
1312212112
3122121122
1221211222
2212112221
2121122213
1211222132
2112221321
1122213213
1222132132
2221321321
2213213213
2132132132
1321321321
3213213213
2132132132
1321321322
3213213221
2132132213
1321322132
3213221321
2132213211
1322132111
3221321113
2213211131
2132111313
1321113132
3211131321
2111313211
1113132111
1131321111
1313211111
3132111111
1321111111
3211111112
2111111121
1111111211
1111112112
1111121120
1111211201
1112112010
1121120101
1211201011
2112010112
1120101120
1201011200
2010112002
0101120023
1011200231
0112002313
1120023132
1200231321
2002313210
0023132101
0231321011
2313210112
3132101122
1321011222
3210112220
2101122201
1011222011
0112220112
1122201120
1222011201
2220112010
2201120103
2011201032
0112010320
1120103200
1201032002
2010320021
0103200213
1032002132
0320021321
3200213213
2002132130
0021321301
0213213012
2132130121
1321301211
3213012111
2130121111
1301211113
3012111131
0121111311
1211113110
2111131102
1111311021
1113110211
1131102111
1311021111
3110211112
1102111120
1021111202
0211112020
2111120202
1111202021
1112020211
1120202110
1202021101
2020211013
0202110130
2021101301
0211013012
2110130120
1101301202
1013012020
0130120201
1301202011
3012020111
0120201113
1202011132
2020111321
0201113212
2011132122
0111321221
1113212210
1132122101
1321221011
3212210113
2122101131
1221011313
2210113130
2101131301
1011313011
0113130110
1131301102
1313011022
3130110222
1301102221
3011022213
0110222132
1102221321
1022213211
0222132110
2221321102
2213211022
2132110223
1321102232
3211022322
2110223223
1102232231
1022322311
0223223110
2232231102
2322311022
3223110222
2231102221
2311022210
3110222100
1102221001
1022210011
0222100113
2221001132
2210011322
2100113220
1001132202
0011322021
0113220213
1132202131
1322021310
3220213101
2202131011
2021310113
0213101130
2131011301
1310113011
3101130113
1011301132
0113011321
1130113211
1301132111
3011321111
0113211111
1132111111
1321111112
3211111120
2111111203
1111112032
1111120321
1111203213
1112032132
1120321320
1203213201
2032132010
0321320101
3213201011
2132010112
1320101121
3201011211
2010112113
0101121133
1011211331
0112113311
1121133113
1211331131
2113311310
1133113100
1331131002
3311310022
3113100220
1131002201
1310022010
3100220103
1002201031
0022010310
0220103100
2201031002
2010310022
0103100220
1031002202
0310022022
3100220223
1002202232
0022022321
0220223210
2202232102
2022321022
0223210222
2232102223
2321022233
3210222330
2102223301
1022233012
0222330123
2223301232
2233012321
2330123213
3301232132
3012321320
0123213203
1232132033
2321320332
3213203321
2132033212
1320332122
3203321220
2033212202
0332122020
3321220200
3212202001
2122020011
1220200110
2202001100
2020011002
0200110023
2001100232
0011002320
0110023202
1100232021
1002320211
0023202110
0232021102
2320211021
3202110213
2021102132
0211021322
2110213220
1102132202
1021322021
0213220213
2132202132
1322021321
3220213210
2202132102
2021321020
0213210200
2132102001
1321020011
3210200113
2102001132
1020011321
0200113212
2001132121
0011321210
0113212103
1132121031
1321210310
3212103103
2121031031
1210310311
2103103112
1031031122
0310311222
3103112222
1031122222
0311222220
3112222201
1122222010
1222220101
2222201010
2222010102
2220101021
2201010213
2010102131
0101021313
1010213133
0102131331
1021313311
0213133110
2131331102
1313311022
3133110220
1331102201
3311022011
3110220112
1102201121
1022011213
0220112130
2201121301
2011213012
0112130121
1121301211
1213012113
2130121133
1301211332
3012113322
0121133221
1211332211
2113322112
1133221123
1332211232
3322112322
3221123223
2211232232
2112322322
1123223222
1232232221
2322322210
3223222100
2232221001
2322210012
3222100121
2221001211
2210012110
2100121102
1001211021
0012110211
0121102111
1211021111
2110211110
1102111101
1021111011
0211110112
2111101122
1111011221
1110112210
1101122101
1011221012
0112210121
1122101211
1221012112
2210121122
2101211222
1012112222
0121122221
1211222213
2112222132
1122221321
1222213212
2222132121
2221321211
2213212110
2132121102
1321211021
3212110213
2121102131
1211021312
2110213122
1102131221
1021312210
0213122103
2131221032
1312210320
3122103202
1221032022
2210320220
2103202200
1032022001
0320220011
3202200113
2022001131
0220011310
2200113101
2001131010
0011310102
0113101020
1131010202
1310102020
3101020203
1010202031
0102020311
1020203113
0202031132
2020311320
0203113200
2031132000
0311320002
3113200022
1132000220
1320002202
3200022022
2000220222
0002202222
0022022223
0220222232
2202222321
2022223212
0222232123
2222321230
2223212303
2232123031
2321230312
3212303120
2123031202
1230312020
2303120202
3031202022
0312020220
3120202200
1202022001
2020220011
0202200111
2022001111
0220011111
2200111110
2001111102
0011111021
0111110213
1111102131
1111021313
1110213132
1102131321
1021313213
0213132133
2131321331
1313213311
3132133110
1321331102
3213311022
2133110220
1331102200
3311022000
3110220001
1102200011
1022000110
0220001103
2200011031
2000110311
0001103113
0011031131
0110311313
1103113132
1031131322
0311313222
3113132221
1131322213
1313222132
3132221320
1322213203
3222132030
2221320303
2213203031
2132030313
1320303133
3203031331
2030313311
0303133110
3031331101
0313311011
3133110112
1331101122
3311011221
3110112210
1101122101
1011221010
0112210100
1122101001
1221010012
2210100120
2101001202
1010012021
0100120213
1001202131
0012021311
0120213110
1202131103
2021311032
0213110322
2131103221
1311032212
3110322120
1103221202
1032212020
0322120201
3221202011
2212020111
2120201110
1202011101
2020111012
0201110123
2011101232
0111012322
1110123220
1101232201
1012322010
0123220102
1232201021
2322010210
3220102101
2201021011
2010210111
0102101112
1021011121
0210111210
2101112101
1011121011
0111210111
1112101112
1121011121
1210111210
2101112102
1011121021
0111210213
1112102132
1121021323
1210213231
2102132311
1021323113
0213231132
2132311320
1323113201
3231132013
2311320132
3113201321
1132013211
1320132112
3201321122
2013211222
0132112221
1321122210
3211222101
2112221013
1122210132
1222101323
2221013232
2210132323
2101323232
1013232321
0132323211
1323232112
3232321120
2323211202
3232112022
2321120222
3211202222
2112022221
1120222210
1202222101
2022221013
0222210132
2222101321
2221013213
2210132132
2101321322
1013213222
0132132222
1321322223
3213222232
2132222320
1322223202
3222232022
2222320222
2223202220
2232022201
2320222011
3202220110
2022201101
0222011010
2220110102
2201101022
2011010220
0110102201
1101022013
1010220132
0102201321
1022013211
0220132110
2201321102
2013211020
0132110201
1321102010
3211020101
2110201013
1102010132
1020101320
0201013201
2010132011
0101320110
1013201100
0132011001
1320110010
3201100102
2011001021
0110010210
1100102103
1001021031
0010210313
0102103132
1021031321
0210313211
2103132110
1031321101
0313211012
3132110122
1321101223
3211012233
2110122332
1101223323
1012233231
0122332311
1223323111
2233231111
2332311112
3323111121
3231111213
2311112132
3111121321
1111213210
1112132100
1121321002
1213210022
2132100222
1321002222
3210022220
2100222202
1002222022
0022220220
0222202200
2222022002
2220220021
2202200211
2022002112
0220021120
2200211201
2002112013
0021120132
0211201320
2112013201
1120132013
1201320132
2013201321
0132013213
1320132132
3201321321
2013213211
0132132110
1321321101
3213211012
2132110120
1321101202
3211012021
2110120210
1101202102
1012021023
0120210232
1202102323
2021023232
0210232321
2102323211
1023232112
0232321121
2323211212
3232112122
2321121222
3211212221
2112122213
1121222132
1212221321
2122213210
1222132101
2221321011
2213210112
2132101122
1321011221
3210112211
2101122111
1011221111
0112211110
1122111100
1221111002
2211110021
2111100210
1111002101
1110021013
1100210131
1002101311
0021013112
0210131120
2101311201
1013112013
0131120132
1311201321
3112013211
1120132113
1201321132
2013211322
0132113221
1321132210
3211322103
2113221032
1132210321
1322103211
3221032113
2210321132
2103211320
1032113200
0321132001
3211320013
2113200133
1132001331
1320013310
3200133100
2001331001
0013310011
0133100112
1331001122
3310011220
3100112202
1001122021
0011220212
0112202122
1122021222
1220212220
2202122203
2021222031
0212220313
2122203132
1222031323
2220313232
2203132320
2031323202
0313232021
3132320213
1323202132
3232021321
2320213210
3202132101
2021321013
0213210132
2132101323
1321013231
3210132311
2101323111
1013231111
0132311111
1323111111
3231111111
2311111113
3111111131
1111111312
1111113123
1111131231
1111312310
1113123103
1131231031
1312310313
3123103130
1231031301
2310313010
3103130100
1031301001
0313010013
3130100131
1301001312
3010013122
0100131220
1001312201
0013122010
0131220101
1312201011
3122010113
1220101133
2201011331
2010113312
0101133120
1011331200
0113312003
1133120031
1331200312
3312003122
3120031223
1200312232
2003122321
0031223211
0312232111
3122321110
1223211100
2232111001
2321110011
3211100112
2111001121
1110011212
1100112120
1001121201
0011212012
0112120122
1121201222
1212012221
2120122212
1201222121
2012221213
0122212130
1222121301
2221213010
2212130101
2121301011
1213010113
2130101133
1301011331
3010113312
0101133122
1011331223
0113312232
1133122321
1331223211
3312232110
3122321102
1223211021
2232110213
2321102132
3211021323
2110213232
1102132323
1021323231
0213232310
2132323102
1323231021
3232310211
2323102110
3231021102
2310211023
3102110232
1021102323
0211023231
2110232311
1102323111
1023231113
0232311130
2323111303
3231113030
2311130300
3111303001
1113030013
1130300130
1303001301
3030013011
0300130113
3001301132
0013011322
0130113221
1301132210
3011322100
0113221001
1132210012
1322100122
3221001220
2210012202
2100122022
1001220223
0012202232
0122022322
1220223222
2202232222
2022322223
0223222231
2232222311
2322223113
3222231132
2222311321
2223113210
2231132101
2311321011
3113210111
1132101113
1321011131
3210111312
2101113123
1011131232
0111312323
1113123232
1131232323
1312323231
3123232311
1232323111
2323231111
3232311110
2323111102
3231111020
2311110200
3111102001
1111020010
1110200102
1102001021
1020010211
0200102110
2001021100
0010211002
0102110020
1021100202
0211002022
2110020223
1100202232
1002022320
0020223201
0202232012
2022320122
0223201223
2232012231
2320122310
3201223100
2012231001
0122310010
1223100100
2231001001
2310010010
3100100103
1001001031
0010010311
0100103110
1001031102
0010311020
0103110200
1031102002
0311020023
3110200232
1102002323
1020023232
0200232320
2002323202
0023232020
0232320200
2323202002
3232020023
2320200232
3202002321
2020023210
0200232102
2002321021
0023210210
0232102100
2321021002
3210210021
2102100211
1021002111
0210021113
2100211132
1002111321
0021113211
0211132111
2111321112
1113211122
1132111220
1321112202
3211122022
2111220223
1112202232
1122022323
1220223232
2202232321
2022323213
0223232130
2232321301
2323213012
3232130122
2321301221
3213012211
2130122113
1301221132
3012211322
0122113222
1221132220
2211322202
2113222023
1132220232
1322202322
3222023220
2220232203
2202322033
2023220333
0232203331
2322033311
3220333113
2203331132
2033311320
0333113200
3331132002
3311320022
3113200222
1132002221
1320022212
3200222123
2002221231
0022212311
0222123112
2221231123
2212311232
2123112321
1231123213
2311232132
3112321323
1123213231
1232132310
2321323100
3213231003
2132310032
1323100321
3231003211
2310032113
3100321131
1003211311
0032113110
0321131100
3211311003
2113110030
1131100303
1311003031
3110030311
1100303110
1003031102
0030311021
0303110210
3031102101
0311021013
3110210133
1102101331
1021013310
0210133101
2101331013
1013310132
0133101322
1331013221
3310132213
3101322132
1013221321
0132213210
1322132101
3221321011
2213210110
2132101100
1321011002
3210110020
2101100203
1011002031
0110020313
1100203133
1002031333
0020313332
0203133322
2031333221
0313332210
3133322102
1333221021
3332210213
3322102133
3221021332
2210213322
2102133221
1021332211
0213322113
2133221133
1332211331
3322113311
3221133113
2211331132
2113311321
1133113211
1331132111
3311321112
3113211120
1132111202
1321112020
3211120201
2111202011
1112020113
1120201133
1202011331
2020113310
0201133101
2011331013
0113310132
1133101322
1331013222
3310132222
3101322220
1013222201
0132222011
1322220111
3222201111
2222011110
2220111102
2201111021
2011110210
0111102101
1111021011
1110210110
1102101100
1021011001
0210110010
2101100101
1011001012
0110010121
1100101211
1001012112
0010121121
0101211211
1012112111
0121121111
1211211113
2112111132
1121111322
1211113220
2111132201
1111322011
1113220111
1132201111
1322011110
3220111100
2201111000
2011110001
0111100013
1111000132
1110001321
1100013213
1000132132
0001321321
0013213212
0132132122
1321321220
3213212203
2132122031
1321220313
3212203133
2122031331
1220313312
2203133120
2031331202
0313312020
3133120202
1331202021
3312020211
3120202113
1202021132
2020211322
0202113220
2021132202
0211322022
2113220220
1132202202
1322022021
3220220213
2202202132
2022021320
0220213201
2202132012
2021320122
0213201222
2132012221
1320122213
3201222133
2012221331
0122213311
1222133113
2221331131
2213311313
2133113130
1331131301
3311313010
3113130103
1131301033
1313010332
3130103321
1301033213
3010332132
0103321321
1033213211
0332132113
3321321132
3213211322
2132113221
1321132211
3211322112
2113221121
1132211211
1322112113
3221121132
2211211320
2112113201
1121132013
1211320133
2113201331
1132013311
1320133110
3201331102
2013311022
0133110220
1331102201
3311022011
3110220113
1102201132
1022011322
0220113222
2201132223
2011322232
0113222323
1132223231
1322232313
3222323133
2223231331
2232313311
2323133110
3231331102
2313311020
3133110200
1331102001
3311020011
3110200113
1102001132
1020011321
0200113212
2001132122
0011321222
0113212223
1132122231
1321222310
3212223103
2122231031
1222310311
2223103112
2231031122
2310311222
3103112222
1031122221
0311222211
3112222112
1122221121
1222211212
2222112123
2221121232
2211212321
2112123213
1121232132
1212321321
2123213210
1232132101
2321321010
3213210100
2132101001
1321010012
3210100122
2101001223
1010012232
0100122321
1001223211
0012232113
0122321130
1223211301
2232113013
2321130131
3211301312
2113013121
1130131213
1301312132
3013121320
0131213201
1312132012
3121320121
1213201213
2132012132
1320121321
3201213212
2012132122
0121321222
1213212220
2132122202
1321222021
3212220213
2122202132
1222021321
2220213211
2202132112
2021321122
0213211223
2132112232
1321122321
3211223212
2112232122
1122321222
1223212221
2232122212
2321222121
3212221213
2122212132
1222121322
2221213222
2212132222
2121322221
1213222213
2132222131
1322221311
3222213112
2222131123
2221311232
2213112321
2131123211
1311232111
3112321113
1123211132
1232111321
2321113210
3211132102
2111321022
1113210220
1132102202
1321022020
3210220203
2102202031
1022020310
0220203102
2202031021
2020310210
0203102102
2031021021
0310210212
3102102122
1021021222
0210212220
2102122203
1021222032
0212220322
2122203223
1222032233
2220322331
2203223313
2032233131
0322331310
3223313103
2233131031
2331310311
3313103110
3131031101
1310311011
3103110110
1031101101
0311011010
3110110100
1101101001
1011010011
0110100111
1101001111
1010011111
0100111110
1001111102
0011111021
0111110213
1111102131
1111021313
1110213132
1102131321
1021313213
0213132133
2131321331
1313213311
3132133113
1321331131
3213311311
2133113110
1331131102
3311311020
3113110200
1131102002
1311020022
3110200223
1102002232
1020022321
0200223211
2002232112
0022321123
0223211232
2232112322
2321123222
3211232222
2112322221
1123222210
1232222102
2322221021
3222210210
2222102103
2221021031
2210210313
2102103133
1021031333
0210313331
2103133312
1031333121
0313331210
3133312100
1333121001
3331210011
3312100111
3121001111
1210011111
2100111112
1001111121
0011111211
0111112110
1111121102
1111211021
1112110212
1121102121
1211021211
2110212113
1102121131
1021211313
0212113133
2121131331
1211313311
2113133110
1131331102
1313311020
3133110201
1331102011
3311020111
3110201110
1102011101
1020111010
0201110100
2011101001
0111010010
1110100100
1101001002
1010010021
0100100211
1001002111
0010021111
0100211111
1002111111
0021111112
0211111120
2111111202
1111112021
1111120210
1111202102
1112021023
1120210232
1202102321
2021023212
0210232120
2102321202
1023212020
0232120202
2321202023
3212020232
2120202320
1202023202
2020232022
0202320222
2023202222
0232022221
2320222213
3202222132
2022221322
0222213223
2222132231
2221322313
2213223132
2132231321
1322313213
3223132133
2231321331
2313213311
3132133110
1321331101
3213311011
2133110113
1331101131
3311011313
3110113132
1101131323
1011313232
0113132321
1131323211
1313232111
3132321110
1323211101
3232111012
2321110122
3211101220
2111012201
1110122010
1101220101
1012201013
0122010132
1220101321
2201013213
2010132132
0101321322
1013213222
0132132222
1321322221
3213222211
2132222111
1322221111
3222211112
2222111122
2221111220
2211112201
2111122011
1111220111
1112201110
1122011101
1220111011
2201110111
2011101110
0111011102
1110111023
1101110232
1011102321
0111023212
1110232123
1102321232
1023212322
0232123221
2321232211
3212322113
2123221132
1232211321
2322113212
3221132120
2211321202
2113212021
1132120212
1321202122
3212021223
2120212233
1202122331
2021223311
0212233113
2122331132
1223311321
2233113212
2331132123
3311321232
3113212322
1132123221
1321232211
3212322110
2123221102
1232211022
2322110220
3221102202
2211022023
2110220232
1102202323
1022023232
0220232323
2202323232
2023232322
0232323221
2323232211
3232322113
2323221131
3232211311
2322113113
3221131132
2211311321
2113113210
1131132100
1311321001
3113210011
1132100113
1321001131
3210011311
2100113113
1001131132
0011311322
0113113220
1131132203
1311322032
3113220322
1132203220
1322032202
3220322021
2203220211
2032202110
0322021103
3220211031
2202110311
2021103112
0211031122
2110311222
1103112220
1031122202
0311222021
3112220210
1122202101
1222021012
2220210121
2202101211
2021012110
0210121100
2101211003
1012110032
0121100322
1211003222
2110032220
1100322201
1003222010
0032220101
0322201012
3222010122
2220101223
2201012232
2010122321
0101223211
1012232113
0122321132
1223211321
2232113211
2321132111
3211321113
2113211132
1132111321
1321113211
3211132110
2111321101
1113211011
1132110111
1321101111
3211011112
2110111120
1101111202
1011112023
0111120232
1111202321
1112023211
1120232110
1202321102
2023211021
0232110211
2321102111
3211021111
2110211110
1102111102
1021111020
0211110200
2111102001
1111020012
1110200122
1102001221
1020012210
0200122101
2001221011
0012210112
0122101120
1221011202
2210112020
2101120201
1011202011
0112020113
1120201132
1202011321
2020113213
0201132133
2011321331
0113213312
1132133122
1321331220
3213312203
2133122031
1331220310
3312203102
3122031020
1220310201
2203102012
2031020121
0310201210
3102012102
1020121020
0201210201
2012102011
0121020110
1210201102
2102011023
1020110232
0201102321
2011023212
0110232123
1102321232
1023212322
0232123221
2321232211
3212322113
2123221132
1232211323
2322113232
3221132321
2211323211
2113232111
1132321110
1323211101
3232111013
2321110130
3211101301
2111013010
1110130100
1101301002
1013010022
0130100220
1301002201
3010022012
0100220121
1002201212
0022012121
0220121210
2201212102
2012121021
0121210210
1212102102
2121021023
1210210232
2102102321
1021023212
0210232123
2102321232
1023212321
0232123212
2321232122
3212321221
2123212212
1232122121
2321221213
3212212132
2122121321
1221213211
2212132111
2121321111
1213211110
2132111102
1321111023
3211110232
2111102322
1111023222
1110232222
1102322223
1023222232
0232222320
2322223200
3222232002
2222320022
2223200221
2232002213
2320022132
3200221320
2002213201
0022132012
0221320121
2213201211
2132012113
1320121131
3201211311
2012113113
0121131133
1211311333
2113113332
1131133323
1311333232
3113332321
1133323211
1333232112
3332321122
3323211223
3232112231
2321122313
3211223132
2112231322
1122313220
1223132200
2231322002
2313220023
3132200230
1322002301
3220023011
2200230111
2002301110
0023011102
0230111020
2301110203
3011102032
0111020320
1110203200
1102032002
1020320020
0203200203
2032002032
0320020322
3200203221
2002032210
0020322103
0203221031
2032210313
0322103132
3221031321
2210313211
2103132110
1031321102
0313211021
3132110213
1321102131
3211021313
2110213132
1102131321
1021313211
0213132111
2131321111
1313211110
3132111101
1321111011
3211110110
2111101100
1111011001
1110110013
1101100132
1011001321
0110013210
1100132101
1001321011
0013210111
0132101110
1321011101
3210111013
2101110131
1011101312
0111013123
1110131232
1101312321
1013123210
0131232101
1312321012
3123210120
1232101203
2321012031
3210120311
2101203112
1012031122
0120311222
1203112220
2031122203
0311222032
3112220320
1122203202
1222032022
2220320220
2203202203
2032022032
0320220322
3202203223
2022032233
0220322332
2203223323
2032233231
0322332311
3223323113
2233231132
2332311323
3323113232
3231132322
2311323220
3113232201
1132322011
1323220110
3232201102
2322011020
3220110200
2201102000
2011020001
0110200011
1102000110
1020001100
0200011002
2000110021
0001100211
0011002110
0110021102
1100211022
1002110223
0021102232
0211022320
2110223201
1102232010
1022320103
0223201031
2232010311
2320103110
3201031103
2010311031
0103110310
1031103103
0311031033
3110310332
1103103321
1031033213
0310332132
3103321322
1033213223
0332132232
3321322323
3213223232
2132232322
1322323223
3223232232
2232322322
2323223222
3232232222
2322322222
3223222221
2232222213
2322222131
3222221313
2222213132
2222131321
2221313213
2213132132
2131321322
1313213223
3132132231
1321322312
3213223123
2132231233
1322312332
3223123323
2231233231
2312332311
3123323113
1233231131
2332311311
3323113113
3231131132
2311311321
3113113213
1131132131
1311321310
3113213103
1132131031
1321310310
3213103101
2131031011
1310310112
3103101123
1031011231
0310112312
3101123123
1011231231
0112312313
1123123132
1231231321
2312313212
3123132123
1231321231
2313212310
3132123100
1321231002
3212310021
2123100212
1231002121
2310021211
3100212112
1002121122
0021211221
0212112212
2121122122
1211221221
2112212210
1122122102
1221221021
2212210210
2122102102
1221021022
2210210220
2102102202
1021022021
0210220212
2102202122
1022021220
0220212200
2202122000
2021220001
0212200010
2122000101
1220001010
2200010101
2000101011
0001010110
0010101103
0101011032
1010110320
0101103202
1011032022
0110320221
1103202212
1032022121
0320221211
3202212113
2022121132
0221211321
2212113213
2121132132
1211321321
2113213210
1132132102
1321321022
3213210220
2132102202
1321022020
3210220201
2102202013
1022020132
0220201320
2202013202
2020132021
0201320213
2013202132
0132021322
1320213223
3202132232
2021322322
0213223220
2132232202
1322322021
3223220211
2232202112
2322021121
3220211213
2202112132
2021121320
0211213201
2112132012
1121320121
1213201211
2132012111
1320121110
3201211102
2012111023
0121110232
1211102322
2111023222
1110232222
1102322221
1023222211
0232222111
2322221113
3222211131
2222111311
2221113111
2211131111
2111311110
1113111100
1131111001
1311110011
3111100110
1111001100
1110011002
1100110021
1001100211
0011002111
0110021110
1100211102
1002111020
0021110203
0211102032
2111020321
1110203212
1102032122
1020321220
0203212203
2032122031
0321220311
3212203113
2122031131
1220311310
2203113100
2031131002
0311310022
3113100220
1131002202
1310022020
3100220201
1002202010
0022020102
0220201020
2202010202
2020102021
0201020213
2010202131
0102021310
1020213100
0202131002
2021310020
0213100200
2131002000
1310020002
3100200023
1002000231
0020002310
0200023100
2000231000
0002310002
0023100023
0231000233
2310002333
3100023333
1000233332
0002333322
0023333222
0233332223
2333322233
3333222331
3332223313
3322233132
3222331322
2223313223
2233132232
2331322321
3313223213
3132232133
1322321333
3223213333
2232133332
2321333322
3213333221
2133332210
1333322101
3333221013
3332210132
3322101323
3221013233
2210132333
2101323330
1013233301
0132333010
1323330100
3233301002
2333010022
3330100222
3301002221
3010022210
0100222103
1002221031
0022210313
0222103132
2221031322
2210313220
2103132203
1031322031
0313220311
3132203111
1322031113
3220311132
2203111320
2031113203
0311132032
3111320322
1113203222
1132032222
1320322220
3203222202
2032222020
0322220202
3222202021
2222020212
2220202123
2202021232
2020212320
0202123200
2021232002
0212320020
2123200203
1232002031
2320020311
3200203111
2002031110
0020311102
0203111023
2031110232
0311102322
3111023221
1110232211
1102322110
1023221103
0232211031
2322110310
3221103100
2211031002
2110310022
1103100223
1031002231
0310022313
3100223133
1002231332
0022313321
0223133212
2231332122
2313321222
3133212220
1332122202
3321222020
3212220200
2122202001
1222020010
2220200101
2202001011
2020010113
0200101131
2001011310
0010113101
0101131011
1011310111
0113101110
1131011100
1310111000
3101110002
1011100021
0111000211
1110002110
1100021100
1000211001
0002110010
0021100100
0211001002
2110010022
1100100220
1001002202
0010022020
0100220203
1002202031
0022020311
0220203113
2202031132
2020311322
0203113220
2031132203
0311322032
3113220320
1132203202
1322032022
3220320221
2203202211
2032022113
0320221130
3202211301
2022113012
0221130123
2211301232
2113012320
1130123203
1301232032
3012320322
0123203221
1232032210
2320322102
3203221022
2032210222
0322102222
3221022223
2210222232
2102222322
1022223222
0222232221
2222322210
2223222102
2232221021
2322210211
3222102111
2221021111
2210211113
2102111130
1021111301
0211113012
2111130123
1111301232
1113012323
1130123231
1301232311
3012323111
0123231112
1232311122
2323111221
3231112213
2311122132
3111221321
1112213213
1122132132
1221321322
2213213222
2132132221
1321322210
3213222103
2132221031
1322210313
3222103132
2221031321
2210313211
2103132113
1031321132
0313211320
3132113201
1321132011
3211320113
2113201131
1132011311
1320113110
3201131101
2011311012
0113110122
1131101223
1311012232
3110122321
1101223210
1012232102
0122321021
1223210213
2232102132
2321021322
3210213223
2102132232
1021322320
0213223201
2132232011
1322320111
3223201110
2232011102
2320111021
3201110213
2011102132
0111021320
1110213203
1102132032
1021320321
0213203211
2132032111
1320321113
3203211130
2032111301
0321113012
3211130122
2111301220
1113012203
1130122032
1301220321
3012203211
0122032113
1220321131
2203211313
2032113133
0321131332
3211313322
2113133220
1131332201
1313322013
3133220130
1332201301
3322013012
3220130123
2201301232
2013012321
0130123212
1301232122
3012321222
0123212220
1232122202
2321222020
3212220200
2122202001
1222020010
2220200100
2202001002
2020010022
0200100220
2001002201
0010022011
0100220112
1002201121
0022011210
0220112103
2201121031
2011210312
0112103122
1121031221
1210312213
2103122131
1031221311
0312213111
3122131110
1221311102
2213111022
2131110220
1311102201
3111022011
1110220113
1102201132
1022011321
0220113213
2201132131
2011321310
0113213100
1132131001
1321310013
3213100132
2131001322
1310013223
3100132232
1001322323
0013223232
0132232323
1322323232
3223232321
2232323210
2323232102
3232321020
2323210203
3232102033
2321020332
3210203321
2102033211
1020332110
0203321100
2033211002
0332110022
3321100222
3211002222
2110022220
1100222203
1002222032
0022220320
0222203202
2222032023
2220320233
2203202330
2032023301
0320233011
3202330113
2023301132
0233011322
2330113220
3301132202
3011322022
0113220220
1132202202
1322022022
3220220223
2202202232
2022022321
0220223212
2202232122
2022321223
0223212233
2232122332
2321223322
3212233223
2122332233
1223322331
2233223310
2332233101
3322331011
3223310112
2233101122
2331011222
3310112220
3101122201
1011222011
0112220113
1122201132
1222011322
2220113221
2201132213
2011322132
0113221321
1132213213
1322132131
3221321312
2213213121
2132131210
1321312100
3213121001
2131210012
1312100123
3121001231
1210012311
2100123113
1001231131
0012311312
0123113123
1231131231
2311312310
3113123100
1131231002
1312310020
3123100202
1231002021
2310020211
3100202111
1002021111
0020211110
0202111100
2021111001
0211110011
2111100110
1111001103
1110011032
1100110323
1001103231
0011032310
0110323100
1103231002
1032310020
0323100203
3231002031
2310020310
3100203101
1002031011
0020310112
0203101120
2031011201
0310112013
3101120133
1011201331
0112013312
1120133122
1201331222
2013312221
0133122213
1331222132
3312221322
3122213221
1222132211
2221322111
2213221112
2132211122
1322111221
3221112213
2211122132
2111221321
1112213213
1122132131
1221321312
2213213120
2132131201
1321312010
3213120103
2131201031
1312010312
3120103120
1201031203
2010312032
0103120320
1031203202
0312032020
3120320201
1203202011
2032020112
0320201120
3202011202
2020112023
0201120230
2011202301
0112023011
1120230110
1202301101
2023011012
0230110121
2301101213
3011012132
0110121320
1101213203
1012132032
0121320322
1213203222
2132032222
1320322222
3203222221
2032222210
0322222100
3222221002
2222210022
2222100223
2221002231
2210022311
2100223111
1002231111
0022311110
0223111103
2231111031
2311110310
3111103100
1111031002
1110310023
1103100232
1031002322
0310023220
3100232203
1002322032
0023220322
0232203221
2322032210
3220322101
2203221013
2032210132
0322101322
3221013220
2210132202
2101322023
1013220231
0132202311
1322023110
3220231103
2202311031
2023110311
0231103113
2311031131
3110311311
1103113110
1031131101
0311311011
3113110112
1131101122
1311011221
3110112212
1101122121
1011221213
0112212133
1122121331
1221213310
2212133101
2121331012
1213310121
2133101210
1331012101
3310121011
3101210110
1012101102
0121011020
1210110202
2101102021
1011020212
0110202120
1102021203
1020212032
0202120323
2021203231
0212032313
2120323132
1203231322
2032313220
0323132202
3231322021
2313220213
3132202130
1322021301
3220213012
2202130122
2021301223
0213012232
2130122323
1301223231
3012232310
0122323101
1223231011
2232310112
2323101123
3231011232
2310112323
3101123232
1011232322
0112323222
1123232220
1232322202
2323222021
3232220213
2322202132
3222021320
2220213203
2202132032
2021320320
0213203201
2132032011
1320320113
3203201133
2032011333
0320113332
3201133322
2011333220
0113332202
1133322021
1333220212
3332202120
3322021200
3220212002
2202120021
2021200211
0212002111
2120021113
1200211130
2002111301
0021113012
0211130120
2111301200
1113012002
1130120022
1301200222
3012002220
0120022203
1200222031
2002220311
0022203111
0222031113
2220311132
2203111321
2031113211
0311132111
3111321112
1113211122
1132111222
1321112220
3211122202
2111222020
1112220203
1122202031
1222020311
2220203111
2202031113
2020311132
0203111320
2031113201
0311132011
3111320113
1113201132
1132011321
1320113213
3201132132
2011321322
0113213220
1132132202
1321322020
3213220200
2132202002
1322020022
3220200222
2202002221
2020022212
0200222120
2002221202
0022212021
0222120212
2221202122
2212021221
2120212213
1202122132
2021221321
0212213211
2122132113
1221321131
2213211310
2132113102
1321131021
3211310211
2113102110
1131021101
1310211011
3102110111
1021101110
0211011103
2110111031
1101110313
1011103132
0111031321
1110313210
1103132101
1031321011
0313210110
3132101103
1321011031
3210110312
2101103120
1011031203
0110312032
1103120323
1031203231
0312032313
3120323130
1203231301
2032313010
0323130103
3231301032
2313010320
3130103203
1301032031
3010320310
0103203103
1032031032
0320310322
3203103223
2031032232
0310322320
3103223200
1032232000
0322320003
3223200032
2232000321
2320003213
3200032132
2000321322
0003213220
0032132203
0321322032
3213220320
2132203203
1322032031
3220320312
2203203120
2032031201
0320312013
3203120131
2031201311
0312013112
3120131120
1201311202
2013112023
0131120232
1311202321
3112023211
1120232112
1202321122
2023211221
0232112211
2321122111
3211221110
2112211100
1122111002
1221110023
2211100233
2111002333
1110023331
1100233312
1002333122
0023331222
0233312220
2333122202
3331222023
3312220233
3122202332
1222023322
2220233223
2202332231
2023322310
0233223101
2332231011
3322310112
3223101120
2231011202
2310112023
3101120233
1011202331
0112023313
1120233131
1202331311
2023313111
0233131112
2331311121
3313111210
3131112103
1311121032
3111210322
1112103221
1121032211
1210322111
2103221112
1032211122
0322111222
3221112220
2211122201
2111222011
1112220111
1122201111
1222011111
2220111110
2201111102
2011111021
0111110212
1111102121
1111021213
1110212133
1102121331
1021213312
0212133123
2121331232
1213312322
2133123223
1331232231
3312322310
3123223103
1232231031
2322310311
3223103110
2231031102
2310311020
3103110200
1031102003
0311020032
3110200320
1102003203
1020032031
0200320313
2003203132
0032031322
0320313223
3203132232
2031322322
0313223222
3132232222
1322322221
3223222213
2232222132
2322221321
3222213211
2222132111
2221321112
2213211122
2132111221
1321112213
3211122131
2111221311
1112213110
1122131103
1221311033
2213110332
2131103320
1311033201
3110332010
1103320102
1033201021
0332010210
3320102101
3201021011
2010210113
0102101133
1021011331
0210113313
2101133130
1011331301
0113313011
1133130112
1331301120
3313011202
3130112021
1301120211
3011202111
0112021113
1120211132
1202111321
2021113213
0211132132
2111321322
1113213220
1132132202
1321322022
3213220220
2132202202
1322022022
3220220220
2202202202
2022022022
0220220220
2202202201
2022022010
0220220103
2202201032
2022010322
0220103220
2201032203
2010322032
0103220320
1032203201
0322032011
3220320113
2203201132
2032011322
0320113223
3201132232
2011322322
0113223220
1132232203
1322322032
3223220321
2232203213
2322032132
3220321320
2203213202
2032132022
0321320220
3213202202
2132022023
1320220230
3202202301
2022023011
0220230113
2202301132
2023011322
0230113223
2301132231
3011322311
0113223111
1132231113
1322311131
3223111310
2231113101
2311131011
3111310110
1113101102
1131011022
1310110222
3101102221
1011022213
0110222133
1102221331
1022213313
0222133133
2221331331
2213313310
2133133102
1331331021
3313310212
3133102121
1331021211
3310212112
3102121120
1021211202
0212112020
2121120201
1211202011
2112020113
1120201131
1202011311
2020113110
0201131101
2011311011
0113110110
1131101101
1311011011
3110110113
1101101130
1011011303
0110113031
1101130312
1011303121
0113031210
1130312102
1303121021
3031210211
0312102112
3121021123
1210211230
2102112303
1021123031
0211230313
2112303131
1123031311
1230313113
2303131131
3031311311
0313113110
3131131101
1311311010
3113110101
1131101012
1311010122
3110101220
1101012202
1010122021
0101220210
1012202101
0122021012
1220210122
2202101221
2021012212
0210122122
2101221220
1012212202
0122122020
1221220201
2212202011
2122020111
1220201111
2202011112
2020111122
0201111223
2011112232
0111122322
1111223220
1112232201
1122322012
1223220123
2232201232
2322012322
3220123220
2201232202
2012322022
0123220220
1232202202
2322022022
3220220222
2202202221
2022022212
0220222120
2202221202
2022212022
0222120222
2221202221
2212022213
2120222133
1202221332
2022213322
0222133221
2221332213
2213322132
2133221321
1332213211
3322132113
3221321133
2213211331
2132113311
1321133111
3211331111
2113311113
1133111133
1331111333
3311113331
3111133311
1111333111
1113331111
1133311111
1333111113
3331111131
3311111311
3111113112
1111131122
1111311222
1113112221
1131122211
1311222113
3112221132
1122211321
1222113211
2221132111
2211321112
2113211120
1132111202
1321112022
3211120222
2111202220
1112022201
1120222011
1202220111
2022201112
0222011123
2220111232
2201112320
2011123201
0111232010
1112320102
1123201020
1232010202
2320102022
3201020222
2010202222
0102022221
1020222211
0202222110
2022221102
0222211020
2222110202
2221102022
2211020222
2110202222
1102022222
1020222220
0202222203
2022222032
0222220322
2222203220
2222032202
2220322022
2203220222
2032202222
0322022221
3220222211
2202222110
2022221100
0222211002
2222110022
2221100223
2211002232
2110022323
1100223231
1002232311
0022323111
0223231112
2232311122
2323111221
3231112210
2311122102
3111221020
1112210202
1122102021
1221020211
2210202111
2102021112
1020211123
0202111231
2021112312
0211123122
2111231222
1112312222
1123122221
1231222212
2312222122
3122221222
1222212220
2222122202
2221222021
2212220211
2122202111
1222021112
2220211122
2202111221
2021112211
0211122111
2111221111
1112211111
1122111113
1221111132
2211111321
2111113211
1111132111
1111321111
1113211112
1132111122
1321111223
3211112230
2111122301
1111223010
1112230102
1122301021
1223010212
2230102120
2301021202
3010212022
0102120220
1021202201
0212022011
2120220111
1202201111
2022011110
0220111101
2201111011
2011110112
0111101122
1111011222
1110112220
1101122203
1011222032
0112220322
1122203221
1222032212
2220322122
2203221222
2032212220
0322122202
3221222020
2212220202
2122202022
1222020220
2220202202
2202022020
2020220202
0202202021
2022020212
0220202120
2202021202
2020212022
0202120222
2021202221
0212022211
2120222113
1202221132
2022211322
0222113220
2221132201
2211322011
2113220111
1132201111
1322011112
3220111120
2201111202
2011112022
0111120222
1111202221
1112022213
1120222133
1202221331
2022213310
0222133101
2221331011
2213310112
2133101121
1331011211
3310112111
3101121111
1011211112
0112111122
1121111221
1211112211
2111122111
1111221111
1112211111
1122111113
1221111132
2211111321
2111113210
1111132101
1111321011
1113210110
1132101101
1321011011
3210110110
2101101103
1011011032
0110110321
1101103211
1011032110
0110321102
1103211020
1032110202
0321102023
3211020230
2110202301
1102023012
1020230123
0202301232
2023012320
0230123200
2301232001
3012320011
0123200110
1232001102
2320011022
3200110221
2001102213
0011022132
0110221322
1102213222
1022132224
0221322242
2213222422
2132224221
1322242210
3222422102
2224221021
2242210212
2422102123
4221021233
2210212331
2102123310
1021233101
0212331011
2123310111
1233101111
2331011111
3310111111
3101111111
1011111112
0111111122
1111111221
1111112210
1111122101
1111221011
1112210111
1122101111
1221011111
2210111110
2101111101
1011111010
0111110101
1111101013
1111010131
1110101311
1101013111
1010131111
0101311111
1013111110
0131111103
1311111031
3111110311
1111103111
1111031111
1110311112
1103111121
1031111211
0311112112
3111121122
1111211220
1112112201
1121122010
1211220100
2112201002
1122010021
1220100211
2201002111
2010021110
0100211100
1002111002
0021110022
0211100222
2111002220
1110022201
1100222010
1002220101
0022201011
0222010110
2220101102
2201011022
2010110222
0101102223
1011022230
0110222300
1102223002
1022230020
0222300200
2223002001
2230020012
2300200122
3002001222
0020012221
0200122213
2001222131
0012221310
0122213103
1222131031
2221310310
2213103100
2131031002
1310310022
3103100220
1031002202
0310022022
3100220221
1002202211
0022022110
0220221100
2202211002
2022110021
0221100210
2211002101
2110021011
1100210111
1002101111
0021011113
0210111133
2101111331
1011113311
0111133111
1111331110
1113311102
1133111021
1331110210
3311102101
3111021011
1110210111
1102101113
1021011133
0210111331
2101113312
1011133122
0111331221
1113312211
1133122110
1331221101
3312211012
3122110121
1221101211
2211012112
2110121123
1101211232
1012112322
0121123220
1211232202
2112322020
1123220200
1232202001
2322020011
3220200111
2202001111
2020011112
0200111120
2001111202
0011112023
0111120230
1111202301
1112023013
1120230133
1202301332
2023013322
0230133221
2301332211
3013322111
0133221111
1332211111
3322111111
3221111111
2211111112
2111111122
1111111222
1111112222
1111122224
1111222241
1112222412
1122224121
1222241211
2222412111
2224121110
2241211101
2412111011
4121110111
1211101111
2111011111
1110111111
1101111113
1011111131
0111111311
1111113111
1111131111
1111311113
1113111133
1131111331
1311113310
3111133102
1111331021
1113310211
1133102110
1331021100
3310211002
3102110021
1021100211
0211002113
2110021133
1100211331
1002113312
0021133120
0211331201
2113312010
1133120100
1331201001
3312010011
3120100111
1201001111
2010011113
0100111130
1001111301
0011113013
0111130130
1111301301
1113013013
1130130132
1301301322
3013013220
0130132200
1301322001
3013220011
0132200110
1322001102
3220011022
2200110220
2001102202
0011022021
0110220211
1102202111
1022021111
0220211111
2202111111
2021111110
0211111100
2111111002
1111110022
1111100221
1111002210
1110022101
1100221013
1002210131
0022101313
0221013132
2210131321
2101313211
1013132111
0131321111
1313211112
3132111120
1321111202
3211112022
2111120222
1111202223
1112022232
1120222322
1202223221
2022232211
0222322111
2223221111
2232211110
2322111102
3221111021
2211110210
2111102101
1111021012
1110210120
1102101201
1021012010
0210120101
2101201011
1012010111
0120101110
1201011101
2010111013
0101110132
1011101321
0111013213
1110132132
1101321320
1013213202
0132132020
1321320200
3213202001
2132020011
1320200111
3202001111
2020011112
0200111120
2001111202
0011112023
0111120230
1111202301
1112023011
1120230113
1202301132
2023011322
0230113222
2301132222
3011322221
0113222213
1132222132
1322221322
3222213222
2222132221
2221322210
2213222102
2132221023
1322210231
3222102311
2221023113
2210231132
2102311320
1023113202
0231132022
2311320220
3113202201
1132022012
1320220121
3202201210
2022012102
0220121021
2201210211
2012102112
0121021123
1210211232
2102112323
1021123230
0211232302
2112323022
1123230222
1232302222
2323022221
3230222211
2302222113
3022221132
0222211323
2222113232
2221132322
2211323220
2113232200
1132322000
1323220001
3232200011
2322000111
3220001111
2200011111
2000111111
0001111111
0011111111
0111111110
1111111101
1111111013
1111110133
1111101331
1111013310
1110133101
1101331011
1013310112
0133101120
1331011202
3310112022
3101120221
1011202210
0112022102
1120221021
1202210213
2022102133
0221021332
2210213322
2102133222
1021332222
0213322220
2133222202
1332222022
3322220222
3222202220
2222022201
2220222010
2202220102
2022201021
0222010210
2220102101
2201021010
2010210102
0102101021
1021010211
0210102110
2101021102
1010211020
0102110200
1021102001
0211020011
2110200111
1102001110
1020011102
0200111021
2001110211
0011102112
0111021122
1110211222
1102112222
1021122222
0211222221
2112222213
1122222132
1222221323
2222213233
2222132331
2221323311
2213233111
2132331113
1323311131
3233111313
2331113132
3311131321
3111313211
1113132113
1131321132
1313211322
3132113223
1321132232
3211322322
2113223221
1132232210
1322322102
3223221022
2232210222
2322102223
3221022232
2210222320
2102223201
1022232010
0222320101
2223201011
2232010112
2320101122
3201011221
2010112211
0101122110
1011221101
0112211012
1122110121
1221101211
2211012110
2110121101
1101211010
1012110102
0121101022
1211010222
2110102223
1101022232
1010222320
0102223201
1022232010
0222320101
2223201011
2232010112
2320101122
3201011221
2010112211
0101122110
1011221101
0112211012
1122110122
1221101220
2211012202
2110122022
1101220222
1012202221
0122022213
1220222132
2202221322
2022213222
0222132220
2221322202
2213222020
2132220202
1322202021
3222020211
2220202111
2202021111
2020211110
0202111102
2021111020
0211110201
2111102012
1111020121
1110201213
1102012132
1020121321
0201213212
2012132122
0121321222
1213212220
2132122201
1321222012
3212220122
2122201221
1222012210
2220122103
2201221032
2012210322
0122103221
1221032210
2210322102
2103221021
1032210210
0322102102
3221021022
2210210221
2102102212
1021022123
0210221232
2102212322
1022123222
0221232222
2212322220
2123222203
1232222032
2322220322
3222203220
2222032202
2220322022
2203220222
2032202222
0322022223
3220222231
2202222310
2022223101
0222231011
2222310111
2223101111
2231011113
2310111133
3101111332
1011113323
0111133232
1111332321
1113323211
1133232111
1332321111
3323211111
3232111111
2321111111
3211111111
2111111113
1111111131
1111111313
1111113132
1111131321
1111313211
1113132111
1131321111
1313211113
3132111131
1321111311
3211113110
2111131100
1111311002
1113110021
1131100211
1311002111
3110021111
1100211113
1002111132
0021111322
0211113220
2111132202
1111322022
1113220223
1132202232
1322022320
3220223201
2202232011
2022320111
0223201110
2232011101
2320111010
3201110100
2011101002
0111010023
1110100232
1101002321
1010023210
0100232101
1002321013
0023210132
0232101320
2321013202
3210132021
2101320211
1013202113
0132021132
1320211320
3202113201
2021132010
0211320102
2113201023
1132010232
1320102321
3201023213
2010232131
0102321310
1023213102
0232131021
2321310211
3213102113
2131021132
1310211320
3102113202
1021132020
0211320202
2113202022
1132020222
1320202221
3202022210
2020222102
0202221021
2022210211
0222102110
2221021101
2210211010
2102110101
1021101011
0211010110
2110101101
1101011012
1010110122
0101101221
1011012211
0110122111
1101221111
1012211113
0122111131
1221111311
2211113110
2111131101
1111311011
1113110110
1131101101
1311011013
3110110132
1101101323
1011013231
0110132310
1101323101
1013231011
0132310111
1323101111
3231011112
2310111123
3101111232
1011112322
0111123222
1111232221
1112322213
1123222132
1232221323
2322213233
3222132333
2221323331
2213233311
2132333111
1323331111
3233311111
2333111111
3331111111
3311111111
3111111110
1111111103
1111111031
1111110311
1111103113
1111031131
1110311311
1103113111
1031131111
0311311110
3113111101
1131111010
1311110101
3111101011
1111010111
1110101111
1101011111
1010111111
0101111111
1011111111
0111111111
1111111112
1111111122
1111111222
1111112222
1111122221
1111222211
1112222110
1122221101
1222211011
2222110111
2221101111
2211011112
2110111122
1101111222
1011112220
0111122201
1111222010
1112220101
1122201010
1222010101
2220101012
2201010122
2010101220
0101012201
1010122013
0101220133
1012201332
0122013321
1220133210
2201332101
2013321013
0133210132
1332101320
3321013202
3210132021
2101320210
1013202101
0132021010
1320210102
3202101022
2021010223
0210102232
2101022322
1010223222
0102232222
1022322221
0223222213
2232222132
2322221322
3222213222
2222132221
2221322211
2213222111
2132221110
1322211101
3222111011
2221110111
2211101111
2111011111
1110111111
1101111110
1011111101
0111111011
1111110111
1111101111
1111011111
1110111113
1101111132
1011111323
0111113232
1111132321
1111323211
1113232111
1132321110
1323211101
3232111011
2321110111
3211101111
2111011112
1110111121
1101111213
1011112132
0111121323
1111213230
1112132301
1121323010
1213230103
2132301033
1323010333
3230103332
2301033320
3010333202
0103332020
1033320200
0333202001
3332020013
3320200132
3202001322
2020013220
0200132201
2001322010
