2210013322
2100133220
1001332200
0013322000
0133220003
1332200030
3322000300
3220003001
2200030010
2000300101
0003001012
0030010120
0300101200
3001012000
0010120002
0101200022
1012000222
0120002220
1200022201
2000222011
0002220112
0022201123
0222011233
2220112331
2201123313
2011233131
0112331312
1123313121
1233131212
2331312123
3313121233
3131212333
1312123332
3121233323
1212333231
2123332311
1233323110
2333231101
3332311010
3323110101
3231101010
2311010100
3110101002
1101010023
1010100233
0101002333
1010023333
0100233333
1002333333
0023333333
0233333333
2333333333
3333333333
3333333333
3333333333
3333333333
3333333333
3333333333
3333333330
3333333300
3333333000
3333330001
3333300010
3333000100
3330001000
3300010003
3000100031
0001000312
0010003122
0100031223
1000312233
0003122332
0031223321
0312233213
3122332130
1223321303
2233213033
2332130331
3321303310
3213033100
2130331002
1303310020
3033100202
0331002020
3310020200
3100202002
1002020022
0020200220
0202002201
2020022011
0200220111
2002201112
0022011120
0220111200
2201112002
2011120021
0111200212
1112002122
1120021223
1200212230
2002122303
0021223032
0212230320
2122303203
1223032033
2230320332
2303203323
3032033232
0320332320
3203323203
2033232033
0332320333
3323203330
3232033300
2320333001
3203330013
2033300133
0333001333
3330013333
3300133333
3001333333
0013333333
0133333333
1333333333
3333333333
3333333331
3333333313
3333333132
3333331322
3333313220
3333132200
3331322000
3313220002
3132200021
1322000212
3220002121
2200021210
2000212102
0002121020
0021210200
0212102000
2121020003
1210200030
2102000300
1020003001
0200030013
2000300133
0003001332
0030013320
0300133200
3001332003
0013320033
0133200332
1332003323
3320033231
3200332310
2003323100
0033231000
0332310002
3323100022
3231000222
2310002220
3100022201
1000222010
0002220103
0022201033
0222010333
2220103332
2201033320
2010333201
0103332013
1033320130
0333201300
3332013001
3320130013
3201300133
2013001333
0130013333
1300133333
3001333333
0013333333
0133333333
1333333331
3333333313
3333333131
3333331311
3333313113
3333131133
3331311333
3313113333
3131133333
1311333330
3113333303
1133333032
1333330321
3333303213
3333032133
3330321332
3303213322
3032133223
0321332232
3213322322
2133223220
1332232202
3322322021
3223220210
2232202100
2322021000
3220210003
2202100031
2021000310
0210003100
2100031000
1000310002
0003100023
0031000233
0310002332
3100023323
1000233233
0002332332
0023323321
0233233213
2332332133
3323321333
3233213333
2332133333
3321333333
3213333331
2133333313
1333333132
3333331323
3333313232
3333132320
3331323203
3313232033
3132320333
1323203333
3232033333
2320333333
3203333333
2033333333
0333333331
3333333312
3333333121
3333331213
3333312133
3333121333
3331213331
3312133313
3121333131
1213331311
2133313111
1333131110
3331311101
3313111013
3131110133
1311101332
3111013323
1110133230
1101332301
1013323013
0133230132
1332301321
3323013212
3230132120
2301321202
3013212022
0132120223
1321202233
3212022333
2120223330
1202233303
2022333033
0223330333
2233303330
2333033300
3330333000
3303330001
3033300013
0333000131
3330001310
3300013103
3000131031
0001310312
0013103121
0131031210
1310312102
3103121021
1031210210
0312102101
3121021010
1210210101
2102101012
1021010122
0210101221
2101012211
1010122112
0101221122
1012211222
0122112220
1221122201
2211222012
2112220122
1122201222
1222012221
2220122213
2201222132
2012221322
0122213220
1222132200
2221322000
2213220001
2132200012
1322000123
3220001231
2200012313
2000123130
0001231301
0012313013
0123130132
1231301320
2313013203
3130132030
1301320300
3013203003
0132030030
1320300300
3203003003
2030030033
0300300333
3003003331
0030033310
0300333101
3003331011
0033310113
0333101132
3331011323
3310113232
3101132323
1011323230
0113232302
1132323023
1323230233
3232302332
2323023323
3230233231
2302332311
3023323110
0233231103
2332311031
3323110313
3231103130
2311031300
3110313003
1103130030
1031300303
0313003033
3130030333
1300303333
3003033331
0030333312
0303333123
3033331230
0333312303
3333123032
3331230320
3312303200
3123032003
1230320031
2303200313
3032003130
0320031301
3200313013
2003130131
0031301312
0313013120
3130131201
1301312011
3013120111
0131201113
1312011133
3120111333
1201113333
2011133333
0111333333
1113333333
1133333330
1333333300
3333333000
3333330000
3333300003
3333000032
3330000320
3300003201
3000032010
0000320100
0003201000
0032010001
0320100012
3201000120
2010001202
0100012021
1000120210
0001202100
0012021002
0120210020
1202100203
2021002030
0210020300
2100203002
1002030023
0020300232
0203002323
2030023231
0300232313
3002323131
0023231313
0232313131
2323131313
3231313132
2313131320
3131313201
1313132012
3131320123
1313201231
3132012311
1320123111
3201231112
2012311120
0123111202
1231112023
2311120231
3111202311
1112023112
1120231120
1202311202
2023112021
0231120210
2311202101
3112021012
1120210123
1202101231
2021012312
0210123122
2101231220
1012312202
0123122022
1231220220
2312202201
3122022013
1220220131
2202201312
2022013122
0220131221
2201312211
2013122112
0131221122
1312211222
3122112223
1221122231
2211222313
2112223131
1122231311
1222313112
2223131123
2231311232
2313112321
3131123211
1311232111
3112321112
1123211123
1232111231
2321112311
3211123112
2111231122
1112311220
1123112203
1231122031
2311220311
3112203112
1122031122
1220311222
2203112223
2031122231
0311222311
3112223112
1122231120
1222311201
2223112012
2231120121
2311201212
3112012122
1120121220
1201212202
2012122020
0121220200
1212202001
2122020010
1220200101
2202001011
2020010110
0200101102
2001011020
0010110201
0101102011
1011020112
0110201121
1102011210
1020112101
0201121012
2011210120
0112101201
1121012010
1210120100
2101201001
1012010010
0120100102
1201001021
2010010211
0100102113
1001021131
0010211311
0102113113
1021131131
0211311311
2113113112
1131131121
1311311212
3113112121
1131121212
1311212122
3112121220
1121212201
1212122012
2121220122
1212201223
2122012231
1220122311
2201223112
2012231121
0122311213
1223112131
2231121312
2311213122
3112131221
1121312212
1213122120
2131221202
1312212023
3122120233
1221202331
2212023310
2120233100
1202331002
2023310020
0233100200
2331002002
3310020022
3100200220
1002002201
0020022012
0200220120
2002201202
0022012022
0220120220
2201202202
2012022022
0120220220
1202202201
2022022010
0220220100
2202201002
2022010023
0220100233
2201002331
2010023311
0100233111
1002331111
0023311112
0233111121
2331111212
3311112123
3111121232
1111212321
1112123210
1121232103
1212321031
2123210311
1232103112
2321031121
3210311212
2103112120
1031121202
0311212022
3112120221
1121202212
1212022122
2120221223
1202212232
2022122323
0221223231
2212232312
2122323121
1223231210
2232312102
2323121022
3231210223
2312102232
3121022321
1210223213
2102232132
1022321320
0223213200
2232132002
2321320022
3213200222
2132002221
1320022213
3200222130
2002221301
0022213012
0222130120
2221301201
2213012013
2130120132
1301201322
3012013220
0120132201
1201322012
2013220121
0132201213
1322012131
3220121312
2201213123
2012131232
0121312321
1213123211
2131232111
1312321110
3123211103
1232111032
2321110321
3211103211
2111032112
1110321122
1103211223
1032112231
0321122311
3211223112
2112231121
1122311212
1223112123
2231121232
2311212320
3112123200
1121232001
1212320012
2123200122
1232001220
2320012203
3200122031
2001220311
0012203112
0122031122
1220311221
2203112210
2031122100
0311221000
3112210000
1122100000
1221000001
2210000010
2100000100
1000001002
0000010021
0000100211
0001002112
0010021121
0100211210
1002112101
0021121012
0211210123
2112101232
1121012320
1210123200
2101232002
1012320020
0123200202
1232002020
2320020201
3200202011
2002020111
0020201110
0202011103
2020111032
0201110320
2011103200
0111032001
1110320012
1103200121
1032001211
0320012113
3200121133
2001211331
0012113310
0121133103
1211331032
2113310322
1133103223
1331032232
3310322323
3103223232
1032232322
0322323222
3223232221
2232322210
2323222101
3232221010
2322210100
3222101002
2221010021
2210100212
2101002122
1010021221
0100212212
1002122121
0021221212
0212212121
2122121211
1221212112
2212121122
2121211220
1212112200
2121122002
1211220021
2112200213
1122002132
1220021322
2200213221
2002132212
0021322122
0213221220
2132212201
1322122011
3221220110
2212201102
2122011023
1220110230
2201102301
2011023011
0110230111
1102301112
1023011121
0230111210
2301112103
3011121031
0111210313
1112103131
1121031311
1210313110
2103131101
1031311010
0313110100
3131101001
1311010012
3110100121
1101001212
1010012122
0100121220
1001212202
0012122021
0121220213
1212202131
2122021310
1220213102
2202131021
2021310210
0213102100
2131021002
1310210020
3102100201
1021002012
0210020121
2100201213
1002012131
0020121312
0201213122
2012131222
0121312220
1213122200
2131222002
1312220021
3122200213
1222002132
2220021323
2200213232
2002132322
0021323220
0213232202
2132322022
1323220223
3232202233
2322022330
3220223301
2202233013
2022330132
0223301320
2233013200
2330132003
3301320032
3013200320
0132003202
1320032022
3200320222
2003202222
0032022222
0320222220
3202222200
2022222000
0222220000
2222200002
2222000021
2220000212
2200002123
2000021231
0000212311
0002123113
0021231133
0212311333
2123113331
1231133312
2311333123
3113331232
1133312321
1333123210
3331232102
3312321022
3123210220
1232102202
2321022022
3210220221
2102202212
1022022122
0220221220
2202212202
2022122021
0221220212
2212202122
2122021221
1220212213
2202122131
2021221311
0212213112
2122131123
1221311232
2213112323
2131123232
1311232321
3112323210
1123232102
1232321021
2323210210
3232102101
2321021010
3210210100
2102101002
1021010020
0210100200
2101002002
1010020022
0100200220
1002002203
0020022031
0200220310
2002203101
0022031011
0220310111
2203101111
2031011112
0310111120
3101111203
1011112033
0111120330
1111203301
1112033010
1120330100
1203301002
2033010023
0330100230
3301002301
3010023011
0100230110
1002301102
0023011021
0230110211
2301102111
3011021111
0110211112
1102111122
1021111221
0211112212
2111122122
1111221220
1112212202
1122122022
1221220220
2212202200
2122022002
1220220023
2202200231
2022002311
0220023112
2200231122
2002311222
0023112220
0231122200
2311222002
3112220020
1122200200
1222002001
2220020012
2200200122
2002001222
0020012221
0200122210
2001222102
0012221022
0122210222
1222102221
2221022212
2210222120
2102221202
1022212022
0222120221
2221202210
2212022102
2120221020
1202210202
2022102022
0221020220
2210202201
2102022012
1020220122
0202201222
2022012222
0220122222
2201222221
2012222212
0122222120
1222221200
2222212001
2222120010
2221200102
2212001020
2120010201
1200102011
2001020111
0010201110
0102011101
1020111010
0201110103
2011101031
0111010313
1110103131
1101031311
1010313111
0103131111
1031311112
0313111120
3131111200
1311112001
3111120012
1111200121
1112001211
1120012110
1200121103
2001211031
0012110313
0121103133
1211031331
2110313310
1103133100
1031331002
0313310022
3133100221
1331002212
3310022121
3100221213
1002212130
0022121301
0221213010
2212130100
2121301001
1213010012
2130100121
1301001212
3010012121
0100121212
1001212122
0012121220
0121212203
1212122033
2121220331
1212203311
2122033111
1220331111
2203311111
2033111112
0331111121
3311111212
3111112123
1111121231
1111212311
1112123110
1121231102
1212311021
2123110211
1231102113
2311021132
3110211322
1102113222
1021132221
0211322212
2113222120
1132221202
1322212022
3222120221
2221202212
2212022121
2120221213
1202212131
2022121313
0221213131
2212131313
2121313131
1213131311
2131313111
1313131112
3131311122
1313111220
3131112202
1311122020
3111220203
1112202031
1122020310
1220203103
2202031033
2020310331
0203103310
2031033102
0310331022
3103310222
1033102221
0331022210
3310222102
3102221023
1022210231
0222102311
2221023111
2210231110
2102311102
1023111022
0231110222
2311102221
3111022211
1110222111
1102221111
1022211111
0222111111
2221111111
2211111110
2111111101
1111111011
1111110111
1111101111
1111011113
1110111131
1101111311
1011113111
0111131110
1111311102
1113111021
1131110210
1311102101
3111021011
1110210111
1102101111
1021011112
0210111120
2101111200
1011112000
0111120002
1111200021
1112000212
1120002122
1200021220
2000212202
0002122022
0021220221
0212202212
2122022123
1220221231
2202212312
2022123121
0221231210
2212312102
2123121021
1231210210
2312102102
3121021022
1210210222
2102102221
1021022210
0210222102
2102221021
1022210210
0222102100
2221021002
2210210022
2102100221
1021002212
0210022122
2100221220
1002212203
0022122031
0221220313
2212203132
2122031320
1220313200
2203132002
2031320021
0313200212
3132002122
1320021222
3200212220
2002122202
0021222022
0212220222
2122202222
1222022221
2220222212
2202222121
2022221211
0222212111
2222121111
2221211111
2212111113
2121111132
1211111321
2111113210
1111132102
1111321022
1113210220
1132102202
1321022020
3210220202
2102202021
1022020212
0220202121
2202021210
2020212102
0202121022
2021210221
0212102213
2121022131
1210221313
2102213132
1022131321
0221313212
2213132122
2131321222
1313212221
3132122212
1321222121
3212221211
2122212112
1222121122
2221211221
2212112211
2121122112
1211221121
2112211211
1122112110
1221121102
2211211021
2112110213
1121102131
1211021310
2110213100
1102131001
1021310010
0213100103
2131001031
1310010312
3100103120
1001031201
0010312013
0103120133
1031201331
0312013311
3120133112
1201331121
2013311212
0133112120
1331121201
3311212012
3112120123
1121201232
1212012322
2120123220
1201232201
2012322010
0123220103
1232201031
2322010312
3220103122
2201031221
2010312212
0103122120
1031221202
0312212021
3122120213
1221202132
2212021320
2120213202
1202132021
2021320211
0213202110
2132021101
1320211010
3202110103
2021101031
0211010312
2110103120
1101031201
1010312012
0103120121
1031201211
0312012113
3120121133
1201211331
2012113312
0121133120
1211331201
2113312012
1133120123
1331201231
3312012310
3120123100
1201231001
2012310012
0123100120
1231001202
2310012023
3100120233
1001202331
0012023312
0120233120
1202331201
2023312011
0233120110
2331201102
3312011023
3120110230
1201102301
2011023011
0110230113
1102301132
1023011321
0230113211
2301132111
3011321111
0113211111
1132111111
1321111110
3211111100
2111111001
1111110013
1111100132
1111001321
1110013211
1100132110
1001321101
0013211011
0132110111
1321101111
3211011113
2110111130
1101111301
1011113012
0111130122
1111301222
1113012222
1130122222
1301222221
3012222213
0122222130
1222221301
2222213012
2222130122
2221301222
2213012223
2130122232
1301222322
3012223222
0122232221
1222322212
2223222122
2232221221
2322212211
3222122110
2221221100
2212211002
2122110021
1221100211
2211002112
2110021121
1100211210
1002112102
0021121020
0211210202
2112102021
1121020211
1210202111
2102021112
1020211122
0202111221
2021112211
0211122112
2111221121
1112211212
1122112122
1221121222
2211212222
2112122222
1121222222
1212222222
2122222222
1222222220
2222222200
2222222001
2222220010
2222200102
2222001020
2220010202
2200102022
2001020221
0010202211
0102022111
1020221111
0202211111
2022111111
0221111111
2211111110
2111111101
1111111010
1111110103
1111101033
1111010330
1110103300
1101033000
1010330000
0103300001
1033000012
0330000122
3300001220
3000012202
0000122021
0001220210
0012202102
0122021021
1220210213
2202102131
2021021310
0210213102
2102131021
1021310211
0213102111
2131021111
1310211112
3102111122
1021111221
0211112211
2111122110
1111221101
1112211013
1122110130
1221101301
2211013010
2110130102
1101301021
1013010212
0130102120
1301021200
3010212001
0102120011
1021200112
0212001121
2120011210
1200112102
2001121021
0011210210
0112102102
1121021020
1210210202
2102102021
1021020213
0210202131
2102021313
1020213132
0202131321
2021313211
0213132111
2131321111
1313211112
3132111121
1321111211
3211112113
2111121131
1111211310
1112113102
1121131021
1211310211
2113102110
1131021100
1310211003
3102110031
1021100310
0211003102
2110031021
1100310213
1003102130
0031021301
0310213012
3102130122
1021301221
0213012213
2130122131
1301221311
3012213113
0122131133
1221311331
2213113310
2131133102
1311331021
3113310211
1133102113
1331021132
3310211321
3102113210
1021132102
0211321021
2113210210
1132102102
1321021023
3210210232
2102102321
1021023213
0210232131
2102321311
1023213113
0232131131
2321311311
3213113113
2131131130
1311311303
3113113031
1131130311
1311303111
3113031112
1130311122
1303111221
3031112212
0311122121
3111221212
1112212122
1122121221
1221212212
2212122121
2121221212
1212212121
2122121211
1221212111
2212121112
2121211121
1212111210
2121112102
1211121023
2111210232
1112102323
1121023232
1210232320
2102323202
1023232023
0232320230
2323202301
3232023013
2320230131
3202301311
2023013112
0230131122
2301311221
3013112211
0131122110
1311221101
3112211011
1122110110
1221101102
2211011022
2110110222
1101102221
1011022212
0110222122
1102221221
1022212213
0222122131
2221221311
2212213110
2122131101
1221311011
2213110113
2131101131
1311011311
3110113112
1101131121
1011311211
0113112112
1131121122
1311211222
3112112221
1121122211
1211222111
2112221113
1122211130
1222111301
2221113013
2211130130
2111301301
1113013013
1130130131
1301301311
3013013111
0130131111
1301311112
3013111122
0131111221
1311112212
3111122121
1111221211
1112212111
1122121112
1221211122
2212111221
2121112211
1211122111
2111221112
1112211123
1122111230
1221112301
2211123011
2111230111
1112301111
1123011112
1230111121
2301111211
3011112113
0111121133
1111211331
1112113312
1121133121
1211331211
2113312113
1133121130
1331211301
3312113010
3121130103
1211301032
2113010322
1130103222
1301032221
3010322211
0103222111
1032221111
0322211112
3222111122
2221111222
2211112221
2111122210
1111222102
1112221021
1122210212
1222102122
2221021221
2210212211
2102122111
1021221111
0212211113
2122111132
1221111323
2211113230
2111132301
1111323010
1113230101
1132301012
1323010121
3230101211
2301012111
3010121112
0101211123
1012111231
0121112310
1211123101
2111231010
1112310102
1123101020
1231010200
2310102001
3101020011
1010200111
0102001110
1020011101
0200111010
2001110102
0011101022
0111010222
1110102222
1101022221
1010222211
0102222111
1022221111
0222211111
2222111112
2221111121
2211111211
2111112111
1111121113
1111211132
1112111320
1121113201
1211132011
2111320111
1113201110
1132011100
1320111000
3201110000
2011100001
0111000013
1110000131
1100001310
1000013101
0000131010
0001310101
0013101010
0131010102
1310101021
3101010211
1010102111
0101021111
1010211111
0102111110
1021111102
0211111022
2111110222
1111102221
1111022213
1110222132
1102221322
1022213222
0222132220
2221322202
2213222021
2132220210
1322202102
3222021020
2220210201
2202102011
2021020111
0210201111
2102011111
1020111112
0201111123
2011111232
0111112323
1111123230
1111232301
1112323010
1123230101
1232301010
2323010101
3230101010
2301010102
3010101021
0101010213
1010102131
0101021313
1010213131
0102131311
1021313110
0213131102
2131311022
1313110221
3131102211
1311022111
3110221113
1102211132
1022111320
