3110213223
1102132232
1021322320
0213223201
2132232013
1322320132
3223201320
2232013202
2320132023
3201320231
2013202312
0132023122
1320231222
3202312222
2023122222
0231222222
2312222220
3122222203
1222222031
2222220311
2222203111
2222031111
2220311113
2203111130
2031111302
0311113020
3111130200
1111302001
1113020011
1130200111
1302001110
3020011102
0200111023
2001110232
0011102320
0111023201
1110232013
1102320133
1023201331
0232013313
2320133132
3201331321
2013313211
0133132111
1331321111
3313211111
3132111110
1321111103
3211111031
2111110310
1111103101
1111031010
1110310101
1103101012
1031010121
0310101213
3101012130
1010121300
0101213001
1012130010
0121300103
1213001032
2130010320
1300103200
3001032000
0010320002
0103200021
1032000213
0320002132
3200021321
2000213211
0002132110
0021321102
0213211021
2132110211
1321102113
3211021133
2110211333
1102113331
1021133311
0211333111
2113331111
1133311111
1333111113
3331111133
3311111331
3111113313
1111133133
1111331333
1113313332
1133133323
1331333232
3313332322
3133323221
1333232211
3332322110
3323221101
3232211011
2322110112
3221101123
2211011232
2110112321
1101123213
1011232131
0112321311
1123213113
1232131131
2321311313
3213113131
2131131311
1311313113
3113131133
1131311331
1313113311
3131133111
1311331111
3113311111
1133111111
1331111110
3311111102
3111111021
1111110211
1111102111
1111021113
1110211132
1102111320
1021113202
0211132021
2111320213
1113202133
1132021332
1320213322
3202133220
2021332200
0213322002
2133220020
1332200202
3322002020
3220020202
2200202022
2002020220
0020202201
0202022011
2020220111
0202201111
2022011113
0220111131
2201111313
2011113131
0111131312
1111313121
1113131211
1131312112
1313121122
3131211221
1312112213
3121122131
1211221311
2112213111
1122131112
1221311122
2213111221
2131112211
1311122113
3111221132
1112211322
1122113222
1221132221
2211322210
2113222102
1132221021
1322210210
3222102102
2221021023
2210210233
2102102332
1021023321
0210233210
2102332102
1023321021
0233210212
2332102120
3321021202
3210212020
2102120200
1021202001
0212020011
2120200111
1202001111
2020011111
0200111111
2001111110
0011111102
0111111021
1111110213
1111102133
1111021331
1110213313
1102133131
1021331311
0213313111
2133131112
1331311122
3313111221
3131112213
1311122131
3111221311
1112213110
1122131102
1221311020
2213110202
2131102022
1311020220
3110202200
1102022002
1020220020
0202200202
2022002021
0220020211
2200202113
2002021132
0020211322
0202113221
2021132212
0211322122
2113221223
1132212230
1322122302
3221223020
2212230203
2122302033
1223020333
2230203331
2302033310
3020333103
0203331031
2033310312
0333103123
3331031231
3310312311
3103123111
1031231113
0312311133
3123111331
1231113311
2311133111
3111331113
1113311132
1133111323
1331113233
3311132331
3111323311
1113233112
1132331122
1323311220
3233112201
2331122011
3311220113
3112201130
1122011301
1220113011
2201130113
2011301132
0113011321
1130113212
1301132122
3011321222
0113212220
1132122201
1321222011
3212220113
2122201132
1222011321
2220113213
2201132132
2011321321
0113213213
1132132132
1321321322
3213213222
2132132221
1321322212
3213222122
2132221220
1322212202
3222122022
2221220222
2212202222
2122022220
1220222200
2202222002
2022220021
0222200210
2222002102
2220021023
2200210232
2002102322
0021023222
0210232221
2102322213
1023222132
0232221322
2322213221
3222132213
2221322131
2213221311
2132213110
1322131102
3221311022
2213110221
2131102212
1311022121
3110221212
1102212121
1022121213
0221212132
2212121321
2121213210
1212132102
2121321021
1213210211
2132102113
1321021130
3210211302
2102113023
1021130232
0211302321
2113023213
1130232132
1302321322
3023213220
0232132202
2321322023
3213220232
2132202321
1322023213
3220232131
2202321312
2023213121
0232131211
2321312111
3213121111
2131211113
1312111132
3121111321
1211113213
2111132133
1111321331
1113213312
1132133122
1321331222
3213312221
2133122212
1331222122
3312221221
3122212212
1222122120
2221221200
2212212001
2122120013
1221200131
2212001311
2120013113
1200131132
2001311322
0013113221
0131132213
1311322133
3113221331
1132213311
1322133111
3221331112
2213311122
2133111220
1331112202
3311122021
3111220211
1112202112
1122021122
1220211220
2202112203
2021122031
0211220311
2112203111
1122031111
1220311112
2203111121
2031111210
0311112102
3111121021
1111210210
1112102102
1121021021
1210210211
2102102110
1021021102
0210211021
2102110211
1021102111
0211021112
2110211122
1102111222
1021112221
0211122213
2111222131
1112221312
1122213120
1222131202
2221312021
2213120211
2131202111
1312021113
3120211132
1202111323
2021113231
0211132311
2111323110
1113231100
1132311002
1323110022
3231100223
2311002232
3110022321
1100223213
1002232132
0022321320
0223213200
2232132000
2321320002
3213200022
2132000222
1320002222
3200022222
2000222221
0002222213
0022222131
0222221312
2222213122
2222131223
2221312232
2213122321
2131223212
1312232122
3122321220
1223212200
2232122002
2321220021
3212200213
2122002131
1220021311
2200213112
2002131121
0021311211
0213112112
2131121120
1311211202
3112112021
1121120211
1211202110
2112021100
1120211002
1202110021
2021100210
0211002102
2110021021
1100210213
1002102132
0021021322
0210213223
2102132232
1021322321
0213223213
2132232132
1322321322
3223213220
2232132202
2321322022
3213220223
2132202232
1322022322
3220223222
2202232220
2022322202
0223222020
2232220202
2322202022
3222020222
2220202222
2202022220
2020222202
0202222021
2022220211
0222202113
2222021132
2220211321
2202113212
2021132122
0211321222
2113212220
1132122203
1321222032
3212220322
2122203221
1222032213
2220322132
2203221321
2032213212
0322132121
3221321211
2213212113
2132121132
1321211322
3212113222
2121132220
1211322201
2113222011
1132220111
1322201112
3222011122
2220111221
2201112211
2011122111
0111221110
1112211102
1122111022
1221110221
2211102210
2111022102
1110221021
1102210212
1022102122
0221021222
2210212221
2102122212
1021222120
0212221200
2122212002
1222120020
2221200200
2212002002
2120020021
1200200210
2002002102
0020021020
0200210202
2002102021
0021020211
0210202110
2102021102
1020211021
0202110213
2021102132
0211021321
2110213212
1102132122
1021321222
0213212221
2132122212
1321222120
3212221202
2122212021
1222120213
2221202132
2212021322
2120213220
1202132202
2021322023
0213220233
2132202333
1322023330
3220233300
2202333001
2023330011
0233300113
2333001131
3330011310
3300113101
3001131012
0011310122
0113101220
1131012202
1310122021
3101220213
1012202132
0122021323
1220213233
2202132331
2021323310
0213233102
2132331021
1323310213
3233102132
2331021322
3310213223
3102132232
1021322322
0213223220
2132232203
1322322031
3223220311
2232203112
2322031121
3220311213
2203112131
2031121311
0311213112
3112131122
1121311220
1213112202
2131122020
1311220200
3112202002
1122020022
1220200220
2202002200
2020022002
0200220022
2002200221
0022002213
0220022132
2200221320
2002213202
0022132020
0221320200
2213202003
2132020031
1320200311
3202003112
2020031122
0200311221
2003112213
0031122132
0311221320
3112213203
1122132032
1221320321
2213203211
2132032111
1320321112
3203211120
2032111202
0321112020
3211120202
2111202022
1112020220
1120202200
1202022002
2020220022
0202200221
2022002212
0220022122
2200221221
2002212210
0022122103
0221221033
2212210331
2122103311
1221033113
2210331132
2103311322
1033113222
0331132221
3311322210
3113222102
1132221022
1322210222
3222102220
2221022202
2210222020
2102220201
1022202011
0222020110
2220201102
2202011021
2020110213
0201102133
2011021330
0110213303
1102133031
1021330311
0213303112
2133031121
1330311212
3303112122
3031121221
0311212212
3112122120
1121221203
1212212031
2122120310
1221203102
2212031020
2120310202
1203102021
2031020211
0310202113
3102021131
1020211311
0202113111
2021131110
0211311102
2113111021
1131110211
1311102111
3111021111
1110211112
1102111121
1021111211
0211112113
2111121133
1111211331
1112113313
1121133131
1211331313
2113313133
1133131333
1331313331
3313133310
3131333102
1313331020
3133310203
1333102031
3331020313
3310203131
3102031311
1020313110
0203131102
2031311022
0313110220
3131102202
1311022020
3110220202
1102202022
1022020223
0220202231
2202022313
2020223132
0202231320
2022313202
0223132021
2231320210
2313202101
3132021013
1320210133
3202101333
2021013332
0210133322
2101333220
1013332200
0133322003
1333220031
3332200313
3322003131
3220031311
2200313111
2003131110
0031311103
0313111032
3131110320
1311103200
3111032003
1110320030
1103200303
1032003033
0320030331
3200303311
2003033113
0030331133
0303311333
3033113333
0331133331
3311333313
3113333131
1133331311
1333313111
3333131111
3331311111
3313111111
3131111113
1311111132
3111111320
1111113203
1111132033
1111320333
1113203331
1132033313
1320333131
3203331313
2033313132
0333131321
3331313211
3313132113
3131321132
1313211322
3132113220
1321132200
3211322003
2113220033
1132200333
1322003330
3220033300
2200333001
2003330013
0033300133
0333001332
3330013322
3300133222
3001332223
0013322231
0133222310
1332223103
3322231032
3222310320
2223103200
2231032000
2310320002
3103200020
1032000203
0320002032
3200020321
2000203213
0002032133
0020321331
0203213311
2032133111
0321331111
3213311113
2133111133
1331111333
3311113331
3111133313
1111333133
1113331331
1133313311
1333133111
3331331113
3313311131
3133111310
1331113101
3311131010
3111310102
1113101020
1131010202
1310102022
3101020220
1010202201
0102022010
1020220102
0202201021
2022010210
0220102103
2201021032
2010210323
0102103230
1021032303
0210323033
2103230333
1032303332
0323033320
3230333201
2303332013
3033320132
0333201321
3332013210
3320132100
3201321003
2013210033
0132100333
1321003333
3210033332
2100333320
1003333200
0033332003
0333320033
3333200332
3332003321
3320033211
3200332113
2003321133
0033211332
0332113323
3321133232
3211332320
2113323202
1133232021
1332320213
3323202132
3232021322
2320213220
3202132200
2021322003
0213220030
2132200303
1322003033
3220030331
2200303313
2003033131
0030331311
0303313113
3033131131
0331311311
3313113110
3131131101
1311311013
3113110132
1131101320
1311013200
3110132002
1101320022
1013200220
0132002201
1320022010
3200220100
2002201000
0022010002
0220100020
2201000200
2010002000
0100020000
1000200001
0002000011
0020000110
0200001101
2000011010
0000110100
0001101001
0011010010
0110100102
1101001022
1010010220
0100102201
1001022011
0010220113
0102201132
1022011322
0220113221
2201132210
2011322101
0113221010
1132210102
1322101020
3221010202
2210102023
2101020232
1010202320
0102023202
1020232023
0202320232
2023202321
0232023210
2320232102
3202321020
2023210202
0232102022
2321020220
3210202202
2102022021
1020220213
0202202130
2022021300
0220213000
2202130001
2021300011
0213000113
2130001133
1300011333
3000113333
0001133332
0011333321
0113333210
1133332103
1333321032
3333210322
3332103220
3321032201
3210322011
2103220110
1032201102
0322011020
3220110202
2201102020
2011020202
0110202020
1102020202
1020202020
0202020203
2020202031
0202020310
2020203101
0202031013
2020310131
0203101311
2031013112
0310131120
3101311202
1013112022
0131120220
1311202203
3112022033
1120220331
1202203310
2022033101
0220331011
2203310110
2033101100
0331011002
3310110020
3101100202
1011002022
0110020223
1100202233
1002022331
0020223310
0202233103
2022331033
0223310331
2233103311
2331033113
3310331132
3103311323
1033113233
0331132331
3311323311
3113233113
1132331131
1323311310
3233113100
2331131003
3311310030
3113100301
1131003010
1310030103
3100301031
1003010310
0030103102
0301031020
3010310200
0103102000
1031020002
0310200021
3102000210
1020002103
0200021032
2000210320
0002103202
0021032021
0210320211
2103202111
1032021111
0320211110
3202111103
2021111031
0211110310
2111103103
1111031031
1110310313
1103103133
1031031332
0310313320
3103133202
1031332021
0313320211
3133202111
1332021111
3320211113
3202111132
2021111322
0211113221
2111132213
1111322132
1113221320
1132213202
1322132022
3221320220
2213202202
2132022021
1320220210
3202202100
2022021001
0220210010
2202100102
2021001023
0210010232
2100102320
1001023202
0010232021
0102320210
1023202100
0232021003
2320210032
3202100321
2021003210
0210032101
2100321013
1003210130
0032101303
0321013032
3210130321
2101303210
1013032102
0130321022
1303210223
3032102232
0321022323
3210223231
2102232313
1022323132
0223231323
2232313232
2323132323
3231323230
2313232301
3132323010
1323230102
3232301022
2323010221
3230102210
2301022103
3010221031
0102210313
1022103131
0221031311
2210313110
2103131100
1031311001
0313110010
3131100100
1311001000
3110010002
1100100021
1001000212
0010002122
0100021222
1000212220
0002122200
0021222001
0212220013
2122200130
1222001303
2220013030
2200130303
2001303033
0013030332
0130303321
1303033213
3030332131
0303321312
3033213122
0332131221
3321312213
3213122133
2131221331
1312213313
3122133131
1221331311
2213313111
2133131113
1331311132
3313111321
3131113213
1311132132
3111321320
1113213201
1132132012
1321320120
3213201200
2132012000
1320120002
3201200023
2012000230
0120002302
1200023021
2000230210
0002302102
0023021023
0230210232
2302102320
3021023200
0210232000
2102320003
1023200031
0232000313
2320003133
3200031332
2000313323
0003133233
0031332332
0313323322
3133233221
1332332211
3323322111
3233221111
2332211110
3322111100
3221111002
2211110023
2111100231
1111002310
1110023100
1100231002
1002310020
0023100202
0231002020
2310020200
3100202000
1002020001
0020200010
0202000103
2020001032
0200010322
2000103220
0001032203
0010322032
0103220322
1032203220
0322032203
3220322032
2203220321
2032203213
0322032133
3220321331
2203213313
2032133132
0321331321
3213313210
2133132102
1331321020
3313210200
3132102002
1321020020
3210200202
2102002020
1020020202
0200202023
2002020233
0020202332
0202023322
2020233220
0202332201
2023322010
0233220101
2332201011
3322010113
3220101133
2201011330
2010113300
0101133002
1011330020
0113300200
1133002000
1330020001
3300200011
3002000113
0020001133
0200011333
2000113333
0001133331
0011333312
0113333120
1133331200
1333312003
3333120031
3331200313
3312003131
3120031313
1200313131
2003131313
0031313132
0313131322
3131313220
1313132200
3131322003
1313220030
3132200303
1322003032
3220030323
2200303233
2003032332
0030323321
0303233213
3032332130
0323321302
3233213023
2332130232
3321302322
3213023222
2130232220
1302322200
3023222001
0232220010
2322200102
3222001022
2220010220
2200102202
2001022021
0010220212
0102202123
1022021230
0220212302
2202123021
2021230213
0212302132
2123021321
1230213211
2302132110
3021321103
0213211032
2132110322
1321103220
3211032201
2110322013
1103220131
1032201311
0322013113
3220131133
2201311333
2013113332
0131133321
1311333210
3113332100
1133321003
1333210032
3332100320
3321003202
3210032022
2100320220
1003202200
0032022001
0320220013
3202200132
2022001321
0220013210
2200132102
2001321023
0013210232
0132102321
1321023210
3210232102
2102321022
1023210220
0232102203
2321022031
3210220313
2102203133
1022031331
0220313313
2203133133
2031331331
0313313313
3133133132
1331331322
3313313221
3133132213
1331322131
3313221311
3132213110
1322131100
3221311000
2213110000
2131100003
1311000032
3110000322
1100003221
1000032211
0000322111
0003221113
0032211130
0322111301
3221113010
2211130102
2111301022
1113010222
1130102223
1301022233
3010222331
0102223311
1022233113
0222331133
2223311331
2233113310
2331133100
3311331001
3113310013
1133100132
1331001321
3310013213
3100132132
1001321322
0013213220
0132132200
1321322003
3213220032
2132200322
1322003220
3220032200
2200322001
2003220010
0032200102
0322001023
3220010230
2200102300
2001023003
0010230031
0102300310
1023003100
0230031000
2300310001
3003100013
0031000132
0310001322
3100013222
1000132220
0001322201
0013222010
0132220102
1322201022
3222010221
2220102210
2201022103
2010221032
0102210323
1022103232
0221032320
2210323203
2103232033
1032320333
0323203331
3232033310
2320333103
3203331031
2033310310
0333103102
3331031022
3310310222
3103102220
1031022201
0310222013
3102220132
1022201321
0222013212
2220132121
2201321210
2013212102
0132121020
1321210202
3212102022
2121020222
1210202220
2102022202
1020222020
0202220202
2022202022
0222020220
2220202201
2202022012
2020220120
0202201202
2022012022
0220120222
2201202220
2012022202
0120222020
1202220203
2022202030
0222020303
2220203032
2202030323
2020303232
0203032321
2030323210
0303232100
3032321000
0323210000
3232100000
2321000002
3210000021
2100000213
1000002131
0000021311
0000213111
0002131111
0021311111
0213111111
2131111113
1311111132
3111111322
1111113221
1111132213
1111322133
1113221333
1132213333
1322133330
3221333301
2213333013
2133330132
1333301323
3333013233
3330132331
3301323313
3013233133
0132331333
1323313333
3233133332
2331333320
3313333200
3133332002
1333320020
3333200200
3332002002
3320020022
3200200222
2002002222
0020022220
0200222203
2002222033
0022220332
0222203321
2222033212
2220332122
2203321221
2033212213
0332122132
3321221322
3212213220
2122132201
1221322011
2213220111
2132201110
1322011102
3220111022
2201110222
2011102221
0111022213
1110222131
1102221313
1022213131
0222131313
2221313131
2213131312
2131313121
1313131211
3131312113
1313121131
3131211313
1312113131
3121131313
1211313131
2113131310
1131313101
1313131013
3131310131
1313101311
3131013113
1310131133
3101311331
1013113310
0131133103
1311331032
3113310322
1133103221
1331032210
3310322102
3103221020
1032210203
0322102031
3221020312
2210203122
2102031220
1020312200
0203122000
2031220001
0312200011
3122000113
1220001132
2200011322
2000113220
0001132202
0011322023
0113220230
1132202301
1322023010
3220230102
2202301021
2023010211
0230102110
2301021101
3010211013
0102110133
1021101331
0211013311
2110133111
1101331113
1013311133
0133111331
1331113310
3311133101
3111331013
1113310130
1133101302
1331013020
3310130200
3101302002
1013020022
0130200223
1302002233
3020022332
0200223323
2002233232
0022332321
0223323210
2233232101
2332321013
3323210131
3232101313
2321013133
3210131332
2101313321
1013133213
0131332130
1313321300
3133213000
1332130001
3321300010
3213000101
2130001011
1300010110
3000101102
0001011023
0010110232
0101102320
1011023202
0110232022
1102320223
1023202231
0232022311
2320223111
3202231110
2022311102
0223111023
2231110232
2311102322
3111023221
1110232210
1102322102
1023221020
0232210200
2322102000
3221020001
2210200010
2102000100
1020001001
0200010011
2000100110
0001001103
0010011031
0100110310
1001103103
0011031032
0110310320
1103103201
1031032011
0310320110
3103201102
1032011021
0320110212
3201102121
2011021213
0110212132
1102121323
1021213232
0212132323
2121323233
1213232333
2132323331
1323233311
3232333110
2323331102
3233311021
2333110213
3331102131
3311021311
3110213110
1102131100
1021311003
0213110033
2131100330
1311003302
3110033022
1100330220
1003302200
0033022003
0330220033
3302200331
3022003313
0220033131
2200331311
2003313111
0033131113
0331311132
3313111323
3131113232
1311132320
3111323202
1113232021
1132320213
1323202131
3232021311
2320213112
3202131120
2021311200
0213112003
2131120032
1311200323
3112003231
1120032310
1200323103
2003231032
0032310322
0323103221
3231032213
2310322131
3103221310
1032213103
0322131031
3221310311
2213103110
2131031101
1310311012
3103110122
1031101221
0311012213
3110122133
1101221331
1012213313
0122133133
1221331332
2213313323
2133133233
1331332333
3313323332
3133233322
1332333220
3323332200
3233322000
2333220003
3332200030
3322000303
3220003033
2200030333
2000303331
0003033311
0030333111
0303331113
3033311132
0333111322
3331113223
3311132231
3111322311
1113223113
1132231133
1322311332
3223113323
2231133231
2311332312
3113323120
1133231202
1332312020
3323120200
3231202001
2312020010
3120200100
1202001000
2020010000
0200100001
2001000012
0010000122
0100001222
1000012222
0000122220
0001222200
0012222002
0122220022
1222200220
2222002200
2220022001
2200220010
2002200102
0022001020
0220010202
2200102021
2001020210
0010202102
0102021022
1020210220
0202102201
2021022012
0210220123
2102201233
1022012331
0220123313
2201233132
2012331322
0123313221
1233132210
2331322101
3313221013
3132210133
1322101331
3221013310
2210133101
2101331013
1013310130
0133101300
1331013001
3310130010
3101300102
1013001023
0130010232
1300102320
3001023202
0010232022
0102320222
1023202223
0232022233
2320222333
3202223332
2022233322
0222333222
2223332220
2233322202
2333222023
3332220231
3322202313
3222023132
2220231322
2202313221
2023132210
0231322102
2313221023
3132210232
1322102322
3221023220
2210232203
2102322032
1023220322
0232203223
2322032233
3220322333
2203223333
2032233330
0322333303
3223333031
2233330313
2333303131
3333031313
3330313133
3303131331
3031313311
0313133113
3131331132
1313311320
3133113203
1331132032
3311320323
3113203232
1132032323
1320323231
3203232310
2032323102
0323231020
3232310201
2323102010
3231020102
2310201022
3102010223
1020102233
0201022333
2010223333
0102233332
1022333322
0223333221
2233332213
2333322133
3333221331
3332213310
3322133102
3221331020
2213310203
2133102031
1331020310
3310203103
3102031031
1020310310
0203103101
2031031013
0310310133
3103101331
1031013310
0310133103
3101331032
1013310322
0133103222
1331032220
3310322200
3103222002
1032220020
0322200200
3222002002
2220020020
2200200200
2002002003
0020020031
0200200311
2002003112
0020031120
0200311203
2003112032
0031120321
0311203211
3112032110
1120321103
1203211033
2032110330
0321103303
3211033033
2110330332
1103303321
1033033213
0330332133
3303321333
3033213333
0332133332
3321333320
3213333201
2133332010
1333320100
3333201003
3332010032
3320100323
3201003232
2010032323
0100323231
1003232313
0032323131
0323231313
3232313133
2323131330
3231313302
2313133021
3131330211
1313302113
3133021132
1330211322
3302113220
3021132201
0211322013
2113220132
1132201323
1322013233
3220132330
2201323303
2013233031
0132330313
1323303130
3233031300
2330313001
3303130010
3031300100
0313001003
3130010031
1300100310
3001003100
0010031003
0100310032
1003100322
0031003220
0310032202
3100322020
1003220202
0032202020
0322020200
3220202002
2202020020
2020200201
0202002010
2020020103
0200201031
2002010313
0020103131
0201031312
2010313120
0103131202
1031312020
0313120203
3131202032
1312020321
3120203210
1202032102
2020321021
0203210213
2032102131
0321021311
3210213112
2102131122
1021311220
0213112201
2131122013
1311220131
3112201312
1122013120
1220131202
2201312021
2013120210
0131202100
1312021003
3120210031
1202100313
2021003130
0210031303
2100313033
1003130331
0031303310
0313033101
3130331011
1303310110
3033101100
0331011000
3310110002
3101100022
1011000220
0110002202
1100022020
1000220201
0002202010
0022020102
0220201021
2202010211
2020102110
0201021102
2010211020
0102110200
1021102000
0211020000
2110200002
1102000022
1020000220
0200002203
2000022031
0000220310
0002203102
0022031020
0220310203
2203102033
2031020332
0310203322
3102033220
1020332200
0203322001
2033220010
0332200100
3322001000
3220010000
2200100002
2001000020
0010000203
0100002033
1000020331
0000203313
0002033132
0020331322
0203313220
2033132202
0331322020
3313220202
3132202021
1322020211
3220202113
2202021131
2020211311
0202113110
2021131100
0211311001
2113110013
1131100131
1311001310
3110013102
1100131021
1001310210
0013102101
0131021013
1310210132
3102101323
1021013233
0210132331
2101323311
1013233111
0132331110
1323311103
3233111031
2331110313
3311103131
3111031313
1110313132
1103131322
1031313223
0313132231
3131322311
1313223113
3132231132
1322311321
3223113210
2231132102
2311321020
3113210203
1132102031
1321020310
3210203102
2102031023
1020310232
0203102322
2031023223
0310232233
3102322332
1023223323
0232233233
2322332331
3223323310
2233233101
2332331011
3323310110
3233101101
2331011010
3310110103
3101101032
1011010323
0110103232
1101032322
1010323223
0103232232
1032322321
0323223211
3232232110
2322321102
3223211023
2232110232
2321102322
3211023220
2110232201
1102322011
1023220112
0232201121
2322011210
3220112102
2201121022
2011210222
0112102220
1121022201
1210222011
2102220111
1022201110
0222011101
2220111013
2201110131
2011101310
0111013102
1110131020
1101310201
1013102011
0131020111
1310201110
3102011102
1020111023
0201110232
2011102321
0111023210
1110232100
1102321001
1023210012
0232100120
2321001201
3210012012
2100120121
1001201211
0012012113
0120121130
1201211301
2012113010
0121130102
1211301020
2113010200
1130102000
1301020001
3010200013
0102000131
1020001311
0200013110
2000131100
0001311003
0013110031
0131100313
1311003131
3110031310
1100313102
1003131023
0031310232
0313102323
3131023233
1310232330
3102323303
1023233030
0232330302
2323303023
3233030232
2330302322
3303023222
3030232222
0302322220
3023222201
0232222013
2322220132
3222201320
2222013200
2220132002
2201320022
2013200220
0132002200
1320022003
3200220033
2002200331
0022003313
0220033133
2200331331
2003313310
0033133100
0331331002
3313310022
3133100223
1331002232
3310022323
3100223232
1002232321
0022323210
0223232102
2232321020
2323210203
3232102031
2321020313
3210203132
2102031322
1020313220
0203132202
2031322020
0313220202
3132202023
1322020232
3220202321
2202023211
2020232110
0202321102
2023211021
0232110212
2321102120
3211021201
2110212011
1102120110
1021201100
0212011003
2120110030
1201100301
2011003011
0110030113
1100301130
1003011301
0030113010
0301130102
3011301021
0113010210
1130102103
1301021031
3010210313
0102103131
1021031310
0210313102
2103131022
1031310221
0313102213
3131022130
1310221303
3102213032
1022130322
0221303220
2213032202
2130322021
1303220210
3032202102
0322021021
3220210211
2202102112
2021021122
0210211223
2102112232
1021122322
0211223222
2112232220
1122322200
1223222000
2232220002
2322200022
3222000220
2220002202
2200022022
2000220222
0002202220
0022022200
0220222002
2202220020
2022200200
0222002003
2220020030
2200200301
2002003013
0020030130
0200301303
2003013032
0030130322
0301303223
3013032232
0130322320
1303223202
3032232022
0322320223
3223202231
2232022311
2320223111
3202231110
2022311103
0223111032
2231110322
2311103223
3111032232
1110322323
1103223232
1032232323
0322323231
3223232311
2232323112
2323231123
3232311230
2323112303
3231123033
2311230332
3112303322
1123033222
1230332222
2303322220
3033222203
0332222033
3322220333
3222203333
2222033333
2220333332
2203333320
2033333201
0333332011
3333320113
3333201131
3332011311
3320113110
3201131102
2011311020
0113110200
1131102002
1311020022
3110200220
1102002203
1020022032
0200220320
2002203203
0022032032
0220320321
2203203211
2032032113
0320321133
3203211330
2032113303
0321133030
3211330301
2113303010
1133030103
1330301031
3303010313
3030103133
0301031332
3010313322
0103133223
1031332232
0313322322
3133223222
1332232221
3322322211
3223222110
2232221102
2322211021
3222110210
2221102100
2211021002
2110210022
1102100220
1021002202
0210022020
2100220200
1002202002
0022020020
0220200203
2202002032
2020020321
0200203211
2002032113
0020321132
0203211321
2032113211
0321132111
3211321113
2113211130
1132111302
1321113023
3211130230
2111302301
1113023013
1130230130
1302301300
3023013001
0230130011
2301300110
3013001103
0130011032
1300110323
3001103233
0011032330
0110323303
1103233030
1032330301
0323303010
3233030102
2330301020
3303010200
3030102000
0301020002
3010200023
0102000230
1020002303
0200023032
2000230321
0002303210
0023032103
0230321033
2303210332
3032103322
0321033220
3210332202
2103322020
1033220202
0332202020
3322020200
3220202003
2202020030
2020200300
0202003001
2020030012
0200300123
2003001232
0030012320
0300123203
3001232033
0012320332
0123203320
1232033200
2320332002
3203320020
2033200202
0332002022
3320020220
3200202202
2002022020
0020220203
0202202033
2022020331
0220203312
2202033120
2020331202
0203312023
2033120232
0331202320
3312023200
3120232001
1202320010
2023200102
0232001022
2320010220
3200102202
2001022023
0010220232
0102202323
1022023231
0220232311
2202323110
2023231103
0232311032
2323110320
3231103200
2311032003
3110320032
1103200322
1032003222
0320032221
3200322210
2003222102
0032221022
0322210220
3222102202
2221022022
2210220220
2102202202
1022022022
0220220223
2202202232
2022022322
0220223223
2202232232
2022322322
0223223220
2232232202
2322322022
3223220222
2232202222
2322022222
3220222220
2202222202
2022222022
0222220220
2222202202
2222022021
2220220210
2202202100
2022021001
0220210012
2202100123
2021001230
0210012303
2100123030
1001230303
0012303030
0123030303
1230303033
2303030333
3030303330
0303033300
3030333002
0303330020
3033300203
0333002032
3330020322
3300203220
3002032202
0020322020
0203220200
2032202003
0322020032
3220200322
2202003220
2020032202
0200322020
2003220202
0032202021
0322020211
3220202110
2202021102
2020211023
0202110231
2021102311
0211023111
2110231111
1102311113
1023111133
0231111332
2311113320
3111133203
1111332030
1113320300
1133203003
1332030033
3320300332
3203003321
2030033210
0300332102
3003321021
0033210210
0332102102
3321021022
3210210220
2102102202
1021022022
0210220223
2102202232
1022022322
0220223223
2202232232
2022322322
0223223221
2232232210
2322322102
3223221022
2232210222
2322102221
3221022211
2210222113
2102221130
1022211301
0222113010
2221130102
2211301022
2113010222
1130102221
1301022211
3010222110
0102221100
1022211000
0222110000
2221100001
2211000010
2110000102
1100001020
1000010203
0000102030
0001020301
0010203013
0102030133
1020301333
0203013333
2030133331
0301333310
3013333103
0133331031
1333310311
3333103110
3331031102
3310311020
3103110200
1031102000
0311020002
3110200022
1102000221
1020002213
0200022132
2000221322
0002213220
0022132202
0221322020
2213220200
2132202003
1322020032
3220200320
2202003203
2020032033
0200320331
2003203310
0032033103
0320331031
3203310313
2033103132
0331031323
3310313233
3103132331
1031323311
0313233110
3132331102
1323311022
3233110222
2331102221
3311022213
3110222132
1102221320
1022213200
0222132003
2221320032
2213200322
2132003220
1320032200
3200322000
2003220003
0032200033
0322000331
3220003310
2200033102
2000331022
0003310220
0033102202
0331022021
3310220213
3102202132
1022021321
0220213210
2202132102
2021321022
0213210223
2132102232
1321022322
3210223223
2102232232
1022322322
0223223220
2232232202
2322322022
3223220223
2232202232
2322022322
3220223221
2202232213
2022322132
0223221322
2232213220
2322132200
3221322003
2213220032
2132200320
1322003203
3220032030
2200320300
2003203001
0032030010
0320300101
3203001013
2030010133
0300101331
3001013311
0010133113
0101331133
1013311331
0133113311
1331133113
3311331132
3113311323
1133113232
1331132322
3311323223
3113232231
1132322310
1323223102
3232231022
2322310220
3223102200
2231022000
2310220002
3102200023
1022000231
0220002311
2200023113
2000231133
0002311332
0023113321
0231133213
2311332132
3113321322
1133213220
1332132200
3321322002
3213220022
2132200223
1322002232
3220022321
2200223213
2002232130
0022321301
0223213013
2232130132
2321301322
3213013220
2130132202
1301322022
3013220220
0132202200
1322022000
3220220000
2202200003
2022000031
0220000311
2200003113
2000031132
0000311321
0003113211
0031132111
0311321111
3113211111
1132111110
1321111102
3211111022
2111110221
1111102211
1111022110
1110221103
1102211032
1022110320
0221103200
2211032002
2110320020
1103200200
1032002002
0320020023
3200200232
2002002322
0020023222
0200232222
2002322222
0023222223
0232222232
2322222322
3222223222
2222232220
2222322202
2223222020
2232220201
2322202010
3222020100
2220201002
2202010020
2020100202
0201002022
2010020222
0100202222
1002022222
0020222223
0202222233
2022222333
0222223331
2222233312
2222333122
2223331220
2233312202
2333122022
3331220222
3312202222
3122022222
1220222223
2202222232
2022222322
0222223220
2222232202
2222322022
2223220222
2232202222
2322022222
3220222222
2202222223
2022222232
0222222321
2222223213
2222232131
2222321311
2223213113
2232131131
2321311310
3213113102
2131131022
1311310223
3113102232
1131022322
1310223220
3102232202
1022322022
0223220220
2232202202
2322022022
3220220221
2202202212
2022022122
0220221220
2202212202
2022122022
0221220220
2212202203
2122022030
1220220303
2202203030
2022030303
0220303030
2203030302
2030303022
0303030223
3030302232
0303022322
3030223221
0302232210
3022322100
0223221003
2232210032
2322100321
3221003213
2210032132
2100321321
1003213210
0032132102
0321321021
3213210212
2132102122
1321021220
3210212201
2102122010
1021220100
0212201003
2122010032
1220100320
2201003201
2010032011
0100320111
1003201110
0032011102
0320111020
3201110202
2011102020
0111020203
1110202032
1102020322
1020203220
0202032203
2020322032
0203220322
2032203222
0322032222
3220322220
2203222202
2032222022
0322220220
3222202203
2222022032
2220220322
2202203223
2022032232
0220322323
2203223232
2032232323
0322323231
3223232311
2232323113
2323231133
3232311333
2323113330
3231133303
2311333033
3113330330
1133303302
1333033023
3330330231
3303302311
3033023110
0330231101
3302311013
3023110132
0231101322
2311013222
3110132223
1101322230
1013222301
0132223013
1322230133
3222301333
2223013330
2230133303
2301333030
3013330301
0133303010
1333030101
3330301011
3303010111
3030101111
0301011111
3010111112
0101111121
1011111210
0111112101
1111121013
1111210130
1112101300
1121013000
1210130000
2101300002
1013000023
0130000232
1300002320
3000023201
0000232010
0002320102
0023201020
0232010202
2320102022
3201020222
2010202222
0102022221
1020222210
0202222103
2022221032
0222210322
2222103220
2221032202
2210322020
2103220202
1032202022
0322020223
3220202232
2202022322
2020223221
0202232213
2022322130
0223221303
2232213033
2322130330
3221303300
2213033002
2130330021
1303300213
3033002132
0330021321
3300213210
3002132101
0021321011
0213210113
2132101131
1321011310
3210113100
2101131001
1011310013
0113100132
1131001321
1310013210
3100132102
1001321021
0013210211
0132102110
1321021101
3210211013
2102110132
1021101323
0211013232
2110132320
1101323202
1013232021
0132320213
1323202133
3232021332
2320213320
3202133203
2021332032
0213320320
2133203202
1332032023
3320320232
3203202321
2032023211
0320232112
3202321123
2023211232
0232112323
2321123233
3211232332
2112323320
1123233203
1232332031
2323320313
3233203132
2332031322
3320313220
3203132202
2031322020
0313220201
3132202013
1322020131
3220201310
2202013100
2020131000
0201310000
2013100002
0131000022
1310000223
3100002231
1000022310
0000223103
0002231033
0022310333
0223103332
2231033321
2310333213
3103332133
1033321331
0333213313
3332133132
3321331323
3213313232
2133132320
1331323202
3313232021
3132320211
1323202113
3232021132
2320211322
3202113222
2021132220
0211322201
2113222010
1132220102
1322201020
3222010201
2220102011
2201020113
2010201132
0102011322
1020113221
0201132213
2011322132
0113221320
1132213201
1322132012
3221320120
2213201203
2132012032
1320120322
3201203223
2012032232
0120322323
1203223231
2032232313
0322323131
3223231313
2232313133
2323131332
3231313323
2313133232
3131332323
1313323230
3133232302
1332323021
3323230213
3232302132
2323021320
3230213201
2302132011
3021320111
0213201111
2132011112
1320111123
3201111232
2011112322
0111123221
1111232213
1112322131
1123221310
1232213103
2322131031
3221310313
2213103131
2131031311
1310313111
3103131111
1031311111
0313111113
3131111131
1311111313
3111113131
1111131311
1111313113
1113131133
1131311332
1313113322
3131133223
1311332231
3113322313
1133223133
1332231332
3322313323
3223133231
2231332313
2313323132
3133231323
1332313231
3323132312
3231323123
2313231232
3132312320
1323123201
3231232013
2312320133
3123201331
1232013310
2320133102
3201331021
2013310210
0133102101
1331021013
3310210132
3102101322
1021013223
0210132233
2101322332
1013223321
0132233213
1322332132
3223321321
2233213211
2332132111
3321321113
3213211131
2132111310
1321113103
3211131033
2111310331
1113103313
1131033132
1310331322
3103313221
1033132213
0331322133
3313221333
3132213333
1322133333
3221333331
2213333311
2133333112
1333331122
3333311222
3333112220
3331122203
3311222031
3112220310
1122203103
1222031032
2220310320
2203103203
2031032030
0310320302
3103203023
1032030232
0320302323
3203023230
2030232303
0302323031
3023230312
0232303121
2323031211
3230312112
2303121122
3031211220
0312112200
3121122000
1211220001
2112200010
1122000103
1220001031
2200010310
2000103100
0001031002
0010310020
0103100202
1031002021
0310020213
3100202132
1002021321
0020213210
0202132100
2021321002
0213210021
2132100213
1321002130
3210021303
2100213032
1002130321
0021303210
0213032102
2130321023
1303210233
3032102332
0321023322
3210233220
2102332200
1023322003
0233220033
2332200330
3322003301
3220033010
2200330102
2003301020
0033010202
0330102021
3301020211
3010202111
0102021113
1020211132
0202111320
2021113202
0211132023
2111320230
1113202301
1132023010
1320230100
3202301000
2023010001
0230100013
2301000132
3010001320
0100013202
1000132021
0001320210
0013202102
0132021022
1320210221
3202102213
2021022132
0210221321
2102213212
1022132121
0221321210
2213212101
2132121011
1321210113
3212101131
2121011311
1210113110
2101131101
1011311013
0113110130
1131101303
1311013033
3110130330
1101303303
1013033032
0130330320
1303303201
3033032012
0330320122
3303201220
3032012201
0320122013
3201220130
2012201301
0122013010
1220130100
2201301003
2013010031
0130100311
1301003111
3010031110
0100311100
1003111001
0031110013
0311100130
3111001301
1110013013
1100130132
1001301321
0013013213
0130132133
1301321333
3013213332
0132133321
1321333210
3213332102
2133321022
1333210220
3332102200
3321022000
3210220002
2102200020
1022000201
0220002011
2200020110
2000201101
0002011011
0020110113
0201101131
2011011311
0110113110
1101131103
1011311031
0113110310
1131103102
1311031023
3110310232
1103102320
1031023203
0310232031
3102320313
1023203131
0232031310
2320313100
3203131000
2031310002
0313100020
3131000202
1310002022
3100020223
1000202232
0002022323
0020223231
0202232313
2022323131
0223231312
2232313122
2323131220
3231312200
2313122000
3131220000
1312200000
3122000003
1220000030
2200000303
2000003031
0000030313
0000303131
0003031311
0030313111
0303131113
3031311131
0313111310
3131113103
1311131030
3111310300
1113103002
1131030022
1310300222
3103002222
1030022223
0300222233
3002222333
0022223332
0222233322
2222333222
2223332221
2233322211
2333222110
3332221103
3322211032
3222110322
2221103220
2211032202
2110322021
1103220211
1032202113
0322021133
3220211333
2202113332
2021133322
0211333221
2113332212
1133322120
1333221200
3332212002
3322120023
3221200230
2212002303
2120023030
1200230303
2002303032
0023030320
0230303200
2303032002
3030320022
0303200223
3032002231
0320022310
3200223102
2002231022
0022310223
0223102232
2231022322
2310223223
3102232232
1022322322
0223223222
2232232222
2322322220
3223222203
2232222031
2322220311
3222203111
2222031112
2220311120
2203111202
2031112023
0311120232
3111202320
1112023201
1120232011
1202320111
2023201111
0232011110
2320111102
3201111023
2011110231
0111102311
1111023111
1110231113
1102311133
1023111330
0231113301
2311133010
3111330102
1113301022
1133010223
1330102232
3301022322
3010223221
0102232213
1022322132
0223221323
2232213232
2322132320
3221323200
2213232002
2132320020
1323200201
3232002010
2320020103
3200201033
2002010332
0020103321
0201033211
2010332110
0103321102
1033211020
0332110202
3321102020
3211020203
2110202032
1102020323
1020203232
0202032323
2020323233
0203232331
2032323310
0323233102
3232331020
2323310202
3233102021
2331020210
3310202100
3102021002
1020210020
0202100203
2021002032
0210020320
2100203202
1002032021
0020320213
0203202132
2032021322
0320213220
3202132203
2021322033
0213220333
2132203331
1322033311
3220333113
2203331131
2033311310
0333113103
3331131032
3311310322
3113103220
1131032200
1310322002
3103220021
1032200213
0322002131
3220021313
2200213133
2002131330
0021313303
0213133033
2131330330
1313303303
3133033031
1330330310
3303303102
3033031021
0330310210
3303102100
3031021002
0310210023
3102100233
1021002331
0210023310
2100233100
1002331001
0023310011
0233100110
2331001101
3310011011
3100110110
1001101102
0011011020
0110110200
1101102001
1011020010
0110200103
1102001033
1020010332
0200103323
2001033232
0010332321
0103323212
1033232121
0332321213
3323212132
3232121323
2321213230
3212132303
2121323033
1213230332
2132303322
1323033222
3230332222
2303322223
3033222231
0332222310
3322223102
3222231021
2222310213
2223102133
2231021332
2310213321
3102133210
1021332102
0213321022
2133210221
1332102210
3321022101
3210221013
2102210132
1022101321
0221013211
2210132110
2101321101
1013211012
0132110121
1321101213
3211012133
2110121331
1101213310
1012133103
0121331031
1213310311
2133103113
1331031131
3310311311
3103113113
1031131132
0311311322
3113113220
1131132202
1311322021
3113220213
1132202133
1322021330
3220213303
2202133032
2021330322
0213303221
2133032213
1330322132
3303221322
3032213220
0322132202
3221322022
2213220222
2132202222
1322022220
3220222201
2202222011
2022220113
0222201132
2222011320
2220113200
2201132000
2011320003
0113200031
1132000311
1320003113
3200031133
2000311331
0003113311
0031133113
0311331132
3113311320
1133113202
1331132022
3311320222
3113202220
1132022202
1320222020
3202220201
2022202012
0222020121
2220201212
2202012122
2020121221
0201212211
2012122113
0121221131
1212211312
2122113120
1221131201
2211312011
2113120112
1131201120
1312011202
3120112021
1201120211
2011202110
0112021100
1120211001
1202110011
2021100111
0211001113
2110011131
1100111313
1001113133
0011131331
0111313311
1113133111
1131331113
1313311133
3133111333
1331113332
3311133321
3111333210
1113332103
1133321032
1333210321
3332103213
3321032132
3210321322
2103213220
1032132201
0321322013
3213220133
2132201332
1322013321
3220133213
2201332131
2013321311
0133213110
1332131103
3321311032
3213110323
2131103232
1311032322
3110323221
1103232210
1032322101
0323221012
3232210121
2322101212
3221012120
2210121201
2101212010
1012120103
0121201033
1212010332
2120103321
1201033210
2010332103
0103321032
1033210323
0332103232
3321032322
3210323221
2103232213
1032322132
0323221323
3232213231
2322132310
3221323102
2213231023
2132310230
1323102303
3231023033
2310230333
3102303332
1023033322
0230333220
2303332200
3033322002
0333220020
3332200200
3322002000
3220020000
2200200001
2002000011
0020000110
0200001101
2000011013
0000110133
0001101331
0011013310
0110133103
1101331033
1013310331
0133103310
1331033101
3310331010
3103310102
1033101022
0331010222
3310102220
3101022201
1010222010
0102220103
1022201033
0222010332
2220103321
2201033213
2010332132
0103321321
1033213211
0332132110
3321321102
3213211022
2132110220
1321102200
3211022001
2110220013
1102200132
1022001323
0220013231
2200132313
2001323131
0013231311
0132313113
1323131133
3231311330
2313113301
3131133013
1311330133
3113301332
1133013323
1330133231
3301332310
3013323100
0133231002
1332310022
3323100222
3231002223
2310022231
3100222313
1002223132
0022231322
0222313222
2223132220
2231322202
2313222020
3132220202
1322202023
3222020230
2220202302
2202023021
2020230213
0202302130
2023021300
0230213000
2302130000
3021300003
0213000033
2130000332
1300003322
3000033220
0000332202
0003322020
0033220201
0332202013
3322020133
3220201333
2202013332
2020133322
0201333220
2013332200
0133322003
1333220032
3332200322
3322003221
3220032211
2200322111
2003221112
0032211122
0322111222
3221112220
2211122201
2111222010
1112220103
1122201030
1222010303
2220103030
2201030301
2010303010
0103030102
1030301022
0303010222
3030102221
0301022211
3010222110
0102221102
1022211021
0222110213
2221102130
2211021303
2110213033
1102130330
1021303303
0213033031
2130330312
1303303120
3033031200
0330312000
3303120002
3031200022
0312000222
3120002220
1200022202
2000222022
0002220222
0022202223
0222022232
2220222323
2202223232
2022232321
0222323210
2223232100
2232321003
2323210032
3232100321
2321003213
3210032132
2100321321
1003213211
0032132110
0321321102
3213211023
2132110231
1321102310
3211023100
2110231000
1102310003
1023100032
0231000322
2310003220
3100032203
1000322032
0003220321
0032203211
0322032112
3220321121
2203211211
2032112111
0321121112
3211211120
2112111202
1121112022
1211120221
2111202211
1112022113
1120221133
1202211333
2022113330
0221133303
2211333032
2113330322
1133303220
1333032200
3330322002
3303220022
3032200220
0322002200
3220022003
2200220030
2002200303
0022003033
0220030333
2200303330
2003033301
0030333010
0303330103
3033301031
0333010310
3330103100
3301031000
3010310000
0103100000
1031000001
0310000013
3100000132
1000001320
0000013203
0000132030
0001320301
0013203010
0132030103
1320301032
3203010322
2030103223
0301032231
3010322311
0103223113
1032231133
0322311333
3223113332
2231133322
2311333223
3113332232
1133322323
1333223232
3332232323
3322323233
3223232332
2232323321
2323233213
3232332132
2323321323
3233213232
2332132322
3321323222
3213232220
2132322202
1323222020
3232220203
2322202030
3222020303
2220203033
2202030331
2020303313
0203033131
2030331313
0303313131
3033131313
0331313133
3313131332
3131313322
1313133220
3131332203
1313322030
3133220301
1332203010
3322030103
3220301032
2203010321
2030103211
0301032113
3010321133
0103211330
1032113303
0321133031
3211330311
2113303113
1133031130
1330311302
3303113021
3031130210
0311302100
3113021000
1130210000
1302100002
3021000023
0210000230
2100002300
1000023001
0000230011
0002300110
0023001102
0230011022
2300110220
3001102202
0011022022
0110220223
1102202233
1022022331
0220223313
2202233132
2022331322
0223313220
2233132200
2331322003
3313220033
3132200333
1322003332
3220033323
2200333230
2003332300
0033323001
0333230013
3332300130
3323001300
3230013001
2300130012
3001300122
0013001220
0130012202
1300122022
3001220220
0012202200
0122022002
1220220022
2202200220
2022002203
0220022032
2200220322
2002203220
0022032203
0220322031
2203220311
2032203110
0322031101
3220311011
2203110111
2031101110
0311011100
3110111000
1101110000
1011100000
0111000001
1110000013
1100000132
1000001321
0000013211
0000132111
0001321113
0013211132
0132111322
1321113221
3211132211
2111322111
1113221111
1132211112
1322111123
3221111232
2211112323
2111123230
1111232303
1112323031
1123230312
1232303123
2323031230
3230312303
2303123030
3031230300
0312303003
3123030032
1230300320
2303003201
3030032011
0300320111
3003201110
0032011102
0320111023
3201110232
2011102321
0111023213
1110232132
1102321322
1023213221
0232132210
2321322102
3213221021
2132210210
1322102101
3221021011
2210210110
2102101102
1021011021
0210110211
2101102113
1011021132
0110211320
1102113200
1021132002
0211320020
2113200201
1132002010
1320020102
3200201022
2002010221
0020102211
0201022110
2010221100
0102211000
1022110001
0221100013
2211000133
2110001333
1100013332
1000133321
0001333211
0013332110
0133321103
1333211030
3332110300
3321103003
3211030030
2110300301
1103003013
1030030132
0300301322
3003013220
0030132202
0301322020
3013220202
0132202022
1322020220
3220202203
2202022033
2020220332
0202203320
2022033200
0220332003
2203320030
2033200301
0332003013
3320030132
3200301321
2003013210
0030132101
0301321012
3013210121
0132101210
1321012102
3210121022
2101210220
1012102203
0121022031
1210220311
2102203111
1022031112
0220311120
2203111203
2031112032
0311120323
3111203233
1112032330
1120323303
1203233031
2032330310
0323303101
3233031011
2330310110
3303101101
3031011011
0310110112
3101101121
1011011213
0110112133
1101121333
1011213330
0112133301
1121333011
1213330113
2133301132
1333011323
3330113232
3301132322
3011323220
0113232200
1132322003
1323220030
3232200303
2322003032
3220030322
2200303220
2003032201
0030322011
0303220110
3032201103
0322011031
3220110311
2201103110
2011031103
0110311033
1103110332
1031103320
0311033202
3110332022
1103320220
1033202202
0332022022
3320220220
3202202202
2022022022
0220220220
2202202202
2022022020
0220220200
2202202002
2022020022
0220200223
2202002233
2020022331
0200223311
2002233110
0022331100
0223311003
2233110032
2331100321
3311003212
3110032121
1100321211
1003212111
0032121110
0321211102
3212111020
2121110200
1211102002
2111020020
1110200201
1102002011
1020020111
0200201111
2002011110
0020111100
0201111000
2011110002
0111100021
1111000210
1110002100
1100021003
1000210031
0002100311
0021003111
0210031113
2100311131
1003111311
0031113113
0311131131
3111311313
1113113132
1131131322
1311313223
3113132232
1131322322
1313223223
3132232231
1322322313
3223223131
2232231311
2322313111
3223131111
2231311110
2313111101
3131111010
1311110101
3111101011
1111010110
1110101100
1101011000
1010110000
0101100002
1011000020
0110000202
1100002020
1000020202
0000202020
0002020202
0020202020
0202020202
2020202023
0202020232
2020202320
0202023201
2020232010
0202320100
2023201002
0232010021
2320100210
3201002102
2010021022
0100210221
1002102211
0021022111
0210221113
2102211132
1022111321
0221113211
2211132113
2111321133
1113211331
1132113313
1321133131
3211331311
2113313110
1133131101
1331311011
3313110111
3131101111
1311011111
3110111113
1101111131
1011111313
0111113132
1111131321
1111313211
1113132111
1131321113
1313211131
3132111310
1321113102
3211131021
2111310211
1113102112
1131021123
1310211231
3102112310
1021123101
0211231010
2112310102
1123101023
1231010233
2310102332
3101023322
1010233220
0102332200
1023322000
0233220000
2332200001
3322000011
3220000113
2200001133
2000011333
0000113332
0001133322
0011333221
0113332210
1133322100
1333221000
3332210000
3322100002
3221000023
2210000232
2100002322
1000023221
0000232210
0002322102
0023221021
0232210211
2322102111
3221021111
2210211111
2102111112
1021111120
0211111202
2111112021
1111120211
1111202113
1112021131
1120211311
1202113112
2021131122
0211311223
2113112231
1131122311
1311223111
3112231113
1122311132
1223111323
2231113233
2311132330
3111323300
1113233003
1132330032
1323300323
3233003232
2330032321
3300323212
3003232120
0032321201
0323212011
3232120110
2321201102
3212011021
2120110211
1201102111
2011021113
0110211132
1102111322
1021113220
0211132200
2111322002
1113220022
1132200222
1322002222
3220022222
2200222220
2002222201
0022222010
0222220101
2222201010
2222010103
2220101031
2201010310
2010103100
0101031001
1010310010
0103100103
1031001032
0310010322
3100103221
1001032211
0010322113
0103221130
1032211303
0322113032
3221130321
2211303212
2113032121
1130321210
1303212100
3032121003
0321210031
3212100311
2121003110
1210031101
2100311011
1003110111
0031101113
0311011130
3110111302
1101113021
1011130213
0111302133
1113021331
1130213313
1302133132
3021331320
0213313202
2133132021
1331320213
3313202133
3132021331
1320213310
3202133102
2021331020
0213310200
2133102000
1331020002
3310200022
3102000221
1020002210
0200022102
2000221022
0002210222
0022102222
0221022222
2210222223
2102222231
1022222311
0222223110
2222231102
2222311020
2223110200
2231102000
2311020003
3110200030
1102000300
1020003002
0200030021
2000300211
0003002113
0030021130
0300211301
3002113011
0021130110
0211301100
2113011003
1130110031
1301100313
3011003131
0110031313
1100313132
1003131322
0031313220
0313132200
3131322003
1313220031
3132200311
1322003110
3220031100
2200311001
2003110010
0031100103
0311001030
3110010301
1100103012
1001030122
0010301221
0103012213
1030122131
0301221311
3012213113
0122131132
1221311322
2213113223
2131132233
1311322333
3113223333
1132233331
1322333310
3223333102
2233331020
2333310202
3333102020
3331020200
3310202002
3102020021
1020200211
0202002113
2020021132
0200211323
2002113231
0021132312
0211323123
2113231231
1132312310
1323123100
3231231000
2312310000
3123100000
1231000001
2310000010
3100000100
1000001003
0000010033
0000100331
0001003313
0010033131
0100331313
1003313132
0033131321
0331313213
3313132132
3131321322
1313213220
3132132202
1321322020
3213220200
2132202000
1322020002
3220200020
2202000202
2020002022
0200020223
2000202232
0002022323
0020223231
0202232313
2022323132
0223231320
2232313202
2323132020
3231320202
2313202022
3132020222
1320202220
3202022202
2020222020
0202220200
2022202003
0222020033
2220200333
2202003332
2020033322
0200333222
2003332222
0033322221
0333222210
3332222101
3322221012
3222210120
2222101200
2221012002
2210120022
2101200220
1012002200
0120022000
1200220001
2002200013
0022000132
0220001323
2200013230
2000132301
0001323013
0013230132
0132301323
1323013232
3230132322
2301323222
3013232222
0132322221
1323222211
3232222111
2322221112
3222211122
2222111223
2221112232
2211122323
2111223233
1112232331
1122323313
1223233132
2232331320
2323313201
3233132013
2331320130
3313201302
3132013021
1320130210
3201302102
2013021022
0130210221
1302102213
3021022132
0210221321
2102213211
1022132110
0221321102
2213211022
2132110221
1321102213
3211022131
2110221311
1102213113
1022131131
0221311313
2213113131
2131131313
1311313132
3113131321
1131313213
1313132131
3131321313
1313213133
3132131330
1321313302
3213133020
2131330200
1313302001
3133020011
1330200112
3302001123
3020011231
0200112313
2001123133
0011231331
0112313310
1123133101
1231331013
2313310130
3133101300
1331013001
3310130010
3101300102
1013001021
0130010211
1300102110
3001021102
0010211021
0102110212
1021102123
0211021232
2110212320
1102123200
1021232002
0212320022
2123200220
1232002200
2320022002
3200220023
2002200232
0022002321
0220023211
2200232113
2002321131
0023211313
0232113131
2321131313
3211313133
2113131331
1131313310
1313133102
3131331022
1313310221
3133102213
1331022131
3310221311
3102213112
1022131121
0221311211
2213112110
2131121101
1311211013
3112110133
1121101331
1211013311
2110133111
1101331111
1013311113
0133111132
1331111323
3311113232
3111132322
1111323222
1113232220
1132322200
1323222001
3232220012
2322200123
3222001231
2220012310
2200123100
2001231001
0012310013
0123100130
1231001303
2310013032
3100130322
1001303220
0013032203
0130322030
1303220301
3032203011
0322030110
3220301100
2203011001
2030110010
0301100102
3011001021
0110010210
1100102102
1001021022
0010210222
0102102221
1021022213
0210222133
2102221330
1022213301
0222133011
2221330111
2213301111
2133011113
1330111132
3301111322
3011113220
0111132200
1111322002
1113220021
1132200211
1322002113
3220021131
2200211313
2002113132
0021131321
0211313211
2113132111
1131321111
1313211110
3132111101
1321111011
3211110113
2111101133
1111011332
1110113321
1101133212
1011332121
0113321213
1133212130
1332121302
3321213021
3212130210
2121302100
1213021003
2130210033
1302100330
3021003303
0210033032
2100330320
1003303202
0033032022
0330320220
3303202201
3032022013
0320220131
3202201313
2022013132
0220131323
2201313231
2013132311
0131323113
1313231133
3132311330
1323113302
3231133020
2311330200
3113302000
1133020001
1330200010
3302000100
3020001002
0200010020
2000100202
0001002021
0010020211
0100202110
1002021101
0020211012
0202110123
2021101230
0211012302
2110123021
1101230211
1012302111
0123021110
1230211103
2302111031
3021110310
0211103102
2111031022
1110310222
1103102222
1031022221
0310222211
3102222113
1022221133
0222211332
2222113320
2221133202
2211332020
2113320202
1133202021
1332020211
3320202111
3202021113
2020211131
0202111313
2021113132
0211131321
2111313210
1113132101
1131321013
1313210131
3132101313
1321013133
3210131332
2101313320
1013133201
0131332013
1313320131
3133201313
1332013131
3320131310
3201313103
2013131033
0131310331
1313103313
3131033132
1310331323
3103313232
1033132323
0331323232
3313232322
3132323221
1323232213
3232322131
2323221313
3232213133
2322131332
3221313320
2213133202
2131332021
1313320213
3133202133
1332021332
3320213322
3202133220
2021332202
0213322020
2133220202
1332202023
3322020230
3220202303
2202023033
2020230332
0202303323
2023033231
0230332311
2303323113
3033231133
0332311332
3323113323
3231133231
2311332310
3113323103
1133231031
1332310311
3323103110
3231031100
2310311002
3103110020
1031100202
0311002020
3110020202
1100202020
1002020202
0020202021
0202020210
2020202102
0202021020
2020210201
0202102010
2021020102
0210201021
2102010212
1020102121
0201021213
2010212130
0102121300
1021213001
0212130013
2121300133
1213001333
2130013331
1300133310
3001333103
0013331033
0133310330
1333103303
3331033032
3310330323
3103303232
1033032321
0330323211
3303232110
3032321100
0323211001
3232110013
2321100130
3211001302
2110013021
1100130213
1001302131
0013021313
0130213132
1302131320
3021313200
0213132002
2131320023
1313200232
3132002321
1320023211
3200232110
2002321101
0023211011
0232110111
2321101113
3211011133
2110111333
1101113332
1011133320
0111333200
1113332002
1133320021
1333200213
3332002132
3320021323
3200213232
2002132323
0021323233
0213232333
2132323333
1323233331
3232333310
2323333102
3233331020
2333310203
3333102030
3331020300
3310203001
3102030011
1020300111
0203001110
2030011102
0300111020
3001110200
0011102002
0111020021
1110200213
1102002133
1020021331
0200213310
2002133100
0021331001
0213310013
2133100131
1331001310
3310013103
3100131031
1001310312
0013103122
0131031220
1310312202
3103122021
1031220211
0312202113
3122021131
1220211313
2202113130
2021131301
0211313013
2113130130
1131301301
1313013013
3130130130
1301301301
3013013012
0130130120
1301301201
3013012012
0130120120
1301201200
3012012000
0120120000
1201200000
2012000002
0120000022
1200000222
2000002222
0000022222
0000222222
0002222220
0022222203
0222222030
2222220303
2222203033
2222030330
2220303300
2203033001
2030330012
0303300123
3033001233
0330012330
3300123300
3001233001
0012330013
0123300130
1233001303
2330013030
3300130300
3001303002
0013030022
0130300221
1303002211
3030022111
0300221110
3002211102
0022111021
0221110213
2211102133
2111021333
1110213331
1102133312
1021333122
0213331223
2133312233
1333122332
3331223321
3312233210
3122332103
1223321030
2233210300
2332103000
3321030001
3210300013
2103000133
1030001330
0300013303
3000133030
0001330303
0013303032
0133030321
1330303210
3303032103
3030321032
0303210322
3032103223
0321032231
3210322310
2103223103
1032231033
0322310332
3223103323
2231033231
2310332312
3103323123
1033231232
0332312323
3323123231
3231232312
2312323123
3123231232
1232312321
2323123211
3231232111
2312321113
3123211133
1232111331
2321113311
3211133112
2111331123
1113311232
1133112323
1331123232
3311232321
3112323212
1123232121
1232321213
2323212133
3232121331
2321213313
3212133133
2121331331
1213313313
2133133131
1331331310
3313313100
3133131003
1331310033
3313100332
3131003323
1310033232
3100332323
1003323230
0033232301
0332323012
3323230121
3232301213
2323012131
3230121311
2301213112
3012131121
0121311213
1213112133
2131121330
1311213300
3112133000
1121330003
1213300032
2133000323
1330003230
3300032300
3000323002
0003230022
0032300223
0323002231
3230022310
2300223102
3002231022
0022310220
0223102203
2231022033
2310220331
3102203310
1022033101
0220331013
2203310132
2033101321
0331013211
3310132113
3101321132
1013211320
0132113202
1321132023
3211320232
2113202323
1132023233
1320232333
3202323331
2023233310
0232333103
2323331032
3233310323
2333103233
3331032333
3310323332
3103233322
1032333222
0323332222
3233322223
2333222233
3332222333
3322223333
3222233331
2222333311
2223333113
2233331133
2333311332
3333113321
3331133211
3311332110
3113321100
1133211002
1332110021
3321100213
3211002132
2110021321
1100213213
1002132132
0021321322
0213213223
2132132233
1321322332
3213223321
2132233213
1322332132
3223321323
2233213232
2332132322
3321323220
3213232200
2132322003
1323220032
3232200322
2322003222
3220032220
2200322201
2003222010
0032220101
0322201013
3222010133
2220101332
2201013320
2010133200
0101332000
1013320003
0133200031
1332000311
3320003111
3200031111
2000311113
0003111130
0031111303
0311113032
3111130322
1111303220
1113032203
1130322032
1303220322
3032203221
0322032210
3220322100
2203221003
2032210032
0322100322
3221003223
2210032230
2100322302
1003223022
0032230222
0322302220
3223022200
2230222000
2302220002
3022200020
0222000200
2220002001
2200020011
2000200110
0002001103
0020011033
0200110333
2001103330
0011033303
0110333033
1103330331
1033303310
0333033100
3330331000
3303310000
3033100001
0331000010
3310000100
3100001000
1000010000
0000100000
0001000002
0010000022
0100000220
1000002203
0000022030
0000220300
0002203000
0022030000
0220300001
2203000010
2030000103
0300001031
3000010313
0000103133
0001031333
0010313332
0103133320
1031333200
0313332003
3133320032
1333200320
3332003200
3320032002
3200320020
2003200201
0032002010
0320020101
3200201011
2002010112
0020101122
0201011222
2010112222
0101122220
1011222200
0112222001
1122220010
1222200103
2222001033
2220010331
2200103311
2001033111
0010331110
0103311100
1033111002
0331110023
3311100233
3111002332
1110023321
1100233210
1002332103
0023321033
0233210330
2332103301
3321033010
3210330102
2103301021
1033010213
0330102132
3301021323
3010213230
0102132300
1021323001
0213230010
2132300103
1323001030
3230010302
2300103023
3001030231
0010302313
0103023132
1030231321
0302313210
3023132102
0231321021
2313210210
3132102102
1321021021
3210210211
2102102111
1021021113
0210211133
2102111332
1021113320
0211133200
2111332003
1113320030
1133200303
1332003032
3320030321
3200303212
2003032122
0030321223
0303212230
3032122300
0321223003
3212230033
2122300330
1223003301
2230033010
2300330102
3003301023
0033010230
0330102303
3301023031
3010230310
0102303103
1023031033
0230310332
2303103322
3031033221
0310332210
3103322102
1033221020
0332210202
3322102021
3221020210
2210202100
2102021003
1020210032
0202100322
2021003220
0210032202
2100322020
1003220202
0032202020
0322020203
3220202032
2202020321
2020203211
0202032110
2020321102
0203211023
2032110231
0321102310
3211023101
2110231010
1102310101
1023101013
0231010132
2310101323
3101013231
1010132313
0101323132
1013231322
0132313223
1323132233
3231322333
2313223332
3132233323
1322333232
3223332320
2233323202
2333232023
3332320230
3323202300
3232023002
2320230020
3202300203
2023002032
0230020322
2300203222
3002032220
0020322200
0203222002
2032220023
0322200233
3222002330
2220023300
2200233001
2002330013
0023300130
0233001300
2330013001
3300130013
3001300132
0013001323
0130013230
1300132302
3001323020
0013230202
0132302022
1323020220
3230202200
2302022002
3020220020
0202200202
2022002020
0220020200
2200202003
2002020032
0020200320
0202003200
2020032002
0200320023
2003200232
0032002321
0320023210
3200232100
2002321000
0023210000
0232100002
2321000022
3210000220
2100002202
1000022022
0000220220
0002202203
0022022032
0220220322
2202203223
2022032233
0220322333
2203223330
2032233303
0322333030
3223330303
2233303033
2333030333
3330303333
3303033333
3030333333
0303333333
3033333331
0333333310
3333333102
3333331020
3333310201
3333102011
3331020111
3310201110
3102011100
1020111000
0201110002
2011100021
0111000211
1110002110
1100021100
1000211002
0002110022
0021100220
0211002201
2110022013
1100220132
1002201323
0022013230
0220132301
2201323013
2013230132
0132301322
1323013222
3230132221
2301322211
3013222113
0132221133
1322211333
3222113330
2221133300
2211333000
2113330000
1133300003
1333000033
3330000331
3300003313
3000033133
0000331333
0003313331
0033133313
0331333132
3313331323
3133313232
1333132321
3331323213
3313232130
3132321301
1323213010
3232130102
2321301020
3213010200
2130102000
1301020002
3010200022
0102000220
1020002200
0200022002
2000220021
0002200210
0022002103
0220021033
2200210332
2002103323
0021033232
0210332323
2103323233
1033232331
0332323313
3323233130
3232331301
2323313010
3233130102
2331301022
3313010220
3130102200
1301022001
3010220013
0102200133
1022001331
0220013313
2200133133
2001331332
0013313323
0133133233
1331332332
3313323323
3133233233
1332332331
3323323310
3233233102
2332331023
3323310232
3233102322
2331023220
3310232200
3102322003
1023220033
0232200331
2322003310
3220033102
2200331022
2003310223
0033102232
0331022322
3310223220
3102232200
1022322003
0223220033
2232200333
2322003333
3220033330
2200333301
2003333010
0033330102
0333301022
3333010222
3330102221
3301022211
3010222110
0102221102
1022211022
0222110221
2221102213
2211022133
2110221332
1102213323
1022133232
0221332323
2213323232
2133232320
1332323202
3323232020
3232320202
2323202020
3232020202
2320202020
3202020200
2020202002
0202020023
2020200233
0202002330
2020023300
0200233000
2002330000
0023300000
0233000002
2330000022
3300000221
3000002211
0000022113
0000221133
0002211333
0022113332
0221133321
2211333210
2113332102
1133321023
1333210232
3332102320
3321023202
3210232020
2102320200
1023202000
0232020003
2320200031
3202000310
2020003101
0200031011
2000310110
0003101102
0031011023
0310110230
3101102302
1011023020
0110230203
1102302032
1023020322
0230203220
2302032200
3020322000
0203220003
2032200030
0322000301
3220003010
2200030100
2000301000
0003010002
0030100022
0301000223
3010002231
0100022313
1000223132
0002231320
0022313200
0223132000
2231320003
2313200032
3132000321
1320003211
3200032111
2000321113
0003211133
0032111333
0321113332
3211133320
2111333201
1113332010
1133320103
1333201032
3332010321
3320103211
3201032111
2010321113
0103211133
1032111333
0321113330
3211133301
2111333013
1113330130
1133301300
1333013001
3330130012
3301300120
3013001201
0130012013
1300120131
3001201311
0012013110
0120131100
1201311001
2013110011
0131100110
1311001102
3110011020
1100110200
1001102002
0011020022
0110200221
1102002213
1020022133
0200221332
2002213320
0022133201
0221332011
2213320111
2133201111
1332011111
3320111110
3201111103
2011111031
0111110312
1111103122
1111031222
1110312220
1103122203
1031222033
0312220331
3122203313
1222033130
2220331302
2203313022
2033130223
0331302230
3313022302
3130223023
1302230232
3022302323
0223023231
2230232313
2302323132
3023231321
0232313210
2323132103
3231321033
2313210333
3132103331
1321033310
3210333101
2103331012
1033310122
0333101222
3331012223
3310122233
3101222331
1012223312
0122233123
1222331233
2223312330
2233123301
2331233011
3312330111
3123301113
1233011133
2330111332
3301113323
3011133233
0111332331
1113323311
1133233113
1332331133
3323311333
3233113330
2331133300
3311333001
3113330010
1133300102
1333001020
3330010200
3300102003
3001020033
0010200331
0102003313
1020033133
0200331332
2003313323
0033133231
0331332313
3313323132
3133231321
1332313213
3323132130
3231321302
2313213023
3132130231
1321302311
3213023112
2130231123
1302311233
3023112330
0231123300
2311233000
3112330000
1123300002
1233000021
2330000211
3300002111
3000021110
0000211100
0002111000
0021110002
0211100021
2111000213
1110002132
1100021321
1000213210
0002132101
0021321013
0213210132
2132101320
1321013203
3210132032
2101320321
1013203210
0132032103
1320321033
3203210331
2032103313
0321033132
3210331323
2103313230
1033132301
0331323010
3313230101
3132301011
1323010113
3230101133
2301011332
3010113323
0101133232
1011332321
0113323210
1133232103
1332321032
3323210320
3232103200
2321032000
3210320001
2103200012
1032000123
0320001232
3200012323
2000123232
0001232323
0012323232
0123232322
1232323223
2323232233
3232322330
2323223301
3232233010
2322330100
3223301002
2233010020
2330100203
3301002030
3010020301
0100203010
1002030101
0020301010
0203010103
2030101030
0301010300
3010103002
0101030020
1010300200
0103002003
1030020033
0300200332
3002003320
0020033200
0200332003
2003320033
0033200331
0332003310
3320033103
3200331033
2003310333
0033103332
0331033323
3310333230
3103332300
1033323000
0333230002
3332300020
3323000203
3230002032
2300020323
3000203230
0002032301
0020323010
0203230103
2032301033
0323010330
3230103300
2301033001
3010330010
0103300100
1033001003
0330010033
3300100333
3001003330
0010033301
0100333010
1003330100
0033301003
0333010030
3330100303
3301003030
3010030301
0100303013
1003030131
0030301311
0303013112
3030131120
0301311203
3013112032
0131120322
1311203222
3112032222
1120322221
1203222213
2032222132
0322221321
3222213211
2222132110
2221321100
2213211000
2132110002
1321100021
3211000210
2110002102
1100021021
1000210211
0002102112
0021021123
0210211232
2102112321
1021123213
0211232132
2112321321
1123213211
1232132113
2321321130
3213211300
2132113000
1321130000
3211300003
2113000030
1130000301
1300003010
3000030103
0000301032
0003010322
0030103223
0301032232
3010322321
0103223211
1032232113
0322321130
3223211303
2232113033
2321130333
3211303331
2113033311
1130333110
1303331103
3033311030
0333110302
3331103020
3311030200
3110302000
1103020003
1030200030
0302000302
3020003022
0200030223
2000302231
0003022313
0030223130
0302231303
3022313032
0223130322
2231303222
2313032220
3130322202
1303222021
3032220210
0322202102
3222021021
2220210210
2202102102
2021021021
0210210210
2102102100
1021021000
0210210002
2102100022
1021000220
0210002200
2100022003
1000220030
0002200303
0022003030
0220030300
2200303000
2003030000
0030300002
0303000020
3030000202
0300002020
3000020203
0000202032
0002020322
0020203220
0202032203
2020322031
0203220313
2032203131
0322031312
3220313120
2203131203
2031312031
0313120311
3131203110
1312031100
3120311002
1203110020
2031100201
0311002011
3110020113
1100201133
1002011333
0020113330
0201133300
2011333001
0113330013
1133300133
1333001333
3330013332
3300133322
3001333222
0013332222
0133322222
1333222220
3332222202
3322222023
3222220232
2222202322
2222023223
2220232233
2202322331
2023223310
0232233102
2322331021
3223310210
2233102103
2331021031
3310210311
3102103110
1021031100
0210311003
2103110031
1031100313
0311003133
3110031332
1100313322
1003133220
0031332203
0313322031
3133220311
1332203110
3322031100
3220311000
2203110001
2031100013
0311000133
3110001333
1100013332
1000133321
0001333210
0013332102
0133321023
1333210230
3332102300
3321023000
3210230003
2102300033
1023000331
0230003313
2300033131
3000331313
0003313130
0033131300
0331313001
3313130012
3131300120
1313001200
3130012000
1300120002
3001200020
0012000200
0120002000
1200020001
2000200011
0002000110
0020001102
0200011020
2000110202
0001102021
0011020211
0110202111
1102021111
1020211110
0202111102
2021111020
0211110203
2111102031
1111020310
1110203100
1102031000
1020310000
0203100001
2031000010
0310000101
3100001011
1000010111
0000101111
0001011110
0010111102
0101111023
1011110231
0111102313
1111023133
1110231333
1102313332
1023133322
0231333222
2313332222
3133322223
1333222232
3332222323
3322223231
3222232310
2222323102
2223231020
2232310201
2323102010
3231020101
2310201013
3102010131
1020101311
0201013111
2010131111
0101311111
1013111111
0131111111
1311111111
3111111111
1111111113
1111111133
1111111330
1111113300
1111133000
