0023212212
0232122123
2321221232
3212212320
2122123200
1221232002
2212320023
2123200233
1232002332
2320023323
3200233232
2002332322
0023323220
0233232202
2332322021
3323220213
3232202132
2322021320
3220213202
2202132020
2021320203
0213202033
2132020332
1320203321
3202033211
2020332111
0203321112
2033211121
0332111211
3321112112
3211121121
2111211213
1112112132
1121121322
1211213222
2112132222
1121322220
1213222201
2132222011
1322220111
3222201112
2222011122
2220111220
2201112202
2011122021
0111220211
1112202111
1122021110
1220211102
2202111022
2021110220
0211102202
2111022021
1110220212
1102202121
1022021211
0220212111
2202121111
2021211113
0212111133
2121111331
1211113311
2111133111
1111331110
1113311102
1133111022
1331110221
3311102212
3111022122
1110221221
1102212211
1022122111
0221221111
2212211113
2122111133
1221111331
2211113311
2111133112
1111331122
1113311221
1133112212
1331122121
3311221211
3112212112
1122121121
1221211212
2212112121
2121121211
1211212113
2112121132
1121211323
1212113232
2121132321
1211323211
2113232113
1132321132
1323211321
3232113211
2321132111
3211321113
2113211131
1132111312
1321113121
3211131211
2111312112
1113121121
1131211212
1312112121
3121121211
1211212111
2112121111
1121211112
1212111121
2121111212
1211112121
2111121211
1111212111
1112121112
1121211121
1212111210
2121112102
1211121021
2111210211
1112102113
1121021132
1210211322
2102113223
1021132231
0211322311
2113223110
1132231102
1322311021
3223110211
2231102113
2311021132
3110211320
1102113202
1021132021
0211320211
2113202110
1132021103
1320211032
3202110322
2021103222
0211032222
2110322221
1103222211
1032222112
0322221122
3222211220
2222112202
2221122021
2211220211
2112202112
1122021121
1220211210
2202112102
2021121023
0211210232
2112102320
1121023203
1210232031
2102320310
1023203103
0232031031
2320310310
3203103103
2031031032
0310310322
3103103220
1031032202
0310322021
3103220213
1032202132
0322021322
3220213221
2202132212
2021322122
0213221221
2132212211
1322122113
3221221132
2212211322
2122113223
1221132232
2211322321
2113223211
1132232112
1322321123
3223211233
2232112332
2321123322
3211233222
2112332222
1123322222
1233222223
2332222233
3322222331
3222223311
2222233113
2222331131
2223311311
2233113113
2331131131
3311311312
3113113121
1131131211
1311312111
3113121113
1131211131
1312111311
3121113113
1211131132
2111311323
1113113231
1131132313
1311323131
3113231311
1132313111
1323131112
3231311122
2313111220
3131112202
1311122021
3111220211
1112202112
1122021121
1220211212
2202112122
2021121222
0211212223
2112122230
1121222301
1212223011
2122230111
1222301110
2223011100
2230111002
2301110023
3011100232
0111002323
1110023232
1100232323
1002323230
0023232301
0232323011
2323230112
3232301122
2323011221
3230112210
2301122101
3011221011
0112210112
1122101120
1221011201
2210112010
2101120103
1011201032
0112010320
1120103200
1201032002
2010320023
0103200233
1032002332
0320023321
3200233212
2002332122
0023321221
0233212213
2332122131
3321221311
3212213111
2122131113
1221311132
2213111321
2131113211
1311132110
3111321102
1113211023
1132110231
1321102311
3211023113
2110231132
1102311320
1023113202
0231132020
2311320201
3113202011
1132020111
1320201110
3202011101
2020111011
0201110113
2011101132
0111011322
1110113220
1101132201
1011322010
0113220103
1132201032
1322010321
3220103213
2201032131
2010321311
0103213112
1032131121
0321311211
3213112110
2131121101
1311211011
3112110113
1121101131
1211011313
2110113130
1101131301
1011313011
0113130110
1131301102
1313011022
3130110222
1301102221
3011022213
0110222132
1102221323
1022213231
0222132310
2221323102
2213231022
2132310223
1323102232
3231022322
2310223223
3102232232
1022322321
0223223210
2232232102
2322321022
3223210222
2232102221
2321022210
3210222100
2102221003
1022210033
0222100333
2221003332
2210033322
2100333220
1003332202
0033322021
0333220213
3332202133
3322021330
3220213301
2202133011
2021330113
0213301130
2133011301
1330113011
3301130113
3011301132
0113011321
1130113211
1301132111
3011321112
0113211121
1132111211
1321112110
3211121100
2111211003
1112110032
1121100321
1211003211
2110032110
1100321102
1003211021
0032110211
0321102113
3211021131
2110211313
1102113131
1021131310
0211313103
2113131033
1131310331
1313103311
3131033113
1310331132
3103311321
1033113210
0331132102
3311321022
3113210220
1132102201
1321022010
3210220103
2102201031
1022010311
0220103110
2201031102
2010311022
0103110220
1031102200
0311022002
3110220023
1102200231
1022002311
0220023110
2200231102
2002311022
0023110222
0231102220
2311022203
3110222030
1102220301
1022203010
0222030103
2220301032
2203010321
2030103213
0301032131
3010321310
0103213103
1032131031
0321310312
3213103121
2131031213
1310312131
3103121310
1031213101
0312131010
3121310100
1213101001
2131010011
1310100112
3101001120
1010011202
0100112023
1001120232
0011202320
0112023200
1120232002
1202320021
2023200210
0232002101
2320021012
3200210123
2002101231
0021012311
0210123111
2101231110
1012311101
0123111013
1231110132
2311101321
3111013210
1110132102
1101321020
1013210202
0132102022
1321020223
3210202233
2102022332
1020223321
0202233212
2022332121
0223321210
2233212103
2332121031
3321210312
3212103123
2121031232
1210312320
2103123202
1031232020
0312320202
3123202022
1232020222
2320202220
3202022201
2020222013
0202220131
2022201310
0222013102
2220131021
2201310213
2013102131
0131021313
1310213133
3102131333
1021313332
0213133320
2131333202
1313332022
3133320220
1333202201
3332022010
3320220100
3202201002
2022010023
0220100230
2201002301
2010023012
0100230121
1002301211
0023012111
0230121113
2301211132
3012111322
0121113221
1211132213
2111322132
1113221323
1132213232
1322132321
3221323213
2213232130
2132321302
1323213020
3232130201
2321302010
3213020100
2130201001
1302010011
3020100112
0201001120
2010011202
0100112020
1001120201
0011202011
0112020111
1120201113
1202011133
2020111333
0201113332
2011133322
0111333220
1113332201
1133322010
1333220100
3332201001
3322010012
3220100123
2201001231
2010012310
0100123101
1001231011
0012310110
0123101101
1231011011
2310110112
3101101121
1011011211
0110112112
1101121121
1011211211
0112112112
1121121121
1211211211
2112112112
1121121121
1211211211
2112112111
1121121111
1211211110
2112111102
1121111022
1211110221
2111102210
1111022102
1110221020
1102210200
1022102001
0221020011
2210200111
2102001111
1020011110
0200111102
2001111020
0011110200
0111102002
1111020022
1110200222
1102002221
1020022213
0200222132
2002221321
0022213212
0222132122
2221321222
2213212220
2132122202
1321222021
3212220213
2122202133
1222021331
2220213310
2202133102
2021331021
0213310213
2133102133
1331021331
3310213312
3102133120
1021331200
0213312002
2133120023
1331200231
3312002313
3120023131
1200231310
2002313101
0023131010
0231310102
2313101020
3131010200
1310102000
3101020003
1010200031
0102000311
1020003113
0200031132
2000311320
0003113200
0031132002
0311320022
3113200222
1132002220
1320022202
3200222022
2002220220
0022202202
0222022023
2220220233
2202202333
2022023333
0220233332
2202333320
2023333203
0233332031
2333320311
3333203112
3332031123
3320311232
3203112322
2031123222
0311232220
3112322200
1123222001
1232220011
2322200111
3222001113
2220011131
2200111310
2001113102
0011131021
0111310213
1113102131
1131021313
1310213132
3102131321
1021313213
0213132130
2131321301
1313213011
3132130110
1321301102
3213011022
2130110220
1301102201
3011022010
0110220103
1102201032
1022010322
0220103223
2201032233
2010322333
0103223333
1032233332
0322333323
3223333232
2233332322
2333323220
3333232200
3332322002
3323220022
3232200220
2322002203
3220022032
2200220323
2002203231
0022032311
0220323113
2203231131
2032311311
0323113112
3231131123
2311311230
3113112300
1131123002
1311230020
3112300200
1123002003
1230020030
2300200300
3002003001
0020030011
0200300110
2003001102
0030011021
0300110213
3001102132
0011021322
0110213221
1102132213
1021322131
0213221311
2132213113
1322131132
3221311323
2213113231
2131132312
1311323120
3113231201
1132312010
1323120103
3231201032
2312010322
3120103220
1201032201
2010322010
0103220101
1032201011
0322010110
3220101100
2201011003
2010110031
0101100312
1011003123
0110031233
1100312331
1003123311
0031233111
0312331112
3123311122
1233111222
2331112221
3311122211
3111222113
1112221132
1122211323
1222113231
2221132311
2211323110
2113231101
1132311011
1323110113
3231101133
2311011332
3110113321
1101133212
1011332121
0113321211
1133212111
1332121111
3321211110
3212111100
2121111001
1211110011
2111100113
1111001132
1110011321
1100113210
1001132100
0011321000
0113210002
1132100020
1321000201
3210002010
2100020100
1000201003
0002010031
0020100310
0201003101
2010031013
0100310132
1003101323
0031013233
0310132332
3101323322
1013233222
0132332222
1323322223
3233222232
2332222320
3322223202
3222232020
2222320202
2223202023
2232020231
2320202311
3202023113
2020231132
0202311320
2023113200
0231132002
2311320020
3113200201
1132002013
1320020132
3200201323
2002013231
0020132310
0201323102
2013231020
0132310203
1323102031
3231020313
2310203133
3102031332
1020313320
0203133201
2031332013
0313320132
3133201322
1332013221
3320132210
3201322101
2013221011
0132210110
1322101103
3221011031
2210110313
2101103132
1011031323
0110313230
1103132301
1031323011
0313230110
3132301102
1323011023
3230110232
2301102322
3011023221
0110232213
1102322132
1023221323
0232213232
2322132321
3221323211
2213232111
2132321112
1323211122
3232111223
2321112232
3211122321
2111223210
1112232100
1122321002
1223210022
2232100222
2321002221
3210022211
2100222112
1002221122
0022211221
0222112213
2221122132
2211221321
2112213211
1122132111
1221321110
2213211101
2132111013
1321110132
3211101320
2111013201
1110132013
1101320132
1013201323
0132013233
1320132332
3201323321
2013233211
0132332110
1323321101
3233211012
2332110120
3321101202
3211012021
2110120210
1101202102
1012021023
0120210232
1202102323
2021023232
0210232321
2102323213
1023232132
0232321321
2323213210
3232132102
2321321022
3213210221
2132102213
1321022132
3210221321
2102213210
1022132101
0221321012
2213210122
2132101222
1321012223
3210122231
2101222311
1012223111
0122231110
1222311100
2223111002
2231110021
2311100210
3111002103
1110021033
1100210331
1002103313
0021033132
0210331320
2103313201
1033132013
0331320132
3313201321
3132013211
1320132113
3201321132
2013211322
0132113221
1321132211
3211322113
2113221132
1132211321
1322113211
3221132113
2211321131
2113211311
1132113110
1321131101
3211311013
2113110133
1131101331
1311013310
3110133100
1101331003
1013310031
0133100310
1331003103
3310031030
3100310302
1003103023
0031030232
0310302322
3103023223
1030232230
0302322303
3023223031
0232230313
2322303132
3223031323
2230313232
2303132320
3031323202
0313232021
3132320213
1323202132
3232021321
2320213210
3202132101
2021321013
0213210132
2132101321
1321013211
3210132111
2101321110
1013211102
0132111021
1321110211
3211102111
2111021113
1110211131
1102111310
1021113103
0211131031
2111310310
1113103101
1131031011
1310310113
3103101130
1031011301
0310113010
3101130100
1011301001
0113010010
1130100101
1301001010
3010010102
0100101020
1001010201
0010102010
0101020101
1010201011
0102010113
1020101133
0201011331
2010113312
0101133120
1011331202
0113312023
1133120231
1331202311
3312023110
3120231103
1202311032
2023110321
0231103213
2311032131
3110321310
1103213100
1032131001
0321310011
3213100111
2131001113
1310011132
3100111320
1001113202
0011132022
0111320222
1113202223
1132022231
1320222312
3202223121
2022231213
0222312130
2223121301
2231213010
2312130101
3121301011
1213010113
2130101133
1301011333
3010113332
0101133322
1011333223
0113332232
1133322321
1333223211
3332232110
3322321102
3223211021
2232110213
2321102132
3211021323
2110213232
1102132323
1021323232
0213232320
2132323201
1323232011
3232320110
2323201101
3232011011
2320110113
3201101132
2011011321
0110113211
1101132111
1011321111
0113211113
1132111130
1321111301
3211113010
2111130100
1111301001
1113010013
1130100130
1301001301
3010013011
0100130113
1001301131
0013011313
0130113131
1301131311
3011313110
0113131101
1131311012
1313110122
3131101220
1311012200
3110122002
1101220023
1012200232
0122002322
1220023222
2200232220
2002322203
0023222031
0232220311
2322203113
3222031132
2220311321
2203113210
2031132101
0311321013
3113210131
1132101313
1321013132
3210131322
2101313223
1013132231
0131322313
1313223132
3132231323
1322313231
3223132311
2231323111
2313231111
3132311111
1323111110
3231111100
2311111000
3111110001
1111100010
1111000100
1110001001
1100010011
1000100110
0001001100
0010011002
0100110020
1001100202
0011002022
0110020223
1100202231
1002022310
0020223101
0202231010
2022310102
0223101021
2231010213
2310102132
3101021320
1010213202
0102132022
1021320220
0213202201
2132022012
1320220122
3202201220
2022012200
0220122001
2201220010
2012200101
0122001010
1220010102
2200101021
2001010212
0010102122
0101021223
1010212232
0102122323
1021223232
0212232320
2122323202
1223232020
2232320200
2323202000
3232020003
2320200032
3202000321
2020003210
0200032102
2000321021
0003210210
0032102100
0321021002
3210210021
2102100211
1021002111
0210021113
2100211132
1002111323
0021113232
0211132321
2111323213
1113232132
1132321322
1323213220
3232132202
2321322023
3213220232
2132202323
1322023232
3220232321
2202323213
2023232130
0232321303
2323213032
3232130322
2321303223
3213032231
2130322313
1303223132
3032231322
0322313222
3223132221
2231322210
2313222103
3132221032
1322210322
3222103220
2221032202
2210322021
2103220210
1032202101
0322021011
3220210113
2202101131
2021011311
0210113112
2101131120
1011311202
0113112022
1131120222
1311202222
3112022221
1120222212
1202222120
2022221202
0222212022
2222120222
2221202221
2212022211
2120222110
1202221103
2022211031
0222110310
2221103101
2211031011
2110310110
1103101102
1031011023
0310110232
3101102320
1011023201
0110232010
1102320100
1023201003
0232010030
2320100303
3201003031
2010030311
0100303110
1003031102
0030311022
0303110220
3031102202
0311022023
3110220233
1102202333
1022023332
0220233321
2202333213
2023332132
0233321322
2333213221
3332132213
3321322132
3213221321
2132213210
1322132100
3221321002
2213210020
2132100200
1321002002
3210020020
2100200203
1002002031
0020020313
0200203133
2002031333
0020313332
0203133322
2031333222
0313332220
3133322202
1333222021
3332220211
3322202113
3222021132
2220211322
2202113221
2021132210
0211322103
2113221033
1132210333
1322103333
3221033333
2210333332
2103333321
1033333211
0333332110
3333321102
3333211020
3332110202
3321102020
3211020202
2110202021
1102020213
1020202133
0202021333
2020213332
0202133320
2021333203
0213332032
2133320322
1333203222
3332032220
3320322200
3203222001
2032220011
0322200111
3222001111
2220011113
2200111131
2001111311
0011113113
0111131131
1111311313
1113113132
1131131322
1311313221
3113132212
1131322123
1313221233
3132212332
1322123321
3221233211
2212332111
2123321111
1233211110
2332111101
3321111013
3211110132
2111101320
1111013200
1110132002
1101320021
1013200211
0132002110
1320021102
3200211020
2002110202
0021102021
0211020210
2110202103
1102021031
1020210313
0202103131
2021031311
0210313110
2103131100
1031311002
0313110023
3131100232
1311002323
3110023233
1100232331
1002323312
0023233120
0232331200
2323312000
3233120001
2331200011
3312000111
3120001113
1200011132
2000111322
0001113220
0011132202
0111322022
1113220220
1132202202
1322022020
3220220203
2202202031
2022020310
0220203101
2202031010
2020310102
0203101022
2031010223
0310102233
3101022330
1010223301
0102233011
1022330113
0223301130
2233011303
2330113030
3301130301
3011303010
0113030103
1130301033
1303010333
3030103331
0301033310
3010333102
0103331021
1033310210
0333102103
3331021032
3310210322
3102103221
1021032211
0210322110
2103221102
1032211020
0322110202
3221102020
2211020202
2110202021
1102020211
1020202113
0202021131
2020211311
0202113110
2021131100
0211311002
2113110020
1131100201
1311002011
3110020113
1100201131
1002011310
0020113102
0201131023
2011310232
0113102323
1131023231
1310232313
3102323133
1023231331
0232313311
2323133110
3231331102
2313311020
3133110200
1331102001
3311020011
3110200113
1102001133
1020011331
0200113312
2001133122
0011331222
0113312223
1133122231
1331222310
3312223103
3122231033
1222310331
2223103312
2231033122
2310331222
3103312222
1033122220
0331222201
3312222012
3122220122
1222201220
2222012203
2220122033
2201220331
2012203313
0122033131
1220331311
2203313110
2033131103
0331311032
3313110320
3131103203
1311032032
3110320322
1103203223
1032032232
0320322321
3203223213
2032232133
0322321330
3223213301
2232133013
2321330131
3213301310
2133013103
1330131033
3301310332
3013103320
0131033201
1310332012
3103320121
1033201213
0332012132
3320121321
3201213210
2012132100
0121321002
1213210022
2132100221
1321002211
3210022113
2100221132
1002211322
0022113222
0221132222
2211322220
2113222203
1132222033
1322220331
3222203310
2222033101
2220331013
2203310131
2033101312
0331013121
3310131213
3101312132
1013121322
0131213222
1312132223
3121322231
1213222313
2132223130
1322231301
3222313012
2223130121
2231301213
2313012131
3130121310
1301213101
3012131013
0121310132
1213101321
2131013212
1310132122
3101321222
1013212220
0132122202
1321222021
3212220213
2122202132
1222021322
2220213222
2202132221
2021322210
0213222102
2132221023
1322210232
3222102322
2221023220
2210232203
2102322033
1023220332
0232203322
2322033221
3220332213
2203322131
2033221313
0332213131
3322131310
3221313103
2213131033
2131310331
1313103310
3131033101
1310331011
3103310112
1033101121
0331011210
3310112100
3101121001
1011210010
0112100101
1121001011
1210010111
2100101110
1001011103
0010111031
0101110313
1011103131
0111031313
1110313132
1103131321
1031313213
0313132133
3131321333
1313213332
3132133323
1321333230
3213332300
2133323000
1333230001
3332300010
3323000101
3230001013
2300010132
3000101323
0001013230
0010132301
0101323011
1013230113
0132301133
1323011332
3230113322
2301133222
3011332220
0113322201
1133222011
1332220110
3322201102
3222011021
2220110213
2201102131
2011021313
0110213133
1102131331
1021313311
0213133112
2131331120
1313311200
3133112000
1331120001
3311200011
3112000111
1120001112
1200011121
2000111210
0001112101
0011121011
0111210110
1112101102
1121011022
1210110221
2101102211
1011022111
0110221113
1102211132
1022111321
0221113213
2211132131
2111321311
1113213110
1132131101
1321311010
3213110102
2131101023
1311010232
3110102322
1101023222
1010232220
0102322200
1023222001
0232220011
2322200112
3222001122
2220011221
2200112211
2001122110
0011221102
0112211020
1122110200
1221102002
2211020020
2110200202
1102002022
1020020221
0200202210
2002022103
0020221032
0202210323
2022103232
0221032322
2210323223
2103232231
1032322313
0323223133
3232231332
2322313320
3223133202
2231332022
2313320222
3133202221
1332022213
3320222133
3202221332
2022213322
0222133223
2221332231
2213322313
2133223132
1332231323
3322313230
3223132300
2231323001
2313230013
3132300131
1323001310
3230013101
2300131013
3001310132
0013101323
0131013232
1310132323
3101323232
1013232321
0132323211
1323232111
3232321110
2323211103
3232111032
2321110322
3211103222
2111032221
1110322210
1103222101
1032221013
0322210132
3222101321
2221013213
2210132132
2101321322
1013213222
0132132222
1321322222
3213222221
2132222211
1322222110
3222221102
2222211022
2222110222
2221102221
2211022211
2110222111
1102221110
1022211101
0222111011
2221110111
2211101110
2111011102
1110111023
1101110232
1011102323
0111023232
1110232323
1102323231
1023232310
0232323100
2323231001
3232310013
2323100132
3231001321
2310013210
3100132102
1001321023
0013210231
0132102310
1321023102
3210231023
2102310233
1023102331
0231023311
2310233113
3102331131
1023311311
0233113112
2331131122
3311311222
3113112222
1131122221
1311222211
3112222110
1122221102
1222211022
2222110220
2221102202
2211022023
2110220232
1102202323
1022023232
0220232323
2202323232
2023232322
0232323220
2323232202
3232322022
2323220220
3232202202
2322022023
3220220232
2202202321
2022023211
0220232112
2202321120
2023211202
0232112023
2321120230
3211202303
2112023032
1120230322
1202303220
2023032200
0230322002
2303220022
3032200222
0322002222
3220022221
2200222213
2002222131
0022221311
0222213111
2222131111
2221311110
2213111102
2131111022
1311110222
3111102220
1111022202
1110222023
1102220230
1022202303
0222023032
2220230323
2202303232
2023032320
0230323202
2303232023
3032320232
0323202322
3232023221
2320232210
3202322100
2023221002
0232210021
2322100210
3221002101
2210021013
2100210132
1002101323
0021013231
0210132313
2101323132
1013231321
0132313211
1323132110
3231321103
2313211032
3132110321
1321103211
3211032110
2110321101
1103211011
1032110111
0321101111
3211011112
2110111120
1101111202
1011112023
0111120232
1111202323
1112023231
1120232310
1202323102
2023231021
0232310211
2323102113
3231021131
2310211310
3102113100
1021131000
0211310000
2113100001
1131000010
1310000102
3100001021
1000010213
0000102131
0001021312
0010213122
0102131220
1021312202
0213122020
2131220201
1312202011
3122020113
1220201132
2202011321
2020113213
0201132133
2011321333
0113213332
1132133322
1321333220
3213332203
2133322031
1333220312
3332203122
3322031220
3220312202
2203122022
2031220221
0312202213
3122022132
1220221320
2202213201
2022132011
0221320110
2213201102
2132011023
1320110232
3201102323
2011023232
0110232321
1102323210
1023232102
0232321021
2323210213
3232102133
2321021332
3210213323
2102133232
1021332321
0213323211
2133232111
1332321110
3323211101
3232111013
2321110130
3211101301
2111013010
1110130100
1101301002
1013010022
0130100220
1301002201
3010022013
0100220131
1002201310
0022013103
0220131031
2201310311
2013103113
0131031131
1310311311
3103113113
1031131132
0311311323
3113113232
1131132323
1311323232
3113232322
1132323221
1323232213
3232322131
2323221312
3232213121
2322131213
3221312132
2213121321
2131213211
1312132111
3121321111
1213211110
2132111102
1321111023
3211110232
2111102322
1111023223
1110232232
1102322323
1023223232
0232232320
2322323200
3223232002
2232320021
2323200211
3232002110
2320021102
3200211020
2002110201
0021102011
0211020113
2110201131
1102011313
1020113131
0201131311
2011313113
0113131130
1131311301
1313113010
3131130103
1311301032
3113010321
1130103211
1301032111
3010321110
0103211103
1032111031
0321110313
3211103132
2111031322
1110313220
1103132200
1031322002
0313220023
3132200230
1322002301
3220023011
2200230111
2002301112
0023011122
0230111220
2301112203
3011122032
0111220320
1112203202
1122032022
1220320220
2203202202
2032022022
0320220222
3202202221
2022022210
0220222103
2202221030
2022210303
0222103032
2221030323
2210303231
2103032310
1030323102
0303231021
3032310211
0323102110
3231021103
2310211032
3102110321
1021103211
0211032111
2110321111
1103211110
1032111103
0321111031
3211110310
2111103100
1111031001
1110310013
1103100132
1031001321
0310013210
3100132101
1001321011
0013210111
0132101110
1321011101
3210111013
2101110131
1011101311
0111013113
1110131132
1101311323
1013113232
0131132323
1311323232
3113232322
1132323220
1323232201
3232322011
2323220113
3232201132
2322011322
3220113220
2201132201
2011322012
0113220120
1132201200
1322012000
3220120002
2201200020
2012000202
0120002022
1200020221
2000202213
0002022132
0020221321
0202213211
2022132111
0221321112
2213211122
2132111221
1321112210
3211122102
2111221020
1112210202
1122102021
1221020210
2210202102
2102021020
1020210202
0202102020
2021020202
0210202021
2102020211
1020202110
0202021102
2020211021
0202110211
2021102111
0211021112
2110211122
1102111223
1021112232
0211122320
2111223201
1112232010
1122320103
1223201033
2232010331
2320103310
3201033103
2010331031
0103310310
1033103103
0331031033
3310310332
3103103321
1031033210
0310332100
3103321001
1033210013
0332100132
3321001323
3210013232
2100132322
1001323223
0013232232
0132322322
1323223222
3232232221
2322322212
3223222123
2232221231
2322212311
3222123113
2221231132
2212311323
2123113233
1231132332
2311323323
3113233233
1132332331
1323323311
3233233113
2332331132
3323311320
3233113203
2331132031
3311320310
3113203103
1132031030
1320310302
3203103023
2031030232
0310302322
3103023223
1030232232
0302322322
3023223223
0232232231
2322322310
3223223103
2232231033
2322310332
3223103322
2231033220
2310332200
3103322003
1033220031
0332200311
3322003113
3220031130
2200311300
2003113003
0031130031
0311300310
3113003100
1130031000
1300310001
3003100012
0031000120
0310001200
3100012002
1000120022
0001200221
0012002212
0120022120
1200221201
2002212010
0022120102
0221201020
2212010200
2120102002
1201020020
2010200203
0102002031
1020020311
0200203112
2002031122
0020311220
0203112200
2031122002
0311220023
3112200230
1122002303
1220023030
2200230301
2002303011
0023030110
0230301103
2303011032
3030110321
0301103212
3011032123
0110321230
1103212302
1032123022
0321230221
3212302213
2123022132
1230221321
2302213213
3022132132
0221321321
2213213210
2132132100
1321321002
3213210020
2132100202
1321002020
3210020201
2100202013
1002020132
0020201320
0202013202
2020132021
0201320213
2013202132
0132021322
1320213223
3202132232
2021322322
0213223220
2132232202
1322322021
3223220211
2232202112
2322021121
3220211213
2202112132
2021121320
0211213201
2112132012
1121320121
1213201211
2132012111
1320121110
3201211102
2012111023
0121110232
1211102322
2111023220
1110232202
1102322021
1023220211
0232202112
2322021123
3220211232
2202112321
2021123211
0211232111
2112321110
1123211100
1232111001
2321110011
3211100110
2111001102
1110011022
1100110221
1001102213
0011022131
0110221310
1102213102
1022131020
0221310203
2213102032
2131020321
1310203212
3102032122
1020321220
0203212203
2032122031
0321220311
3212203113
2122031130
1220311300
2203113000
2031130002
0311300022
3113000220
1130002202
1300022020
3000220201
0002202012
0022020122
0220201220
2202012202
2020122021
0201220213
2012202130
0122021300
1220213002
2202130022
2021300220
0213002200
2130022002
1300220021
3002200213
0022002132
0220021320
2200213200
2002132002
0021320022
0213200223
2132002232
1320022321
3200223213
2002232131
0022321312
0223213122
2232131222
2321312223
3213122231
2131222310
1312223102
3122231022
1222310220
2223102202
2231022021
2310220211
3102202113
1022021133
0220211331
2202113312
2021133122
0211331221
2113312210
1133122101
1331221013
3312210132
3122101323
1221013231
2210132313
2101323130
1013231301
0132313010
1323130100
3231301002
2313010022
3130100222
1301002221
3010022210
0100222103
1002221031
0022210313
0222103132
2221031322
2210313220
2103132203
1031322031
0313220311
3132203111
1322031110
3220311102
2203111020
2031110203
0311102032
3111020322
1110203222
1102032222
1020322220
0203222202
2032222020
0322220200
3222202001
2222020012
2220200123
2202001232
2020012320
0200123200
2001232000
0012320000
0123200003
1232000031
2320000311
3200003111
2000031111
0000311112
0003111123
0031111232
0311112322
3111123221
1111232211
1112322110
1123221103
1232211031
2322110310
3221103100
2211031002
2110310022
1103100223
1031002232
0310022323
3100223233
1002232332
0022323320
0223233202
2232332022
2323320222
3233202220
2332022200
3320222000
3202220000
2022200001
0222000010
2220000101
2200001010
2000010103
0000101031
0001010313
0010103131
0101031311
1010313113
0103131130
1031311300
0313113000
3131130002
1311300021
3113000213
1130002130
1300021300
3000213001
0002130010
0021300100
0213001000
2130010002
1300100020
3001000200
0010002000
0100020003
1000200031
0002000311
0020003113
0200031130
2000311302
0003113020
0031130203
0311302032
3113020320
1130203200
1302032002
3020320021
0203200212
2032002123
0320021230
3200212301
2002123012
0021230123
0212301231
2123012310
1230123103
2301231032
3012310322
0123103221
1231032213
2310322132
3103221322
1032213223
0322132232
3221322323
2213223232
2132232322
1322323222
3223232223
2232322233
2323222331
3232223313
2322233131
3222331311
2223313112
2233131123
2331311230
3313112303
3131123032
1311230323
3112303232
1123032323
1230323231
2303232311
3032323111
0323231112
3232311121
2323111211
3231112113
2311121131
3111211311
1112113113
1121131132
1211311322
2113113222
1131132221
1311322210
3113222103
1132221031
1322210313
3222103132
2221031321
2210313211
2103132113
1031321132
0313211320
3132113201
1321132010
3211320103
2113201031
1132010311
1320103110
3201031101
2010311010
0103110102
1031101023
0311010232
3110102321
1101023210
1010232102
0102321021
1023210213
0232102132
2321021322
3210213223
2102132232
1021322320
0213223201
2132232010
1322320101
3223201010
2232010102
2320101021
3201010213
2010102133
0101021330
1010213303
0102133032
1021330321
0213303211
2133032111
1330321113
3303211130
3032111303
0321113032
3211130322
2111303221
1113032213
1130322132
1303221321
3032213211
0322132113
3221321133
2213211331
2132113313
1321133132
3211331322
2113313220
1133132201
1331322011
3313220110
3132201103
1322011032
3220110323
2201103231
2011032311
0110323112
1103231120
1032311202
0323112020
3231120200
2311202001
3112020010
1120200101
1202001011
2020010112
0200101120
2001011202
0010112022
0101120223
1011202231
0112022312
1120223121
1202231213
2022312133
0223121330
2231213302
2312133022
3121330221
1213302213
2133022131
1330221311
3302213111
3022131110
0221311102
2213111022
2131110220
1311102201
3111022011
1110220113
1102201132
1022011321
0220113213
2201132131
2011321310
0113213100
1132131001
1321310013
3213100132
2131001322
1310013223
3100132232
1001322323
0013223232
0132232323
1322323233
3223232331
2232323310
2323233102
3232331020
2323310203
3233102033
2331020332
3310203321
3102033211
1020332110
0203321100
2033211002
0332110022
3321100222
3211002222
2110022220
1100222203
1002222032
0022220320
0222203202
2222032021
2220320213
2203202130
2032021301
0320213011
3202130113
2021301132
0213011322
2130113220
1301132202
3011322022
0113220220
1132202200
1322022002
3220220023
2202200233
2022002331
0220023312
2200233122
2002331221
0023312213
0233122133
2331221332
3312213323
3122133233
1221332331
2213323310
2133233101
1332331010
3323310102
3233101022
2331010222
3310102220
3101022201
1010222011
0102220113
1022201130
0222011302
2220113021
2201130213
2011302132
0113021321
1130213211
1302132111
3021321112
0213211120
2132111200
1321112000
3211120001
2111200012
1112000123
1120001232
1200012321
2000123213
0001232132
0012321322
0123213223
1232132231
2321322310
3213223100
2132231002
1322310020
3223100202
2231002023
2310020231
3100202311
1002023111
0020231110
0202311100
2023111001
0231110011
2311100110
3111001103
1110011032
1100110323
1001103231
0011032310
0110323100
1103231002
1032310020
0323100203
3231002033
2310020330
3100203301
1002033011
0020330112
0203301120
2033011201
0330112013
3301120133
3011201333
0112013332
1120133322
1201333222
2013332221
0133322213
1333222132
3332221322
3322213221
3222132210
2221322101
2213221012
2132210122
1322101221
3221012213
2210122132
2101221321
1012213213
0122132132
1221321322
2213213220
2132132201
1321322010
3213220103
2132201033
1322010332
3220103320
2201033203
2010332032
0103320320
1033203202
0332032020
3320320201
3203202013
2032020132
0320201320
3202013200
2020132003
0201320030
2013200301
0132003011
1320030110
3200301103
2003011032
0030110321
0301103210
3011032102
0110321020
1103210203
1032102032
0321020322
3210203222
2102032222
1020322222
0203222221
2032222210
0322222100
3222221002
2222210022
2222100223
2221002232
2210022321
2100223211
1002232111
0022321110
0223211103
2232111031
2321110310
3211103100
2111031002
1110310023
1103100232
1031002322
0310023220
3100232203
1002322032
0023220322
0232203221
2322032210
3220322103
2203221033
2032210332
0322103322
3221033220
2210332200
2103322003
1033220031
0332200313
3322003130
3220031303
2200313033
2003130331
0031303313
0313033131
3130331310
1303313102
3033131020
0331310201
3313102012
3131020121
1310201211
3102012112
1020121122
0201211223
2012112233
0121122331
1211223310
2112233101
1122331011
1223310111
2233101110
2331011103
3310111031
3101110310
1011103102
0111031020
1110310202
1103102023
1031020232
0310202320
3102023203
1020232032
0202320323
2023203232
0232032323
2320323232
3203232322
2032323220
0323232202
3232322021
2323220213
3232202130
2322021303
3220213032
2202130322
2021303223
0213032232
2130322323
1303223232
3032232320
0322323201
3223232013
2232320132
2323201323
3232013232
2320132323
3201323232
2013232322
0132323222
1323232220
3232322202
2323222021
3232220213
2322202132
3222021320
2220213203
2202132032
2021320320
0213203201
2132032013
1320320133
3203201333
2032013333
0320133332
3201333322
2013333222
0133332222
1333322221
3333222211
3332222110
3322221100
3222211000
2222110001
2221100011
2211000113
2110001133
1100011330
1000113301
0001133012
0011330120
0113301203
1133012032
1330120322
3301203222
3012032220
0120322203
1203222031
2032220311
0322203111
3222031110
2220311102
2203111021
2031110213
0311102131
3111021312
1110213122
1102131222
1021312220
0213122200
2131222000
1312220003
3122200031
1222000311
2220003111
2200031113
2000311132
0003111320
0031113203
0311132033
3111320333
1113203332
1132033321
1320333213
3203332132
2033321322
0333213220
3332132202
3321322020
3213220200
2132202002
1322020022
3220200222
2202002220
2020022202
0200222020
2002220200
0022202001
0222020012
2220200121
2202001211
2020012113
0200121130
2001211301
0012113011
0121130113
1211301131
2113011310
1130113102
1301131021
3011310211
0113102113
1131021131
1310211311
3102113110
1021131100
0211311003
2113110031
1131100313
1311003132
3110031321
1100313210
1003132101
0031321011
0313210110
3132101103
1321011033
3210110332
2101103320
1011033201
0110332012
1103320123
1033201231
0332012313
3320123130
3201231301
2012313010
0123130103
1231301032
2313010320
3130103203
1301032031
3010320310
0103203103
1032031032
0320310322
3203103223
2031032231
0310322310
3103223100
1032231000
0322310003
3223100032
2231000323
2310003233
3100032332
1000323322
0003233220
0032332203
0323322032
3233220320
2332203203
3322032033
3220320332
2203203320
2032033201
0320332013
3203320131
2033201311
0332013112
3320131120
3201311200
2013112003
0131120032
1311200323
3112003231
1120032312
1200323121
2003231211
0032312111
0323121112
3231211120
2312111202
3121112020
1211120203
2111202033
1112020331
1120203311
1202033112
2020331122
0203311222
2033112220
0331122202
3311222023
3112220233
1122202332
1222023322
2220233223
2202332230
2023322303
0233223031
2332230310
3322303102
3223031020
2230310200
2303102003
3031020033
0310200331
3102003313
1020033131
0200331311
2003313111
0033131112
0331311123
3313111230
3131112303
1311123032
3111230322
1112303221
1123032212
1230322120
2303221202
3032212022
0322120222
3221202220
2212022201
2120222011
1202220111
2022201111
0222011111
2220111110
2201111102
2011111021
0111110212
1111102121
1111021213
1110212133
1102121333
1021213332
0212133323
2121333232
1213332322
2133323223
1333232231
3332322310
3323223103
3232231031
2322310311
3223103110
2231031102
2310311020
3103110200
1031102003
0311020032
3110200320
1102003202
1020032022
0200320220
2003202201
0032022013
0320220133
3202201332
2022013322
0220133222
2201332221
2013322211
0133222111
1332221111
3322211113
3222111131
2221111311
2211113110
2111131102
1111311021
1113110211
1131102111
1311021111
3110211110
1102111103
1021111032
0211110322
2111103220
1111032201
1110322010
1103220102
1032201021
0322010210
3220102101
2201021011
2010210113
0102101133
1021011331
0210113313
2101133130
1011331301
0113313011
1133130112
1331301123
3313011233
3130112331
1301123310
3011233101
0112331013
1123310132
1233101321
2331013213
3310132132
3101321322
1013213220
0132132202
1321322022
3213220220
2132202203
1322022032
3220220320
2202203203
2022032032
0220320320
2203203201
2032032010
0320320103
3203201032
2032010322
0320103222
3201032222
2010322222
0103222220
1032222202
0322222021
3222220213
2222202132
2222021322
2220213223
2202132231
2021322312
0213223120
2132231203
1322312032
3223120321
2231203213
2312032132
3120321320
1203213202
2032132022
0321320220
3213202202
2132022023
1320220230
3202202301
2022023011
0220230113
2202301132
2023011322
0230113223
2301132230
3011322301
0113223011
1132230111
1322301111
3223011110
2230111102
2301111021
3011110210
0111102102
1111021022
1110210222
1102102220
1021022203
0210222033
2102220331
1022203313
0222033133
2220331331
2203313313
2033133131
0331331311
3313313111
3133131111
1331311110
3313111102
3131111020
1311110201
3111102011
1111020111
1110201113
1102011132
1020111321
0201113211
2011132111
0111321113
1113211130
1132111302
1321113022
3211130223
2111302230
1113022301
1130223013
1302230132
3022301322
0223013222
2230132220
2301322202
3013222021
0132220210
1322202101
3222021010
2220210102
2202101021
2021010211
0210102111
2101021110
1010211101
0102111011
1021110112
0211101121
2111011210
1110112102
1101121020
1011210201
0112102010
1121020101
1210201011
2102010112
1020101121
0201011210
2010112102
0101121021
1011210213
0112102131
1121021312
1210213123
2102131231
1021312312
0213123122
2131231221
1312312211
3123122110
1231221102
2312211022
3122110220
1221102202
2211022023
2110220232
1102202322
1022023221
0220232212
2202322122
2023221223
0232212232
2322122322
3221223223
2212232232
2122322320
1223223202
2232232021
2322320213
3223202132
2232021320
2320213201
3202132010
2021320101
0213201013
2132010132
1320101322
3201013222
2010132221
0101322211
1013222113
0132221132
1322211322
3222113220
2221132200
2211322001
2113220011
1132200111
1322001113
3220011131
2200111312
2001113122
0011131220
0111312200
1113122002
1131220020
1312200200
3122002002
1220020020
2200200202
2002002021
0020020211
0200202111
2002021111
0020211111
0202111111
2021111110
0211111102
2111111020
1111110203
1111102031
1111020313
1110203131
1102031311
1020313110
0203131101
2031311013
0313110132
3131101322
1311013221
3110132213
1101322131
1013221311
0132213111
1322131113
3221311131
2213111311
2131113112
1311131120
3111311200
1113112002
1131120022
1311200222
3112002222
1120022221
1200222213
2002222132
0022221322
0222213221
2222132213
2221322131
2213221311
2132213112
1322131120
3221311203
2213112032
2131120323
1311203232
3112032323
1120323233
1203232333
2032323332
0323233320
3232333203
2323332032
3233320322
2333203223
3332032232
3320322320
3203223201
2032232011
0322320113
3223201132
2232011322
2320113221
3201132210
2011322102
0113221023
1132210232
1322102322
3221023222
2210232222
2102322222
1023222223
0232222230
2322222300
3222223001
2222230011
2222300110
2223001100
2230011000
2300110002
3001100022
0011000220
0110002201
1100022013
1000220132
0002201321
0022013210
0220132102
2201321020
2013210202
0132102021
1321020211
3210202113
2102021131
1020211313
0202113131
2021131313
0211313131
2113131311
1131313110
1313131101
3131311010
1313110103
3131101032
1311010320
3110103201
1101032011
1010320113
0103201131
1032011310
0320113102
3201131021
2011310211
0113102111
1131021113
1310211131
3102111313
1021113130
0211131301
2111313010
1113130102
1131301021
1313010212
3130102122
1301021223
3010212230
0102122301
1021223010
0212230102
2122301023
1223010232
2230102320
2301023202
3010232022
0102320220
1023202203
0232022031
2320220311
3202203111
2022031110
0220311101
2203111010
2031110103
0311101033
3111010330
1110103301
1101033011
1010330113
0103301131
1033011313
0330113132
3301131321
3011313211
0113132111
1131321111
1313211111
3132111111
1321111112
3211111120
2111111202
1111112020
1111120201
1111202013
1112020132
1120201320
1202013203
2020132032
0201320322
2013203221
0132032213
1320322130
3203221301
2032213012
0322130123
3221301233
2213012332
2130123321
1301233213
3012332131
0123321311
1233213111
2332131111
3321311113
3213111132
2131111322
1311113221
3111132211
1111322113
1113221132
1132211321
1322113210
3221132102
2211321021
2113210211
1132102111
1321021111
3210211111
2102111110
1021111102
0211111021
2111110211
1111102111
1111021112
1110211120
1102111202
1021112023
0211120230
2111202303
1112023032
1120230323
1202303232
2023032320
0230323200
2303232001
3032320011
0323200110
3232001102
2320011021
3200110211
2001102112
0011021122
0110211220
1102112202
1021122022
0211220223
2112202233
1122022331
1220223312
2202233122
2022331221
0223312211
2233122113
2331221131
3312211310
3122113102
1221131023
2211310231
2113102313
1131023131
1310231311
3102313111
1023131113
0231311133
2313111332
3131113320
1311133201
3111332011
1113320111
1133201111
1332011110
3320111102
3201111020
2011110202
0111102022
1111020222
1110202223
1102022231
1020222311
0202223113
2022231131
0222311311
2223113112
2231131121
2311311211
3113112113
1131121131
1311211311
3112113111
1121131112
1211311123
2113111231
1131112311
1311123112
3111231120
1112311201
1123112011
1231120113
2311201132
3112011321
1120113213
1201132132
2011321322
0113213223
1132132232
1321322321
3213223213
2132232130
1322321301
3223213013
2232130131
2321301313
3213013130
2130131302
1301313020
3013130200
0131302000
1313020002
3130200020
1302000201
3020002011
0200020111
2000201110
0002011100
0020111002
0201110020
2011100201
0111002013
1110020131
1100201313
1002013131
0020131313
0201313131
2013131313
0131313131
1313131311
3131313113
1313131132
3131311322
1313113222
3131132220
1311322200
3113222002
1132220020
1322200200
3222002003
2220020032
2200200322
2002003222
0020032222
0200322223
2003222233
0032222332
0322223323
3222233231
2222332310
2223323100
2233231000
2332310002
3323100020
3231000201
2310002012
3100020123
1000201233
0002012333
0020123333
0201233333
2012333332
0123333321
1233333211
2333332113
3333321133
3333211333
3332113332
3321133322
3211333222
2113332222
1133322222
1333222223
3332222232
3322222321
3222223213
2222232132
2222321323
2223213232
2232132322
2321323220
3213232202
2132322020
1323220200
3232202001
2322020011
3220200111
2202001113
2020011132
0200111320
2001113200
0011132003
0111320030
1113200301
1132003013
1320030133
3200301330
2003013302
0030133021
0301330210
3013302101
0133021011
1330210111
3302101110
3021011102
0210111020
2101110202
1011102021
0111020210
1110202102
1102021022
1020210221
0202102210
2021022101
0210221013
2102210132
1022101321
0221013211
2210132113
2101321131
1013211313
0132113131
1321131310
3211313102
2113131021
1131310211
1313102111
3131021111
1310211110
3102111101
1021111011
0211110111
2111101113
1111011133
1110111331
1101113313
1011133131
0111331311
1113313113
1133131132
1331311321
3313113211
3131132113
1311321133
3113211331
1132113310
1321133102
3211331021
2113310211
1133102111
1331021110
3310211102
3102111021
1021110211
0211102113
2111021133
1110211333
1102113332
1021133320
0211333201
2113332010
1133320100
1333201001
3332010011
3320100113
3201001131
2010011313
0100113130
1001131303
0011313033
0113130330
1131303301
1313033013
3130330132
1303301322
3033013222
0330132220
3301322201
3013222011
0132220110
1322201102
3222011020
2220110200
2201102001
2011020013
0110200131
1102001310
1020013103
0200131031
2001310312
0013103122
0131031220
1310312202
3103122021
1031220210
0312202102
3122021022
1220210222
2202102223
2021022231
0210222311
2102223113
1022231131
0222311311
2223113110
2231131101
2311311011
3113110110
1131101100
1311011002
3110110023
1101100230
1011002301
0110023011
1100230113
1002301133
0023011333
0230113332
2301133320
3011333200
0113332002
1133320022
1333200222
3332002220
3320022201
3200222011
2002220111
0022201111
0222011111
2220111110
2201111101
2011111013
0111110132
1111101321
1111013210
1110132102
1101321020
1013210202
0132102020
1321020200
3210202001
2102020011
1020200111
0202001113
2020011132
0200111320
2001113202
0011132023
0111320230
1113202301
1132023011
1320230113
3202301130
2023011302
0230113022
2301130221
3011302211
0113022113
1130221132
1302211322
3022113220
0221132203
2211322032
2113220323
1132203232
1322032321
3220323211
2203232110
2032321102
0323211023
3232110230
2321102303
3211023032
2110230320
1102303202
1023032022
0230320223
2303202231
3032022310
0320223101
3202231010
2022310103
0223101032
2231010323
2310103232
3101032321
1010323210
0103232102
1032321020
0323210201
3232102010
2321020103
3210201031
2102010311
1020103113
0201031132
2010311323
0103113231
1031132313
0311323133
3113231331
1132313310
1323133102
3231331020
2313310202
3133102023
1331020232
3310202322
3102023222
1020232222
0202322220
2023222200
0232222002
2322220022
3222200220
2222002200
2220022002
2200220022
2002200221
0022002211
0220022113
2200221130
2002211300
0022113001
0221130013
2211300133
2113001332
1130013323
1300133232
3001332322
0013323223
0133232231
1332322313
3323223131
3232231311
2322313110
3223131103
2231311031
2313110312
3131103121
1311031211
3110312110
1103121102
1031211021
0312110211
3121102110
1211021101
2110211010
1102110100
1021101000
0211010002
2110100021
1101000210
1010002102
0100021022
1000210222
0002102220
0021022202
0210222020
2102220200
1022202002
0222020022
2220200223
2202002231
2020022311
0200223113
2002231131
0022311313
0223113132
2231131322
2311313221
3113132211
1131322110
1313221101
3132211010
1322110103
3221101032
2211010320
2110103201
1101032010
1010320103
0103201031
1032010311
0320103110
3201031102
2010311022
0103110222
1031102221
0311022210
3110222102
1102221021
1022210211
0222102112
2221021122
2210211221
2102112213
1021122130
0211221303
2112213032
1122130321
1221303211
2213032110
2130321102
1303211022
3032110220
0321102200
3211022001
2110220011
1102200113
1022001132
0220011320
2200113201
2001132011
0011320113
0113201130
1132011300
1320113002
3201130022
2011300220
0113002200
1130022001
1300220013
3002200133
0022001333
0220013332
2200133321
2001333213
0013332131
0133321312
1333213120
3332131202
3321312022
3213120221
2131202213
1312022133
3120221331
1202213310
2022133102
0221331023
2213310231
2133102311
1331023113
3310231132
3102311320
1023113202
0231132021
2311320211
3113202110
1132021102
1320211020
3202110200
2021102002
0211020020
2110200202
1102002020
1020020201
0200202010
2002020102
0020201021
0202010210
2020102101
0201021010
2010210101
0102101013
1021010132
0210101323
2101013233
1010132331
0101323310
1013233102
0132331021
1323310211
3233102111
2331021111
3310211110
3102111102
1021111020
0211110202
2111102022
1111020220
1110202203
1102022033
1020220330
0202203301
2022033010
0220330102
2203301020
2033010201
0330102010
3301020101
3010201013
0102010132
1020101321
0201013211
2010132113
0101321132
1013211321
0132113211
1321132111
3211321113
2113211132
1132111320
1321113201
3211132010
2111320102
1113201020
1132010201
1320102013
3201020132
2010201323
0102013230
1020132302
0201323022
2013230222
0132302223
1323022231
3230222311
2302223110
3022231102
0222311023
2223110232
2231102322
2311023222
3110232223
1102322230
1023222303
0232223033
2322230331
3222303311
2223033113
2230331133
2303311330
3033113301
0331133011
3311330113
3113301132
1133011322
1330113221
3301132211
3011322113
0113221132
1132211322
1322113221
3221132213
2211322131
2113221313
1132213131
1322131313
3221313133
2213131332
2131313322
1313133223
3131332233
1313322331
3133223313
1332233132
3322331320
3223313202
2233132022
2331320223
3313202231
3132022313
1320223132
3202231320
2022313202
0223132022
2231320222
2313202220
3132022200
1320222002
3202220021
2022200213
0222002131
2220021312
2200213122
2002131221
0021312211
0213122113
2131221132
1312211322
3122113220
1221132200
2211322002
2113220022
1132200222
1322002223
3220022232
2200222322
2002223220
0022232202
0222322020
2223220201
2232202011
2322020111
3220201111
2202011110
2020111102
0201111022
2011110223
0111102232
1111022320
1110223200
1102232003
1022320030
0223200303
2232003031
2320030311
3200303113
2003031132
0030311322
0303113222
3031132220
0311322201
3113222011
1132220110
1322201102
3222011022
2220110221
2201102211
2011022110
0110221101
1102211011
1022110111
0221101111
2211011112
2110111121
1101111213
1011112130
0111121302
1111213022
1112130220
1121302201
1213022013
2130220132
1302201320
3022013202
0220132022
2201320221
2013202210
0132022101
1320221012
3202210123
2022101232
0221012321
2210123210
2101232103
1012321031
0123210311
1232103111
2321031110
3210311100
2103111002
1031110020
0311100202
3111002022
1110020222
1100202222
1002022222
0020222222
0202222221
2022222210
0222222102
2222221021
2222210210
2222102101
2221021013
2210210131
2102101312
1021013121
0210131210
2101312101
1013121011
0131210111
1312101110
3121011102
1210111021
2101110211
1011102113
0111021132
1110211322
1102113223
1021132231
0211322313
2113223133
1132231333
1322313332
3223133323
2231333230
2313332301
3133323010
1333230102
3332301020
3323010202
3230102023
2301020233
3010202333
0102023330
1020233303
0202333033
2023330333
0233303333
2333033332
3330333323
3303333233
3033332331
0333323313
3333233132
3332331323
3323313233
3233132333
2331323333
3313233333
3132333330
1323333301
3233333013
2333330133
3333301333
3333013333
3330133332
3301333323
3013333233
0133332333
1333323333
3333233333
3332333332
3323333323
3233333233
2333332333
3333323333
3333233333
3332333333
3323333333
3233333330
2333333300
3333333000
3333330000
3333300002
3333000020
3330000203
3300002032
3000020320
0000203200
0002032000
0020320003
0203200030
2032000300
0320003002
3200030022
2000300220
0003002203
0030022030
0300220301
3002203010
0022030102
0220301023
2203010232
2030102322
0301023222
3010232220
0102322202
1023222020
0232220202
2322202023
3222020232
2220202322
2202023222
2020232223
0202322232
2023222323
0232223233
2322232330
3222323303
2223233030
2232330303
2323303032
3233030320
2330303200
3303032000
3030320002
0303200023
3032000231
0320002310
3200023102
2000231022
0002310220
0023102202
0231022022
2310220223
3102202232
1022022321
0220223213
2202232132
2022321323
0223213231
2232132311
2321323111
3213231111
2132311113
1323111133
3231111333
2311113331
3111133313
1111333131
1113331311
1133313110
1333131103
3331311033
3313110333
3131103332
1311033321
3110333210
1103332100
1033321003
0333210032
3332100320
3321003202
3210032020
2100320203
1003202033
0032020333
0320203332
3202033323
2020333230
0203332300
2033323000
0333230000
3332300003
3323000030
3230000300
2300003001
3000030013
0000300132
0003001322
0030013220
0300132201
3001322011
0013220111
0132201111
1322011110
3220111102
2201111021
2011110211
0111102113
1111021130
1110211303
1102113032
1021130323
0211303231
2113032313
1130323132
1303231320
3032313202
0323132020
3231320202
2313202023
3132020232
1320202322
3202023223
2020232231
0202322311
2023223111
0232231112
2322311122
3223111222
2231112221
2311122211
3111222110
1112221100
1122211000
1222110001
2221100011
2211000112
2110001120
1100011200
1000112003
0001120033
0011200332
0112003321
1120033213
1200332131
2003321310
0033213103
0332131031
3321310313
3213103132
2131031320
1310313201
3103132010
1031320101
0313201010
3132010101
1320101010
3201010102
2010101021
0101010213
1010102131
0101021311
1010213113
0102131131
1021311311
0213113113
2131131132
1311311322
3113113220
1131132202
1311322023
3113220232
1132202320
1322023202
3220232023
2202320232
2023202323
0232023232
2320232323
3202323230
2023232302
0232323020
2323230202
3232302020
2323020203
3230202031
2302020313
3020203133
0202031331
2020313311
0203133110
2031331100
0313311000
3133110000
1331100002
3311000023
3110000233
1100002333
1000023332
0000233320
0002333202
0023332020
0233320201
2333202010
3332020102
3320201023
3202010233
2020102333
0201023332
2010233322
0102333221
1023332213
0233322133
2333221333
3332213332
3322133322
3221333222
2213332221
2133322213
1333222133
3332221332
3322213320
3222133202
2221332022
2213320222
2133202220
1332022201
3320222013
3202220132
2022201322
0222013222
2220132220
2201322200
2013222002
0132220023
1322200233
3222002330
2220023302
2200233022
2002330220
0023302203
0233022033
2330220331
3302203311
3022033113
0220331133
2203311331
2033113313
0331133132
3311331320
3113313200
1133132002
1331320020
3313200203
3132002031
1320020311
3200203113
2002031133
0020311333
0203113332
2031133322
0311333221
3113332210
1133322100
1333221001
3332210010
3322100102
3221001022
2210010222
2100102223
1001022231
0010222310
0102223103
1022231030
0222310301
2223103013
2231030131
2310301311
3103013112
1030131123
0301311233
3013112332
0131123322
1311233220
3112332201
1123322010
1233220101
2332201010
3322010101
3220101013
2201010131
2010101310
0101013103
1010131033
0101310331
1013103311
0131033110
1310331100
3103311002
1033110022
0331100221
3311002213
3110022130
1100221301
1002213011
0022130111
0221301111
2213011111
2130111110
1301111102
3011111020
0111110200
1111102003
1111020032
1110200320
1102003200
1020032002
0200320023
2003200231
0032002311
0320023113
3200231132
2002311323
0023113231
0231132311
2311323113
3113231131
1132311311
1323113111
3231131110
2311311102
3113111023
1131110232
1311102322
3111023222
1110232220
1102322202
1023222020
0232220202
2322202022
3222020222
2220202222
2202022220
2020222202
0202222021
2022220213
0222202133
2222021332
2220213323
2202133232
2021332322
0213323220
2133232202
1332322020
3323220202
3232202021
2322020210
3220202102
2202021023
2020210232
0202102323
2021023231
0210232310
2102323103
1023231032
0232310323
2323103232
3231032320
2310323201
3103232013
1032320131
0323201312
3232013123
2320131233
3201312333
2013123333
0131233331
1312333311
3123333113
1233331133
2333311332
3333113321
3331133211
3311332113
3113321133
1133211330
1332113302
3321133020
3211330202
2113302020
1133020202
1330202020
3302020200
3020202000
0202020002
2020200020
0202000200
2020002002
0200020023
2000200230
0002002303
0020023031
0200230313
2002303132
0023031323
0230313231
2303132311
3031323110
0313231102
3132311022
1323110220
3231102200
2311022000
3110220000
1102200001
1022000011
0220000111
2200001111
2000011110
0000111101
0001111011
0011110111
0111101110
1111011101
1110111013
1101110130
1011101302
0111013022
1110130223
1101302232
1013022323
0130223233
1302232330
3022323302
0223233021
2232330211
2323302111
3233021111
2330211110
3302111101
3021111011
0211110111
2111101110
1111011101
1110111013
1101110130
1011101302
0111013022
1110130223
1101302232
1013022323
0130223233
1302232330
3022323300
0223233001
2232330010
2323300102
3233001022
2330010222
3300102221
3001022211
0010222110
0102221102
1022211020
0222110201
2221102013
2211020132
2110201320
1102013201
1020132011
0201320113
2013201132
0132011323
1320113232
3201132323
2011323232
0113232321
1132323211
1323232111
3232321111
2323211111
3232111110
2321111101
3211111010
2111110101
1111101010
1111010102
1110101022
1101010221
1010102213
0101022132
1010221322
0102213220
1022132201
0221322010
2213220103
2132201030
1322010300
3220103000
2201030001
2010300010
0103000101
1030001010
0300010101
3000101012
0001010121
0010101211
0101012110
1010121102
0101211023
1012110233
0121102332
1211023320
2110233201
1102332010
1023320101
0233201010
2332010100
3320101002
3201010021
2010100210
0101002103
1010021033
0100210333
1002103332
0021033323
0210333230
