1213111003
2131110031
1311100310
3111003101
1110031012
1100310122
1003101222
0031012220
0310122202
3101222022
1012220221
0122202212
1222022122
2220221220
2202212202
2022122022
0221220220
2212202202
2122022022
1220220223
2202202232
2022022322
0220223220
2202232202
2022322022
0223220220
2232202202
2322022022
3220220220
2202202202
2022022022
0220220222
2202202221
2022022213
0220222132
2202221321
2022213211
0222132113
2221321133
2213211332
2132113320
1321133202
3211332022
2113320220
1133202200
1332022002
3320220023
3202200230
2022002301
0220023010
2200230100
2002301002
0023010020
0230100200
2301002003
3010020032
0100200320
1002003200
0020032002
0200320023
2003200233
0032002332
0320023323
3200233232
2002332322
0023323220
0233232202
2332322021
3323220213
3232202132
2322021320
3220213202
2202132020
2021320202
0213202023
2132020231
1320202311
3202023111
2020231111
0202311113
2023111132
0231111321
2311113212
3111132123
1111321231
1113212312
1132123123
1321231232
3212312321
2123123211
1231232111
2312321111
3123211112
1232111120
2321111202
3211112020
2111120202
1111202021
1112020211
1120202110
1202021100
2020211002
0202110021
2021100210
0211002102
2110021020
1100210202
1002102021
0021020211
0210202111
2102021111
1020211112
0202111121
2021111212
0211112122
2111121221
1111212210
1112122100
1121221002
1212210021
2122100211
1221002112
2210021121
2100211211
1002112111
0021121112
0211211122
2112111221
1121112211
1211122111
2111221111
1112211113
1122111133
1221111331
2211113312
2111133121
1111331210
1113312102
1133121021
1331210211
3312102111
3121021112
1210211122
2102111223
1021112231
0211122311
2111223110
1112231102
1122311021
1223110211
2231102111
2311021112
3110211120
1102111202
1021112021
0211120211
2111202110
1112021103
1120211032
1202110322
2021103222
0211032222
2110322221
1103222211
1032222112
0322221122
3222211220
2222112202
2221122021
2211220211
2112202112
1122021121
1220211210
2202112102
2021121023
0211210232
2112102320
1121023202
1210232021
2102320210
1023202101
0232021011
2320210110
3202101103
2021011032
0210110322
2101103220
1011032202
0110322021
1103220213
1032202132
0322021322
3220213221
2202132212
2021322122
0213221221
2132212211
1322122113
3221221132
2212211322
2122113223
1221132232
2211322321
2113223211
1132232112
1322321121
3223211213
2232112132
2321121322
3211213222
2112132222
1121322222
1213222221
2132222213
1322222131
3222221311
2222213113
2222131131
2221311311
2213113113
2131131131
1311311312
3113113121
1131131211
1311312111
3113121113
1131211131
1312111311
3121113113
1211131132
2111311321
1113113211
1131132111
1311321113
3113211132
1132111321
1321113212
3211132122
2111321220
1113212202
1132122021
1321220211
3212202112
2122021121
1220211212
2202112122
2021121222
0211212221
2112122210
1121222101
1212221011
2122210111
1222101110
2221011100
2210111002
2101110023
1011100232
0111002323
1110023232
1100232323
1002323230
0023232301
0232323011
2323230112
3232301122
2323011223
3230112230
2301122301
3011223010
0112230102
1122301020
1223010201
2230102010
2301020103
3010201032
0102010320
1020103200
0201032002
2010320021
0103200213
1032002132
0320021321
3200213210
2002132102
0021321021
0213210213
2132102131
1321021311
3210213111
2102131110
1021311102
0213111021
2131110211
1311102110
3111021102
1110211023
1102110231
1021102311
0211023111
2110231112
1102311120
1023111202
0231112020
2311120201
3111202012
1112020121
1120201210
1202012101
2020121011
0201210113
2012101132
0121011322
1210113220
2101132203
1011322030
0113220303
1132203032
1322030321
3220303213
2203032131
2030321311
0303213112
3032131123
0321311231
3213112310
2131123101
1311231011
3112310113
1123101131
1231011313
2310113130
3101131301
1011313011
0113130110
1131301102
1313011022
3130110221
1301102211
3011022113
0110221132
1102211323
1022113231
0221132310
2211323100
2113231002
1132310023
1323100232
3231002322
2310023223
3100232232
1002322321
0023223210
0232232102
2322321022
3223210222
2232102223
2321022230
3210222300
2102223001
1022230011
0222300113
2223001132
2230011322
2300113220
3001132202
0011322021
0113220213
1132202131
1322021310
3220213101
2202131011
2021310113
0213101130
2131011301
1310113011
3101130113
1011301132
0113011321
1130113211
1301132113
3011321132
0113211321
1132113211
1321132110
3211321100
2113211003
1132110032
1321100321
3211003211
2110032110
1100321102
1003211021
0032110211
0321102113
3211021132
2110211323
1102113231
1021132311
0211323113
2113231133
1132311331
1323113311
3231133113
2311331132
3113311321
1133113210
1331132102
3311321022
3113210220
1132102203
1321022030
3210220303
2102203031
1022030311
0220303110
2203031102
2030311022
0303110220
3031102202
0311022022
3110220223
1102202232
1022022321
0220223210
2202232102
2022321022
0223210222
2232102221
2321022213
3210222130
2102221301
1022213012
0222130123
2221301232
2213012321
2130123213
1301232131
3012321310
0123213103
1232131033
2321310332
3213103321
2131033213
1310332131
3103321310
1033213101
0332131010
3321310102
3213101021
2131010211
1310102110
3101021100
1010211002
0102110023
1021100232
0211002320
2110023202
1100232020
1002320201
0023202010
0232020102
2320201022
3202010223
2020102231
0201022311
2010223111
0102231112
1022311121
0223111213
2231112132
2311121321
3111213210
1112132102
1121321020
1213210202
2132102022
1321020221
3210202213
2102022131
1020221311
0202213112
2022131120
0221311200
2213112003
2131120031
1311200312
3112003123
1120031232
1200312321
2003123212
0031232120
0312321202
3123212022
1232120221
2321202210
3212022101
2120221011
1202210111
2022101110
0221011102
2210111021
2101110213
1011102131
0111021313
1110213133
1102131333
1021313332
0213133320
2131333202
1313332022
3133320220
1333202201
3332022010
3320220100
3202201001
2022010013
0220100130
2201001301
2010013012
0100130121
1001301211
0013012111
0130121113
1301211132
3012111322
0121113221
1211132211
2111322112
1113221123
1132211232
1322112321
3221123213
2211232132
2112321322
1123213220
1232132201
2321322010
3213220100
2132201003
1322010032
3220100322
2201003220
2010032202
0100322020
1003220202
0032202021
0322020211
3220202112
2202021121
2020211211
0202112111
2021121112
0211211120
2112111202
1121112022
1211120222
2111202222
1112022222
1120222222
1202222221
2022222212
0222222121
2222221211
2222212113
2222121131
2221211313
2212113132
2121131320
1211313202
2113132022
1131320221
1313202210
3132022102
1320221022
3202210222
2022102222
0221022221
2210222213
2102222132
1022221321
0222213211
2222132111
2221321111
2213211110
2132111102
1321111022
3211110220
2111102202
1111022022
1110220222
1102202221
1022022213
0220222132
2202221321
2022213212
0222132122
2221321222
2213212220
2132122202
1321222021
3212220213
2122202132
1222021321
2220213210
2202132102
2021321021
0213210213
2132102133
1321021331
3210213312
2102133120
1021331200
0213312002
2133120021
1331200211
3312002113
3120021131
1200211310
2002113101
0021131010
0211310102
2113101020
1131010202
1310102020
3101020203
1010202031
0102020311
1020203113
0202031132
2020311320
0203113200
2031132002
0311320022
3113200222
1132002220
1320022202
3200222022
2002220222
0022202222
0222022223
2220222231
2202222313
2022223133
0222231332
2222313320
2223133203
2231332033
2313320331
3133203310
1332033102
3320331021
3203310212
2033102122
0331021220
3310212200
3102122001
1021220011
0212200111
2122001110
1220011101
2200111010
2001110102
0011101021
0111010213
1110102131
1101021313
1010213132
0102131321
1021313211
0213132110
2131321101
1313211011
3132110110
1321101102
3211011022
2110110220
1101102201
1011022010
0110220101
1102201012
1022010120
0220101203
2201012033
2010120333
0101203333
1012033332
0120333323
1203333232
2033332322
0333323220
3333232200
3332322002
3323220022
3232200220
2322002201
3220022010
2200220103
2002201031
0022010313
0220103133
2201031331
2010313311
0103133110
1031331101
0313311010
3133110100
1331101002
3311010020
3110100200
1101002001
1010020010
0100200100
1002001001
0020010011
0200100110
2001001102
0010011021
0100110213
1001102133
0011021332
0110213321
1102133212
1021332121
0213321213
2133212131
1332121310
3321213103
3212131032
2121310321
1213103213
2131032132
1310321320
3103213203
1032132030
0321320302
3213203020
2132030201
1320302010
3203020101
2030201011
0302010110
3020101100
0201011001
2010110011
0101100112
1011001121
0110011213
1100112131
1001121313
0011213131
0112131312
1121313122
1213131222
2131312221
1313122211
3131222113
1312221132
3122211321
1222113211
2221132111
2211321110
2113211101
1132111011
1321110111
3211101113
2111011132
1110111323
1101113233
1011132331
0111323313
1113233131
1132331311
1323313110
3233131102
2331311021
3313110213
3131102133
1311021332
3110213323
1102133230
1021332300
0213323000
2133230002
1332300020
3323000201
3230002011
2300020111
3000201111
0002011111
0020111110
0201111101
2011111013
0111110132
1111101321
1111013213
1110132132
1101321322
1013213222
0132132222
1321322220
3213222202
2132222021
1322220210
3222202100
2222021002
2220210023
2202100233
2021002331
0210023311
2100233112
1002331122
0023311222
0233112222
2331122220
3311222201
3112222013
1122220132
1222201323
2222013231
2220132310
2201323102
2013231020
0132310202
1323102021
3231020213
2310202133
3102021332
1020213320
0202133201
2021332012
0213320121
2133201212
1332012120
3320121200
3201212001
2012120012
0121200122
1212001223
2120012231
1200122313
2001223132
0012231323
0122313232
1223132321
2231323211
2313232112
3132321122
1323211220
3232112202
2321122022
3211220221
2112202213
1122022132
1220221323
2202213232
2022132321
0221323211
2213232111
2132321112
1323211121
3232111213
2321112132
3211121321
2111213210
1112132100
1121321002
1213210022
2132100222
1321002221
3210022211
2100222111
1002221112
0022211120
0222111200
2221112002
2211120021
2111200211
1112002111
1120021110
1200211101
2002111013
0021110132
0211101320
2111013201
1110132013
1101320132
1013201321
0132013213
1320132132
3201321321
2013213211
0132132110
1321321101
3213211012
2132110120
1321101202
3211012021
2110120210
1101202102
1012021023
0120210232
1202102323
2021023232
0210232321
2102323210
1023232102
0232321021
2323210212
3232102122
2321021222
3210212223
2102122233
1021222332
0212223321
2122233210
1222332101
2223321010
2233210102
2332101022
3321010221
3210102211
2101022111
1010221111
0102211110
1022111100
0221111002
2211110021
2111100210
1111002101
1110021013
1100210131
1002101312
0021013122
0210131220
2101312201
1013122013
0131220132
1312201321
3122013211
1220132113
2201321132
2013211322
0132113221
1321132211
3211322113
2113221132
1132211321
1322113211
3221132113
2211321133
2113211331
1132113310
1321133101
3211331013
2113310133
1133101331
1331013310
3310133100
3101331001
1013310011
0133100110
1331001101
3310011010
3100110102
1001101023
0011010232
0110102322
1101023221
1010232210
0102322103
1023221031
0232210313
2322103132
3221031323
2210313232
2103132320
1031323202
0313232021
3132320213
1323202132
3232021321
2320213210
3202132101
2021321013
0213210132
2132101321
1321013211
3210132111
2101321110
1013211102
0132111021
1321110211
3211102111
2111021113
1110211132
1102111322
1021113223
0211132231
2111322310
1113223101
1132231011
1322310113
3223101130
2231011301
2310113010
3101130100
1011301001
0113010010
1130100101
1301001012
3010010122
0100101220
1001012201
0010122010
0101220101
1012201011
0122010113
1220101133
2201011331
2010113312
0101133120
1011331200
0113312003
1133120031
1331200311
3312003110
3120031103
1200311032
2003110321
0031103211
0311032111
3110321110
1103211100
1032111001
0321110011
3211100111
2111001111
1110011112
1100111120
1001111202
0011112022
0111120222
1111202221
1112022211
1120222112
1202221120
2022211203
0222112030
2221120301
2211203010
2112030101
1120301011
1203010113
2030101133
0301011331
3010113312
0101133122
1011331222
0113312222
1133122221
1331222211
3312222110
3122221102
1222211021
2222110213
2221102132
2211021323
2110213232
1102132323
1021323232
0213232320
2132323201
1323232011
3232320112
2323201121
3232011211
2320112113
3201121132
2011211323
0112113231
1121132311
1211323110
2113231103
1132311030
1323110301
3231103010
2311030100
3110301001
1103010013
1030100130
0301001301
3010013011
0100130113
1001301130
0013011303
0130113031
1301130313
3011303130
0113031301
1130313012
1303130122
3031301220
0313012201
3130122012
1301220123
3012201232
0122012322
1220123222
2201232221
2012322213
0123222131
1232221311
2322213113
3222131132
2221311321
2213113210
2131132101
1311321011
3113210111
1132101113
1321011132
3210111322
2101113223
1011132231
0111322313
1113223132
1132231323
1322313231
3223132311
2231323111
2313231111
3132311113
1323111132
3231111320
2311113200
3111132001
1111320010
1113200100
1132001001
1320010011
3200100110
2001001100
0010011002
0100110020
1001100202
0011002022
0110020223
1100202232
1002022320
0020223201
0202232012
2022320122
0223201221
2232012213
2320122132
3201221320
2012213202
0122132022
1221320220
2213202201
2132022012
1320220122
3202201220
2022012200
0220122001
2201220010
2012200101
0122001010
1220010102
2200101021
2001010212
0010102122
0101021223
1010212232
0102122323
1021223232
0212232320
2122323202
1223232020
2232320200
2323202000
3232020003
2320200032
3202000321
2020003210
0200032102
2000321021
0003210210
0032102100
0321021002
3210210021
2102100211
1021002111
0210021113
2100211132
1002111323
0021113232
0211132321
2111323211
1113232111
1132321112
1323211120
3232111202
2321112023
3211120232
2111202323
1112023232
1120232321
1202323213
2023232130
0232321301
2323213012
3232130122
2321301221
3213012211
2130122113
1301221132
3012211322
0122113222
1221132221
2211322210
2113222103
1132221032
1322210322
3222103220
2221032202
2210322021
2103220210
1032202101
0322021011
3220210113
2202101132
2021011321
0210113212
2101132122
1011321222
0113212220
1132122202
1321222022
3212220223
2122202232
1222022320
2220223202
2202232022
2022320222
0223202221
2232022212
2320222122
3202221223
2022212231
0222122310
2221223101
2212231011
2122310110
1223101102
2231011021
2310110212
3101102121
1011021211
0110212110
1102121100
1021211001
0212110010
2121100103
1211001031
2110010311
1100103110
1001031100
0010311002
0103110020
1031100202
0311002023
3110020233
1100202333
1002023332
0020233321
0202333211
2023332112
0233321122
2333211221
3332112213
3321122132
3211221321
2112213210
1122132100
1221321002
2213210020
2132100200
1321002002
3210020022
2100200223
1002002231
0020022313
0200223133
2002231333
0022313332
0223133322
2231333222
2313332220
3133322202
1333222021
3332220211
3322202113
3222021132
2220211322
2202113221
2021132212
0211322123
2113221233
1132212333
1322123331
3221233313
2212333132
2123331321
1233313211
2333132110
3331321102
3313211020
3132110202
1321102020
3211020202
2110202021
1102020213
1020202133
0202021333
2020213332
0202133320
2021333202
0213332022
2133320222
1333202220
3332022202
3320222020
3202220201
2022202011
0222020111
2220201110
2202011102
2020111022
0201110221
2011102213
0111022131
1110221311
1102213110
1022131100
0221311001
2213110010
2131100101
1311001013
3110010132
1100101321
1001013211
0010132111
0101321111
1013211111
0132111111
1321111113
3211111131
2111111311
1111113110
1111131102
1111311021
1113110211
1131102113
1311021132
3110211320
1102113202
1021132021
0211320210
2113202102
1132021021
1320210213
3202102131
2021021310
0210213102
2102131020
1021310202
0213102023
2131020232
1310202323
3102023233
1020232333
0202323332
2023233320
0232333202
2323332022
3233320221
2333202213
3332022131
3320221313
3202213132
2022131322
0221313220
2213132202
2131322022
1313220220
3132202202
1322022020
3220220203
2202202031
2022020310
0220203101
2202031010
2020310102
0203101022
2031010223
0310102233
3101022330
1010223301
0102233011
1022330113
0223301132
2233011323
2330113230
3301132303
3011323030
0113230303
1132303031
1323030313
3230303131
2303031310
3030313102
0303131021
3031310212
0313102123
3131021232
1310212322
3102123221
1021232211
0212322110
2123221102
1232211020
2322110201
3221102010
2211020102
2110201021
1102010211
1020102113
0201021132
2010211321
0102113211
1021132113
0211321130
2113211300
1132113001
1321130011
3211300113
2113001131
1130011310
1300113102
3001131023
0011310232
0113102323
1131023231
1310232313
3102323133
1023231331
0232313311
2323133110
3231331102
2313311020
3133110200
1331102001
3311020011
3110200113
1102001132
1020011321
0200113212
2001132120
0011321202
0113212023
1132120231
1321202310
3212023103
2120231031
1202310311
2023103112
0231031122
2310311222
3103112222
1031122220
0311222201
3112222012
1122220120
1222201202
2222012023
2220120233
2201202331
2012023313
0120233132
1202331321
2023313210
0233132103
2331321032
3313210320
3132103201
1321032012
3210320122
2103201221
1032012212
0320122121
3201221211
2012212113
0122121130
1221211301
2212113013
2121130131
1211301312
2113013121
1130131213
1301312132
3013121320
0131213201
1312132011
3121320111
1213201113
2132011132
1320111321
3201113210
2011132100
0111321002
1113210022
1132100222
1321002221
3210022213
2100222132
1002221322
0022213222
0222132221
2221322210
2213222103
2132221031
1322210310
3222103102
2221031021
2210310213
2103102132
1031021322
0310213221
3102132213
1021322132
0213221322
2132213222
1322132222
3221322221
2213222213
2132222132
1322221321
3222213212
2222132121
2221321213
2213212131
2132121310
1321213101
3212131013
2121310132
1213101321
2131013212
1310132122
3101321222
1013212220
0132122200
1321222001
3212220013
2122200132
1222001322
2220013222
2200132221
2001322210
0013222102
0132221023
1322210232
3222102322
2221023222
2210232221
2102322213
1023222132
0232221322
2322213221
3222132211
2221322111
2213221113
2132211131
1322111310
3221113103
2211131031
2111310311
1113103110
1131031101
1310311011
3103110110
1031101101
0311011010
3110110100
1101101001
1011010012
0110100121
1101001211
1010012111
0100121112
1001211121
0012111211
0121112113
1211121131
2111211313
1112113132
1121131321
1211313213
2113132133
1131321331
1313213310
3132133103
1321331030
3213310301
2133103010
1331030101
3310301010
3103010101
1030101012
0301010122
3010101223
0101012232
1010122321
0101223211
1012232111
0122321113
1223211132
2232111322
2321113222
3211132220
2111322201
1113222011
1132220110
1322201102
3222011021
2220110213
2201102131
2011021313
0110213133
1102131331
1021313311
0213133112
2131331122
1313311220
3133112200
1331122001
3311220011
3112200111
1122001111
1220011111
2200111110
2001111101
0011111011
0111110110
1111101102
1111011022
1110110221
1101102211
1011022111
0110221113
1102211132
1022111321
0221113213
2211132132
2111321321
1113213210
1132132101
1321321010
3213210102
2132101023
1321010232
3210102321
2101023211
1010232110
0102321100
1023211001
0232110011
2321100112
3211001122
2110011221
1100112211
1001122112
0011221122
0112211220
1122112202
1221122022
2211220221
2112202211
1122022112
1220221120
2202211202
2022112023
0221120232
2211202321
2112023212
1120232123
1202321232
2023212322
0232123222
2321232221
3212322212
2123222120
1232221202
2322212022
3222120222
2221202221
2212022211
2120222113
1202221132
2022211322
0222113221
2221132211
2211322113
2113221132
1132211321
1322113213
3221132130
2211321301
2113213011
1132130111
1321301112
3213011121
2130111213
1301112132
3011121323
0111213232
1112132321
1121323212
1213232121
2132321211
1323212111
3232121110
2321211103
3212111032
2121110322
1211103222
2111032221
1110322210
1103222101
1032221013
0322210132
3222101321
2221013213
2210132132
2101321322
1013213222
0132132222
1321322223
3213222231
2132222311
1322223112
3222231122
2222311222
2223112222
2231122221
2311222211
3112222111
1122221110
1222211101
2222111011
2221110111
2211101110
2111011102
1110111023
1101110232
1011102321
0111023212
1110232123
1102321231
1023212310
0232123100
2321231001
3212310013
2123100132
1231001321
2310013210
3100132102
1001321021
0013210211
0132102110
1321021100
3210211003
2102110033
1021100331
0211003311
2110033113
1100331133
1003311331
0033113312
0331133122
3311331222
3113312222
1133122221
1331222211
3312222110
3122221102
1222211022
2222110220
2221102202
2211022023
2110220232
1102202321
1022023212
0220232123
2202321232
2023212322
0232123220
2321232202
3212322022
2123220220
1232202200
2322022003
3220220032
2202200321
2022003211
0220032112
2200321120
2003211202
0032112023
0321120230
3211202301
2112023013
1120230132
1202301321
2023013210
0230132102
2301321022
3013210222
0132102222
1321022221
3210222213
2102222130
1022221301
0222213011
2222130111
2221301111
2213011112
2130111122
1301111222
3011112220
0111122200
1111222003
1112220030
1122200303
1222003032
2220030323
2200303232
2003032320
0030323200
0303232002
3032320022
0323200220
3232002201
2320022010
3200220102
2002201022
0022010223
0220102230
2201022301
2010223013
0102230132
1022301323
0223013231
2230132313
2301323132
3013231321
0132313211
1323132112
3231321123
2313211232
3132112323
1321123231
3211232310
2112323101
1123231013
1232310131
2323101311
3231013112
2310131120
3101311202
1013112023
0131120232
1311202323
3112023231
1120232312
1202323122
2023231221
0232312211
2323122111
3231221111
2312211110
3122111102
1221111020
2211110200
2111102001
1111020012
1110200122
1102001221
1020012213
0200122131
2001221310
0012213102
0122131023
1221310232
2213102320
2131023201
1310232011
3102320113
1023201132
0232011321
2320113213
3201132133
2011321333
0113213332
1132133322
1321333222
3213332222
2133322221
1333222212
3332222122
3322221220
3222212202
2222122022
2221220221
2212202213
2122022132
1220221320
2202213201
2022132011
0221320110
2213201102
2132011023
1320110232
3201102323
2011023232
0110232323
1102323232
1023232322
0232323221
2323232211
3232322113
2323221132
3232211323
2322113232
3221132321
2211323211
2113232111
1132321110
1323211101
3232111013
2321110130
3211101301
2111013010
1110130100
1101301002
1013010022
0130100220
1301002201
3010022011
0100220111
1002201113
0022011131
0220111311
2201113111
2011131113
0111311133
1113111331
1131113313
1311133132
3111331321
1113313212
1133132123
1331321232
3313212322
3132123221
1321232213
3212322131
2123221312
1232213121
2322131213
3221312132
2213121321
2131213211
1312132111
3121321111
1213211110
2132111102
1321111023
3211110232
2111102322
1111023223
1110232232
1102322323
1023223232
0232232320
2322323200
3223232000
2232320001
2323200011
3232000111
2320001112
3200011120
2000111201
0001112011
0011120113
0111201131
1112011313
1120113131
1201131311
2011313113
0113131133
1131311331
1313113310
3131133103
1311331032
3113310321
1133103211
1331032111
3310321110
3103211103
1032111033
0321110333
3211103332
2111033322
1110333220
1103332200
1033322002
0333220023
3332200233
3322002331
3220023312
2200233121
2002331210
0023312102
0233121020
2331210203
3312102032
3121020320
1210203202
2102032022
1020320220
0203202202
2032022022
0320220222
3202202221
2022022210
0220222101
2202221012
2022210123
0222101232
2221012321
2210123211
2101232110
1012321102
0123211021
1232110211
2321102112
3211021123
2110211232
1102112323
1021123231
0211232311
2112323111
1123231110
1232311103
2323111031
3231110310
2311103100
3111031001
1110310013
1103100132
1031001321
0310013210
3100132101
1001321011
0013210111
0132101110
1321011101
3210111013
2101110131
1011101311
0111013113
1110131132
1101311323
1013113232
0131132321
1311323212
3113232122
1132321220
1323212201
3232122011
2321220113
3212201130
2122011302
1220113020
2201130201
2011302012
0113020120
1130201202
1302012020
3020120202
0201202022
2012020222
0120202222
1202022221
2020222213
0202222132
2022221321
0222213211
2222132111
2221321113
2213211132
2132111321
1321113211
3211132112
2111321120
1113211202
1132112021
1321120210
3211202102
2112021020
1120210202
1202102020
2021020202
0210202021
2102020211
1020202110
0202021102
2020211021
0202110211
2021102111
0211021111
2110211112
1102111123
1021111232
0211112320
2111123201
1111232010
1112320103
1123201031
1232010311
2320103110
3201031103
2010311031
0103110310
1031103103
0311031033
3110310332
1103103321
1031033213
0310332132
3103321321
1033213213
0332132132
3321321323
3213213232
2132132322
1321323223
3213232232
2132322322
1323223222
3232232221
2322322210
3223222103
2232221033
2322210331
3222103313
2221033132
2210331321
2103313213
1033132132
0331321322
3313213221
3132132213
1321322132
3213221323
2132213232
1322132322
3221323223
2213232231
2132322312
1323223123
3232231232
2322312322
3223123222
2231232222
2312322221
3123222213
1232222132
2322221322
3222213223
2222132231
2221322311
2213223113
2132231131
1322311312
3223113122
2231131221
2311312210
3113122103
1131221031
1312210311
3122103113
1221031130
2210311300
2103113003
1031130031
0311300310
3113003100
1130031002
1300310021
3003100212
0031002120
0310021200
3100212002
1002120022
0021200221
0212002212
2120022122
1200221221
2002212210
0022122102
0221221020
2212210200
2122102002
1221020020
2210200203
2102002031
1020020311
0200203112
2002031122
0020311220
0203112200
2031122002
0311220023
3112200230
1122002301
1220023010
2200230101
2002301012
0023010120
0230101203
2301012032
3010120321
0101203212
1012032122
0120321220
1203212202
2032122022
0321220221
3212202213
2122022132
1220221321
2202213213
2022132132
0221321321
2213213210
2132132102
1321321022
3213210220
2132102200
1321022000
3210220001
2102200011
1022000112
0220001120
2200011202
2000112021
0001120213
0011202132
0112021322
1120213223
1202132232
2021322322
0213223220
2132232202
1322322021
3223220211
2232202112
2322021121
3220211213
2202112132
2021121320
0211213201
2112132012
1121320121
1213201211
2132012113
1320121130
3201211302
2012113021
0121130212
1211302122
2113021220
1130212202
1302122021
3021220212
0212202120
2122021203
1220212032
2202120321
2021203211
0212032111
2120321110
1203211100
2032111001
0321110011
3211100110
2111001102
1110011022
1100110221
1001102213
0011022131
0110221310
1102213102
1022131020
0221310203
2213102032
2131020321
1310203212
3102032122
1020321220
0203212203
2032122031
0321220311
3212203113
2122031132
1220311320
2203113200
2031132000
0311320002
3113200020
1132000202
1320002020
3200020201
2000202010
0002020102
0020201020
0202010202
2020102021
0201020213
2010202132
0102021320
1020213202
0202132022
2021320220
0213202200
2132022002
1320220022
3202200223
2022002232
0220022320
2200223200
2002232002
0022320022
0223200223
2232002232
2320022321
3200223213
2002232133
0022321332
0223213322
2232133220
2321332203
3213322031
2133220311
1332203112
3322031122
3220311220
2203112202
2031122021
0311220213
3112202133
1122021333
1220213333
2202133332
2021333322
0213333221
2133332210
1333322101
3333221010
3332210102
3322101023
3221010231
2210102313
2101023130
1010231301
0102313010
1023130100
0231301002
2313010022
3130100222
1301002221
3010022210
0100222103
1002221031
0022210313
0222103132
2221031322
2210313220
2103132203
1031322031
0313220311
3132203111
1322031113
3220311132
2203111320
2031113203
0311132032
3111320322
1113203222
1132032222
1320322220
3203222200
2032222000
0322220000
3222200003
2222000032
2220000323
2200003232
2000032320
0000323200
0003232000
0032320000
0323200003
3232000031
2320000311
3200003111
2000031110
0000311102
0003111023
0031110232
0311102322
3111023221
1110232211
1102322110
1023221103
0232211031
2322110310
3221103100
2211031000
2110310002
1103100023
1031000232
0310002323
3100023233
1000232332
0002323320
0023233202
0232332022
2323320222
3233202220
2332022200
3320222000
3202220000
2022200001
0222000010
2220000101
2200001010
2000010103
0000101031
0001010313
0010103131
0101031311
1010313111
0103131110
1031311100
0313111000
3131110002
1311100021
3111000211
1110002110
1100021100
1000211001
0002110010
0021100100
0211001000
2110010002
1100100020
1001000200
0010002000
0100020003
1000200031
0002000313
0020003133
0200031332
2000313322
0003133220
0031332203
0313322032
3133220320
1332203200
3322032002
3220320021
2203200212
2032002123
0320021230
3200212303
2002123032
0021230323
0212303232
2123032320
1230323203
2303232032
3032320322
0323203221
3232032213
2320322132
3203221322
2032213221
0322132212
3221322123
2213221232
2132212322
1322123222
3221232221
2212322213
2123222131
1232221311
2322213111
3222131111
2221311110
2213111103
2131111030
1311110303
3111103032
1111030323
1110303232
1103032323
1030323231
0303232311
3032323111
0323231112
3232311121
2323111211
3231112113
2311121133
3111211331
1112113313
1121133132
1211331322
2113313222
1133132221
1331322210
3313222103
3132221031
1322210313
3222103132
2221031321
2210313211
2103132113
1031321132
0313211320
3132113201
1321132010
3211320103
2113201031
1132010311
1320103110
3201031101
2010311012
0103110122
1031101223
0311012232
3110122321
1101223210
1012232102
0122321021
1223210213
2232102132
2321021322
3210213223
2102132230
1021322300
0213223001
2132230010
1322300101
3223001010
2230010102
2300101021
3001010213
0010102131
0101021310
1010213103
0102131032
1021310321
0213103211
2131032111
1310321113
3103211130
1032111301
0321113012
3211130122
2111301221
1113012213
1130122132
1301221321
3012213211
0122132113
1221321131
2213211313
2132113133
1321131330
3211313302
2113133020
1131330201
1313302011
3133020110
1330201103
3302011032
3020110323
0201103231
2011032311
0110323112
1103231120
1032311202
0323112020
3231120202
2311202021
3112020210
1120202101
1202021011
2020210112
0202101121
2021011212
0210112122
2101121222
1011212221
0112122212
1121222121
1212221211
2122212113
1222121130
2221211302
2212113022
2121130221
1211302213
2113022131
1130221311
1302213111
3022131110
0221311102
2213111022
2131110220
1311102201
3111022011
1110220113
1102201132
1022011321
0220113213
2201132132
2011321320
0113213200
1132132001
1321320013
3213200132
2132001322
1320013223
3200132232
2001322323
0013223232
0132232323
1322323232
3223232321
2232323210
2323232102
3232321020
2323210203
3232102031
2321020312
3210203121
2102031211
1020312110
0203121100
2031211002
0312110022
3121100222
1211002222
2110022220
1100222203
1002222032
0022220320
0222203202
2222032021
2220320213
2203202130
2032021301
0320213013
3202130133
2021301332
0213013322
2130133220
1301332202
3013322022
0133220220
1332202201
3322022012
3220220123
2202201233
2022012331
0220123312
2201233122
2012331221
0123312213
1233122131
2331221312
3312213123
3122131232
1221312321
2213123210
2131232101
1312321010
3123210102
1232101022
2321010222
3210102220
2101022201
1010222011
0102220113
1022201132
0222011322
2220113221
2201132213
2011322132
0113221321
1132213211
1322132111
3221321112
2213211122
2132111220
1321112200
3211122001
2111220012
1112200123
1122001232
1220012321
2200123213
2001232132
0012321322
0123213223
1232132231
2321322310
3213223100
2132231002
1322310020
3223100202
2231002023
2310020231
3100202311
1002023111
0020231110
0202311100
2023111001
0231110011
2311100110
3111001103
1110011032
1100110323
1001103231
0011032310
0110323100
1103231002
1032310020
0323100203
3231002033
2310020330
3100203301
1002033010
0020330102
0203301020
2033010201
0330102013
3301020133
3010201331
0102013312
1020133122
0201331222
2013312221
0133122213
1331222132
3312221322
3122213221
1222132213
2221322131
2213221312
2132213122
1322131223
3221312233
2213122332
2131223321
1312233213
3122332132
1223321322
2233213220
2332132201
3321322010
3213220103
2132201033
1322010332
3220103320
2201033201
2010332012
0103320120
1033201202
0332012020
3320120201
3201202011
2012020112
0120201120
1202011202
2020112023
0201120230
2011202301
0112023011
1120230110
1202301101
2023011012
0230110121
2301101212
3011012122
0110121220
1101212203
1012122032
0121220322
1212203222
2122032222
1220322222
2203222221
2032222210
0322222100
3222221002
2222210022
2222100223
2221002232
2210022321
2100223211
1002232111
0022321110
0223211103
2232111031
2321110310
3211103100
2111031002
1110310023
1103100232
1031002322
0310023220
3100232203
1002322032
0023220322
0232203221
2322032212
3220322121
2203221213
2032212132
0322121322
3221213220
2212132202
2121322023
1213220231
2132202311
1322023110
3220231103
2202311033
2023110331
0231103313
2311033131
3110331311
1103313112
1033131121
0331311211
3313112112
3131121122
1311211221
3112112212
1121122122
1211221223
2112212233
1122122331
1221223310
2212233101
2122331011
1223310111
2233101110
2331011101
3310111011
3101110110
1011101102
0111011020
1110110202
1101102021
1011020212
0110202120
1102021203
1020212032
0202120323
2021203232
0212032323
2120323232
1203232322
2032323220
0323232202
3232322021
2323220213
3232202130
2322021301
3220213012
2202130122
2021301223
0213012232
2130122323
1301223232
3012232320
0122323201
1223232013
2232320132
2323201323
3232013232
2320132323
3201323232
2013232322
0132323222
1323232220
3232322200
2323222001
3232220013
2322200132
3222001320
2220013203
2200132032
2001320320
0013203201
0132032013
1320320133
3203201333
2032013333
0320133332
3201333322
2013333222
0133332222
1333322221
3333222211
3332222110
3322221100
3222211000
2222110001
2221100011
2211000113
2110001133
1100011330
1000113301
0001133012
0011330120
0113301203
1133012032
1330120322
3301203222
3012032220
0120322203
1203222031
2032220311
0322203111
3222031110
2220311102
2203111021
2031110211
0311102111
3111021112
1110211122
1102111222
1021112220
0211122202
2111222020
1112220203
1122202031
1222020311
2220203111
2202031113
2020311132
0203111320
2031113201
0311132011
3111320113
1113201132
1132011321
1320113213
3201132132
2011321322
0113213220
1132132202
1321322020
3213220200
2132202002
1322020022
3220200222
2202002222
2020022222
0200222220
2002222202
0022222021
0222220212
2222202122
2222021221
2220212213
2202122132
2021221321
0212213211
2122132111
1221321111
2213211110
2132111102
1321111021
3211110211
2111102111
1111021111
1110211111
1102111111
1021111110
0211111103
2111111031
1111110313
1111103132
1111031323
1110313230
1103132301
1031323011
0313230110
3132301103
1323011033
3230110332
2301103320
3011033201
0110332012
1103320123
1033201231
0332012313
3320123130
3201231301
2012313010
0123130103
1231301032
2313010320
3130103203
1301032031
3010320310
0103203103
1032031032
0320310322
3203103223
2031032231
0310322310
3103223100
1032231000
0322310003
3223100032
2231000323
2310003233
3100032332
1000323322
0003233220
0032332203
0323322032
3233220320
2332203203
3322032030
3220320302
2203203020
2032030201
0320302013
3203020131
2030201311
0302013112
3020131120
0201311200
2013112003
0131120032
1311200323
3112003231
1120032312
1200323120
2003231201
0032312011
0323120110
3231201101
2312011012
3120110122
1201101223
2011012233
0110122331
1101223311
1012233112
0122331122
1223311222
2233112220
2331122202
3311222021
3112220213
1122202132
1222021322
2220213223
2202132232
2021322322
0213223221
2132232211
1322322112
3223221120
2232211200
2322112003
3221120033
2211200331
2112003313
1120033131
1200331311
2003313111
0033131112
0331311121
3313111210
3131112103
1311121032
3111210322
1112103221
1121032211
1210322110
2103221102
1032211022
0322110222
3221102220
2211022201
2110222011
1102220111
1022201111
0222011111
2220111110
2201111102
2011111021
0111110212
1111102121
1111021213
1110212133
1102121333
1021213332
0212133323
2121333232
1213332322
2133323223
1333232233
3332322330
3323223303
3232233031
2322330311
3223303110
2233031102
2330311020
3303110200
3031102003
0311020032
3110200320
1102003200
1020032002
0200320020
2003200201
0032002013
0320020133
3200201332
2002013322
0020133222
0201332221
2013322211
0133222111
1332221111
3322211112
3222111121
2221111211
2211112110
2111121102
1111211021
1112110211
1121102111
1211021112
2110211123
1102111233
1021112332
0211123322
2111233220
1112332201
1123322010
1233220102
2332201021
3322010210
3220102101
2201021011
2010210113
0102101133
1021011331
0210113313
2101133130
1011331301
0113313011
1133130112
1331301123
3313011233
3130112331
1301123312
3011233121
0112331213
1123312132
1233121321
2331213213
3312132132
3121321322
1213213220
2132132200
1321322002
3213220020
2132200203
1322002032
3220020320
2200203203
2002032032
0020320320
0203203201
2032032010
0320320103
3203201032
2032010322
0320103222
3201032222
2010322222
0103222220
1032222201
0322222011
3222220113
2222201132
2222011322
2220113223
2201132232
2011322322
0113223220
1132232203
1322322032
3223220321
2232203213
2322032132
3220321320
2203213202
2032132022
0321320220
3213202202
2132022023
1320220230
3202202301
2022023011
0220230113
2202301132
2023011322
0230113223
2301132230
3011322301
0113223011
1132230111
1322301111
3223011110
2230111102
2301111021
3011110210
0111102102
1111021022
1110210222
1102102222
1021022223
0210222233
2102222333
1022223333
0222233333
2222333331
2223333313
2233333132
2333331323
3333313231
3333132311
3331323110
3313231102
3132311020
1323110201
3231102011
2311020111
3110201113
1102011132
1020111321
0201113211
2011132111
0111321111
1113211110
1132111102
1321111022
3211110223
2111102232
1111022321
1110223213
1102232132
1022321322
0223213222
2232132222
2321322222
3213222221
2132222211
1322222111
3222221112
2222211122
2222111221
2221112211
2211122111
2111221110
1112211101
1122111011
1221110110
2211101101
2111011010
1110110102
1101101022
1011010221
0110102210
1101022101
1010221011
0102210112
1022101121
0221011210
2210112102
2101121021
1011210213
0112102131
1121021310
1210213103
2102131031
1021310311
0213103110
2131031101
1310311011
3103110110
1031101102
0311011022
3110110220
1101102202
1011022023
0110220232
1102202322
1022023221
0220232212
2202322122
2023221223
0232212232
2322122322
3221223223
2212232232
2122322320
1223223202
2232232022
2322320223
3223202232
2232022320
2320223201
3202232010
2022320101
0223201013
2232010132
2320101322
3201013222
2010132220
0101322201
1013222013
0132220132
1322201322
3222013220
2220132202
2201322021
2013220211
0132202111
1322021113
3220211131
2202111311
2021113112
0211131120
2111311202
1113112022
1131120220
1311202202
3112022022
1120220220
1202202202
2022022021
0220220211
2202202111
2022021111
0220211111
2202111111
2021111110
0211111100
2111111002
1111110023
1111100231
1111002313
1110023131
1100231311
1002313110
0023131101
0231311013
2313110132
3131101322
1311013221
3110132210
1101322101
1013221011
0132210111
1322101113
3221011131
2210111310
2101113102
1011131020
0111310202
1113102022
1131020222
1310202222
3102022222
1020222221
0202222213
2022222132
0222221322
2222213221
2222132213
2221322131
2213221313
2132213132
1322131320
3221313201
2213132012
2131320123
1313201232
3132012323
1320123233
3201232333
2012323332
0123233320
1232333203
2323332032
3233320322
2333203221
3332032212
3320322120
3203221201
2032212013
0322120133
3221201332
2212013322
2120133222
1201332220
2013322200
0133222003
1332220032
3322200322
3222003222
2220032222
2200322222
2003222221
0032222210
0322222102
3222221021
2222210211
2222102110
2221021100
2210211002
2102110022
1021100222
0211002222
2110022221
1100222213
1002222132
0022221321
0222213210
2222132101
2221321010
2213210102
2132101021
1321010211
3210102113
2101021131
1010211311
0102113111
1021131112
0211311121
2113111211
1131112110
1311121101
3111211010
1112110102
1121101022
1211010220
2110102201
1101022011
1010220111
0102201111
1022011110
0220111102
2201111023
2011110231
0111102311
1111023113
1110231131
1102311313
1023113130
0231131301
2311313010
3113130102
1131301021
1313010212
3130102122
1301021223
3010212230
0102122301
1021223010
0212230102
2122301021
1223010212
2230102120
2301021202
3010212022
0102120220
1021202201
0212022011
2120220111
1202201113
2022011130
0220111301
2201113010
2011130102
0111301023
1113010230
1130102301
1301023011
3010230111
0102301111
1023011113
0230111132
2301111321
3011113211
0111132111
1111321111
1113211111
1132111113
1321111132
3211111320
2111113202
1111132020
1111320201
1113202013
1132020132
1320201320
3202013203
2020132032
0201320322
2013203221
0132032213
1320322130
3203221301
2032213012
0322130123
3221301233
2213012332
2130123321
1301233211
3012332111
0123321111
1233211111
2332111111
3321111113
3211111132
2111111320
1111113201
1111132011
1111320113
1113201132
1132011321
1320113210
3201132102
2011321021
0113210211
1132102111
1321021111
3210211111
2102111110
1021111102
0211111021
2111110211
1111102113
1111021132
1110211320
1102113200
1021132003
0211320030
2113200303
1132003032
1320030323
3200303232
2003032320
0030323200
0303232003
3032320031
0323200310
3232003102
2320031021
3200310211
2003102110
0031021102
0310211020
3102110202
1021102022
0211020223
2110202233
1102022333
1020223332
0202233322
2022333221
0223332211
2233322112
2333221121
3332211210
3322112102
3221121021
2211210211
2112102111
1121021111
1210211111
2102111111
1021111113
0211111131
2111111312
1111113121
1111131211
1111312111
1113121111
1131211113
1312111130
3121111302
1211113020
2111130200
1111302002
1113020022
1130200221
1302002211
3020022111
0200221113
2002211131
0022111313
0221113132
2211131321
2111313211
1113132113
1131321131
1313211311
3132113113
1321131133
3211311331
2113113313
1131133131
1311331312
3113313120
1133131201
1331312011
3313120113
3131201132
1312011321
3120113211
1201132112
2011321122
0113211223
1132112232
1321122321
3211223211
2112232110
1122321101
1223211013
2232110131
2321101313
3211013132
2110131322
1101313220
1013132200
0131322000
1313220002
3132200022
1322000221
3220002211
2200022111
2000221110
0002211100
0022111002
0221110020
2211100201
2111002013
1110020133
1100201333
1002013332
0020133323
0201333231
2013332311
0133323111
1333231111
3332311111
3323111110
3231111100
2311111002
3111110020
1111100201
1111002013
1110020131
1100201313
1002013131
0020131313
0201313131
2013131311
0131313111
1313131111
3131311113
1313111132
3131111322
1311113221
3111132210
1111322100
1113221002
1132210020
1322100200
3221002003
2210020032
2100200322
1002003222
0020032222
0200322223
2003222233
0032222332
0322223323
3222233233
2222332330
2223323300
2233233000
2332330002
3323300020
3233000201
2330002012
3300020123
3000201233
0002012333
0020123333
0201233333
2012333332
0123333321
1233333211
2333332113
3333321133
3333211333
3332113332
3321133322
3211333222
2113332220
1133322202
1333222023
3332220232
3322202321
3222023213
2220232132
2202321323
2023213232
0232132322
2321323220
3213232202
2132322020
1323220200
3232202001
2322020011
3220200111
2202001113
2020011132
0200111320
2001113202
0011132023
0111320230
1113202301
1132023013
1320230133
3202301332
2023013322
0230133221
2301332210
3013322101
0133221011
1332210111
3322101111
3221011112
2210111122
2101111222
1011112222
0111122221
1111222210
1112222102
1122221022
1222210222
2222102221
2221022213
2210222131
2102221311
1022213111
0222131111
2221311111
2213111113
2131111131
1311111310
3111113102
1111131021
1111310211
1113102111
1131021111
1310211110
3102111101
1021111011
0211110111
2111101113
1111011131
1110111311
1101113113
1011131131
0111311311
1113113110
1131131102
1311311021
3113110211
1131102113
1311021133
3110211331
1102113310
1021133102
0211331021
2113310211
1133102111
1331021110
3310211102
3102111021
1021110210
0211102103
2111021033
1110210333
1102103332
1021033320
0210333201
2103332010
1033320100
0333201001
3332010011
3320100113
3201001131
2010011313
0100113130
1001131303
0011313033
0113130330
1131303301
1313033013
3130330132
1303301322
3033013222
0330132220
3301322201
3013222011
0132220110
1322201102
3222011022
2220110220
2201102201
2011022011
0110220111
1102201110
1022011103
0220111031
2201110310
2011103102
0111031020
1110310202
1103102021
1031020212
0310202122
3102021222
1020212222
0202122221
2021222213
0212222131
2122221313
1222213131
2222131311
2221313110
2213131101
2131311011
1313110111
3131101110
1311011102
3110111021
1101110210
1011102101
0111021011
1110210113
1102101133
1021011333
0210113332
2101133320
1011333200
0113332002
1133320022
1333200222
3332002220
3320022201
3200222011
2002220111
0022201111
0222011113
2220111130
2201111301
2011113010
0111130102
1111301021
1113010210
1130102102
1301021020
3010210200
0102102000
1021020000
0210200001
2102000011
1020000111
0200001113
2000011132
0000111320
0001113202
0011132023
0111320230
1113202301
1132023011
1320230113
3202301132
2023011322
0230113222
2301132221
3011322211
0113222113
1132221132
1322211322
3222113220
2221132201
2211322012
2113220123
1132201232
1322012321
3220123211
2201232110
2012321102
0123211023
1232110232
2321102323
3211023232
2110232320
1102323202
1023232021
0232320211
2323202113
3232021133
2320211333
3202113333
2021133332
0211333322
2113333221
1133332211
1333322111
3333221110
3332211100
3322111002
3221110023
2211100231
2111002313
1110023132
1100231321
1002313211
0023132112
0231321120
2313211202
3132112022
1321120221
3211202211
2112022111
1120221111
1202211112
2022111121
0221111213
2211112132
2111121320
1111213200
1112132001
1121320011
1213200111
2132001113
1320011131
3200111310
2001113102
0011131022
0111310222
1113102220
1131022202
1310222023
3102220230
1022202302
0222023022
2220230222
2202302220
2023022200
0230222002
2302220022
3022200221
0222002211
2220022113
2200221132
2002211320
0022113201
0221132013
2211320133
2113201331
1132013313
1320133132
3201331322
2013313221
0133132211
1331322113
3313221132
3132211320
1322113202
3221132023
2211320231
2113202312
1132023122
1320231222
3202312220
2023122203
0231222032
2312220320
3122203202
1222032022
2220320221
2203202210
2032022102
0320221022
3202210220
2022102200
0221022000
2210220003
2102200032
1022000322
0220003222
2200032221
2000322211
0003222111
0032221113
0322211133
3222111332
2221113322
2211133221
2111332211
1113322111
1133221110
1332211101
3322111010
3221110103
2211101031
2111010310
1110103100
1101031002
1010310022
0103100222
1031002222
0310022220
3100222203
1002222031
0022220311
0222203113
2222031132
2220311321
2203113211
2031132110
0311321103
3113211030
1132110301
1321103011
3211030110
2110301102
1103011022
1030110220
0301102200
3011022001
0110220011
1102200113
1022001133
0220011331
2200113311
2001133113
0011331133
0113311331
1133113311
1331133113
3311331131
3113311311
1133113113
1331131131
3311311310
3113113100
1131131000
1311310003
3113100031
1131000311
1310003111
3100031110
1000311102
0003111022
0031110223
0311102232
3111022322
1110223221
1102232213
1022322132
0223221320
2232213202
2322132020
3221320202
2213202022
2132020222
1320202222
3202022221
2020222211
0202222111
2022221110
0222211102
2222111021
2221110211
2211102113
2111021132
1110211322
1102113221
1021132213
0211322132
2113221322
1132213221
1322132213
3221322133
2213221330
2132213302
1322133020
3221330202
2213302022
2133020222
1330202221
3302022210
3020222102
0202221021
2022210210
0222102101
2221021013
2210210132
2102101322
1021013222
0210132222
2101322220
1013222202
0132222023
1322220231
3222202313
2222023133
2220231332
2202313320
2023133201
0231332011
2313320110
3133201103
1332011031
3320110313
3201103133
2011031333
0110313332
1103133322
1031333220
0313332202
3133322023
1333220230
3332202301
3322023013
3220230132
2202301321
2023013211
0230132111
2301321111
3013211110
0132111102
1321111021
3211110211
2111102110
1111021100
1110211001
1102110013
1021100131
0211001313
2110013133
1100131332
1001313322
0013133222
0131332223
1313322231
3133222311
1332223111
3322231110
3222311103
2223111032
2231110322
2311103220
3111032203
1110322032
1103220321
1032203211
0322032110
3220321101
2203211010
2032110102
0321101021
3211010211
2110102110
1101021102
1010211023
0102110231
1021102311
0211023111
2110231113
1102311131
1023111310
0231113103
2311131031
3111310310
1113103101
1131031010
1310310102
3103101022
1031010222
0310102220
3101022202
1010222021
0102220210
1022202102
0222021021
2220210213
2202102131
2021021310
0210213102
2102131021
1021310211
0213102113
2131021132
1310211322
3102113221
1021132213
0211322131
2113221313
1132213131
1322131313
3221313133
2213131330
2131313303
1313133033
3131330331
1313303313
3133033130
1330331302
3303313020
3033130203
0331302031
3313020313
3130203133
1302031332
3020313320
0203133201
2031332013
0313320131
3133201313
1332013132
3320131320
3201313200
2013132002
0131320022
1313200220
3132002201
1320022012
3200220123
2002201230
0022012302
0220123022
2201230222
2012302220
0123022200
1230222002
2302220021
3022200213
0222002132
2220021322
2200213222
2002132221
0021322211
0213222113
2132221130
1322211302
3222113020
2221130200
2211302002
2113020022
1130200222
1302002222
3020022221
0200222212
2002222122
0022221220
0222212202
2222122022
2221220221
2212202213
2122022132
1220221321
2202213210
2022132100
0221321002
2213210022
2132100222
1321002220
3210022202
2100222023
1002220232
0022202323
0222023231
2220232313
2202323133
2023231330
0232313302
2323133022
3231330220
2313302200
3133022001
1330220010
3302200100
3022001002
0220010020
2200100202
2001002021
0010020210
0100202100
1002021001
0020210011
0202100111
2021001111
0210011113
2100111133
1001111331
0011113310
0111133102
1111331020
1113310202
1133102020
1331020201
3310202013
3102020132
1020201323
0202013231
2020132311
0201323111
2013231113
0132311132
1323111320
3231113202
2311132020
3111320203
1113202031
1132020311
1320203110
3202031102
2020311021
0203110213
2031102131
0311021313
3110213132
1102131321
1021313210
0213132101
2131321011
1313210111
3132101110
1321011102
3210111020
2101110200
1011102002
0111020020
1110200200
1102002002
1020020022
0200200222
2002002220
0020022202
0200222021
2002220210
0022202102
0222021021
2220210210
2202102100
2021021000
0210210002
2102100021
1021000213
0210002132
2100021321
1000213211
0002132111
0021321110
0213211102
2132111020
1321110203
3211102031
2111020311
1110203110
1102031102
1020311023
0203110233
2031102331
0311023313
3110233133
1102331332
1023313323
0233133230
2331332301
3313323010
3133230102
1332301020
3323010202
3230102023
2301020232
3010202321
0102023213
1020232133
0202321333
2023213333
0232133331
2321333313
3213333133
2133331332
1333313323
3333133233
3331332333
3313323333
3133233332
1332333323
3323333233
3233332333
2333323333
3333233333
3332333330
3323333301
3233333013
2333330133
3333301333
3333013333
3330133333
3301333333
3013333333
0133333333
1333333333
3333333333
3333333330
3333333300
3333333002
3333330020
3333300203
3333002032
3330020320
3300203200
3002032000
0020320003
0203200030
2032000300
0320003002
3200030022
2000300220
0003002201
0030022013
0300220131
3002201312
0022013122
0220131222
2201312222
2013122220
0131222202
1312222020
3122220202
1222202021
2222020212
2220202122
2202021222
2020212223
0202122230
2021222303
0212223033
2122230332
1222303323
2223033232
2230332322
2303323220
3033232202
0332322020
3323220202
3232202022
2322020222
3220202222
2202022223
2020222232
0202222322
2022223222
0222232220
2222322201
2223222011
2232220111
2322201113
3222011132
2220111322
2201113222
2011132222
0111322223
1113222233
1132222332
1322223322
3222233222
2222332222
2223322222
2233222220
2332222200
3322222002
3222220022
2222200222
2222002223
2220022232
2200222323
2002223231
0022232311
0222323113
2223231133
2232311333
2323113331
3231133313
2311333131
3113331311
1133313110
1333131101
3331311010
3313110101
3131101011
1311010111
3110101110
1101011101
1010111013
0101110133
1011101333
0111013331
1110133313
1101333131
1013331311
0133313110
1333131103
3331311033
3313110333
3131103332
1311033321
3110333210
1103332100
1033321000
0333210003
3332100030
3321000303
3210003030
2100030303
1000303033
0003030333
0030303333
0303033332
3030333322
0303333220
3033332200
0333322000
3333220000
3332200001
3322000010
3220000102
2200001021
2000010213
0000102132
0001021322
0010213222
0102132221
1021322210
0213222101
2132221011
1322210110
3222101102
2221011021
2210110211
2101102113
1011021130
0110211303
1102113032
1021130323
0211303231
2113032313
1130323132
1303231322
3032313222
0323132222
3231322223
2313222232
3132222322
1322223221
3222232213
2222322131
2223221313
2232213132
2322131323
3221313232
2213132321
2131323211
1313232110
3132321100
1323211001
3232110011
2321100111
3211001110
2110011101
1100111010
1001110101
0011101013
0111010132
1110101321
1101013213
1010132131
0101321310
1013213101
0132131011
1321310113
3213101130
2131011300
1310113001
3101130013
1011300133
0113001330
1130013301
1300133010
3001330101
0013301013
0133010131
1330101310
3301013100
3010131002
0101310023
1013100231
0131002310
1310023103
3100231031
1002310313
0023103133
0231031333
2310313333
3103133331
1031333311
0313333113
3133331132
1333311322
3333113220
3331132202
3311322022
3113220220
1132202200
1322022002
3220220023
2202200232
2022002322
0220023221
2200232213
2002322130
0023221302
0232213022
2322130220
3221302200
2213022003
2130220031
1302200310
3022003100
0220031002
2200310020
2003100200
0031002000
0310020002
3100200021
1002000213
0020002133
0200021332
2000213320
0002133200
0021332003
0213320032
2133200320
1332003202
3320032022
3200320220
2003202202
0032022023
0320220231
3202202313
2022023130
0220231303
2202313031
2023130311
0231303113
2313031133
3130311331
1303113313
3031133132
0311331323
3113313233
1133132333
1331323331
3313233311
3132333113
1323331132
3233311322
2333113221
3331132213
3311322133
3113221333
1132213333
1322133332
3221333322
2213333222
2133332223
1333322232
3333222322
3332223222
