0212211210
2122112101
1221121013
2211210133
2112101331
1121013313
1210133132
2101331320
1013313201
0133132013
1331320131
3313201311
3132013111
1320131112
3201311122
2013111221
0131112212
1311122122
3111221223
1112212231
1122122312
1221223121
2212231212
2122312122
1223121223
2231212232
2312122321
3121223212
1212232122
2122321220
1223212200
2232122002
2321220022
3212200223
2122002231
1220022312
2200223121
2002231212
0022312122
0223121222
2231212222
2312122221
3121222210
1212222101
2122221011
1222210111
2222101112
2221011122
2210111222
2101112221
1011122212
0111222121
1112221211
1122212110
1222121101
2221211011
2212110112
2121101122
1211011223
2110112231
1101122312
1011223121
0112231211
1122312111
1223121113
2231211131
2312111312
3121113122
1211131222
2111312223
1113122231
1131222311
1312223110
3122231101
1222311011
2223110110
2231101101
2311011011
3110110113
1101101132
1011011320
0110113200
1101132002
1011320021
0113200211
1132002113
1320021133
3200211332
2002113322
0021133222
0211332222
2113322221
1133222213
1332222132
3322221321
3222213211
2222132113
2221321132
2213211322
2132113221
1321132210
3211322101
2113221011
1132210112
1322101122
3221011222
2210112222
2101122220
1011222202
0112222022
1122220220
1222202203
2222022032
2220220322
2202203220
2022032201
0220322010
2203220102
2032201021
0322010211
3220102112
2201021122
2010211221
0102112213
1021122132
0211221320
2112213203
1122132031
1221320313
2213203132
2132031321
1320313210
3203132101
2031321012
0313210121
3132101213
1321012132
3210121323
2101213232
1012132320
0121323201
1213232013
2132320133
1323201330
3232013302
2320133021
3201330213
2013302132
0133021321
1330213213
3302132132
3021321321
0213213210
2132132102
1321321023
3213210231
2132102312
1321023121
3210231211
2102312112
1023121121
0231211212
2312112122
3121121222
1211212222
2112122220
1121222201
1212222011
2122220110
1222201101
2222011013
2220110133
2201101331
2011013311
0110133112
1101331120
1013311202
0133112021
1331120211
3311202111
3112021112
1120211121
1202111212
2021112120
0211121200
2111212002
1112120023
1121200231
1212002311
2120023112
1200231122
2002311222
0023112220
0231122202
2311222022
3112220221
1122202212
1222022120
2220221202
2202212022
2022120221
0221202212
2212022121
2120221212
1202212121
2022121212
0221212122
2212121222
2121212222
1212122220
2121222202
1212222021
2122220212
1222202120
2222021200
2220212002
2202120022
2021200221
0212002212
2120022121
1200221213
2002212132
0022121321
0221213210
2212132100
2121321000
1213210001
2132100013
1321000133
3210001332
2100013323
1000133231
0001332311
0013323111
0133231112
1332311121
3323111213
3231112131
2311121313
3111213132
1112131321
1121313210
1213132102
2131321021
1313210212
3132102121
1321021212
3210212122
2102121220
1021212202
0212122021
2121220213
1212202132
2122021321
1220213212
2202132122
2021321221
0213212211
2132122111
1321221111
3212211110
2122111102
1221111020
2211110200
2111102001
1111020013
1110200133
1102001331
1020013312
0200133122
2001331221
0013312212
0133122122
1331221221
3312212211
3122122110
1221221102
2212211022
2122110222
1221102222
2211022223
2110222233
1102222331
1022223311
0222233112
2222331121
2223311210
2233112102
2331121020
3311210201
3112102013
1121020133
1210201331
2102013311
1020133113
0201331132
2013311321
0133113212
1331132122
3311321221
3113212211
1132122110
1321221101
3212211012
2122110120
1221101202
2211012023
2110120233
1101202332
1012023321
0120233210
1202332102
2023321022
0233210220
2332102200
3321022002
3210220022
2102200222
1022002222
0220022221
2200222212
2002222121
0022221211
0222212110
2222121102
2221211021
2212110212
2121102122
1211021221
2110212210
1102122101
1021221011
0212210111
2122101111
1221011111
2210111113
2101111133
1011111331
0111113311
1111133113
1111331131
1113311312
1133113122
1331131221
3311312213
3113122131
1131221310
1312213102
3122131023
1221310231
2213102313
2131023131
1310231310
3102313102
1023131020
0231310202
2313102020
3131020202
1310202022
3102020221
1020202212
0202022121
2020221213
0202212131
2022121312
0221213121
2212131210
2121312102
1213121022
2131210220
1312102202
3121022020
1210220202
2102202020
1022020201
0220202011
2202020112
2020201122
0202011222
2020112220
0201122202
2011222021
0112220212
1122202121
1222021210
2220212102
2202121021
2021210212
0212102122
2121021222
1210212221
2102122210
1021222102
0212221021
2122210211
1222102112
2221021121
2210211211
2102112111
1021121111
0211211111
2112111113
1121111131
1211111312
2111113122
1111131220
1111312202
1113122023
1131220231
1312202312
3122023123
1220231232
2202312322
2023123223
0231232233
2312322331
3123223313
1232233133
2322331332
3223313322
2233133221
2331332213
3313322132
3133221321
1332213210
3322132100
3221321000
2213210002
2132100023
1321000233
3210002332
2100023321
1000233212
0002332122
0023321220
0233212202
2332122022
3321220220
3212202203
2122022031
1220220310
2202203102
2022031020
0220310202
2203102022
2031020221
0310202213
3102022132
1020221321
0202213211
2022132111
0221321110
2213211100
2132111001
1321110013
3211100132
2111001321
1110013210
1100132102
1001321020
0013210200
0132102000
1321020002
3210200020
2102000201
1020002011
0200020111
2000201111
0002011110
0020111102
0201111022
2011110220
0111102202
1111022020
1110220202
1102202022
1022020220
0220202201
2202022012
2020220122
0202201223
2022012231
0220122311
2201223111
2012231111
0122311110
1223111100
2231111001
2311110013
3111100132
1111001321
1110013213
1100132130
1001321301
0013213011
0132130113
1321301131
3213011311
2130113111
1301131111
3011311112
0113111121
1131111210
1311112102
3111121021
1111210211
1112102113
1121021133
1210211330
2102113302
1021133023
0211330230
2113302302
1133023023
1330230233
3302302333
3023023331
0230233313
2302333132
3023331323
0233313232
2333132322
3331323223
3313232233
3132322331
1323223311
3232233110
2322331102
3223311020
2233110202
2331102020
3311020202
3110202021
1102020210
1020202102
0202021021
2020210213
0202102130
2021021302
0210213021
2102130212
1021302121
0213021211
2130212110
1302121102
3021211020
0212110201
2121102012
1211020122
2110201222
1102012222
1020122222
0201222221
2012222212
0122222121
1222221212
2222212122
2222121221
2221212211
2212122111
2121221113
1212211132
2122111323
1221113232
2211132321
2111323212
1113232121
1132321212
1323212120
3232121202
2321212022
3212120222
2121202223
1212022233
2120222333
1202223330
2022233302
0222333022
2223330222
2233302223
2333022231
3330222313
3302223131
3022231312
0222313122
2223131221
2231312213
2313122132
3131221321
1312213212
3122132122
1221321220
2213212202
2132122021
1321220213
3212202132
2122021322
1220213222
2202132221
2021322212
0213222121
2132221212
1322212121
3222121213
2221212133
2212121331
2121213310
1212133100
2121331002
1213310022
2133100221
1331002211
3310022112
3100221121
1002211211
0022112113
0221121132
2211211320
2112113201
1121132011
1211320112
2113201121
1132011211
1320112111
3201121111
2011211111
0112111110
1121111102
1211111021
2111110211
1111102113
1111021131
1110211311
1102113110
1021131102
0211311021
2113110211
1131102111
1311021113
3110211132
1102111321
1021113213
0211132131
2111321311
1113213112
1132131121
1321311211
3213112112
2131121121
1311211212
3112112120
1121121201
1211212013
2112120131
1121201311
1212013111
2120131112
1201311122
2013111221
0131112213
1311122132
3111221321
1112213213
1122132131
1221321312
2213213121
2132131210
1321312103
3213121033
2131210333
1312103332
3121033322
1210333220
2103332202
1033322022
0333220220
3332202200
3322022000
3220220000
2202200002
2022000020
0220000202
2200002020
2000020200
0000202000
0002020002
0020200021
0202000211
2020002112
0200021120
2000211202
0002112023
0021120231
0211202310
2112023102
1120231023
1202310232
2023102321
0231023211
2310232111
3102321111
1023211110
0232111102
2321111021
3211110210
2111102100
1111021003
1110210031
1102100312
1021003122
0210031222
2100312223
1003122230
0031222303
0312223030
3122230300
1222303002
2223030022
2230300220
2303002202
3030022021
0300220211
3002202110
0022021102
0220211021
2202110210
2021102103
0211021033
2110210333
1102103330
1021033302
0210333020
2103330202
1033302021
0333020211
3330202110
3302021100
3020211000
0202110002
2021100020
0211000203
2110002033
1100020332
1000203323
0002033231
0020332311
0203323110
2033231102
0332311020
3323110202
3231102021
2311020211
3110202111
1102021113
1020211133
0202111333
2021113331
0211133311
2111333113
1113331130
1133311301
1333113013
3331130133
3311301332
3113013320
1130133202
1301332020
3013320202
0133202022
1332020221
3320202212
3202022121
2020221213
0202212132
2022121321
0221213210
2212132102
2121321022
1213210221
2132102212
1321022120
3210221202
2102212022
1022120221
0221202211
2212022112
2120221122
1202211222
2022112221
0221122211
2211222110
2112221102
1122211020
1222110203
2221102030
2211020302
2110203023
1102030231
1020302312
0203023122
2030231222
0302312222
3023122222
0231222222
2312222222
3122222220
1222222203
2222222033
2222220330
2222203302
2222033021
2220330210
2203302100
2033021002
0330210021
3302100211
3021002111
0210021113
2100211131
1002111313
0021113131
0211131313
2111313133
1113131331
1131313311
1313133112
3131331122
1313311221
3133112212
1331122122
3311221222
3112212220
1122122203
1221222032
2212220322
2122203220
1222032200
2220322002
2203220021
2032200211
0322002111
3220021112
2200211121
2002111210
0021112102
0211121022
2111210221
1112102213
1121022131
1210221311
2102213113
1022131132
0221311323
2213113232
2131132322
1311323221
3113232212
1132322122
1323221221
3232212213
2322122132
3221221321
2212213213
2122132132
1221321321
2213213213
2132132132
1321321321
3213213213
2132132132
1321321321
3213213211
2132132112
1321321121
3213211213
2132112132
1321121321
3211213213
2112132131
1121321313
1213213132
2132131322
1321313222
3213132221
2131322210
1313222101
3132221011
1322210110
3222101102
2221011021
2210110210
2101102103
1011021032
0110210322
1102103222
1021032222
0210322221
2103222213
1032222131
0322221310
3222213100
2222131002
2221310022
2213100220
2131002201
1310022011
3100220112
1002201122
0022011221
0220112211
2201122110
2011221102
0112211021
1122110212
1221102120
2211021202
2110212021
1102120212
1021202122
0212021222
2120212221
1202122213
2021222131
0212221311
2122213113
1222131133
2221311332
2213113321
2131133211
1311332113
3113321132
1133211322
1332113222
3321132222
3211322222
2113222222
1132222221
1322222211
3222222110
2222221102
2222211021
2222110212
2221102121
2211021213
2110212132
1102121321
1021213210
0212132102
2121321021
1213210211
2132102111
1321021111
3210211112
2102111122
1021111222
0211112220
2111122202
1111222021
1112220211
1122202112
1222021121
2220211213
2202112131
2021121310
0211213102
2112131021
1121310213
1213102130
2131021301
1310213013
3102130131
1021301312
0213013121
2130131212
1301312121
3013121211
0131212113
1312121132
3121211321
1212113210
2121132102
1211321020
2113210202
1132102022
1321020220
3210202200
2102022000
1020220000
0202200002
2022000021
0220000211
2200002113
2000021132
0000211322
0002113221
0021132212
0211322122
2113221223
1132212232
1322122322
3221223220
2212232201
2122322013
1223220133
2232201331
2322013312
3220133123
2201331232
2013312322
0133123223
1331232232
3312322321
3123223211
1232232110
2322321103
3223211031
2232110312
2321103121
3211031213
2110312131
1103121313
1031213133
0312131331
3121313311
1213133112
2131331121
1313311212
3133112123
1331121231
3311212313
3112123130
1121231303
1212313032
2123130321
1231303211
2313032111
3130321112
1303211122
3032111222
0321112220
3211122201
2111222011
1112220113
1122201132
1222011321
2220113213
2201132132
2011321321
0113213213
1132132132
1321321321
3213213211
2132132112
1321321121
3213211211
2132112112
1321121121
3211211211
2112112112
1121121121
1211211211
2112112112
1121121121
1211211211
2112112112
1121121121
1211211211
2112112112
1121121122
1211211223
2112112232
1121122321
1211223212
2112232121
1122321213
1223212131
2232121312
2321213122
3212131220
2121312202
1213122022
2131220223
1312202232
3122022320
1220223200
2202232002
2022320022
0223200221
2232002211
2320022110
3200221102
2002211021
0022110211
0221102112
2211021122
2110211221
1102112211
1021122110
0211221102
2112211020
1122110202
1221102022
2211020221
2110202212
1102022121
1020221212
0202212121
2022121212
0221212122
2212121221
2121212213
1212122131
2121221312
1212213121
2122131213
1221312132
2213121322
2131213221
1312132211
3121322111
1213221113
2132211132
1322111322
3221113220
2211132201
2111322013
1113220132
1132201321
1322013212
3220132123
2201321231
2013212311
0132123111
1321231113
3212311131
2123111313
1231113132
2311131321
3111313213
1113132132
1131321322
1313213222
3132132222
1321322221
3213222213
2132222132
1322221321
3222213213
2222132132
2221321322
2213213221
2132132210
1321322101
3213221011
2132210110
1322101101
3221011011
2210110112
2101101122
1011011222
0110112220
1101122203
1011222033
0112220331
1122203313
1222033131
2220331311
2203313112
2033131121
0331311213
3313112133
3131121331
1311213310
3112133101
1121331011
1213310111
2133101112
1331011121
3310111211
3101112111
1011121111
0111211110
1112111102
1121111021
1211110212
2111102120
1111021202
1110212022
1102120220
1021202201
0212022012
2120220121
1202201213
2022012132
0220121323
2201213231
2012132311
0121323110
1213231102
2132311022
1323110222
3231102223
2311022232
3110222321
1102223213
1022232132
0222321320
2223213200
2232132002
2321320022
3213200222
2132002221
1320022212
3200222122
2002221221
0022212213
0222122131
2221221313
2212213132
2122131323
1221313231
2213132311
2131323112
1313231121
3132311210
1323112100
3231121002
2311210021
3112100213
1121002131
1210021311
2100213112
1002131120
0021311201
0213112012
2131120121
1311201212
3112012121
1120121211
1201212110
2012121100
0121211002
1212110021
2121100210
1211002102
2110021021
1100210213
1002102132
0021021322
0210213223
2102132232
1021322323
0213223233
2132232332
1322323322
3223233220
2232332202
2323322021
3233220213
2332202132
3322021322
3220213222
2202132222
2021322222
0213222220
2132222202
1322222022
3222220220
2222202202
2222022022
2220220221
2202202212
2022022120
0220221203
2202212031
2022120311
0221203113
2212031132
2120311322
1203113220
2031132202
0311322022
3113220222
1132202221
1322022213
3220222132
2202221321
2022213211
0222132113
2221321133
2213211332
2132113322
1321133222
3211332221
2113322211
1133222111
1332221111
3322211111
3222111112
2221111122
2211111220
2111112202
1111122022
1111220220
1112202202
1122022022
1220220221
2202202210
2022022102
0220221021
2202210213
2022102132
0221021321
2210213212
2102132122
1021321222
0213212222
2132122221
1321222213
3212222132
2122221321
1222213213
2222132133
2221321331
2213213310
2132133102
1321331023
3213310233
2133102331
1331023310
3310233100
3102331001
1023310011
0233100113
2331001131
3310011310
3100113102
1001131021
0011310212
0113102120
1131021202
1310212021
3102120213
1021202132
0212021323
2120213233
1202132333
2021323330
0213233302
2132333021
1323330213
3233302132
2333021322
3330213223
3302132232
3021322322
0213223220
2132232203
1322322033
3223220331
2232203310
2322033101
3220331011
2203310110
2033101101
0331011012
3310110122
3101101223
1011012232
0110122320
1101223200
1012232002
0122320022
1223200222
2232002221
2320022212
3200222122
2002221221
0022212213
0222122132
2221221320
2212213202
2122132022
1221320220
2213202203
2132022031
1320220311
3202203112
2022031121
0220311211
2203112113
2031121132
0311211320
3112113203
1121132032
1211320321
2113203211
1132032113
1320321132
3203211320
2032113202
0321132020
3211320200
2113202002
1132020020
1320200200
3202002002
2020020022
0200200221
2002002210
0020022103
0200221031
2002210310
0022103102
0221031020
2210310200
2103102002
1031020023
0310200232
3102002322
1020023222
0200232221
2002322210
0023222102
0232221020
2322210202
3222102020
2221020202
2210202022
2102020222
1020202220
0202022200
2020222002
0202220020
2022200201
0222002013
2220020132
2200201323
2002013231
0020132311
0201323112
2013231121
0132311213
1323112132
3231121321
2311213212
3112132120
1121321203
1213212031
2132120311
1321203112
3212031121
2120311212
1203112121
2031121211
0311212113
3112121131
1121211313
1212113131
2121131310
1211313102
2113131021
1131310211
1313102111
3131021111
1310211110
3102111101
1021111011
0211110113
2111101132
1111011321
1110113213
1101132133
1011321333
0113213333
1132133331
1321333311
3213333110
2133331102
1333311020
3333110203
3331102031
3311020311
3110203113
1102031131
1020311312
0203113122
2031131222
0311312220
3113122201
1131222011
1312220112
3122201122
1222011223
2220112231
2201122310
2011223102
0112231020
1122310200
1223102000
2231020003
2310200031
3102000313
1020003133
0200031333
2000313332
0003133322
0031333220
0313332202
3133322023
1333220231
3332202310
3322023101
3220231011
2202310111
2023101110
0231011101
2310111010
3101110100
1011101000
0111010003
1110100030
1101000303
1010003030
0100030301
1000303011
0003030113
0030301133
0303011331
3030113313
0301133131
3011331311
0113313110
1133131101
1331311011
3313110113
3131101131
1311011311
3110113113
1101131132
1011311320
0113113203
1131132033
1311320331
3113203313
1132033133
1320331333
3203313333
2033133332
0331333323
3313333230
3133332303
1333323032
3333230322
3332303220
3323032200
3230322003
2303220031
3032200313
0322003132
3220031320
2200313201
2003132011
0031320113
0313201132
3132011322
1320113220
3201132203
2011322030
0113220300
1132203003
1322030032
3220300320
2203003200
2030032002
0300320022
3003200220
0032002203
0320022033
3200220331
2002203313
0022033133
0220331333
2203313333
2033133331
0331333311
3313333113
3133331133
1333311333
3333113331
3331133311
3311333113
3113331133
1133311333
1333113331
3331133313
3311333131
3113331310
1133313103
1333131031
3331310312
3313103121
3131031210
1310312102
3103121021
1031210211
0312102112
3121021120
1210211203
2102112030
1021120303
0211203032
2112030322
1120303222
1203032221
2030322213
0303222132
3032221322
0322213220
3222132202
2221322023
2213220232
2132202321
1322023210
3220232102
2202321021
2023210213
0232102133
2321021333
3210213332
2102133320
1021333201
0213332013
2133320133
1333201331
3332013311
3320133111
3201331111
2013311113
0133111132
1331111323
3311113232
3111132320
1111323202
1113232021
1132320213
1323202132
3232021322
2320213220
3202132202
2021322023
0213220230
2132202301
1322023013
3220230131
2202301310
2023013101
0230131011
2301310112
3013101121
0131011211
1310112110
3101121101
1011211013
0112110132
1121101321
1211013210
2110132101
1101321010
1013210100
0132101001
1321010011
3210100113
2101001131
1010011310
0100113102
1001131022
0011310220
0113102200
1131022001
1310220011
3102200110
1022001102
0220011020
2200110201
2001102011
0011020113
0110201132
1102011322
1020113223
0201132231
2011322313
0113223133
1132231332
1322313322
3223133221
2231332212
2313322121
3133221211
1332212112
3322121121
3221211212
2212112123
2121121231
1211212313
2112123131
1121231311
1212313113
2123131131
1231311313
2313113132
3131131320
1311313202
3113132022
1131320220
1313202202
3132022022
1320220221
3202202211
2022022113
0220221131
2202211313
2022113131
0221131310
2211313102
2113131020
1131310203
1313102030
3131020302
1310203020
3102030201
1020302011
0203020113
2030201132
0302011321
3020113213
0201132132
2011321322
0113213220
1132132203
1321322032
3213220322
2132203222
1322032221
3220322211
2203222111
2032221112
0322211120
3222111202
2221112022
2211120221
2111202210
1112022102
1120221020
1202210202
2022102021
0221020210
2210202101
2102021013
1020210131
0202101311
2021013110
0210131100
2101311002
1013110022
0131100220
1311002202
3110022020
1100220203
1002202032
0022020321
0220203211
2202032111
2020321110
0203211102
2032111020
0321110202
3211102022
2111020221
1110202213
1102022131
1020221313
0202213133
2022131333
0221313331
2213133311
2131333113
1313331131
3133311311
1333113113
3331131133
3311311331
3113113313
1131133131
1311331310
3113313100
1133131001
1331310010
3313100101
3131001011
1310010113
3100101131
1001011312
0010113122
0101131221
1011312211
0113122110
1131221100
1312211001
3122110013
1221100131
2211001311
2110013110
1100131100
1001311002
0013110021
0131100210
1311002101
3110021010
1100210101
1002101011
0021010110
0210101103
2101011031
1010110311
0101103113
1011031132
0110311320
1103113202
1031132021
0311320211
3113202111
1132021111
1320211113
3202111132
2021111322
0211113220
2111132203
1111322032
1113220321
1132203212
1322032122
3220321220
2203212202
2032122021
0321220210
3212202102
2122021021
1220210210
2202102102
2021021023
0210210232
2102102320
1021023202
0210232021
2102320210
1023202101
0232021013
2320210132
3202101321
2021013211
0210132112
2101321122
1013211221
0132112213
1321122132
3211221322
2112213221
1122132211
1221322112
2213221123
2132211232
1322112323
3221123231
2211232310
2112323102
1123231023
1232310232
2323102321
3231023210
2310232101
3102321011
1023210112
0232101121
2321011211
3210112110
2101121101
1011211011
0112110113
1121101132
1211011321
2110113210
1101132102
1011321021
0113210211
1132102111
1321021110
3210211101
2102111011
1021110112
0211101122
2111011222
1110112220
1101122202
1011222022
0112220223
1122202230
1222022303
2220223032
2202230323
2022303232
0223032322
2230323221
2303232211
3032322111
0323221110
3232211102
2322111021
3221110213
2211102132
2111021321
1110213213
1102132132
1021321321
0213213211
2132132111
1321321111
3213211110
2132111101
1321111010
3211110100
2111101001
1111010012
1110100120
1101001202
1010012022
0100120221
1001202211
0012022112
0120221122
1202211222
2022112220
0221122202
2211222020
2112220202
1122202020
1222020202
2220202020
2202020203
2020202031
0202020311
2020203113
0202031132
2020311321
0203113213
2031132132
0311321322
3113213223
1132132232
1321322321
3213223211
2132232111
1322321110
3223211101
2232111010
2321110101
3211101011
2111010110
1110101102
1101011022
1010110222
0101102220
1011022200
0110222002
1102220021
1022200210
0222002103
2220021032
2200210322
2002103222
0021032223
0210322232
2103222322
1032223220
0322232201
3222322013
2223220132
2232201323
2322013232
3220132321
2201323213
2013232132
0132321321
1323213210
3232132102
2321321022
3213210222
2132102220
1321022200
3210222002
2102220020
1022200200
0222002003
2220020031
2200200312
2002003122
0020031222
0200312221
2003122212
0031222121
0312221211
3122212111
1222121110
2221211102
2212111020
2121110202
1211102020
2111020200
1110202003
1102020031
1020200311
0202003112
2020031123
0200311233
2003112331
0031123311
0311233112
3112331120
1123311202
1233112023
2331120232
3311202322
3112023221
1120232211
1202322111
2023221113
0232211132
2322111322
3221113220
2211132200
2111322003
1113220030
1132200301
1322003010
3220030103
2200301031
2003010313
0030103131
0301031311
3010313110
0103131102
1031311023
0313110232
3131102322
1311023222
3110232220
1102322200
1023222001
0232220011
2322200112
3222001121
2220011210
2200112102
2001121021
0011210213
0112102133
1121021332
1210213323
2102133231
1021332311
0213323112
2133231121
1332311210
3323112102
3231121023
2311210232
3112102320
1121023200
1210232001
2102320013
1023200133
0232001331
2320013313
3200133133
2001331333
0013313332
0133133321
1331333211
3313332111
3133321113
1333211132
3332111320
3321113200
3211132002
2111320020
1113200200
1132002001
1320020013
3200200132
2002001321
0020013210
0200132102
2001321023
0013210232
0132102320
1321023200
3210232002
2102320022
1023200221
0232002210
2320022101
3200221013
2002210133
0022101331
0221013311
2210133111
2101331111
1013311110
0133111102
1331111022
3311110220
3111102203
1111022031
1110220311
1102203110
1022031100
0220311002
2203110020
2031100203
0311002032
3110020322
1100203221
1002032211
0020322113
0203221133
2032211332
0322113321
3221133210
2211332102
2113321020
1133210202
1332102021
3321020213
3210202131
2102021311
1020213113
0202131133
2021311331
0213113310
2131133101
1311331011
3113310113
1133101132
1331011321
3310113211
3101132112
1011321122
0113211220
1132112200
1321122003
3211220032
2112200322
1122003222
1220032220
2200322201
2003222010
0032220102
0322201023
3222010231
2220102311
2201023113
2010231131
0102311311
1023113110
0231131102
2311311021
3113110213
1131102133
1311021332
3110213322
1102133222
1021332221
0213322210
2133222102
1332221022
3322210221
3222102211
2221022113
2210221132
2102211321
1022113210
0221132100
2211321001
2113210013
1132100133
1321001331
3210013311
2100133110
1001331101
0013311011
0133110110
1331101102
3311011022
3110110220
1101102201
1011022013
0110220132
1102201321
1022013212
0220132121
2201321211
2013212111
0132121110
1321211102
3212111022
2121110222
1211102220
2111022202
1110222020
1102220202
1022202022
0222020220
2220202203
2202022032
2020220320
0202203202
2022032022
0220320222
2203202221
2032022211
0320222110
3202221102
2022211021
0222110213
2221102132
2211021323
2110213232
1102132321
1021323210
0213232102
2132321023
1323210230
3232102300
2321023001
3210230011
2102300113
1023001131
0230011311
2300113111
3001131113
0011311132
0113111320
1131113203
1311132032
3111320322
1113203223
1132032233
1320322333
3203223333
2032233333
0322333330
3223333301
2233333013
2333330132
3333301321
3333013210
3330132100
3301321001
3013210013
0132100133
1321001333
3210013332
2100133320
1001333202
0013332020
0133320200
1333202001
3332020012
3320200122
3202001223
2020012233
0200122333
2001223331
0012233313
0122333132
1223331321
2233313212
2333132122
3331321221
3313212213
3132122132
1321221322
3212213220
2122132203
1221322032
2213220321
2132203210
1322032100
3220321002
2203210022
2032100222
0321002221
3210022211
2100222111
1002221111
0022211113
0222111131
2221111313
2211113131
2111131312
1111313121
1113131211
1131312111
1313121111
3131211111
1312111111
3121111110
1211111103
2111111033
1111110331
1111103311
1111033111
1110331111
1103311112
1033111122
0331111223
3311112232
3111122322
1111223221
1112232210
1122322102
1223221022
2232210223
2322102231
3221022311
2210223112
2102231122
1022311220
0223112201
2231122011
2311220111
3112201113
1122011130
1220111300
2201113000
2011130002
0111300022
1113000220
1130002201
1300022012
3000220121
0002201211
0022012111
0220121112
2201211122
2012111223
0121112233
1211122331
2111223311
1112233110
1122331102
1223311020
2233110200
2331102001
3311020011
3110200110
1102001101
1020011011
0200110111
2001101110
0011011102
0110111022
1101110221
1011102211
0111022110
1110221101
1102211012
1022110123
0221101231
2211012311
2110123113
1101231130
1012311301
0123113013
1231130132
2311301321
3113013213
1130132131
1301321310
3013213100
0132131001
1321310010
3213100101
2131001012
1310010120
3100101200
1001012001
0010120012
0101200120
1012001203
0120012032
1200120323
2001203231
0012032311
0120323111
1203231113
2032311130
0323111301
3231113013
2311130133
3111301333
1113013331
1130133310
1301333100
3013331000
0133310000
1333100002
3331000022
3310000222
3100002221
1000022211
0000222110
0002221101
0022211012
0222110122
2221101223
2211012232
2110122320
1101223201
1012232011
0122320110
1223201102
2232011021
2320110212
3201102123
2011021232
0110212320
1102123201
1021232013
0212320133
2123201333
1232013331
2320133311
3201333111
2013331111
0133311112
1333111121
3331111212
3311112121
3111121211
1111212111
1112121110
1121211103
1212111032
2121110320
1211103202
2111032022
1110320220
1103202200
1032022001
0320220013
3202200131
2022001313
0220013131
2200131311
2001313110
0013131103
0131311032
1313110323
3131103232
1311032320
3110323202
1103232021
1032320213
0323202131
3232021311
2320213112
3202131121
2021311210
0213112103
2131121032
1311210323
3112103231
1121032311
1210323113
2103231132
1032311322
0323113221
3231132213
2311322131
3113221310
1132213103
1322131031
3221310311
2213103112
2131031123
1310311232
3103112322
1031123220
0311232202
3112322021
1123220211
1232202111
2322021113
3220211132
2202111321
2021113212
0211132122
2111321222
1113212222
1132122220
1321222200
3212222000
2122220001
1222200011
2222000113
2220001132
2200011323
2000113231
0001132313
0011323131
0113231313
1132313132
1323131322
3231313220
2313132202
3131322021
1313220213
3132202132
1322021322
3220213223
2202132232
2021322322
0213223220
2132232201
1322322010
3223220100
2232201001
2322010010
3220100100
2201001002
2010010020
0100100201
1001002011
0010020112
0100201122
1002011220
0020112200
0201122000
2011220002
0112200022
1122000220
1220002202
2200022021
2000220210
0002202102
0022021020
0220210202
2202102021
2021020210
0210202102
2102021022
1020210221
0202102213
2021022132
0210221321
2102213213
1022132133
0221321333
2213213332
2132133322
1321333221
3213332210
2133322102
1333221022
3332210223
3322102231
3221022310
2210223101
2102231011
1022310110
0223101101
2231011013
2310110132
3101101320
1011013201
0110132012
1101320120
1013201202
0132012022
1320120222
3201202221
2012022211
0120222113
1202221132
2022211320
0222113202
2221132021
2211320211
2113202113
1132021132
1320211323
3202113232
2021132322
0211323221
2113232210
1132322102
1323221023
3232210232
2322102322
3221023220
2210232201
2102322011
1023220112
0232201123
2322011232
3220112321
2201123213
2011232132
0112321321
1123213211
1232132111
2321321111
3213211113
2132111131
1321111311
3211113113
2111131131
1111311312
1113113120
1131131202
1311312022
3113120223
1131202232
1312022322
3120223221
1202232213
2022322132
0223221320
2232213201
2322132010
3221320102
2213201022
2132010223
1320102233
3201022331
2010223313
0102233132
1022331322
0223313221
2233132213
2331322132
3313221321
3132213210
1322132102
3221321020
2213210203
2132102031
1321020312
3210203123
2102031233
1020312332
0203123321
2031233211
0312332113
3123321132
1233211322
2332113223
3321132232
3211322322
2113223222
1132232222
1322322220
3223222201
2232222011
2322220110
3222201102
2222011022
2220110221
2201102213
2011022131
0110221311
1102213110
1022131102
0221311022
2213110222
2131102221
1311022211
3110222110
1102221101
1022211011
0222110112
2221101123
2211011232
2110112322
1101123221
1011232213
0112322133
1123221333
1232213333
2322133332
3221333320
2213333201
2133332010
1333320100
3333201001
3332010010
3320100103
3201001031
2010010313
0100103131
1001031311
0010313110
0103131103
1031311031
0313110310
3131103102
1311031021
3110310211
1103102113
1031021132
0310211322
3102113220
1021132201
0211322013
2113220132
1132201321
1322013213
3220132130
2201321301
2013213011
0132130113
1321301131
3213011310
2130113101
1301131011
3011310110
0113101103
1131011031
1310110310
3101103102
1011031021
0110310212
1103102122
1031021222
0310212222
3102122220
1021222202
0212222022
2122220220
1222202201
2222022010
2220220100
2202201002
2022010022
0220100223
2201002230
2010022301
0100223011
1002230111
0022301111
0223011110
2230111102
2301111022
3011110220
0111102201
1111022012
1110220121
1102201210
1022012102
0220121020
2201210200
2012102001
0121020011
1210200111
2102001110
1020011102
0200111020
2001110203
0011102031
0111020312
1110203121
1102031212
1020312120
0203121200
2031212000
0312120001
3121200011
1212000113
2120001132
1200011323
2000113233
0001132331
0011323312
0113233120
1132331200
1323312000
3233120002
2331200020
3312000200
3120002000
1200020001
2000200011
0002000111
0020001112
0200011123
2000111230
0001112301
0011123010
0111230100
1112301002
1123010022
1230100220
2301002202
3010022021
0100220211
1002202111
0022021110
0220211102
2202111022
2021110221
0211102211
2111022110
1110221102
1102211022
1022110222
0221102222
2211022220
2110222202
1102222020
1022220200
0222202001
2222020010
2220200101
2202001011
2020010111
0200101111
2001011111
0010111110
0101111101
1011111013
0111110132
1111101322
1111013222
1110132220
1101322202
1013222021
0132220211
1322202111
3222021113
2220211130
2202111301
2021113011
0211130113
2111301133
1113011331
1130113312
1301133120
3011331201
0113312011
1133120111
1331201113
3312011130
3120111301
1201113010
2011130102
0111301022
1113010223
1130102232
1301022320
3010223202
0102232021
1022320213
0223202131
2232021311
2320213111
3202131110
2021311101
0213111013
2131110132
1311101322
3111013222
1110132222
1101322223
1013222231
0132222313
1322223132
3222231320
2222313202
2223132021
2231320210
2313202102
3132021020
1320210202
3202102021
2021020213
0210202131
2102021310
1020213100
0202131000
2021310000
0213100002
2131000022
1310000220
3100002200
1000022003
0000220032
0002200321
0022003211
0220032110
2200321100
2003211002
0032110022
0321100221
3211002211
2110022113
1100221132
1002211321
0022113211
0221132113
2211321132
2113211323
1132113230
1321132301
3211323013
2113230131
1132301311
1323013111
3230131111
2301311113
3013111130
0131111302
1311113023
3111130233
1111302333
1113023331
1130233313
1302333133
3023331333
0233313331
2333133310
3331333102
3313331020
3133310202
1333102021
3331020213
3310202132
3102021322
1020213222
0202132223
2021322231
0213222311
2132223113
1322231132
3222311322
2223113222
2231132222
2311322221
3113222213
1132222130
1322221301
3222213012
2222130122
2221301223
2213012232
2130122321
1301223210
3012232101
0122321011
1223210111
2232101110
2321011102
3210111021
2101110211
1011102110
0111021101
1110211012
1102110122
1021101221
0211012211
2110122111
1101221112
1012211121
0122111213
1221112132
2211121321
2111213211
1112132111
1121321110
1213211102
2132111021
1321110210
3211102103
2111021031
1110210313
1102103131
1021031312
0210313122
2103131222
1031312221
0313122213
3131222130
1312221301
3122213012
1222130122
2221301221
2213012212
2130122121
1301221210
3012212102
0122121021
1221210211
2212102112
2121021122
1210211223
2102112232
1021122322
0211223221
2112232210
1122322100
1223221002
2232210022
2322100222
3221002221
2210022212
2100222122
1002221220
0022212200
0222122000
2221220002
2212200020
2122000200
1220002001
2200020010
2000200101
0002001011
0020010110
0200101103
2001011032
0010110320
0101103203
1011032032
0110320321
1103203212
1032032121
0320321213
3203212131
2032121311
0321213111
3212131110
2121311103
1213111032
2131110322
1311103221
3111032212
1110322123
1103221232
1032212323
0322123231
3221232311
2212323112
2123231123
1232311232
2323112321
3231123213
2311232132
3112321322
1123213222
1232132221
2321322210
3213222103
2132221031
1322210313
3222103133
2221031331
2210313310
2103133100
1031331001
0313310011
3133100113
1331001132
3310011322
3100113220
1001132202
0011322020
0113220200
1132202002
1322020022
3220200220
2202002203
2020022032
0200220320
2002203201
0022032010
0220320101
2203201012
2032010121
0320101213
3201012131
2010121313
0101213130
1012131301
0121313010
1213130103
2131301031
1313010311
3130103113
1301031132
3010311322
0103113223
1031132232
0311322322
3113223222
1132232222
1322322221
3223222210
2232222102
2322221021
3222210210
2222102102
2221021022
2210210222
2102102222
1021022222
0210222220
2102222200
1022222002
0222220020
2222200201
2222002012
2220020121
2200201211
2002012113
0020121132
0201211321
2012113211
0121132111
1211321110
2113211100
1132111002
1321110021
3211100210
2111002101
1110021010
1100210100
1002101000
0021010001
0210100011
2101000112
1010001120
0100011201
1000112013
0001120132
0011201320
0112013203
1120132031
1201320311
2013203110
0132031102
1320311020
3203110200
2031102000
0311020002
3110200023
1102000231
1020002313
0200023132
2000231321
0002313210
0023132103
0231321031
2313210312
3132103122
1321031221
3210312212
2103122120
1031221202
0312212020
3122120200
1221202001
2212020010
2120200100
1202001003
2020010032
0200100323
2001003232
0010032320
0100323203
1003232030
0032320302
0323203020
3232030200
2320302002
3203020020
2030200200
0302002002
3020020020
0200200202
2002002020
0020020203
0200202031
2002020311
0020203112
0202031121
2020311212
0203112123
2031121232
0311212320
3112123200
1121232001
1212320010
2123200102
1232001020
2320010200
3200102002
2001020021
0010200212
0102002123
1020021232
0200212321
2002123210
0021232101
0212321012
2123210120
1232101202
2321012023
3210120232
2101202322
1012023222
0120232221
1202322212
2023222122
0232221222
2322212220
3222122202
2221222022
2212220222
2122202222
1222022222
2220222221
2202222212
2022222122
0222221221
2222212212
2222122122
2221221220
2212212202
2122122022
1221220222
2212202222
2122022222
1220222221
2202222212
2022222122
0222221223
2222212232
2222122321
2221223211
2212232110
2122321101
1223211011
2232110113
2321101130
3211011301
2110113012
1101130123
1011301232
0113012323
1130123233
1301232331
3012323310
0123233100
1232331002
2323310020
3233100203
2331002032
3310020320
3100203200
1002032002
0020320022
0203200220
2032002203
0320022032
3200220322
2002203221
0022032212
0220322123
2203221231
2032212311
0322123111
3221231110
2212311102
2123111023
1231110232
2311102321
3111023211
1110232111
1102321111
1023211113
0232111132
2321111320
3211113203
2111132031
1111320310
1113203103
1132031033
1320310332
3203103321
2031033210
0310332102
3103321021
1033210212
0332102122
3321021222
3210212223
2102122232
1021222322
0212223220
2122232202
1222322022
2223220223
2232202232
2322022322
3220223221
2202232210
2022322102
0223221022
2232210222
2322102221
3221022211
2210222113
2102221130
1022211303
0222113032
2221130322
2211303222
2113032222
1130322221
1303222211
3032222110
0322221100
3222211002
2222110020
2221100201
2211002010
2110020102
1100201020
1002010201
0020102010
0201020101
2010201011
0102010113
1020101133
0201011331
2010113311
0101133110
1011331101
0113311011
1133110110
1331101100
3311011002
3110110020
1101100202
1011002020
0110020202
1100202020
1002020201
0020202013
0202020132
2020201322
0202013220
2020132200
0201322000
2013220000
0132200001
1322000010
3220000100
2200001001
2000010013
0000100131
0001001311
0010013113
0100131131
1001311311
0013113112
0131131123
1311311233
3113112331
1131123313
1311233131
3112331312
1123313122
1233131222
2331312221
3313122213
3131222131
1312221310
3122213100
1222131003
2221310032
2213100322
2131003221
1310032210
3100322100
1003221003
0032210033
0322100331
3221003311
2210033112
2100331122
1003311220
0033112202
0331122021
3311220211
3112202112
1122021121
1220211210
2202112102
2021121022
0211210223
2112102232
1121022322
1210223223
2102232232
1022322322
0223223220
2232232202
2322322022
3223220223
2232202232
2322022322
3220223221
2202232213
2022322132
0223221322
2232213220
2322132200
3221322003
2213220032
2132200320
1322003203
3220032030
2200320300
2003203001
0032030010
0320300101
3203001013
2030010133
0300101331
3001013311
0010133113
0101331133
1013311332
0133113321
1331133213
3311332131
3113321313
1133213132
1332131322
3321313223
3213132231
2131322313
1313223132
3132231322
1322313220
3223132200
2231322000
2313220002
3132200023
1322000231
3220002313
2200023131
2000231313
0002313132
0023131321
0231313213
2313132132
3131321322
1313213220
3132132202
1321322022
3213220222
2132202222
1322022222
3220222221
2202222210
2022222100
0222221001
2222210011
2222100112
2221001122
2210011220
2100112202
1001122022
0011220221
0112202211
1122022110
1220221103
2202211033
2022110331
0221103311
2211033113
2110331132
1103311321
1033113211
0331132111
3311321111
3113211111
1132111110
1321111102
3211111022
2111110221
1111102211
1111022110
1110221103
1102211032
1022110320
0221103200
2211032002
2110320020
1103200200
1032002002
0320020023
3200200232
2002002322
0020023222
0200232222
2002322222
0023222223
0232222232
2322222322
3222223222
2222232220
2222322202
2223222020
2232220201
2322202010
3222020100
2220201002
2202010020
2020100202
0201002022
2010020222
0100202222
1002022222
0020222223
0202222233
2022222333
0222223331
2222233312
2222333122
2223331220
2233312202
2333122022
3331220222
3312202222
3122022222
1220222223
2202222232
2022222322
0222223220
2222232202
2222322022
2223220222
2232202222
2322022222
3220222222
2202222223
2022222232
0222222321
2222223213
2222232131
2222321311
2223213113
2232131131
2321311313
3213113132
2131131322
1311313223
3113132232
1131322322
1313223220
3132232202
1322322022
3223220220
2232202202
2322022022
3220220221
2202202212
2022022122
0220221220
2202212202
2022122022
0221220220
2212202203
2122022030
1220220303
2202203030
2022030303
0220303030
2203030302
2030303022
0303030221
3030302212
0303022122
3030221221
0302212210
3022122100
0221221001
2212210012
2122100121
1221001212
2210012122
2100121221
1001212211
0012122113
0121221131
1212211313
2122113130
1221131302
2211313021
2113130210
1131302100
1313021001
3130210012
1302100120
3021001203
0210012031
2100120311
1001203111
0012031112
0120311120
1203111202
2031112020
0311120203
3111202032
1112020322
1120203220
1202032203
2020322032
0203220322
2032203222
0322032222
3220322220
2203222202
2032222022
0322220220
3222202201
2222022012
2220220122
2202201222
2022012222
0220122223
2201222231
2012222313
0122223131
1222231311
2222313113
2223131133
2231311331
2313113310
3131133103
1311331031
3113310310
1133103102
1331031021
3310310211
3103102111
1031021110
0310211101
3102111013
1021110132
0211101322
2111013222
1110132221
1101322212
1013222123
0132221231
1322212311
3222123113
2221231131
2212311313
2123113130
1231131301
2311313010
3113130101
1131301011
1313010111
3130101111
1301011112
3010111122
0101111221
1011112213
0111122131
1111221313
1112213132
1122131320
1221313200
2213132000
2131320002
1313200023
3132000232
1320002320
3200023203
2000232032
0002320322
0023203220
0232032202
2320322022
3203220222
2032202221
0322022211
3220222110
2202221101
2022211012
0222110122
2221101222
2211012222
2110122220
1101222200
1012222002
0122220023
1222200232
2222002320
2220023200
2200232001
2002320010
0023200103
0232001033
2320010330
3200103300
2001033002
0010330021
0103300210
1033002103
0330021033
3300210330
3002103303
0021033031
0210330313
2103303130
1033031300
0330313000
3303130001
3031300013
0313000132
3130001321
1300013210
3000132102
0001321021
0013210211
0132102110
1321021101
3210211013
2102110132
1021101323
0211013232
2110132320
1101323202
1013232022
0132320223
1323202232
3232022322
2320223220
3202232203
2022322032
0223220320
2232203202
2322032023
3220320232
2203202321
2032023211
0320232110
3202321101
2023211011
0232110113
2321101132
3211011322
2110113220
1101132201
1011322011
0113220111
1132201113
1322011132
3220111320
2201113202
2011132020
0111320202
1113202021
1132020211
1320202110
3202021101
2020211010
0202110100
2021101002
0211010022
2110100223
1101002231
1010022310
0100223103
1002231031
0022310313
0223103132
2231031321
2310313213
3103132133
1031321331
0313213313
3132133132
1321331321
3213313212
2133132120
1331321201
3313212011
3132120110
1321201103
3212011032
2120110322
1201103222
2011032220
0110322201
1103222011
1032220112
0322201123
3222011232
2220112321
2201123213
2011232132
0112321322
1123213221
1232132210
2321322102
3213221020
2132210202
1322102022
3221020220
2210202201
2102022012
1020220122
0202201223
2022012232
0220122323
2201223231
2012232313
0122323131
1223231311
2232313113
2323131132
3231311323
2313113232
3131132323
1311323232
3113232322
1132323223
1323232232
3232322323
2323223231
3232232312
2322323121
3223231211
2232312111
2323121110
3231211101
2312111011
3121110111
1211101111
2111011112
1110111122
1101111220
1011112202
0111122021
1111220211
1112202111
1122021111
1220211110
2202111101
2021111011
0211110113
2111101132
1111011321
1110113211
1101132110
1011321101
0113211013
1132110132
1321101323
3211013231
2110132310
1101323101
1013231013
0132310131
1323101310
3231013103
2310131031
3101310311
1013103113
0131031131
1310311313
3103113131
1031131312
0311313122
3113131223
1131312232
1313122322
3131223223
1312232232
3122322320
1223223201
2232232011
2322320113
3223201131
2232011311
2320113112
3201131121
2011311211
0113112111
1131121113
1311211132
3112111322
1121113223
1211132232
2111322322
1113223221
1132232213
1322322132
3223221321
2232213213
2322132131
3221321313
2213213133
2132131332
1321313323
3213133231
2131332311
1313323113
3133231132
1332311322
3323113221
3231132213
2311322133
3113221333
1132213331
1322133313
3221333131
2213331313
2133313132
1333131322
3331313221
3313132210
3131322103
1313221031
3132210310
1322103103
3221031032
2210310320
2103103203
1031032033
0310320332
3103203323
1032033232
0320332323
3203323230
2033232301
0332323010
3323230102
3232301022
2323010221
3230102212
2301022122
3010221220
0102212200
1022122002
0221220021
2212200210
2122002103
1220021031
2200210310
2002103102
0021031022
0210310220
2103102202
1031022021
0310220213
3102202132
1022021321
0220213210
2202132102
2021321022
0213210221
2132102211
1321022110
3210221103
2102211032
1022110321
0221103210
2211032102
2110321020
1103210203
1032102032
0321020322
3210203220
2102032202
1020322021
0203220213
2032202132
0322021321
3220213210
2202132102
2021321020
0213210202
2132102021
1321020211
3210202111
2102021111
1020211112
0202111120
2021111202
0211112023
2111120230
1111202301
1112023010
1120230100
1202301002
2023010021
0230100213
2301002132
3010021320
0100213202
1002132021
0021320210
0213202100
2132021002
1320210021
3202100213
2021002132
0210021321
2100213212
1002132121
0021321210
0213212101
2132121011
1321210113
3212101131
2121011311
1210113110
2101131101
1011311011
0113110110
1131101103
1311011031
3110110310
1101103103
1011031032
0110310320
1103103202
1031032021
0310320212
3103202120
1032021201
0320212013
3202120130
2021201301
0212013010
2120130100
1201301001
2013010011
0130100111
1301001111
3010011110
0100111100
1001111001
0011110013
0111100130
1111001301
1110013013
1100130132
1001301321
0013013213
0130132133
1301321331
3013213312
0132133121
1321331210
3213312102
2133121022
1331210221
3312102210
3121022100
1210221002
2102210020
1022100201
0221002011
2210020113
2100201131
1002011311
0020113113
0201131131
2011311311
0113113110
1131131103
1311311031
3113110310
1131103102
1311031021
3110310212
1103102120
1031021201
0310212011
3102120113
1021201131
0212011310
2120113100
1201131002
2011310022
0113100220
1131002202
1310022022
3100220223
1002202232
0022022321
0220223211
2202232111
2022321111
0223211112
2232111122
2321111220
3211112200
2111122002
1111220020
1112200200
1122002001
1220020010
2200200103
2002001031
0020010312
0200103121
2001031211
0010312111
0103121113
1031211132
0312111321
3121113213
1211132131
2111321311
1113213112
1132131122
1321311222
3213112222
2131122221
1311222211
3112222113
1122221132
1222211322
2222113222
2221132221
2211322211
2113222110
1132221103
1322211032
3222110322
2221103223
2211032232
2110322321
1103223211
1032232113
0322321133
3223211331
2232113312
2321133122
3211331222
2113312222
1133122220
1331222202
3312222022
3122220223
1222202232
2222022323
2220223230
2202232301
2022323012
0223230120
2232301200
2323012002
3230120022
2301200221
3012002211
0120022110
1200221102
2002211022
0022110223
0221102232
2211022323
2110223231
1102232313
1022323132
0223231322
2232313221
2323132210
3231322101
2313221012
3132210121
1322101211
3221012112
2210121122
2101211222
1012112222
0121122222
1211222220
2112222201
1122222011
1222220111
2222201111
2222011110
2220111102
2201111021
2011110211
0111102111
1111021111
1110211111
1102111113
1021111132
0211111321
2111113210
1111132102
1111321022
1113210223
1132102232
1321022322
3210223221
2102232211
1022322112
0223221123
2232211232
2322112320
3221123200
2211232002
2112320020
1123200201
1232002012
2320020121
3200201213
2002012132
0020121321
0201213211
2012132113
0121321132
1213211320
2132113202
1321132022
3211320223
2113202232
1132022323
1320223232
3202232323
2022323233
0223232331
2232323311
2323233112
3232331120
2323311200
3233112001
2331120010
3311200102
3112001022
1120010220
1200102201
2001022012
0010220120
0102201202
1022012021
0220120213
2201202132
2012021322
0120213220
1202132201
2021322013
0213220133
2132201331
1322013311
3220133113
2201331131
2013311310
0133113103
1331131032
3311310322
3113103220
1131032202
1310322022
3103220221
1032202211
0322022111
3220221113
2202211132
2022111320
0221113203
2211132031
2111320310
1113203103
1132031031
1320310310
3203103102
2031031021
0310310210
3103102100
1031021000
0310210003
3102100033
1021000331
0210003310
2100033100
1000331001
0003310011
0033100110
0331001101
3310011011
3100110110
1001101102
0011011020
0110110200
1101102001
1011020010
0110200103
1102001033
1020010332
0200103323
2001033232
0010332321
0103323212
1033232121
0332321213
3323212132
3232121321
2321213210
3212132103
2121321031
1213210312
2132103122
1321031221
3210312212
2103122123
1031221232
0312212320
3122123202
1221232023
2212320231
2123202313
1232023132
2320231321
3202313210
2023132102
0231321022
2313210221
3132102211
1321022111
3210221113
2102211132
1022111321
0221113211
2211132111
2111321111
1113211112
1132111121
1321111213
3211112133
2111121331
1111213310
1112133103
1121331031
1213310311
2133103113
1331031132
3310311321
3103113213
1031132132
0311321322
3113213220
1132132202
1321322021
3213220213
2132202131
1322021310
3220213103
2202131032
2021310322
0213103221
2131032212
1310322122
3103221222
1032212221
0322122212
3221222122
2212221223
2122212232
1222122320
2221223201
2212232011
2122320113
1223201131
2232011310
2320113100
3201131002
2011310023
0113100231
1131002311
1310023113
3100231133
1002311331
0023113311
0231133113
2311331132
3113311321
1133113212
1331132122
3311321222
3113212220
1132122202
1321222020
3212220201
2122202011
1222020111
2220201112
2202011121
2020111211
0201112111
2011121113
0111211131
1112111312
1121113123
1211131231
2111312311
1113123110
1131231100
1312311002
3123110021
1231100211
2311002110
3110021102
1100211021
1002110211
0021102111
0211021113
2110211131
1102111311
1021113113
0211131131
2111311310
1113113101
1131131013
1311310132
3113101322
1131013221
1310132211
3101322110
1013221103
0132211032
1322110321
3221103213
2211032132
2110321322
1103213220
1032132201
0321322011
3213220113
2132201133
1322011331
3220113313
2201133132
2011331321
0113313210
1133132103
1331321032
3313210323
3132103232
1321032322
3210323221
2103232213
1032322131
0323221312
3232213122
2322131222
3221312220
2213122201
2131222010
1312220103
3122201031
1222010312
2220103121
2201031211
2010312113
0103121132
1031211323
0312113232
3121132322
1211323221
2113232213
1132322132
1323221321
3232213211
2322132110
3221321102
2213211023
2132110230
1321102301
3211023011
2110230113
1102301132
1023011322
0230113220
2301132202
3011322022
0113220220
1132202202
1322022020
3220220200
2202202001
2022020011
0220200110
2202001101
2020011013
0200110133
2001101331
0011013310
0110133103
1101331031
1013310311
0133103110
1331031101
3310311011
3103110112
1031101122
0311011222
3110112220
1101122201
1011222010
0112220103
1122201033
1222010332
2220103321
2201033213
2010332132
0103321321
1033213211
0332132110
3321321102
3213211022
2132110220
1321102200
3211022001
2110220013
1102200132
1022001321
0220013211
2200132113
2001321131
0013211311
0132113113
1321131132
3211311320
2113113201
1131132011
1311320113
3113201132
1132011323
1320113231
3201132311
2011323113
0113231132
1132311322
1323113221
3231132211
2311322111
3113221111
1132211112
1322111122
3221111221
2211112210
2111122102
1111221020
1112210202
1122102023
1221020232
2210202322
2102023221
1020232211
0202322110
2023221100
0232211002
2322110020
3221100203
2211002033
2110020332
1100203322
1002033222
0020332222
0203322220
2033222201
0332222013
3322220133
3222201333
2222013332
2220133322
2201333220
2013332200
0133322003
1333220032
3332200322
3322003221
3220032211
2200322111
2003221112
0032211122
0322111222
3221112220
2211122201
2111222010
1112220103
1122201031
1222010313
2220103130
2201031301
2010313011
0103130112
1031301120
0313011202
3130112021
1301120211
3011202110
0112021102
1120211021
1202110213
2021102130
0211021301
2110213013
1102130130
1021301301
0213013011
2130130112
1301301121
3013011210
0130112100
1301121002
3011210022
0112100222
1121002221
1210022212
2100222122
1002221221
0022212213
0222122132
2221221323
2212213232
2122132321
1221323211
2213232110
2132321103
1323211032
3232110321
2321103213
3211032132
2110321321
1103213211
1032132112
0321321122
3213211223
2132112231
1321122310
3211223100
2112231002
1122310023
1223100232
2231002322
2310023220
3100232203
1002322032
0023220321
0232203211
2322032111
3220321111
2203211111
2032111112
0321111122
3211111220
2111112202
1111122022
1111220221
1112202211
1122022113
1220221133
2202211331
2022113310
0221133103
2211331032
2113310322
1133103220
1331032202
3310322022
3103220222
1032202220
0322022200
3220222003
2202220030
2022200303
0222003033
2220030331
2200303310
2003033101
0030331011
0303310113
3033101131
0331011313
3310113130
3101131300
1011313002
0113130020
1131300201
1313002010
3130020102
1300201020
3002010201
0020102010
0201020101
2010201012
0102010123
1020101232
0201012322
2010123223
0101232231
1012322313
0123223133
1232231333
2322313333
3223133332
2231333322
2313333221
3133332212
1333322123
3333221232
3332212321
3322123213
3221232132
2212321321
2123213213
1232132131
2321321313
3213213132
2132131322
1321313222
3213132220
2131322202
1313222020
3132220203
1322202030
3222020303
2220203033
2202030333
2020303333
0203033331
2030333313
0303333131
3033331313
0333313133
3333131332
3331313322
3313133220
3131332203
1313322030
3133220301
1332203010
3322030103
3220301032
2203010321
2030103211
0301032112
3010321123
0103211230
1032112301
0321123011
3211230111
2112301111
1123011110
1230111102
2301111021
3011110210
0111102100
1111021000
1110210000
1102100002
1021000021
0210000210
2100002100
1000021001
0000210011
0002100110
0021001102
0210011022
2100110220
1001102200
0011022002
0110220023
1102200231
1022002311
0220023113
2200231132
2002311322
0023113220
0231132202
2311322023
3113220233
1132202333
1322023332
3220233323
2202333231
2023332310
0233323101
2333231011
3332310110
3323101102
3231011023
2310110232
3101102322
1011023220
0110232202
1102322022
1023220220
0232202201
2322022012
3220220122
2202201220
2022012203
0220122032
2201220322
2012203220
0122032201
1220322011
2203220111
2032201110
0322011101
3220111011
2201110113
2011101130
0111011300
1110113002
1101130020
1011300200
0113002001
1130020013
1300200132
3002001321
0020013211
0200132111
2001321113
0013211132
0132111322
1321113222
3211132221
2111322211
1113222113
1132221132
1322211323
3222113230
2221132303
2211323030
2113230301
1132303011
1323030112
3230301122
2303011220
3030112203
0301122030
3011220300
0112203003
1122030032
1220300320
2203003201
2030032013
0300320131
3003201310
0032013102
0320131023
3201310232
2013102321
0131023213
1310232132
3102321322
1023213221
0232132210
2321322102
3213221021
2132210210
1322102103
3221021031
2210210310
2102103102
1021031021
0210310211
2103102113
1031021132
0310211320
3102113200
1021132002
0211320020
2113200201
1132002010
1320020102
3200201020
2002010201
0020102011
0201020111
2010201110
0102011100
1020111001
0201110013
2011100133
0111001333
1110013332
1100133321
1001333211
0013332110
0133321103
1333211030
3332110300
3321103003
3211030033
2110300333
1103003333
1030033332
0300333322
3003333220
0033332202
0333322020
3333220202
3332202022
3322020220
3220202203
2202022033
2020220332
0202203320
2022033200
0220332003
2203320030
2033200301
0332003013
3320030132
3200301321
2003013210
0030132101
0301321011
3013210111
0132101110
1321011102
3210111022
2101110220
1011102201
0111022011
1110220111
1102201111
1022011112
0220111120
2201111203
2011112032
0111120323
1111203233
1112032330
1120323303
1203233031
2032330310
0323303100
3233031001
2330310010
3303100101
3031001013
0310010132
3100101321
1001013213
0010132133
0101321333
1013213332
0132133321
1321333211
3213332110
2133321100
1333211003
3332110030
3321100302
3211003020
2110030202
1100302023
1003020230
0030202303
0302023032
3020230322
0202303221
2023032211
0230322111
2303221113
3032211131
0322111313
3221113132
2211131322
2111313223
1113132232
1131322322
1313223220
3132232202
1322322022
3223220220
2232202200
2322022002
3220220020
2202200200
2022002002
0220020020
2200200202
2002002020
0020020200
0200202002
2002020022
0020200223
0202002232
2020022321
0200223211
2002232111
0022321110
0223211103
2232111032
2321110320
3211103202
2111032022
1110320221
1103202211
1032022111
0320221110
3202211100
2022111002
0221110022
2211100220
2111002201
1110022011
1100220111
1002201113
0022011132
0220111320
2201113202
2011132022
0111320222
1113202222
1132022220
1320222203
3202222030
2022220300
0222203001
2222030011
2220300111
2203001111
2030011111
0300111111
3001111113
0011111131
0111111311
1111113113
1111131131
1111311312
1113113123
1131131232
1311312322
3113123221
1131232213
1312322131
3123221311
1232213113
2322131131
3221311311
2213113111
2131131111
1311311110
3113111102
1131111022
1311110222
3111102222
1111022220
1110222200
1102222002
1022220021
0222200210
2222002102
2220021022
2200210222
2002102220
0021022202
0210222020
2102220200
1022202002
0222020023
2220200230
2202002301
2020023010
0200230102
2002301022
0023010222
0230102221
2301022213
3010222131
0102221313
1022213132
0222131321
2221313211
2213132112
2131321121
1313211211
3132112111
1321121110
3211211102
2112111022
1121110221
1211102211
2111022111
1110221111
1102211113
1022111131
0221111313
2211113132
2111131321
1111313210
1113132102
1131321022
1313210221
3132102211
1321022110
3210221101
2102211010
1022110103
0221101031
2211010311
2110103113
1101031131
1010311311
0103113112
1031131122
0311311221
3113112210
1131122100
1311221000
3112210002
1122100021
1221000211
2210002111
2100021111
1000211112
0002111120
0021111200
0211112002
2111120020
1111200200
1112002002
1120020021
1200200211
2002002111
0020021112
0200211121
2002111212
0021112122
0211121221
2111212211
1112122112
1121221122
1212211222
2122112220
1221122202
2211222021
2112220213
1122202131
1222021313
2220213132
2202131323
2021313232
0213132321
2131323212
1313232122
3132321222
1323212223
3232122231
2321222311
3212223111
2122231111
1222311110
2223111102
2231111020
2311110202
3111102022
1111020222
1110202221
1102022211
1020222110
0202221102
2022211021
0222110213
2221102132
2211021323
2110213232
1102132322
1021323220
0213232203
2132322032
1323220322
3232203221
2322032212
3220322122
2203221220
2032212201
0322122010
3221220101
2212201012
2122010123
1220101232
2201012320
2010123200
0101232001
1012320010
0123200103
1232001032
2320010322
3200103221
2001032213
0010322133
0103221333
1032213331
0322133313
3221333131
2213331313
2133313131
1333131310
3331313102
3313131023
3131310231
1313102311
3131023110
1310231100
3102311001
1023110011
0231100111
2311001112
3110011121
1100111211
1001112111
0011121113
0111211131
1112111310
1121113102
1211131020
2111310202
1113102021
1131020213
1310202132
3102021321
1020213210
0202132101
2021321010
0213210100
2132101000
1321010002
3210100021
2101000211
1010002111
0100021110
1000211102
0002111022
0021110222
0211102222
2111022223
1110222231
1102222311
1022223110
0222231102
2222311020
2223110200
2231102000
2311020001
3110200010
1102000100
1020001000
0200010001
2000100011
0001000111
0010001110
0100011101
1000111011
0001110110
0011101102
0111011021
1110110211
1101102113
1011021130
0110211303
1102113032
1021130322
0211303220
2113032200
1130322001
1303220011
3032200111
0322001110
3220011100
2200111001
2001110011
0011100113
0111001130
1110011303
1100113032
1001130322
0011303221
0113032213
1130322131
1303221311
3032213113
0322131132
3221311322
2213113223
2131132233
1311322333
3113223330
1132233301
1322333010
3223330102
2233301020
2333010202
3330102020
3301020200
3010202000
0102020001
1020200011
0202000113
2020001132
0200011321
2000113211
0001132110
0011321100
0113211000
1132110000
1321100000
3211000002
2110000020
1100000200
1000002001
0000020010
0000200100
0002001003
0020010031
0200100311
2001003113
0010031131
0100311311
1003113111
0031131112
0311311123
3113111231
1131112310
1311123100
3111231002
1112310020
1123100200
1231002002
2310020022
3100200220
1002002202
0020022021
0200220210
2002202100
0022021001
0220210013
2202100133
2021001332
0210013320
2100133202
1001332021
0013320212
0133202120
1332021202
3320212022
3202120221
2021202210
0212022102
2120221021
1202210213
2022102131
0221021312
2210213122
2102131222
1021312223
0213122231
2131222312
1312223123
3122231232
1222312320
2223123200
2231232002
2312320022
3123200222
1232002220
2320022200
3200222001
2002220012
0022200120
0222001203
2220012031
2200120311
2001203113
0012031132
0120311323
1203113233
2031132331
0311323311
3113233111
1132331111
1323311111
3233111111
2331111110
3311111102
3111111021
1111110212
1111102123
1111021232
1110212322
1102123221
1021232212
0212322120
2123221201
1232212011
2322120112
3221201122
2212011222
2120112220
1201122202
2011222022
0112220221
1122202213
1222022132
2220221320
2202213201
2022132011
0221320112
2213201122
2132011221
1320112212
3201122121
2011221211
0112212113
1122121131
1221211313
2212113131
2121131313
1211313132
2113131321
1131313213
1313132133
3131321333
1313213333
3132133330
1321333302
3213333020
2133330200
1333302001
3333020011
3330200110
3302001103
3020011031
0200110311
2001103113
0011031131
0110311312
1103113121
1031131213
0311312132
3113121320
1131213201
1312132012
3121320122
1213201221
2132012211
1320122110
3201221100
2012211001
0122110010
1221100103
2211001032
2110010320
1100103200
1001032002
0010320022
0103200220
1032002200
0320022002
3200220023
2002200233
0022002331
0220023311
2200233113
2002331131
0023311313
0233113131
2331131313
3311313133
3113131331
1131313310
1313133102
3131331022
1313310221
3133102213
1331022132
3310221321
3102213212
1022132121
0221321211
2213212110
2132121103
1321211033
3212110333
2121103331
1211033311
2110333111
1103331112
1033311123
0333111232
3331112323
3311123232
3111232322
1112323221
1123232210
1232322101
2323221011
3232210112
2322101123
3221011231
2210112310
2101123100
1011231001
0112310013
1123100130
1231001301
2310013012
3100130122
1001301221
0013012213
0130122130
1301221301
3012213011
0122130110
1221301102
2213011021
2130110210
1301102102
3011021021
0110210210
1102102100
1021021002
0210210022
2102100221
1021002211
0210022113
2100221132
1002211321
0022113211
0221132111
2211321111
2113211113
1132111132
1321111322
3211113220
2111132202
1111322020
1113220201
1132202011
1322020112
3220201121
2202011211
2020112110
0201121103
2011211032
0112110322
1121103223
1211032233
2110322331
1103223311
1032233111
0322331112
3223311122
2233111220
2331112200
3311122002
3111220023
1112200232
1122002322
1220023221
2200232211
2002322111
0023221111
0232211112
2322111122
3221111220
2211112200
2111122002
1111220023
1112200232
1122002322
1220023221
2200232211
2002322111
0023221111
0232211113
2322111130
3221111303
2211113032
2111130320
1111303202
1113032022
1130320220
1303202203
3032022032
0320220321
3202203211
2022032110
0220321103
2203211032
2032110321
0321103213
3211032132
2110321320
1103213200
1032132000
0321320001
3213200013
2132000131
1320001311
3200013110
2000131102
0001311021
0013110211
0131102112
1311021122
3110211222
1102112222
1021122221
0211222211
2112222111
1122221113
1222211132
2222111320
2221113202
2211132021
2111320213
1113202132
1132021322
1320213222
3202132222
2021322221
0213222211
2132222113
1322221131
3222211311
2222113111
2221131113
2211311132
2113111321
1131113213
1311132131
3111321311
1113213113
1132131133
1321311331
3213113313
2131133132
1311331322
3113313222
1133132222
1331322220
3313222202
3132222021
1322220211
3222202111
2222021111
2220211110
2202111100
2021111001
0211110011
2111100111
1111001112
1110011122
1100111221
1001112212
0011122122
0111221220
1112212202
1122122022
1221220220
2212202202
2122022022
1220220222
2202202221
2022022210
0220222102
2202221022
2022210223
0222102231
2221022313
2210223131
2102231313
1022313132
0223131321
2231313211
2313132111
3131321111
1313211113
3132111131
1321111311
3211113112
2111131121
1111311210
1113112100
1131121000
1311210000
3112100001
1121000011
1210000110
2100001102
1000011020
0000110202
0001102020
0011020201
0110202011
1102020113
1020201131
0202011310
2020113101
0201131012
2011310123
0113101231
1131012310
1310123101
3101231013
1012310131
0123101313
1231013133
2310131331
3101313310
1013133103
0131331033
1313310332
3133103321
1331033212
3310332123
3103321232
1033212321
0332123211
3321232110
3212321100
2123211001
1232110013
2321100131
3211001312
2110013123
1100131233
1001312333
0013123332
0131233322
1312333220
3123332200
1233322002
2333220023
3332200232
3322002321
3220023211
2200232110
2002321101
0023211010
0232110103
2321101031
3211010311
2110103110
1101031100
1010311000
0103110002
1031100021
0311000213
3110002132
1100021323
1000213232
0002132321
0021323213
0213232133
2132321333
1323213331
3232133310
2321333101
3213331010
2133310100
1333101003
3331010032
3310100321
3101003211
1010032110
0100321103
1003211033
0032110333
0321103333
3211033332
2110333320
1103333202
1033332020
0333320202
3333202020
3332020203
3320202033
3202020331
2020203313
0202033132
2020331320
0203313202
2033132021
0331320210
3313202103
3132021032
1320210322
3202103222
2021032223
0210322233
2103222331
1032223313
0322233131
3222331313
2223313132
2233131322
2331313223
3313132231
3131322313
1313223133
3132231333
1322313331
3223133310
2231333100
2313331000
3133310002
1333100020
3331000200
3310002002
3100020020
1000200202
0002002020
0020020200
0200202001
2002020012
0020200123
0202001231
2020012311
0200123113
2001231131
0012311310
0123113101
1231131010
2311310102
3113101020
1131010202
1310102022
3101020220
1010202202
0102022022
1020220222
0202202222
2022022223
0220222230
2202222300
2022223000
0222230003
2222300032
2223000321
2230003212
2300032122
3000321222
0003212222
0032122221
0321222211
3212222111
2122221110
1222211102
2222111020
2221110202
2211102022
2111020223
1110202232
1102022322
1020223223
0202232233
2022322332
0223223323
2232233230
2322332300
3223323002
2233230022
2332300222
3323002223
3230022231
2300222313
3002223132
0022231322
0222313222
2223132222
2231322223
2313222232
3132222323
1322223232
3222232322
2222323223
2223232233
2232322332
2323223322
3232233223
2322332232
3223322321
2233223210
2332232101
3322321010
3223210101
2232101010
2321010101
3210101011
2101010111
1010101113
0101011131
1010111310
0101113102
1011131022
0111310221
1113102211
1131022113
1310221131
3102211312
1022113123
0221131233
2211312331
2113123310
1131233102
1312331023
3123310233
1233102332
2331023323
3310233232
3102332323
1023323232
0233232323
2332323232
3323232323
3232323231
2323232311
3232323113
2323231132
3232311321
2323113213
3231132131
2311321311
3113213110
1132131102
1321311022
3213110222
2131102221
1311022210
3110222102
1102221023
1022210231
0222102310
2221023102
2210231021
2102310211
1023102111
0231021111
2310211113
3102111133
1021111330
0211113303
2111133032
1111330321
1113303212
1133032123
1330321233
3303212333
3032123331
0321233312
3212333123
2123331231
1233312310
2333123103
3331231032
3312310322
3123103222
1231032220
2310322200
3103222003
1032220031
0322200313
3222003133
2220031330
2200313302
2003133021
0031330211
0313302110
3133021103
1330211031
3302110313
3021103133
0211031331
2110313313
1103133133
1031331330
0313313301
3133133011
1331330113
3313301133
3133011332
1330113323
3301133232
3011332320
0113323203
1133232032
1332320323
3323203230
3232032302
2320323022
3203230221
2032302211
0323022113
3230221131
2302211312
3022113122
0221131221
2211312211
2113122110
1131221101
1312211013
3122110133
1221101330
2211013300
2110133002
1101330022
1013300222
0133002222
1330022222
3300222220
3002222200
0022222002
0222220020
2222200202
2222002020
2220020202
2200202023
2002020230
0020202300
0202023000
2020230003
0202300030
2023000303
0230003032
2300030320
3000303200
0003032002
0030320022
0303200220
3032002202
0320022023
3200220233
2002202330
0022023303
0220233033
2202330333
2023303332
0233033323
2330333230
3303332303
3033323032
0333230320
3332303202
3323032021
3230320211
2303202110
3032021102
0320211021
3202110210
2021102102
0211021022
2110210220
1102102202
1021022020
0210220202
2102202022
1022020222
0220202220
2202022202
2020222022
0202220222
2022202222
0222022220
2220222200
2202222000
2022220002
0222200021
2222000211
2220002110
2200021103
2000211033
0002110331
0021103313
0211033133
2110331331
1103313310
1033133102
0331331021
3313310213
3133102132
1331021322
3310213220
3102132200
1021322000
0213220000
2132200002
1322000020
3220000200
2200002000
2000020000
0000200002
0002000022
0020000221
0200002210
2000022102
0000221020
0002210202
0022102020
0221020201
2210202010
2102020100
1020201001
0202010013
2020100130
0201001300
2010013001
0100130013
1001300132
0013001320
0130013200
1300132000
3001320003
0013200032
0132000323
1320003232
3200032320
2000323201
0003232013
0032320132
0323201320
3232013202
2320132020
3201320203
2013202032
0132020321
1320203213
3202032133
2020321333
0203213333
2032133332
0321333320
3213333203
2133332033
1333320333
3333203333
3332033331
3320333311
3203333111
2033331110
0333311102
3333111023
3331110231
3311102310
3111023101
1110231011
1102310110
1023101101
0231011012
2310110120
3101101203
1011012033
0110120332
1101203323
1012033230
0120332300
1203323000
2033230000
0332300000
3323000003
3230000030
2300000303
3000003032
0000030322
0000303223
0003032232
0030322322
0303223220
3032232202
0322322023
3223220230
2232202303
2322023033
3220230330
2202303303
2023033032
0230330322
2303303223
3033032230
0330322302
3303223023
3032230232
0322302323
3223023230
2230232302
2302323020
3023230202
0232302020
2323020200
3230202000
2302020001
3020200013
0202000132
2020001323
0200013232
2000132323
0001323232
0013232323
0132323233
1323232332
3232323321
2323233213
3232332133
2323321332
3233213323
2332133231
3321332313
3213323130
2133231300
1332313000
3323130002
3231300022
2313000220
3130002202
1300022020
3000220201
0002202010
0022020102
0220201020
2202010201
2020102013
0201020133
2010201333
0102013333
1020133330
0201333301
2013333010
0133330102
1333301023
3333010232
3330102323
3301023233
3010232331
0102323313
1023233132
0232331320
2323313202
3233132023
2331320230
3313202303
3132023032
1320230321
3202303213
2023032130
0230321300
2303213000
3032130000
0321300003
3213000030
2130000301
1300003011
3000030113
0000301132
0003011323
0030113233
0301132330
3011323302
0113233020
1132330203
1323302031
3233020311
2330203110
3302031102
3020311020
0203110202
2031102020
0311020203
3110202033
1102020331
1020203310
0202033100
2020331000
0203310001
2033100010
0331000103
3310001033
3100010331
1000103313
0001033132
0010331323
0103313230
1033132300
0331323003
3313230030
3132300303
1323003030
3230030301
2300303011
3003030113
0030301131
0303011310
3030113103
0301131032
3011310321
0113103211
1131032113
1310321133
3103211330
1032113300
0321133002
3211330020
2113300200
1133002000
1330020000
3300200001
3002000011
0020000111
0200001113
2000011131
0000111311
0001113113
0011131132
0111311321
1113113213
1131132130
1311321300
3113213000
1132130000
1321300002
3213000023
2130000232
1300002320
3000023202
0000232021
0002320210
0023202100
0232021002
2320210020
3202100200
2021002000
0210020002
2100200023
1002000230
0020002303
0200023032
2000230320
0002303202
0023032022
0230320223
2303202233
3032022333
0320223331
3202233311
2022333113
0223331130
2233311301
2333113013
3331130132
3311301322
3113013220
1130132203
1301322031
3013220312
0132203120
1322031200
3220312000
2203120000
2031200001
0312000010
3120000101
1200001013
2000010132
0000101320
0001013200
0010132002
0101320023
1013200233
0132002333
1320023332
3200233322
2002333220
0023332203
0233322033
2333220330
3332203303
3322033031
3220330310
2203303101
2033031013
0330310133
3303101330
3031013303
0310133033
3101330333
1013303330
0133033301
1330333012
3303330120
3033301200
0333012001
3330120013
3301200133
3012001333
0120013333
1200133331
2001333310
0013333101
0133331013
1333310132
3333101320
3331013203
3310132033
3101320330
1013203300
0132033000
1320330003
3203300032
2033000320
0330003200
3300032001
3000320013
0003200131
0032001313
0320013132
3200131322
2001313223
0013132231
0131322310
1313223103
3132231033
1322310330
3223103300
2231033000
2310330000
3103300000
1033000001
0330000010
3300000100
3000001000
0000010002
0000100020
0001000203
0010002033
0100020333
1000203333
0002033330
0020333300
0203333002
2033330021
0333300210
3333002102
3330021023
3300210230
3002102302
0021023023
0210230232
2102302320
1023023203
0230232033
2302320330
3023203303
0232033032
2320330323
3203303230
2033032302
0330323020
3303230200
3032302000
0323020001
3230200010
2302000103
3020001031
0200010312
2000103123
0001031230
0010312301
0103123010
1031230101
0312301012
3123010122
1230101222
2301012223
3010122232
0101222322
1012223222
0122232223
1222322231
2223222310
2232223102
2322231023
3222310231
2223102313
2231023132
2310231321
3102313211
1023132111
0231321113
2313211130
3132111302
1321113020
3211130203
2111302032
1113020320
1130203202
1302032020
3020320200
0203202003
2032020031
0320200313
3202003133
2020031331
0200313313
2003133130
0031331300
0313313001
3133130010
1331300100
3313001003
3130010033
1300100333
3001003331
0010033313
0100333130
1003331303
0033313031
0333130310
3331303103
3313031032
3130310320
1303103200
3031032000
0310320000
3103200001
1032000013
0320000130
3200001301
2000013011
0000130110
0001301101
0013011010
0130110102
1301101023
3011010232
0110102320
1101023200
1010232002
0102320020
1023200200
0232002002
2320020022
3200200223
2002002233
0020022331
0200223313
2002233132
0022331323
0223313233
2233132331
2331323310
3313233103
3132331031
1323310310
3233103102
2331031022
3310310220
3103102203
1031022032
0310220320
3102203202
1022032021
0220320212
2203202120
2032021202
0320212021
3202120211
2021202110
0212021102
2120211022
1202110222
2021102222
0211022222
2110222223
1102222230
1022222300
0222223003
2222230032
2222300322
2223003222
2230032223
2300322231
3003222311
0032223113
0322231131
3222311311
2223113110
2231131102
2311311023
3113110230
1131102303
1311023031
3110230311
1102303111
1023031113
0230311132
2303111320
3031113202
0311132020
3111320202
1113202022
1132020223
1320202230
3202022301
2020223011
0202230110
2022301100
0223011003
2230110032
2301100323
3011003232
0110032321
1100323213
1003232130
0032321303
0323213031
3232130311
2321303113
3213031133
2130311332
1303113323
3031133233
0311332331
3113323311
1133233110
1332331102
3323311023
3233110232
2331102321
3311023211
3110232110
1102321103
1023211031
0232110312
2321103122
3211031220
2110312202
1103122023
1031220233
0312202333
3122023331
1220233311
2202333113
2023331131
0233311313
2333113131
3331131313
3311313131
3113131313
1131313132
1313131322
3131313222
1313132220
3131322201
1313222010
3132220103
1322201032
3222010323
2220103232
2201032320
2010323203
0103232031
1032320311
0323203111
3232031110
2320311102
3203111021
2031110213
0311102131
3111021310
1110213101
1102131010
1021310101
0213101010
2131010102
1310101022
3101010220
1010102200
0101022001
1010220010
0102200101
1022001010
0220010100
2200101002
2001010023
0010100233
0101002333
1010023332
0100233321
1002333211
0023332112
0233321120
2333211200
3332112002
3321120021
3211200210
2112002103
1120021030
1200210301
2002103010
0021030100
0210301000
2103010001
1030100010
0301000102
3010001021
0100010210
1000102103
0001021030
0010210300
0102103001
1021030011
0210300113
2103001132
1030011323
0300113230
3001132301
0011323010
0113230102
1132301021
1323010213
3230102130
2301021303
3010213031
0102130310
1021303102
0213031020
2130310203
1303102032
3031020323
0310203232
3102032322
1020323220
0203232201
2032322013
0323220132
3232201320
2322013200
3220132000
2201320002
2013200022
0132000222
1320002222
3200022222
2000222220
0002222203
0022222033
0222220333
2222203333
2222033331
2220333311
2203333113
2033331132
0333311320
3333113202
3331132023
3311320232
3113202322
1132023221
1320232213
3202322130
2023221303
0232213032
2322130321
3221303210
2213032101
2130321010
1303210100
3032101000
0321010002
3210100022
2101000220
1010002200
0100022001
1000220013
0002200133
0022001330
0220013300
2200133002
2001330020
0013300202
0133002020
1330020201
3300202012
3002020123
0020201232
0202012321
2020123213
0201232132
2012321322
0123213221
1232132213
2321322132
3213221320
2132213200
1322132002
3221320022
2213200223
2132002232
1320022320
3200223200
2002232000
0022320001
0223200013
2232000132
2320001320
3200013201
2000132010
0001320103
0013201032
0132010323
1320103233
3201032332
2010323321
0103233211
1032332112
0323321123
3233211232
2332112322
3321123223
3211232230
2112322302
1123223023
1232230233
2322302331
3223023313
2230233132
2302331320
3023313201
0233132011
2331320111
3313201113
3132011132
1320111322
3201113223
2011132233
0111322333
1113223333
1132233331
1322333310
3223333101
2233331010
2333310102
3333101020
3331010203
3310102032
3101020320
1010203200
0102032002
1020320023
0203200233
2032002331
0320023313
3200233133
2002331333
0023313331
0233133311
2331333110
3313331102
3133311022
1333110220
3331102200
3311022002
3110220022
1102200221
1022002210
0220022102
2200221023
2002210233
0022102332
0221023322
2210233222
2102332220
1023322200
0233222001
2332220011
3322200113
3222001132
2220011323
2200113233
2001132330
0011323300
0113233000
1132330000
1323300003
3233000030
2330000303
3300003032
3000030321
0000303210
0003032103
0030321032
0303210321
3032103210
0321032101
3210321010
2103210101
1032101010
0321010103
3210101030
2101010303
1010103032
0101030321
1010303210
0103032102
1030321023
0303210231
3032102310
0321023101
3210231013
2102310132
1023101321
0231013213
2310132133
3101321330
1013213301
0132133010
1321330103
3213301033
2133010330
1330103302
3301033023
3010330230
0103302302
1033023023
0330230230
3302302302
3023023022
0230230223
2302302232
3023022323
0230223231
2302232310
3022323101
0223231013
2232310133
2323101331
3231013310
2310133103
3101331033
1013310331
0133103313
1331033131
3310331313
3103313133
1033131333
0331313331
3313133313
3131333132
1313331321
3133313213
1333132133
3331321331
3313213311
3132133111
1321331111
3213311113
2133111131
1331111311
3311113110
3111131103
1111311033
1113110333
1131103333
1311033331
3110333310
1103333103
1033331032
0333310321
3333103211
3331032111
3310321113
3103211132
1032111323
0321113233
3211132333
2111323331
1113233313
1132333133
1323331333
3233313333
2333133331
3331333313
3313333132
3133331320
1333313201
3333132010
3331320101
3313201013
3132010132
1320101322
3201013223
2010132233
0101322332
1013223323
0132233232
1322332321
3223323211
2233232110
2332321100
3323211000
3232110002
2321100021
3211000210
2110002103
1100021031
1000210310
0002103101
0021031013
0210310133
2103101333
1031013332
0310133320
3101333202
1013332020
0133320202
1333202022
3332020220
3320202201
3202022010
2020220102
0202201021
2022010210
0220102103
2201021033
2010210333
0102103333
1021033333
0210333333
2103333330
1033333303
0333333030
3333330303
3333303033
3333030331
3330303313
3303033133
3030331332
0303313321
3033133213
0331332130
3313321302
3133213021
1332130210
3321302101
3213021013
2130210130
1302101302
3021013020
0210130201
2101302010
1013020103
0130201033
1302010331
3020103311
0201033111
2010331110
0103311100
1033111002
0331110021
3311100210
3111002100
1110021002
1100210020
1002100202
0021002022
0210020220
2100202201
1002022013
0020220132
0202201323
2022013232
0220132323
2201323230
2013232303
0132323030
1323230303
3232303030
2323030303
3230303030
2303030300
3030303000
0303030001
3030300010
0303000103
3030001030
0300010303
3000103032
0001030323
0010303230
0103032300
1030323002
0303230021
3032300210
0323002101
3230021011
2300210113
3002101131
0021011310
0210113100
2101131003
1011310033
0113100333
1131003333
1310033330
3100333301
1003333011
0033330113
0333301130
3333011301
3330113010
3301130101
3011301010
0113010100
1130101000
1301010000
3010100000
0101000002
1010000021
0100000210
1000002103
0000021031
0000210310
0002103103
0021031032
0210310320
2103103203
1031032032
0310320322
3103203220
1032032203
0320322032
3203220323
2032203232
0322032322
3220323222
2203232220
2032322200
0323222000
3232220002
2322200021
3222000211
2220002110
2200021103
2000211031
0002110311
0021103113
0211031132
2110311323
1103113233
1031132331
0311323313
3113233130
1132331300
1323313002
3233130021
2331300211
3313002110
3130021102
1300211023
3002110230
0021102303
0211023033
2110230330
1102303302
1023033020
0230330201
2303302010
3033020100
0330201002
3302010023
3020100232
0201002323
2010023233
0100232331
1002323310
0023233103
0232331033
2323310333
3233103331
2331033313
3310333131
3103331311
1033313113
0333131132
3331311320
3313113202
3131132022
1311320221
3113202210
1132022101
1320221011
3202210113
2022101132
0221011321
2210113211
2101132113
1011321131
0113211312
1132113121
1321131213
3211312131
2113121311
1131213110
1312131101
3121311013
1213110133
2131101332
1311013322
3110133223
1101332230
1013322302
0133223023
1332230233
3322302331
3223023313
2230233132
2302331323
3023313232
0233132323
2331323230
3313232303
3132323031
1323230313
3232303132
2323031323
3230313230
2303132302
3031323023
0313230230
3132302300
1323023003
3230230032
2302300321
3023003211
0230032110
2300321100
3003211003
0032110030
0321100303
3211003033
2110030331
1100303313
1003033132
0030331323
0303313230
3033132301
0331323013
3313230131
3132301311
1323013110
3230131101
2301311013
3013110133
0131101333
1311013333
3110133331
1101333311
1013333113
0133331133
1333311330
3333113303
3331133031
3311330311
3113303113
1133031131
1330311313
3303113133
3031131330
0311313300
3113133001
1131330013
1313300132
3133001321
1330013211
3300132110
3001321102
0013211020
0132110203
1321102030
3211020303
2110203030
1102030303
1020303033
0203030333
2030303333
0303033331
3030333310
0303333103
3033331031
0333310310
3333103100
3331031000
3310310001
3103100010
1031000103
0310001030
3100010301
1000103010
0001030103
0010301032
0103010320
1030103200
0301032002
3010320020
0103200203
1032002030
0320020300
3200203000
2002030000
0020300003
0203000030
2030000303
0300003031
3000030310
0000303102
0003031023
0030310232
0303102320
3031023201
0310232011
3102320113
1023201130
0232011300
2320113001
3201130013
2011300131
0113001310
1130013103
1300131033
3001310332
0013103321
0131033213
1310332130
3103321300
1033213000
0332130003
3321300030
3213000300
2130003000
1300030001
3000300013
0003000131
0030001310
0300013103
3000131031
0001310310
0013103102
0131031023
1310310230
3103102300
1031023000
0310230002
3102300023
1023000233
0230002333
2300023333
3000233332
0002333322
0023333221
0233332213
2333322131
3333221310
3332213103
3322131031
3221310311
2213103111
2131031110
1310311102
3103111022
1031110221
0311102210
3111022101
1110221010
1102210100
1022101000
0221010002
2210100020
2101000203
1010002032
0100020320
1000203200
0002032003
0020320030
0203200303
2032003033
0320030330
3200303303
2003033032
0030330323
0303303230
3033032300
0330323001
3303230013
3032300130
0323001303
3230013032
2300130323
3001303230
0013032300
0130323000
1303230001
3032300010
0323000103
3230001032
2300010320
3000103200
0001032003
0010320032
0103200321
1032003212
0320032120
3200321201
2003212010
0032120101
0321201010
3212010101
2120101012
1201010123
2010101232
0101012321
1010123211
0101232112
1012321121
0123211210
1232112101
2321121012
3211210123
2112101231
1121012313
1210123130
2101231302
1012313020
0123130202
1231302022
2313020220
3130202202
1302022021
3020220211
0202202111
2022021110
0220211100
2202111002
2021110021
0211100210
2111002103
1110021031
1100210310
1002103101
0021031010
0210310101
2103101013
1031010133
0310101333
3101013332
1010133320
0101333202
1013332020
0133320200
1333202000
3332020001
3320200010
3202000101
2020001013
0200010131
2000101313
0001013133
0010131331
0101313313
1013133132
0131331320
1313313200
3133132002
1331320022
3313200220
3132002203
1320022030
3200220300
2002203001
0022030011
0220300110
2203001101
2030011010
0300110102
3001101022
0011010220
0110102202
1101022021
1010220213
0102202132
1022021323
0220213231
2202132310
2021323102
0213231020
2132310202
1323102020
3231020203
2310202033
3102020332
1020203320
0202033202
2020332020
0203320200
2033202003
0332020030
3320200300
3202003003
2020030033
0200300333
2003003333
0030033331
0300333310
3003333101
0033331013
0333310133
3333101333
3331013331
3310133313
3101333130
1013331303
0133313030
1333130303
3331303032
3313030323
3130303230
1303032300
3030323001
0303230010
3032300101
0323001013
3230010130
2300101302
3001013023
0010130232
0101302320
1013023201
0130232011
1302320110
3023201101
0232011013
2320110133
3201101330
2011013300
0110133000
1101330001
1013300010
0133000102
1330001022
3300010222
3000102220
0001022202
0010222021
0102220210
1022202103
0222021032
2220210321
2202103213
2021032130
0210321301
2103213012
1032130123
0321301232
3213012322
2130123223
1301232233
3012322331
0123223310
1232233100
2322331001
3223310010
2233100100
2331001003
3310010031
3100100310
1001003100
0010031001
0100310013
1003100132
0031001323
0310013230
3100132303
1001323033
0013230332
0132303323
1323033233
3230332330
2303323303
3033233031
0332330310
3323303102
3233031023
2330310232
3303102322
3031023222
0310232222
3102322222
1023222220
0232222201
2322222010
3222220102
2222201021
2222010211
2220102113
2201021131
2010211312
0102113123
1021131231
0211312313
2113123131
1131231313
1312313133
3123131333
1231313332
2313133323
3131333231
1313332313
3133323133
1333231331
3332313313
3323133132
3231331320
2313313200
3133132000
1331320000
3313200000
3132000001
1320000013
3200000132
2000001321
0000013210
0000132100
0001321002
0013210021
0132100211
1321002111
3210021110
2100211103
1002111033
0021110330
0211103301
2111033010
1110330103
1103301033
1033010333
0330103333
3301033331
3010333310
0103333102
1033331022
0333310223
3333102233
3331022332
3310223323
3102233232
1022332321
0223323211
2233232113
2332321133
3323211330
3232113301
2321133013
3211330130
2113301301
1133013013
1330130132
3301301321
3013013213
0130132130
1301321300
3013213002
0132130020
1321300203
3213002033
2130020332
1300203322
3002033223
0020332233
0203322331
2033223310
0332233103
3322331033
3223310333
2233103333
2331033331
3310333313
3103333131
1033331313
0333313130
3333131302
3331313023
3313130233
3131302332
1313023323
3130233231
1302332313
3023323133
0233231333
2332313330
3323133303
3231333033
2313330332
3133303322
1333033223
3330332230
3303322303
3033223031
0332230310
3322303101
3223031013
2230310133
2303101331
3031013313
0310133131
3101331310
1013313103
0133131032
1331310323
3313103230
3131032300
1310323000
3103230003
1032300032
0323000322
3230003223
2300032230
3000322302
0003223023
0032230231
0322302310
3223023100
2230231002
2302310023
3023100231
0231002313
2310023133
3100231330
1002313300
0023133000
0231330000
2313300002
3133000021
1330000211
3300002113
3000021132
0000211323
0002113230
0021132303
0211323031
2113230311
1132303110
1323031101
3230311010
2303110102
3031101020
0311010203
3110102030
1101020300
1010203002
0102030023
1020300231
0203002310
2030023100
0300231003
3002310030
0023100300
0231003000
2310030001
3100300010
1003000100
0030001001
0300010013
3000100133
0001001331
0010013310
0100133101
1001331011
0013310111
0133101113
1331011132
3310111320
3101113202
1011132020
0111320202
1113202020
1132020203
1320202032
3202020322
2020203223
0202032232
2020322320
0203223201
2032232011
0322320113
3223201131
2232011310
2320113100
