122113100010032
221131000100320
211310001003201
113100010032011
131000100320111
310001003201111
100010032011112
000100320111120
001003201111202
010032011112020
100320111120203
003201111202032
032011112020322
320111120203220
201111202032201
011112020322012
111120203220122
111202032201222
112020322012222
120203220122220
202032201222202
020322012222022
203220122220220
032201222202201
322012222022012
220122220220122
201222202201222
012222022012222
122220220122223
222202201222233
222022012222333
220220122223331
202201222233311
022012222333113
220122223331133
201222233311331
012222333113310
122223331133103
222233311331031
222333113310310
223331133103102
233311331031023
333113310310231
331133103102311
311331031023110
113310310231101
133103102311013
331031023110132
310310231101322
103102311013222
031023110132221
310231101322210
102311013222103
023110132221031
231101322210311
311013222103113
110132221031132
101322210311323
013222103113230
132221031132301
322210311323010
222103113230101
221031132301011
210311323010111
103113230101111
031132301011110
311323010111102
113230101111021
132301011110213
323010111102133
230101111021333
301011110213330
010111102133300
101111021333000
011110213330000
111102133300002
111021333000023
110213330000232
102133300002320
021333000023203
213330000232032
133300002320322
333000023203220
330000232032202
300002320322022
000023203220222
000232032202221
002320322022211
023203220222110
232032202221103
320322022211032
203220222110322
032202221103222
322022211032222
220222110322220
202221103222200
022211032222002
222110322220023
221103222200232
211032222002320
110322220023200
103222200232003
032222002320030
322220023200303
222200232003033
222002320030330
220023200303300
200232003033002
002320030330021
023200303300210
232003033002103
320030330021033
200303300210330
003033002103301
030330021033011
303300210330113
033002103301130
330021033011300
300210330113000
002103301130001
021033011300013
210330113000132
103301130001321
033011300013210
330113000132102
301130001321021
011300013210211
113000132102110
130001321021101
300013210211013
000132102110132
001321021101323
013210211013232
132102110132320
321021101323202
210211013232022
102110132320223
021101323202230
211013232022302
110132320223020
101323202230203
013232022302032
132320223020320
323202230203202
232022302032023
320223020320232
202230203202321
022302032023211
223020320232110
230203202321101
302032023211010
020320232110103
203202321101032
032023211010322
320232110103220
202321101032201
023211010322011
232110103220111
321101032201111
211010322011112
110103220111120
101032201111202
010322011112020
103220111120202
032201111202021
322011112020211
220111120202110
201111202021101
011112020211010
111120202110100
111202021101002
112020211010022
120202110100223
202021101002231
020211010022310
202110100223103
021101002231031
211010022310313
110100223103132
101002231031321
010022310313213
100223103132133
002231031321331
022310313213313
223103132133132
231031321331323
310313213313232
103132133132320
031321331323201
313213313232011
132133132320110
321331323201103
213313232011032
133132320110322
331323201103222
313232011032220
132320110322201
323201103222010
232011032220102
320110322201023
201103222010232
011032220102321
110322201023213
103222010232132
032220102321322
322201023213221
222010232132213
220102321322132
201023213221320
010232132213202
102321322132022
023213221320220
232132213202203
321322132022032
213221320220322
132213202203223
322132022032232
221320220322323
213202203223231
132022032232313
320220322323131
202203223231311
022032232313113
220322323131132
203223231311321
032232313113210
322323131132103
223231311321033
232313113210332
323131132103323
231311321033232
313113210332323
131132103323231
311321033232311
113210332323111
132103323231111
321033232311111
210332323111110
103323231111101
033232311111010
332323111110101
323231111101011
232311111010113
323111110101132
231111101011320
311111010113202
111110101132021
111101011320211
111010113202111
110101132021111
101011320211110
010113202111101
101132021111011
011320211110113
113202111101132
132021111011321
320211110113211
202111101132112
021111011321121
211110113211213
111101132112131
111011321121313
110113211213131
101132112131312
011321121313121
113211213131213
132112131312132
321121313121322
211213131213223
112131312132231
121313121322311
213131213223113
131312132231131
313121322311313
131213223113131
312132231131313
121322311313132
213223113131323
132231131313231
322311313132312
223113131323123
231131313231232
311313132312320
113131323123201
131313231232011
313132312320113
131323123201131
313231232011310
132312320113102
323123201131021
231232011310211
312320113102111
123201131021113
232011310211133
320113102111332
201131021113323
011310211133232
113102111332322
131021113323221
310211133232210
102111332322102
021113323221021
211133232210211
111332322102111
113323221021113
133232210211132
332322102111322
323221021113223
232210211132231
322102111322313
221021113223133
210211132231332
102111322313322
021113223133221
211132231332213
111322313322133
113223133221333
132231332213331
322313322133313
223133221333131
231332213331311
313322133313112
133221333131122
332213331311221
322133313112210
221333131122103
213331311221031
133313112210310
333131122103103
331311221031032
313112210310320
131122103103203
311221031032033
112210310320332
122103103203323
221031032033232
210310320332323
103103203323230
031032033232301
310320332323011
103203323230112
032033232301121
320332323011211
203323230112112
033232301121122
332323011211220
323230112112200
232301121122002
323011211220021
230112112200210
301121122002101
011211220021011
112112200210110
121122002101102
211220021011022
112200210110220
122002101102202
220021011022021
200210110220213
002101102202132
021011022021321
210110220213212
101102202132120
011022021321202
110220213212021
102202132120211
022021321202110
220213212021103
202132120211032
021321202110321
213212021103210
132120211032102
321202110321020
212021103210203
120211032102032
202110321020322
021103210203220
211032102032202
110321020322021
103210203220213
032102032202133
321020322021331
210203220213310
102032202133102
020322021331020
203220213310202
032202133102021
322021331020211
220213310202111
202133102021113
021331020211132
213310202111320
133102021113202
331020211132023
310202111320230
102021113202301
020211132023010
202111320230100
021113202301002
211132023010021
111320230100213
113202301002130
132023010021300
320230100213002
202301002130021
023010021300210
230100213002100
301002130021002
010021300210021
100213002100213
002130021002133
021300210021333
213002100213332
130021002133321
300210021333210
002100213332101
021002133321011
210021333210113
100213332101131
002133321011312
021333210113120
213332101131201
133321011312011
333210113120110
332101131201103
321011312011031
210113120110310
101131201103103
011312011031032
113120110310320
131201103103201
312011031032013
120110310320132
201103103201320
011031032013201
110310320132013
103103201320130
031032013201301
310320132013010
103201320130100
032013201301001
320132013010011
201320130100111
013201301001111
132013010011110
320130100111100
201301001111001
013010011110013
130100111100130
301001111001301
010011110013013
100111100130132
001111001301321
011110013013213
111100130132133
111001301321333
110013013213332
100130132133321
001301321333213
013013213332132
130132133321322
301321333213221
013213332132210
132133321322100
321333213221002
213332132210020
133321322100201
333213221002011
332132210020113
321322100201131
213221002011311
132210020113113
322100201131131
221002011311311
210020113113110
100201131131103
002011311311031
020113113110310
201131131103102
011311311031023
113113110310232
131131103102320
311311031023201
113110310232011
131103102320113
311031023201132
110310232011320
103102320113200
031023201132002
310232011320022
102320113200220
023201132002202
232011320022022
320113200220223
201132002202232
011320022022321
113200220223211
132002202232113
320022022321131
200220223211312
002202232113122
022022321131220
220223211312200
202232113122002
022321131220020
223211312200200
232113122002001
321131220020010
211312200200103
113122002001031
131220020010310
312200200103101
122002001031011
220020010310111
200200103101113
002001031011131
020010310111310
200103101113103
001031011131031
010310111310311
103101113103112
031011131031122
310111310311222
101113103112222
011131031122223
111310311222231
113103112222313
131031122223132
310311222231322
103112222313222
031122223132221
311222231322211
112222313222110
122223132221103
222231322211032
222313222110322
223132221103223
231322211032232
313222110322321
132221103223212
322211032232123
222110322321233
221103223212333
211032232123332
110322321233322
103223212333222
032232123332222
322321233322220
223212333222202
232123332222022
321233322220223
212333222202232
123332222022323
233322220223230
333222202232303
332222022323032
322220223230320
222202232303200
222022323032002
220223230320022
202232303200223
022323032002231
223230320022310
232303200223102
323032002231022
230320022310223
303200223102232
032002231022323
320022310223231
200223102232313
002231022323132
022310223231322
223102232313220
231022323132202
310223231322023
102232313220232
022323132202321
223231322023211
232313220232111
323132202321110
231322023211102
313220232111023
132202321110232
322023211102320
220232111023201
202321110232011
023211102320111
232111023201110
321110232011100
211102320111002
111023201110021
110232011100211
102320111002111
023201110021111
232011100211111
320111002111113
201110021111132
011100211111321
111002111113210
110021111132100
100211111321002
002111113210023
021111132100230
211111321002302
111113210023021
111132100230213
111321002302132
113210023021323
132100230213232
321002302132320
210023021323200
100230213232002
002302132320020
023021323200201
230213232002012
302132320020121
021323200201213
213232002012132
132320020121321
323200201213211
232002012132113
320020121321132
200201213211320
002012132113202
020121321132022
201213211320223
012132113202232
121321132022323
213211320223232
132113202232323
321132022323233
211320223232331
113202232323313
132022323233132
320223232331320
202232323313200
022323233132001
223232331320010
232323313200102
323233132001022
232331320010220
323313200102203
233132001022032
331320010220320
313200102203200
132001022032001
320010220320013
200102203200132
001022032001322
010220320013220
102203200132203
022032001322033
220320013220333
203200132203331
032001322033311
320013220333113
200132203331131
001322033311310
013220333113103
132203331131032
322033311310322
220333113103220
203331131032200
033311310322002
333113103220021
331131032200211
311310322002113
113103220021133
131032200211332
310322002113320
103220021133203
032200211332033
322002113320330
220021133203303
200211332033031
002113320330310
021133203303102
211332033031021
113320330310210
133203303102100
332033031021000
320330310210003
203303102100033
033031021000331
330310210003310
303102100033100
031021000331001
310210003310011
102100033100110
021000331001101
210003310011011
100033100110110
000331001101102
003310011011020
033100110110200
331001101102001
310011011020010
100110110200103
001101102001031
011011020010312
110110200103123
101102001031232
011020010312321
110200103123212
102001031232121
020010312321213
200103123212132
001031232121323
010312321213230
103123212132303
031232121323033
312321213230332
123212132303322
232121323033222
321213230332222
212132303322223
121323033222232
213230332222320
132303322223202
323033222232023
230332222320231
303322223202313
033222232023132
332222320231321
322223202313210
222232023132100
222320231321002
223202313210021
232023132100211
320231321002111
202313210021113
023132100211132
231321002111321
313210021113211
132100211132111
321002111321111
210021113211112
100211132111120
002111321111203
021113211112033
211132111120333
111321111203330
113211112033303
132111120333031
321111203330311
211112033303113
111120333031132
111203330311321
112033303113213
120333031132132
203330311321322
033303113213220
333031132132202
330311321322021
303113213220213
031132132202131
311321322021310
113213220213103
132132202131032
321322021310322
213220213103221
132202131032212
322021310322122
220213103221222
202131032212220
021310322122202
213103221222022
131032212220220
310322122202202
103221222022020
032212220220201
322122202202011
221222022020113
212220220201131
122202202011310
222022020113100
220220201131002
202202011310023
022020113100231
220201131002311
202011310023113
020113100231133
201131002311331
011310023113311
113100231133113
131002311331131
310023113311311
100231133113112
002311331131122
023113311311222
231133113112220
311331131122202
113311311222020
133113112220201
331131122202011
311311222020111
113112220201112
131122202011123
311222020111231
112220201112311
122202011123113
222020111231131
220201112311312
202011123113121
020111231131211
201112311312111
011123113121112
111231131211120
112311312111200
123113121112001
231131211120011
311312111200110
113121112001102
131211120011021
312111200110211
121112001102111
211120011021113
111200110211131
112001102111311
120011021113113
200110211131131
001102111311311
011021113113111
110211131131113
102111311311132
021113113111322
211131131113221
111311311132211
113113111322110
131131113221103
311311132211032
113111322110321
131113221103213
311132211032132
111322110321322
113221103213220
132211032132201
322110321322011
221103213220113
211032132201133
110321322011331
103213220113313
032132201133132
321322011331321
213220113313210
132201133132101
322011331321012
220113313210123
201133132101232
011331321012322
113313210123221
133132101232213
331321012322131
313210123221312
132101232213122
321012322131222
210123221312220
101232213122201
012322131222010
123221312220103
232213122201031
322131222010312
221312220103121
213122201031211
131222010312113
312220103121132
122201031211323
222010312113232
220103121132322
201031211323221
010312113232213
103121132322132
031211323221323
312113232213231
121132322132310
211323221323102
113232213231023
132322132310230
323221323102303
232213231023033
322132310230333
221323102303332
213231023033322
132310230333220
323102303332202
231023033322022
310230333220220
102303332202200
023033322022000
230333220220000
303332202200003
033322022000031
333220220000310
332202200003101
322022000031013
220220000310133
202200003101331
022000031013310
220000310133103
200003101331031
000031013310311
000310133103110
003101331031101
031013310311011
310133103110112
101331031101122
013310311011222
133103110112220
331031101122201
310311011222010
103110112220103
031101122201033
311011222010332
110112220103321
101122201033213
011222010332132
112220103321321
122201033213211
222010332132110
220103321321102
201033213211022
010332132110220
103321321102200
033213211022001
332132110220013
321321102200132
213211022001321
132110220013211
321102200132113
211022001321131
110220013211313
102200132113133
022001321131332
220013211313320
200132113133201
001321131332012
013211313320123
132113133201232
321131332012323
211313320123231
113133201232311
131332012323110
313320123231102
133201232311022
332012323110221
320123231102211
201232311022111
012323110221113
123231102211132
232311022111322
323110221113221
231102211132211
311022111322112
110221113221120
102211132211202
022111322112023
221113221120232
211132211202322
111322112023221
113221120232211
132211202322110
322112023221100
221120232211002
211202322110020
112023221100203
120232211002031
202322110020312
023221100203122
232211002031220
322110020312202
221100203122020
211002031220201
110020312202013
100203122020133
002031220201333
020312202013332
203122020133322
031220201333220
312202013332200
122020133322003
220201333220032
202013332200322
020133322003221
201333220032211
013332200322111
133322003221112
333220032211120
332200322111202
322003221112020
220032211120201
200322111202010
003221112020103
032211120201031
322111202010313
221112020103130
211120201031301
111202010313010
112020103130102
120201031301020
202010313010202
020103130102021
201031301020212
010313010202120
103130102021202
031301020212021
313010202120213
130102021202130
301020212021301
010202120213013
102021202130130
020212021301301
202120213013011
021202130130112
212021301301120
120213013011200
202130130112000
021301301120002
213013011200022
130130112000222
301301120002220
013011200022202
130112000222022
301120002220221
011200022202213
112000222022132
120002220221323
200022202213232
000222022132321
002220221323212
022202213232120
222022132321203
220221323212032
202213232120321
022132321203213
221323212032132
213232120321321
132321203213211
323212032132112
232120321321122
321203213211223
212032132112231
120321321122310
203213211223100
032132112231000
321321122310003
213211223100032
132112231000322
321122310003220
211223100032203
112231000322032
122310003220321
223100032203211
231000322032113
310003220321131
100032203211311
000322032113110
003220321131102
032203211311020
322032113110200
220321131102002
203211311020021
032113110200211
321131102002113
211311020021133
113110200211331
131102002113310
311020021133103
110200211331032
102002113310322
020021133103220
200211331032200
002113310322002
021133103220022
211331032200220
113310322002200
133103220022003
331032200220030
310322002200303
103220022003033
032200220030333
322002200303330
220022003033301
200220030333013
002200303330133
022003033301331
220030333013313
200303330133130
003033301331300
030333013313000
303330133130000
033301331300001
333013313000010
330133130000102
301331300001020
013313000010201
133130000102010
331300001020101
313000010201012
130000102010123
300001020101232
000010201012322
000102010123223
001020101232231
010201012322311
102010123223113
020101232231133
201012322311333
010123223113332
101232231133322
012322311333220
123223113332202
232231133322023
322311333220232
223113332202321
231133322023213
311333220232132
113332202321321
133322023213213
333220232132132
332202321321323
322023213213232
220232132132322
202321321323222
023213213232220
232132132322200
321321323222000
213213232220003
132132322200030
321323222000303
213232220003033
132322200030333
323222000303333
232220003033331
322200030333313
222000303333131
220003033331313
200030333313133
000303333131332
003033331313322
030333313133220
303333131332203
033331313322030
333313133220301
333131332203010
331313322030103
313133220301032
131332203010321
313322030103211
133220301032110
332203010321103
322030103211030
220301032110301
203010321103011
030103211030111
301032110301113
010321103011130
103211030111302
032110301113021
321103011130210
211030111302100
110301113021000
103011130210000
030111302100002
301113021000021
011130210000210
111302100002100
113021000021001
130210000210011
302100002100110
021000021001102
210000210011022
100002100110220
000021001102200
000210011022002
002100110220023
021001102200233
210011022002331
100110220023313
001102200233132
011022002331322
110220023313220
102200233132202
022002331322023
220023313220233
200233132202331
002331322023312
023313220233123
233132202331231
331322023312310
313220233123101
132202331231011
322023312310110
220233123101102
202331231011021
023312310110212
233123101102122
331231011021220
312310110212202
123101102122022
231011021220220
310110212202201
101102122022012
011021220220122
110212202201220
102122022012203
021220220122032
212202201220322
122022012203220
220220122032201
202201220322011
022012203220111
220122032201110
201220322011101
012203220111011
122032201110113
220322011101130
203220111011300
032201110113002
322011101130020
220111011300200
201110113002001
011101130020013
111011300200132
110113002001323
101130020013231
011300200132311
113002001323113
130020013231132
300200132311322
002001323113222
020013231132221
200132311322211
001323113222111
013231132221112
132311322211123
323113222111230
231132221112303
311322211123030
113222111230301
132221112303011
322211123030112
222111230301122
221112303011220
211123030112203
111230301122030
112303011220300
123030112203003
230301122030032
303011220300320
030112203003201
301122030032011
011220300320111
112203003201110
122030032011102
220300320111023
203003201110232
030032011102321
300320111023213
003201110232132
032011102321322
320111023213221
201110232132210
011102321322100
111023213221001
110232132210010
102321322100103
023213221001031
232132210010310
321322100103102
213221001031021
132210010310211
322100103102113
221001031021132
210010310211320
100103102113200
001031021132002
010310211320020
103102113200203
031021132002030
310211320020302
102113200203022
021132002030221
211320020302211
113200203022111
132002030221110
320020302211100
200203022111001
002030221110013
020302211100133
203022111001333
030221110013332
302211100133321
022111001333211
221110013332110
211100133321103
111001333211030
110013332110300
100133321103003
001333211030033
013332110300333
133321103003333
333211030033332
332110300333322
321103003333220
211030033332202
110300333322020
103003333220202
030033332202022
300333322020220
003333220202203
033332202022033
333322020220332
333220202203320
332202022033200
322020220332003
220202203320030
202022033200301
020220332003013
202203320030132
022033200301321
220332003013210
203320030132101
033200301321011
332003013210111
320030132101110
200301321011102
003013210111022
030132101110220
301321011102201
013210111022011
132101110220111
321011102201110
210111022011102
101110220111020
011102201110201
111022011102012
110220111020123
102201110201232
022011102012320
220111020123203
201110201232031
011102012320310
111020123203100
110201232031001
102012320310010
020123203100101
201232031001011
012320310010112
123203100101121
232031001011213
320310010112133
203100101121333
031001011213332
310010112133321
100101121333211
001011213332111
010112133321110
101121333211103
011213332111030
112133321110302
121333211103020
213332111030202
133321110302023
333211103020230
332111030202303
321110302023032
211103020230322
111030202303221
110302023032211
103020230322111
030202303221110
302023032211101
020230322111013
202303221110131
023032211101312
230322111013123
303221110131232
032211101312322
322111013123220
221110131232202
211101312322022
111013123220220
110131232202202
101312322022022
013123220220220
131232202202200
312322022022002
123220220220020
232202202200200
322022022002000
220220220020000
202202200200002
022022002000022
220220020000223
202200200002232
022002000022321
220020000223211
200200002232111
002000022321110
020000223211103
200002232111032
000022321110320
000223211103202
002232111032022
022321110320221
223211103202211
232111032022111
321110320221111
211103202211110
111032022111100
110320221111002
103202211110020
032022111100201
320221111002011
202211110020111
022111100201112
221111002011122
211110020111220
111100201112202
111002011122022
110020111220222
100201112202223
002011122022230
020111220222303
201112202223032
011122022230321
111220222303211
112202223032113
122022230321131
220222303211311
202223032113113
022230321131131
222303211311313
223032113113131
230321131131311
303211311313113
032113113131130
321131131311302
211311313113023
113113131130231
131131311302313
311313113023131
113131130231311
131311302313111
313113023131111
131130231311113
311302313111131
113023131111311
130231311113110
302313111131101
023131111311010
231311113110100
313111131101002
131111311010021
311113110100213
111131101002130
111311010021300
113110100213000
131101002130001
311010021300012
110100213000122
101002130001222
010021300012220
100213000122202
002130001222022
021300012220220
213000122202200
130001222022002
300012220220022
000122202200222
001222022002221
012220220022210
122202200222102
222022002221022
220220022210220
202200222102203
022002221022031
220022210220311
200222102203110
002221022031102
022210220311021
222102203110213
221022031102132
210220311021321
102203110213211
022031102132111
220311021321111
203110213211112
031102132111121
311021321111211
110213211112111
102132111121111
021321111211111
213211112111113
132111121111131
321111211111313
211112111113132
111121111131321
111211111313211
112111113132113
121111131321133
211111313211331
111113132113311
111131321133110
111313211331101
113132113311013
131321133110133
313211331101331
132113311013311
321133110133113
211331101331131
113311013311311
133110133113112
331101331131122
311013311311221
110133113112210
101331131122100
013311311221000
133113112210002
331131122100021
311311221000211
113112210002113
131122100021131
311221000211311
112210002113110
122100021131100
221000211311002
210002113110020
100021131100200
000211311002000
002113110020001
021131100200011
211311002000113
113110020001130
131100200011301
311002000113012
110020001130122
100200011301221
002000113012211
020001130122112
200011301221121
000113012211212
001130122112122
011301221121220
113012211212202
130122112122021
301221121220213
012211212202131
122112122021313
221121220213131
211212202131313
112122021313132
121220213131323
212202131313233
122021313132331
220213131323312
202131313233121
021313132331212
213131323312123
131313233121231
313132331212310
131323312123101
313233121231011
132331212310110
323312123101102
233121231011020
331212310110202
312123101102022
121231011020222
212310110202221
123101102022211
231011020222111
310110202221112
101102022211121
011020222111211
110202221112112
102022211121123
020222111211232
202221112112322
022211121123220
222111211232200
221112112322002
211121123220022
111211232200222
112112322002222
121123220022222
211232200222220
112322002222201
123220022222010
232200222220101
322002222201012
220022222010123
200222220101233
002222201012330
022222010123300
222220101233003
222201012330030
222010123300303
220101233003032
201012330030322
010123300303221
101233003032212
012330030322123
123300303221233
233003032212331
330030322123313
300303221233131
003032212331313
030322123313131
303221233131310
032212331313102
322123313131023
221233131310231
212331313102311
123313131023110
233131310231100
331313102311001
313131023110011
131310231100111
313102311001112
131023110011121
310231100111211
102311001112110
023110011121103
231100111211031
311001112110310
110011121103102
100111211031020
001112110310202
011121103102021
111211031020213
112110310202130
121103102021301
211031020213010
110310202130101
103102021301010
031020213010100
310202130101000
102021301010002
020213010100023
202130101000231
021301010002311
213010100023110
130101000231102
301010002311022
010100023110222
101000231102220
010002311022203
100023110222031
000231102220311
002311022203110
023110222031102
231102220311020
311022203110200
110222031102000
102220311020001
022203110200010
222031102000100
220311020001000
203110200010001
031102000100011
311020001000111
110200010001110
102000100011101
020001000111011
200010001110110
000100011101102
001000111011021
010001110110211
100011101102113
000111011021130
001110110211303
011101102113032
111011021130322
110110211303220
101102113032200
011021130322001
110211303220011
102113032200111
021130322001110
211303220011100
113032200111001
130322001110013
303220011100133
032200111001330
322001110013303
220011100133032
200111001330322
001110013303221
011100133032213
111001330322131
110013303221310
100133032213103
001330322131032
013303221310322
133032213103223
330322131032233
303221310322333
032213103223330
322131032233301
221310322333010
213103223330102
131032233301020
310322333010202
103223330102020
032233301020200
322333010202000
223330102020001
233301020200011
333010202000111
330102020001110
301020200011101
010202000111011
102020001110110
020200011101100
202000111011000
020001110110000
200011101100000
000111011000002
001110110000020
011101100000200
111011000002001
110110000020010
101100000200101
011000002001013
110000020010131
100000200101311
000002001013113
000020010131131
000200101311311
002001013113112
020010131131122
200101311311221
001013113112210
010131131122100
101311311221000
013113112210002
131131122100020
311311221000200
113112210002002
131122100020022
311221000200220
112210002002202
122100020022021
221000200220210
210002002202101
100020022021011
000200220210110
002002202101103
020022021011032
200220210110320
002202101103202
022021011032020
220210110320202
202101103202020
021011032020202
210110320202022
101103202020220
011032020202200
110320202022000
103202020220001
032020202200011
320202022000113
202020220001132
020202200011322
202022000113222
020220001132220
202200011322201
022000113222012
220001132220123
200011322201232
000113222012320
001132220123202
011322201232022
113222012320222
132220123202220
322201232022200
222012320222002
220123202220021
201232022200213
012320222002132
123202220021323
232022200213230
320222002132301
202220021323011
022200213230112
222002132301123
220021323011231
200213230112311
002132301123111
021323011231110
213230112311101
132301123111011
323011231110112
230112311101120
301123111011200
011231110112001
112311101120012
123111011200123
231110112001233
311101120012332
111011200123321
110112001233210
101120012332100
011200123321001
112001233210013
120012332100132
200123321001322
001233210013221
012332100132210
123321001322102
233210013221020
332100132210201
321001322102013
210013221020133
100132210201331
001322102013311
013221020133112
132210201331122
322102013311222
221020133112221
210201331122212
102013311222121
020133112221211
201331122212113
013311222121131
133112221211313
331122212113131
311222121131313
112221211313132
122212113131321
222121131313213
221211313132131
212113131321311
121131313213113
211313132131130
113131321311302
131313213113020
313132131130200
131321311302001
313213113020011
132131130200110
321311302001103
213113020011031
131130200110311
311302001103113
113020011031131
130200110311312
302001103113121
020011031131213
200110311312132
001103113121320
011031131213201
110311312132013
103113121320132
031131213201321
311312132013211
113121320132110
131213201321100
312132013211001
121320132110010
213201321100103
132013211001032
320132110010320
201321100103200
013211001032002
132110010320022
321100103200220
211001032002200
110010320022002
100103200220023
001032002200232
010320022002321
103200220023211
032002200232113
320022002321131
200220023211313
002200232113132
022002321131323
220023211313233
200232113132331
002321131323310
023211313233102
232113132331022
321131323310221
211313233102213
113132331022130
131323310221301
313233102213012
132331022130123
323310221301231
233102213012310
331022130123101
310221301231013
102213012310133
022130123101331
221301231013311
213012310133111
130123101331112
301231013311123
012310133111232
123101331112323
231013311123232
310133111232322
101331112323220
013311123232200
133111232322000
331112323220003
311123232200032
111232322000323
112323220003231
123232200032310
232322000323100
323220003231001
232200032310013
322000323100130
220003231001303
200032310013032
000323100130322
003231001303221
032310013032213
323100130322130
231001303221301
310013032213011
100130322130110
001303221301102
013032213011021
130322130110210
303221301102100
032213011021001
322130110210010
221301102100102
213011021001022
130110210010222
301102100102221
011021001022213
110210010222133
102100102221330
021001022213301
210010222133011
100102221330113
001022213301133
010222133011333
102221330113330
022213301133302
222133011333020
221330113330202
213301133302022
133011333020221
330113330202211
301133302022110
011333020221101
113330202211011
133302022110110
333020221101101
330202211011013
302022110110132
020221101101321
202211011013211
022110110132111
221101101321111
211011013211113
110110132111132
101101321111322
011013211113220
110132111132200
101321111322001
013211113220011
132111132200110
321111322001102
211113220011023
111132200110231
111322001102310
113220011023103
132200110231033
322001102310330
220011023103301
200110231033012
001102310330120
011023103301202
110231033012022
102310330120220
023103301202201
231033012022010
310330120220101
103301202201011
033012022010110
330120220101103
301202201011033
012022010110331
120220101103313
202201011033132
022010110331320
220101103313200
201011033132000
010110331320000
101103313200002
011033132000021
110331320000211
103313200002110
033132000021102
331320000211021
313200002110211
132000021102113
320000211021132
200002110211322
000021102113222
000211021132221
002110211322211
021102113222111
211021132221113
110211322211132
102113222111320
021132221113202
211322211132021
113222111320211
132221113202111
322211132021110
222111320211101
221113202111013
211132021110132
111320211101322
113202111013221
132021110132210
320211101322101
202111013221013
021110132210131
211101322101310
111013221013103
110132210131033
101322101310333
013221013103330
132210131033303
322101310333031
221013103330313
210131033303133
101310333031331
013103330313311
131033303133113
310333031331133
103330313311332
033303133113322
333031331133222
330313311332220
303133113322200
031331133222001
313311332220011
133113322200111
331133222001113
311332220011132
113322200111320
133222001113202
332220011132021
322200111320211
222001113202111
220011132021112
200111320211123
001113202111232
011132021112322
111320211123220
113202111232202
132021112322022
320211123220220
202111232202202
021112322022022
211123220220222
111232202202220
112322022022201
123220220222010
232202202220102
322022022201022
220220222010220
202202220102200
022022201022000
220222010220003
202220102200032
022201022000322
222010220003221
220102200032213
201022000322131
010220003221311
102200032213111
022000322131111
220003221311111
200032213111110
000322131111101
003221311111010
032213111110100
322131111101001
221311111010011
213111110100110
131111101001102
311111010011020
111110100110202
111101001102020
111010011020201
110100110202011
101001102020110
010011020201100
100110202011000
001102020110001
011020201100012
110202011000123
102020110001231
020201100012312
202011000123121
020110001231213
201100012312133
011000123121333
110001231213333
100012312133331
000123121333310
001231213333103
012312133331033
123121333310333
231213333103333
312133331033332
121333310333323
213333103333232
133331033332321
333310333323211
333103333232110
331033332321100
310333323211001
103333232110013
033332321100133
333323211001332
333232110013323
332321100133233
323211001332333
232110013323333
321100133233332
211001332333320
110013323333200
100133233332002
001332333320023
013323333200232
133233332002321
332333320023211
323333200232110
233332002321101
333320023211010
333200232110102
332002321101020
320023211010200
200232110102000
002321101020001
023211010200010
232110102000102
321101020001021
211010200010213
110102000102132
101020001021323
010200010213230
102000102132303
020001021323033
200010213230333
000102132303333
001021323033331
010213230333310
102132303333100
021323033331000
213230333310000
132303333100001
323033331000012
230333310000121
303333100001213
033331000012133
333310000121333
333100001213330
331000012133302
310000121333022
100001213330220
000012133302200
000121333022000
001213330220000
012133302200002
121333022000022
213330220000223
133302200002233
333022000022333
330220000223331
302200002233312
022000022333120
220000223331202
200002233312021
000022333120210
000223331202103
002233312021032
022333120210322
223331202103222
233312021032223
333120210322233
331202103222331
312021032223310
120210322233103
202103222331031
021032223310313
210322233103131
103222331031310
032223310313103
322233103131033
222331031310331
223310313103313
233103131033133
331031310331333
310313103313331
103131033133310
031310331333100
313103313331000
131033133310000
310331333100002
103313331000020
033133310000200
331333100002002
313331000020020
133310000200200
333100002002000
331000020020000
310000200200000
100002002000003
000020020000030
000200200000303
002002000003031
020020000030310
200200000303101
002000003031010
020000030310100
200000303101000
000003031010002
000030310100020
000303101000201
003031010002010
030310100020100
303101000201002
031010002010021
310100020100212
101000201002120
010002010021202
100020100212020
000201002120200
002010021202000
020100212020001
201002120200010
010021202000101
100212020001010
002120200010100
021202000101002
212020001010022
120200010100221
202000101002211
020001010022111
200010100221111
000101002211112
001010022111120
010100221111201
101002211112013
010022111120133
100221111201332
002211112013322
022111120133222
221111201332222
211112013322222
111120133222221
111201332222212
112013322222123
120133222221233
201332222212333
013322222123332
133222221233320
332222212333203
322222123332032
222221233320323
222212333203230
222123332032303
221233320323032
212333203230321
123332032303213
233320323032132
333203230321321
332032303213211
320323032132113
203230321321131
032303213211311
323032132113113
230321321131132
303213211311321
032132113113213
321321131132133
213211311321331
132113113213313
321131132133131
211311321331313
113113213313131
131132133131310
311321331313100
113213313131000
132133131310001
321331313100013
213313131000132
133131310001323
331313100013232
313131000132323
131310001323232
313100013232323
131000132323232
310001323232321
100013232323213
000132323232131
001323232321313
013232323213132
132323232131321
323232321313211
232323213132113
323232131321131
232321313211310
323213132113102
232131321131023
321313211310232
213132113102321
131321131023210
313211310232102
132113102321023
321131023210231
211310232102310
113102321023102
131023210231020
310232102310200
102321023102003
023210231020033
232102310200331
321023102003312
210231020033121
102310200331213
023102003312132
231020033121321
310200331213213
102003312132131
020033121321310
200331213213103
003312132131032
033121321310323
331213213103232
312132131032323
121321310323231
213213103232313
132131032323131
321310323231310
213103232313103
131032323131030
310323231310302
103232313103023
032323131030231
323231310302312
