3033301120
0333011200
3330112000
3301120001
3011200013
0112000132
1120001322
1200013220
2000132202
0001322020
0013220201
0132202013
1322020133
3220201331
2202013311
2020133110
0201331103
2013311032
0133110322
1331103223
3311032230
3110322302
1103223022
1032230220
0322302200
3223022003
2230220032
2302200321
3022003213
0220032132
2200321320
2003213202
0032132022
0321320222
3213202220
2132022202
1320222022
3202220222
2022202222
0222022220
2220222203
2202222030
2022220300
0222203002
2222030022
2220300221
2203002211
2030022113
0300221131
3002211312
0022113123
0221131231
2211312313
2113123133
1131231332
1312313321
3123133210
1231332100
2313321001
3133210013
1332100132
3321001321
3210013213
2100132133
1001321333
0013213332
0132133322
1321333222
3213332221
2133322210
1333222101
3332221013
3322210130
3222101301
2221013011
2210130113
2101301133
1013011332
0130113321
1301133212
3011332121
0113321213
1133212131
1332121310
3321213103
3212131030
2121310303
1213103033
2131030331
1310303311
3103033112
1030331122
0303311221
3033112211
0331122113
3311221131
3112211310
1122113102
1221131023
2211310232
2113102320
1131023201
1310232012
3102320120
1023201201
0232012010
2320120103
3201201030
2012010301
0120103010
1201030102
2010301022
0103010220
1030102200
0301022002
3010220020
0102200201
1022002013
0220020130
2200201302
2002013022
0020130223
0201302230
2013022302
0130223021
1302230211
3022302110
0223021100
2230211003
2302110031
3021100311
0211003111
2110031112
1100311120
1003111202
0031112021
0311120211
3111202111
1112021110
1120211102
1202111020
2021110200
0211102000
2111020002
1110200020
1102000202
1020002023
0200020233
2000202333
0002023331
0020233310
0202333102
2023331021
0233310212
2333102121
3331021211
3310212111
3102121111
1021211110
0212111101
2121111012
1211110121
2111101211
1111012113
1110121131
1101211310
1012113100
0121131001
1211310013
2113100131
1131001312
1310013121
3100131213
1001312131
0013121311
0131213113
1312131131
3121311311
1213113113
2131131131
1311311313
3113113131
1131131311
1311313111
3113131113
1131311133
1313111331
3131113311
1311133112
3111331121
1113311213
1133112132
1331121320
3311213201
3112132012
1121320123
1213201232
2132012323
1320123231
3201232313
2012323130
0123231302
1232313020
2323130203
3231302031
2313020313
3130203131
1302031313
3020313133
0203131332
2031313323
0313133233
3131332331
1313323311
3133233112
1332331120
3323311200
3233112000
2331120002
3311200022
3112000221
1120002213
1200022130
2000221302
0002213021
0022130210
0221302101
2213021013
2130210130
1302101302
3021013022
0210130221
2101302212
1013022121
0130221211
1302212110
3022121100
0221211002
2212110021
2121100212
1211002122
2110021221
1100212211
1002122112
0021221122
0212211223
2122112233
1221122333
2211223331
2112233311
1122333113
1223331133
2233311332
2333113322
3331133221
3311332212
3113322120
1133221201
1332212012
3322120120
3221201200
2212012002
2120120020
1201200202
2012002021
0120020212
1200202121
2002021212
0020212122
0202121222
2021212220
0212122200
2121222003
1212220033
2122200333
1222003331
2220033310
2200333102
2003331020
0033310203
0333102030
3331020302
3310203020
3102030203
1020302033
0203020332
2030203323
0302033230
3020332300
0203323003
2033230033
0332300332
3323003321
3230033212
2300332122
3003321221
0033212213
0332122132
3321221321
3212213212
2122132121
1221321212
2213212122
2132121223
1321212232
3212122322
2121223221
1212232211
2122322112
1223221121
2232211213
2322112132
3221121322
2211213223
2112132232
1121322321
1213223210
2132232100
1322321001
3223210013
2232100131
2321001312
3210013120
2100131200
1001312002
0013120020
0131200201
1312002011
3120020113
1200201130
2002011303
0020113031
0201130313
2011303131
0113031311
1130313113
1303131133
3031311331
0313113311
3131133111
1311331112
3113311122
1133111222
1331112222
3311122222
3111222222
1112222220
1122222201
1222222013
2222220133
2222201331
2222013313
2220133131
2201331311
2013313112
0133131122
1331311221
3313112210
3131122103
1311221033
3112210333
1122103330
1221033302
2210333022
2103330221
1033302211
0333022113
3330221131
3302211312
3022113122
0221131221
2211312212
2113122123
1131221233
1312212333
3122123332
1221233322
2212333220
2123332200
1233322002
2333220021
3332200210
3322002101
3220021012
2200210122
2002101220
0021012203
0210122032
2101220323
1012203233
0122032333
1220323333
2203233333
2032333331
0323333313
3233333131
2333331312
3333313122
3333131220
3331312200
3313122002
3131220020
1312200200
3122002000
1220020002
2200200023
2002000233
0020002331
0200023310
2000233101
0002331013
0023310132
0233101322
2331013220
3310132200
3101322002
1013220023
0132200232
1322002322
3220023220
2200232200
2002322002
0023220020
0232200200
2322002000
3220020003
2200200032
2002000322
0020003220
0200032203
2000322033
0003220333
0032203330
0322033303
3220333031
2203330313
2033303132
0333031321
3330313213
3303132132
3031321323
0313213233
3132132331
1321323312
3213233120
2132331200
1323312003
3233120033
2331200331
3312003310
3120033100
1200331002
2003310020
0033100200
0331002002
3310020023
3100200230
1002002301
0020023010
0200230100
2002301000
0023010000
0230100003
2301000032
3010000323
0100003231
1000032311
0000323113
0003231133
0032311331
0323113310
3231133103
2311331032
3113310321
1133103213
1331032130
3310321303
3103213032
1032130321
0321303210
3213032102
2130321020
1303210200
3032102000
0321020000
3210200003
2102000031
1020000313
0200003133
2000031332
0000313322
0003133220
0031332202
0313322023
3133220232
1332202323
3322023231
3220232311
2202323110
2023231100
0232311003
2323110031
3231100313
2311003132
3110031323
1100313233
1003132333
0031323332
0313233322
3132333220
1323332200
3233322001
2333220013
3332200132
3322001320
3220013203
2200132031
2001320310
0013203100
0132031000
1320310002
3203100020
2031000200
0310002001
3100020011
1000200112
0002001122
0020011223
0200112233
2001122333
0011223331
0112233311
1122333110
1223331101
2233311010
2333110100
3331101000
3311010002
3110100023
1101000232
1010002321
0100023212
1000232120
0002321201
0023212011
0232120110
2321201101
3212011010
2120110103
1201101030
2011010303
0110103033
1101030333
1010303333
0103033332
1030333321
0303333210
3033332100
0333321000
3333210003
3332100033
3321000333
3210003333
2100033332
1000333323
0003333230
0033332303
0333323032
3333230321
3332303213
3323032132
3230321320
2303213200
3032132000
0321320001
3213200013
2132000131
1320001311
3200013113
2000131133
0001311330
0013113300
0131133001
1311330011
3113300110
1133001102
1330011020
3300110200
3001102002
0011020020
0110200200
1102002000
1020020002
0200200022
2002000220
0020002201
0200022011
2000220113
0002201133
0022011331
0220113311
2201133111
2011331110
0113311102
1133111023
1331110232
3311102323
3111023231
1110232311
1102323113
1023231133
0232311333
2323113332
3231133323
2311333232
3113332323
1133323230
1333232300
3332323002
3323230020
3232300200
2323002003
3230020032
2300200320
3002003202
0020032020
0200320203
2003202030
0032020300
0320203001
3202030011
2020300110
0203001100
2030011000
0300110000
3001100002
0011000022
0110000220
1100002202
1000022021
0000220211
0002202113
0022021130
0220211301
2202113010
2021130100
0211301002
2113010022
1130100220
1301002200
3010022002
0100220023
1002200230
0022002301
0220023010
2200230100
2002301002
0023010022
0230100223
2301002233
3010022333
0100223330
1002233302
0022333023
0223330231
2233302310
2333023100
3330231001
3302310013
3023100133
0231001332
2310013323
3100133233
1001332332
0013323320
0133233200
1332332002
3323320020
3233200202
2332002021
3320020213
3200202132
2002021321
0020213213
0202132132
2021321320
0213213200
2132132000
1321320000
3213200003
2132000031
1320000310
3200003103
2000031033
0000310332
0003103320
0031033203
0310332032
3103320321
1033203213
0332032133
3320321333
3203213333
2032133332
0321333320
3213333202
2133332021
1333320213
3333202133
3332021332
3320213320
3202133201
2021332010
0213320101
2133201011
1332010112
3320101122
3201011220
2010112200
0101122003
1011220032
0112200321
1122003210
1220032102
2200321023
2003210233
0032102333
0321023332
3210233321
2102333210
1023332100
0233321000
2333210003
3332100032
3321000322
3210003223
2100032233
1000322333
0003223333
0032233330
0322333302
3223333023
2233330233
2333302333
3333023333
3330233333
3302333331
3023333310
0233333100
2333331000
3333310000
3333100000
3331000000
3310000002
3100000020
1000000200
0000002000
0000020000
0000200000
0002000003
0020000030
0200000302
2000003023
0000030233
0000302331
0003023313
0030233133
0302331331
3023313311
0233133112
2331331120
3313311202
3133112021
1331120213
3311202133
3112021331
1120213313
1202133132
2021331320
0213313200
2133132003
1331320032
3313200320
3132003202
1320032022
3200320220
2003202201
0032022012
0320220121
3202201213
2022012133
0220121331
2201213313
2012133130
0121331303
1213313031
2133130310
1331303103
3313031031
3130310311
1303103110
3031031102
0310311020
3103110202
1031102023
0311020232
3110202323
1102023232
1020232322
0202323222
2023232221
0232322213
2323222130
3232221301
2322213011
3222130112
2221301120
2213011200
2130112000
1301120001
3011200011
0112000112
1120001121
1200011212
2000112123
0001121231
0011212310
0112123100
1121231000
1212310000
2123100000
1231000000
2310000001
3100000013
1000000133
0000001332
0000013322
0000133220
0001332201
0013322010
0133220102
1332201020
3322010203
3220102033
2201020332
2010203320
0102033202
1020332023
0203320231
2033202313
0332023132
3320231322
3202313220
2023132200
0231322002
2313220023
3132200232
1322002321
3220023211
2200232112
2002321121
0023211211
0232112113
2321121133
3211211332
2112113320
1121133200
1211332002
2113320022
1133200220
1332002201
3320022010
3200220102
2002201023
0022010231
0220102313
2201023131
2010231310
0102313102
1023131023
0231310232
2313102323
3131023231
1310232311
3102323110
1023231102
0232311023
2323110233
3231102332
2311023323
3110233231
1102332313
1023323130
0233231300
2332313001
3323130011
3231300113
2313001133
3130011332
1300113322
3001133222
0011332220
0113322203
1133222033
1332220332
3322203323
3222033232
2220332320
2203323202
2033232020
0332320203
3323202031
3232020312
2320203120
3202031203
2020312032
0203120320
2031203200
0312032002
3120320020
1203200200
2032002000
0320020000
3200200000
2002000003
0020000030
0200000302
2000003022
0000030221
0000302210
0003022102
0030221020
0302210201
3022102010
0221020101
2210201010
2102010100
1020101001
0201010011
2010100113
0101001131
1010011310
0100113100
1001131000
0011310000
0113100001
1131000010
1310000100
3100001000
1000010003
0000100031
0001000313
0010003132
0100031323
1000313231
0003132313
0031323130
0313231301
3132313010
1323130103
3231301033
2313010332
3130103321
1301033213
3010332133
0103321333
1033213330
0332133302
3321333020
3213330200
2133302003
1333020031
3330200313
3302003132
3020031320
0200313203
2003132033
0031320331
0313203313
3132033133
1320331331
3203313313
2033133132
0331331320
3313313202
3133132022
1331320220
3313202202
3132022020
1320220202
3202202020
2022020202
0220202023
2202020230
2020202300
0202023000
2020230003
0202300032
2023000321
0230003210
2300032101
3000321011
0003210111
0032101112
0321011120
3210111203
2101112032
1011120322
0111203221
1112032213
1120322132
1203221321
2032213210
0322132102
3221321023
2213210232
2132102323
1321023232
3210232320
2102323202
1023232020
0232320202
2323202020
3232020203
2320202031
3202020310
2020203102
0202031022
2020310220
0203102200
2031022003
0310220033
3102200332
1022003323
0220033233
2200332333
2003323331
0033233310
0332333102
3323331020
3233310203
2333102033
3331020332
3310203321
3102033211
1020332111
0203321111
2033211113
0332111132
3321111322
3211113220
2111132202
1111322022
1113220220
1132202202
1322022021
3220220213
2202202132
2022021322
0220213220
2202132202
2021322020
0213220203
2132202032
1322020320
3220203200
2202032002
2020320022
0203200221
2032002210
0320022100
3200221002
2002210023
0022100233
0221002332
2210023320
2100233200
1002332001
0023320013
0233200131
2332001313
3320013132
3200131321
2001313210
0013132100
0131321000
1313210000
3132100000
1321000000
3210000002
2100000022
1000000221
0000002213
0000022132
0000221321
0002213213
0022132133
0221321332
2213213323
2132133232
1321332320
3213323201
2133232013
1332320133
3323201333
3232013333
2320133331
3201333313
2013333132
0133331320
1333313202
3333132022
3331320222
3313202221
3132022210
1320222103
3202221030
2022210300
0222103002
2221030020
2210300200
2103002000
1030020001
0300200010
3002000103
0020001033
0200010332
2000103320
0001033200
0010332001
0103320010
1033200103
0332001031
3320010310
3200103103
2001031031
0010310310
0103103100
1031031003
0310310032
3103100323
1031003230
0310032302
3100323023
1003230232
0032302320
0323023203
3230232030
2302320300
3023203000
0232030002
2320300020
3203000203
2030002033
0300020333
3000203332
0002033320
0020333200
0203332001
2033320011
0333200111
3332001111
3320011110
3200111101
2001111013
0011110132
0111101320
1111013202
1110132020
1101320200
1013202003
0132020031
1320200310
3202003103
2020031032
0200310321
2003103210
0031032100
0310321001
3103210013
1032100132
0321001320
3210013200
2100132000
1001320002
0013200022
0132000221
1320002210
3200022103
2000221031
0002210311
0022103110
0221031102
2210311020
2103110200
1031102000
0311020000
3110200000
1102000003
1020000032
0200000323
2000003231
0000032310
0000323102
0003231021
0032310212
0323102123
3231021230
2310212303
3102123033
1021230333
0212303331
2123033313
1230333132
2303331323
3033313233
0333132332
3331323321
3313233210
3132332100
1323321000
3233210001
2332100012
3321000123
3210001232
2100012321
1000123210
0001232103
0012321032
0123210323
1232103232
2321032322
3210323220
2103232202
1032322021
0323220211
3232202110
2322021103
3220211032
2202110323
2021103232
0211032322
2110323221
1103232210
1032322101
0323221010
3232210102
2322101020
3221010203
2210102032
2101020321
1010203213
0102032131
1020321312
0203213123
2032131232
0321312321
3213123211
2131232110
1312321102
3123211021
1232110213
2321102131
3211021312
2110213123
1102131233
1021312330
0213123301
2131233010
1312330102
3123301021
1233010212
2330102123
3301021232
3010212322
0102123222
1021232220
0212322201
2123222011
1232220111
2322201112
3222011121
2220111210
2201112102
2011121023
0111210233
1112102333
1121023330
1210233303
2102333033
1023330332
0233303323
2333033233
3330332331
3303323310
3033233101
0332331013
3323310132
3233101320
2331013202
3310132022
3101320220
1013202201
0132022010
1320220102
3202201020
2022010201
0220102013
2201020132
2010201322
0102013220
1020132203
0201322032
2013220321
0132203210
1322032102
3220321020
2203210200
2032102000
0321020000
3210200002
2102000022
1020000221
0200002213
2000022132
0000221320
0002213200
0022132003
0221320033
2213200331
2132003313
1320033130
3200331303
2003313032
0033130320
0331303203
3313032030
3130320302
1303203020
3032030200
0320302002
3203020021
2030200210
0302002100
3020021000
0200210001
2002100010
0021000102
0210001023
2100010231
1000102313
0001023132
0010231322
0102313221
1023132212
0231322121
2313221210
3132212102
1322121021
3221210210
2212102102
2121021023
1210210232
2102102320
1021023202
0210232021
2102320211
1023202112
0232021122
2320211221
3202112210
2021122102
0211221020
2112210202
1122102021
1221020210
2210202102
2102021020
1020210203
0202102032
2021020322
0210203222
2102032221
1020322213
0203222132
2032221320
0322213201
3222132010
2221320102
2213201023
2132010230
1320102300
3201023000
2010230002
0102300020
1023000201
0230002012
2300020121
3000201210
0002012103
0020121032
0201210323
2012103231
0121032310
1210323103
2103231032
1032310322
0323103221
3231032210
2310322102
3103221022
1032210221
0322102211
3221022112
2210221122
2102211223
1022112233
0221122331
2211223311
2112233111
1122331111
1223311110
2233111101
2331111010
3311110101
3111101013
1111010132
1110101320
1101013202
1010132022
0101320222
1013202220
0132022200
1320222001
3202220012
2022200122
0222001221
2220012210
2200122102
2001221021
0012210213
0122102131
1221021311
2210213110
2102131100
1021311000
0213110003
2131100032
1311000323
3110003232
1100032322
1000323220
0003232203
0032322033
0323220331
3232203311
2322033111
3220331113
2203311131
2033111313
0331113132
3311131323
3111313232
1113132322
1131323223
1313232230
3132322302
1323223020
3232230200
2322302000
3223020002
2230200021
2302000210
3020002102
0200021023
2000210232
0002102322
0021023220
0210232200
2102322003
1023220031
0232200310
2322003103
3220031031
2200310311
2003103112
0031031120
0310311200
3103112000
1031120000
0311200002
3112000021
1120000211
1200002113
2000021132
0000211323
0002113232
0021132321
0211323211
2113232111
1132321113
1323211132
3232111320
2321113202
3211132020
2111320200
1113202003
1132020033
1320200331
3202003313
2020033132
0200331322
2003313220
0033132202
0331322021
3313220213
3132202130
1322021301
3220213011
2202130110
2021301101
0213011013
2130110132
1301101320
3011013201
0110132012
1101320123
1013201233
0132012331
1320123311
3201233113
2012331133
0123311332
1233113322
2331133220
3311332203
3113322030
1133220300
1332203001
3322030010
3220300101
2203001013
2030010132
0300101320
3001013200
0010132003
0101320030
1013200302
0132003021
1320030210
3200302102
2003021021
0030210210
0302102103
3021021033
0210210331
2102103310
1021033102
0210331020
2103310200
1033102000
0331020002
3310200023
3102000232
1020002320
0200023200
2000232003
0002320032
0023200320
0232003202
2320032023
3200320232
2003202322
0032023223
0320232233
3202322333
2023223333
0232233331
2322333311
3223333110
2233331102
2333311020
3333110200
3331102001
3311020013
3110200132
1102001322
1020013223
0200132232
2001322320
0013223200
0132232000
1322320003
3223200032
2232000323
2320003233
3200032330
2000323300
0003233001
0032330013
0323300133
3233001331
2330013313
3300133132
3001331320
0013313201
0133132010
1331320100
3313201001
3132010012
1320100121
3201001210
2010012103
0100121031
1001210313
0012103132
0121031320
1210313201
2103132010
1031320102
0313201022
3132010220
1320102202
3201022022
2010220221
0102202211
1022022113
0220221132
2202211321
2022113212
0221132122
2211321221
2113212210
1132122100
1321221000
3212210003
2122100032
1221000321
2210003210
2100032102
1000321020
0003210200
0032102002
0321020021
3210200211
2102002112
1020021121
0200211213
2002112132
0021121323
0211213233
2112132332
1121323323
1213233232
2132332323
1323323233
3233232330
2332323302
3323233020
3232330200
2323302002
3233020023
2330200233
3302002333
3020023331
0200233310
2002333100
0023331000
0233310003
2333100032
3331000320
3310003200
3100032002
1000320023
0003200230
0032002302
0320023020
3200230203
2002302032
0023020322
0230203220
2302032203
3020322032
0203220323
2032203233
0322032333
3220323331
2203233310
2032333102
0323331023
3233310233
2333102331
3331023313
3310233133
3102331331
1023313310
0233133100
2331331000
3313310002
3133100020
1331000200
3310002000
3100020000
1000200003
0002000030
0020000302
0200003020
2000030201
0000302013
0003020133
0030201330
0302013302
3020133023
0201330233
2013302332
0133023321
1330233211
3302332111
3023321111
0233211111
2332111112
3321111120
3211111203
2111112031
1111120311
1111203111
1112031112
1120311120
1203111203
2031112030
0311120300
3111203003
1112030032
1120300321
1203003213
2030032132
0300321323
3003213230
0032132300
0321323003
3213230032
2132300323
1323003232
3230032323
2300323230
3003232301
0032323010
0323230100
3232301002
2323010023
3230100232
2301002322
3010023220
0100232200
1002322002
0023220020
0232200202
2322002020
3220020201
2200202013
2002020133
0020201331
0202013313
2020133131
0201331311
2013313110
0133131100
1331311002
3313110021
3131100211
1311002110
3110021102
1100211023
1002110230
0021102302
0211023020
2110230202
1102302020
1023020200
0230202003
2302020030
3020200303
0202003033
2020030330
0200303303
2003033031
0030330310
0303303100
3033031001
0330310012
3303100120
3031001203
0310012030
3100120300
1001203000
0012030000
0120300003
1203000030
2030000303
0300003033
3000030333
0000303332
0003033322
0030333222
0303332220
3033322200
0333222000
3332220000
3322200001
3222000011
2220000113
2200001130
2000011303
0000113031
0001130310
0011303102
0113031020
1130310202
1303102020
3031020200
0310202000
3102020002
1020200022
0202000222
2020002220
0200022200
2000222002
0002220021
0022200211
0222002112
2220021121
2200211211
2002112111
0021121113
0211211131
2112111310
1121113101
1211131013
2111310133
1113101332
1131013320
1310133200
3101332001
1013320011
0133200110
1332001103
3320011032
3200110323
2001103232
0011032320
0110323201
1103232013
1032320132
0323201320
3232013200
2320132000
3201320003
2013200033
0132000330
1320003303
3200033030
2000330302
0003303022
0033030221
0330302210
3303022101
3030221010
0302210103
3022101033
0221010333
2210103330
2101033301
1010333013
0103330130
1033301301
0333013010
3330130102
3301301020
3013010200
0130102001
1301020011
3010200110
0102001101
1020011010
0200110102
2001101020
0011010203
0110102033
1101020330
1010203303
0102033030
1020330301
0203303010
2033030100
0330301002
3303010020
3030100202
0301002021
3010020210
0100202102
1002021021
0020210211
0202102111
2021021113
0210211133
2102111331
1021113310
0211133101
2111331010
1113310100
1133101000
1331010003
3310100030
3101000300
1010003000
0100030003
1000300033
0003000330
0030003300
0300033000
3000330000
0003300001
0033000012
0330000121
3300001210
3000012100
0000121000
0001210000
0012100002
0121000020
1210000200
2100002002
1000020023
0000200230
0002002301
0020023010
0200230103
2002301032
0023010321
0230103211
2301032113
3010321133
0103211331
1032113310
0321133103
3211331031
2113310311
1133103113
1331031132
3310311320
3103113202
1031132022
0311320220
3113202201
1132022013
1320220133
3202201333
2022013330
0220133303
2201333031
2013330310
0133303100
1333031002
3330310020
3303100200
3031002000
0310020002
3100200021
1002000210
0020002102
0200021020
2000210203
0002102033
0021020333
0210203330
2102033300
1020333001
0203330010
2033300102
0333001023
3330010233
3300102332
3001023323
0010233233
0102332331
1023323310
0233233100
2332331000
3323310002
3233100022
2331000220
3310002203
3100022033
1000220333
0002203331
0022033313
0220333132
2203331320
2033313200
0333132000
3331320000
3313200003
3132000033
1320000333
3200003330
2000033300
0000333000
0003330003
0033300031
0333000310
3330003102
3300031022
3000310222
0003102220
0031022200
0310222001
3102220013
1022200132
0222001320
2220013201
2200132011
2001320110
0013201100
0132011000
1320110003
3201100032
2011000322
0110003220
1100032202
1000322021
0003220211
0032202110
0322021100
3220211000
2202110003
2021100032
0211000320
2110003201
1100032011
1000320110
0003201100
0032011002
0320110021
3201100210
2011002100
0110021003
1100210032
1002100320
0021003202
0210032023
2100320230
1003202303
0032023033
0320230330
3202303301
2023033011
0230330110
2303301102
3033011023
0330110230
3301102300
3011023001
0110230012
1102300122
1023001223
0230012231
2300122310
3001223102
0012231022
0122310220
1223102202
2231022020
2310220200
3102202001
1022020010
0220200102
2202001020
2020010202
0200102021
2001020210
0010202100
0102021001
1020210010
0202100102
2021001022
0210010223
2100102230
1001022300
0010223003
0102230032
1022300320
0223003203
2230032031
2300320313
3003203133
0032031331
0320313310
3203133102
2031331020
0313310202
3133102020
1331020202
3310202020
3102020202
1020202020
0202020200
2020202000
0202020000
2020200000
0202000001
2020000012
0200000121
2000001213
0000012131
0000121310
0001213103
0012131031
0121310311
1213103110
2131031100
1310311003
3103110030
1031100302
0311003020
3110030200
1100302003
1003020031
0030200310
0302003103
3020031033
0200310332
2003103320
0031033202
0310332020
3103320200
1033202000
0332020002
3320200022
3202000220
2020002200
0200022001
2000220011
0002200113
0022001132
0220011321
2200113213
2001132133
0011321333
0113213331
1132133310
1321333101
3213331010
2133310102
1333101021
3331010213
3310102130
3101021300
1010213000
0102130002
1021300021
0213000211
2130002110
1300021100
3000211000
0002110003
0021100031
0211000313
2110003130
1100031303
1000313030
0003130300
0031303002
0313030021
3130300210
1303002100
3030021001
0300210010
3002100102
0021001023
0210010230
2100102303
1001023030
0010230300
0102303002
1023030023
0230300232
2303002320
3030023203
0300232033
3002320333
0023203332
0232033322
2320333220
3203332202
2033322022
0333220223
3332202230
3322022302
3220223020
2202230200
2022302003
0223020033
2230200330
2302003300
3020033000
0200330003
2003300032
0033000323
0330003233
3300032331
3000323310
0003233101
0032331010
0323310102
3233101023
2331010233
3310102331
3101023310
1010233100
0102331000
1023310000
0233100002
2331000021
3310000210
3100002101
1000021011
0000210113
0002101130
0021011300
0210113002
2101130020
1011300200
0113002000
1130020000
1300200000
3002000003
0020000030
0200000302
2000003022
0000030221
0000302213
0003022132
0030221320
0302213202
3022132022
0221320220
2213202202
2132022022
1320220220
3202202200
2022022002
0220220023
2202200231
2022002313
0220023133
2200231331
2002313313
0023133130
0231331301
2313313011
3133130110
1331301102
3313011022
3130110223
1301102232
3011022323
0110223232
1102232323
1022323233
0223232331
2232323313
2323233133
3232331331
2323313311
3233133110
2331331101
3313311013
3133110133
1331101332
3311013320
3110133200
1101332001
1013320011
0133200110
1332001100
3320011003
3200110031
2001100310
0011003102
0110031023
1100310230
1003102302
0031023020
0310230200
3102302000
1023020003
0230200031
2302000311
3020003112
0200031120
2000311202
0003112021
0031120211
0311202111
3112021110
1120211101
1202111011
2021110113
0211101130
2111011301
1110113013
1101130133
1011301332
0113013323
1130133232
1301332321
3013323213
0133232132
1332321320
3323213200
3232132001
2321320013
3213200133
2132001331
1320013310
3200133102
2001331020
0013310203
0133102031
1331020312
3310203120
3102031202
1020312020
0203120202
2031202023
0312020233
3120202332
1202023323
2020233232
0202332322
2023323223
0233232230
2332322302
3323223021
3232230210
2322302102
3223021023
2230210232
2302102320
3021023200
0210232002
2102320020
1023200200
0232002000
2320020001
3200200010
2002000100
0020001000
0200010002
2000100020
0001000200
0010002000
0100020000
1000200000
0002000001
0020000010
0200000100
2000001003
0000010033
0000100331
0001003311
0010033110
0100331100
1003311001
0033110011
0331100110
3311001100
3110011000
1100110001
1001100011
0011000111
0110001111
1100011110
1000111102
0001111021
0011110211
0111102112
1111021122
1110211222
1102112221
1021122210
0211222101
2112221010
1122210103
1222101033
2221010330
2210103302
2101033020
1010330202
0103302020
1033020202
0330202021
3302020213
3020202133
0202021331
2020213310
0202133100
2021331001
0213310013
2133100131
1331001310
3310013103
3100131031
1001310310
0013103100
0131031000
1310310002
3103100020
1031000201
0310002010
3100020101
1000201010
0002010102
0020101020
0201010200
2010102001
0101020011
1010200113
0102001130
1020011301
0200113010
2001130102
0011301021
0113010213
1130102132
1301021320
3010213203
0102132032
1021320321
0213203211
2132032110
1320321100
3203211002
2032110020
0321100200
3211002002
2110020020
1100200200
1002002001
0020020012
0200200120
2002001202
0020012021
0200120211
2001202110
0012021100
0120211000
1202110003
2021100032
0211000320
2110003200
1100032001
1000320010
0003200101
0032001010
0320010103
3200101030
2001010300
0010103002
0101030022
1010300220
0103002200
1030022002
0300220020
3002200202
0022002020
0220020200
2200202002
2002020023
0020200232
0202002321
2020023211
0200232110
2002321102
0023211023
0232110232
2321102320
3211023203
2110232032
1102320321
1023203212
0232032123
2320321233
3203212331
2032123311
0321233111
3212331110
2123311102
1233111020
2331110200
3311102002
3111020020
1110200202
1102002020
1020020200
0200202000
2002020003
0020200033
0202000330
2020003300
0200033003
2000330032
0003300320
0033003200
0330032001
3300320010
3003200100
0032001000
0320010002
3200100021
2001000213
0010002132
0100021322
1000213223
0002132233
0021322333
0213223330
2132233303
1322333033
3223330330
2233303300
2333033001
3330330013
3303300130
3033001302
0330013021
3300130213
3001302132
0013021323
0130213233
1302132331
3021323310
0213233100
2132331002
1323310023
3233100231
2331002311
3310023113
3100231130
1002311302
0023113020
0231130200
2311302000
3113020002
1130200021
1302000211
3020002113
0200021131
2000211310
0002113100
0021131002
0211310022
2113100220
1131002201
1310022011
3100220113
1002201132
0022011323
0220113231
2201132310
2011323100
0113231003
1132310031
1323100311
3231003113
2310031130
3100311302
1003113021
0031130211
0311302111
3113021113
1130211132
1302111320
3021113202
0211132020
2111320202
1113202020
1132020200
1320202000
3202020000
2020200002
0202000022
2020000220
0200002200
2000022003
0000220030
0002200302
0022003020
0220030202
2200302021
2003020210
0030202102
0302021021
3020210213
0202102133
2021021332
0210213320
2102133200
1021332000
0213320003
2133200032
1332000323
3320003232
3200032321
2000323211
0003232110
0032321102
0323211020
3232110203
2321102032
3211020321
2110203211
1102032113
1020321132
0203211320
2032113203
0321132030
3211320300
2113203003
1132030030
1320300300
3203003001
2030030010
0300300100
3003001000
0030010002
0300100020
3001000200
0010002001
0100020013
1000200131
0002001312
0020013122
0200131222
2001312222
0013122220
0131222203
1312222033
3122220333
1222203332
2222033322
2220333223
2203332231
2033322311
0333223113
3332231132
3322311322
3223113222
2231132220
2311322202
3113222022
1132220220
1322202202
3222022020
2220220202
2202202021
2022020211
0220202111
2202021110
2020211102
0202111023
2021110232
0211102322
2111023222
1110232220
1102322200
1023222000
0232220002
2322200021
3222000213
2220002130
2200021301
2000213013
0002130132
0021301320
0213013200
2130132001
1301320011
3013200110
0132001103
1320011031
3200110313
2001103132
0011031320
0110313202
1103132022
1031320220
0313202202
3132022020
1320220202
3202202021
2022020210
0220202101
2202021011
2020210110
0202101102
2021011023
0210110232
2101102323
1011023232
0110232323
1102323231
1023232311
0232323113
2323231133
3232311332
2323113322
3231133223
2311332230
3113322301
1133223011
1332230111
3322301112
3223011120
2230111201
2301112010
3011120101
0111201010
1112010102
1120101020
1201010201
2010102013
0101020130
1010201301
0102013012
1020130120
0201301201
2013012010
0130120101
1301201011
3012010111
0120101110
1201011102
2010111020
0101110200
1011102001
0111020010
1110200102
1102001023
1020010232
0200102323
2001023231
0010232313
0102323131
1023231310
0232313100
2323131003
3231310030
2313100301
3131003013
1310030132
3100301322
1003013220
0030132200
0301322002
3013220021
0132200212
1322002120
3220021200
2200212001
2002120010
0021200101
0212001013
2120010132
1200101323
2001013231
0010132310
0101323102
1013231020
0132310203
1323102030
3231020303
2310203032
3102030321
1020303210
0203032100
2030321002
0303210020
3032100200
0321002001
3210020010
2100200102
1002001022
0020010220
0200102203
2001022031
0010220310
0102203102
1022031023
0220310233
2203102331
2031023310
0310233102
3102331023
1023310232
0233102323
2331023230
3310232303
3102323032
1023230320
0232303201
2323032013
3230320131
2303201310
3032013102
0320131023
3201310233
2013102333
0131023332
1310233323
3102333231
1023332312
0233323121
2333231210
3332312100
3323121002
3231210023
2312100232
3121002320
1210023200
2100232000
1002320000
0023200001
0232000011
2320000111
3200001111
2000011110
0000111100
0001111002
0011110022
0111100220
1111002200
1110022001
1100220013
1002200133
0022001332
0220013323
2200133231
2001332311
0013323112
0133231123
1332311232
3323112322
3231123223
2311232233
3112322331
1123223313
1232233130
2322331300
3223313001
2233130010
2331300100
3313001003
3130010032
1300100321
3001003213
0010032132
0100321322
1003213220
0032132200
0321322002
3213220023
2132200232
1322002322
3220023221
2200232213
2002322131
0023221312
0232213122
2322131220
3221312202
2213122023
2131220232
1312202321
3122023213
1220232133
2202321331
2023213310
0232133100
2321331002
3213310021
2133100210
1331002101
3310021011
3100210111
1002101110
0021011103
0210111033
2101110332
1011103320
0111033202
1110332020
1103320201
1033202010
0332020103
3320201032
3202010320
2020103200
0201032001
2010320013
0103200133
1032001330
0320013300
3200133001
2001330011
0013300110
0133001101
1330011010
3300110100
3001101003
0011010031
0110100310
1101003100
1010031002
0100310020
1003100202
0031002020
0310020201
3100202010
1002020100
0020201003
0202010030
2020100302
0201003020
2010030200
0100302000
1003020003
0030200032
0302000322
3020003220
0200032202
2000322022
0003220220
0032202201
0322022010
3220220102
2202201023
2022010232
0220102320
2201023200
2010232001
0102320013
1023200133
0232001332
2320013320
3200133203
2001332030
0013320301
0133203013
1332030131
3320301310
3203013102
2030131023
0301310230
3013102303
0131023033
1310230333
3102303332
1023033321
0230333210
2303332102
3033321020
0333210200
3332102003
3321020030
3210200301
2102003010
1020030103
0200301033
2003010333
0030103331
0301033310
3010333100
0103331002
1033310023
0333100233
3331002333
3310023331
3100233310
1002333100
0023331000
0233310002
2333100021
3331000212
3310002123
3100021231
1000212310
0002123102
0021231023
0212310231
2123102310
1231023103
2310231033
3102310333
1023103332
0231033321
2310333213
3103332133
1033321333
0333213330
3332133303
3321333033
3213330333
2133303333
1333033331
3330333310
3303333100
3033331000
0333310000
3333100001
3331000013
3310000133
3100001330
1000013302
0000133020
0001330200
0013302002
0133020023
1330200231
3302002311
3020023111
0200231111
2002311110
0023111100
0231111000
2311110000
3111100002
1111000022
1110000220
1100002201
1000022013
0000220132
0002201323
0022013230
0220132301
2201323013
2013230131
0132301313
1323013132
3230131322
2301313223
3013132230
0131322302
1313223022
3132230223
1322302232
3223022321
2230223211
2302232111
3022321112
0223211121
2232111213
2321112131
3211121313
2111213132
1112131323
1121313232
1213132321
2131323211
1313232111
3132321113
1323211131
3232111310
2321113100
3211131002
2111310022
1113100222
1131002220
1310022200
3100222001
1002220011
0022200112
0222001120
2220011202
2200112023
2001120231
0011202311
0112023110
1120231100
1202311000
2023110002
0231100022
2311000223
3110002232
1100022320
1000223201
0002232013
0022320133
0223201331
2232013313
2320133130
3201331302
2013313020
0133130202
1331302022
3313020223
3130202232
1302022320
3020223200
0202232001
2022320010
0223200100
2232001000
2320010000
3200100000
2001000002
0010000020
0100000200
1000002001
0000020012
0000200123
0002001231
0020012310
0200123102
2001231022
0012310222
0123102220
1231022201
2310222010
3102220100
1022201002
0222010020
2220100200
2201002002
2010020020
0100200202
1002002023
0020020231
0200202313
2002023132
0020231320
0202313200
2023132000
0231320003
2313200031
3132000310
1320003102
3200031023
2000310231
0003102312
0031023123
0310231232
3102312323
1023123230
0231232301
2312323010
3123230102
1232301022
2323010221
3230102210
2301022102
3010221023
0102210231
1022102310
0221023101
2210231010
2102310102
1023101023
0231010231
2310102310
3101023101
1010231010
0102310102
1023101023
0231010230
2310102302
3101023022
1010230221
0102302213
1023022133
0230221330
2302213301
3022133011
0221330113
2213301132
2133011323
1330113232
3301132321
3011323211
0113232111
1132321113
1323211132
3232111323
2321113231
3211132310
2111323102
1113231022
1132310220
1323102200
3231022002
2310220022
3102200223
1022002230
0220022300
2200223002
2002230021
0022300211
0223002110
2230021102
2300211022
3002110223
0021102232
0211022321
2110223213
1102232132
1022321323
0223213233
2232132330
2321323301
3213233010
2132330100
1323301003
3233010032
2330100323
3301003232
3010032323
0100323232
1003232321
0032323213
0323232132
3232321320
2323213203
3232132032
2321320323
3213203233
2132032333
1320323331
3203233313
2032333130
0323331302
3233313022
2333130221
3331302213
3313022133
3130221333
1302213332
3022133323
0221333231
2213332311
2133323112
1333231123
3332311231
3323112310
3231123103
2311231031
3112310313
1123103131
1231031310
2310313103
3103131033
1031310330
0313103301
3131033010
1310330102
3103301020
1033010200
0330102002
3301020021
3010200213
0102002132
1020021323
0200213232
2002132320
0021323202
0213232020
2132320200
1323202003
3232020032
2320200322
3202003220
2020032201
0200322013
2003220131
0032201310
0322013100
3220131001
2201310010
2013100101
0131001011
1310010110
3100101101
1001011010
0010110102
0101101020
1011010203
0110102030
1101020300
1010203000
0102030003
1020300031
0203000313
2030003132
0300031322
3000313220
0003132200
0031322003
0313220033
3132200333
1322003331
3220033310
2200333101
2003331010
0033310100
0333101000
3331010000
3310100001
3101000013
1010000131
0100001310
1000013101
0000131010
0001310103
0013101033
0131010333
1310103333
3101033330
1010333302
0103333020
1033330201
0333302010
3333020100
3330201003
3302010031
3020100310
0201003102
2010031023
0100310233
1003102333
0031023331
0310233313
3102333131
1023331311
0233313111
2333131111
3331311113
3313111131
3131111310
1311113102
3111131022
1111310223
1113102231
1131022310
1310223103
3102231031
1022310313
0223103130
2231031303
2310313030
3103130300
1031303000
0313030000
3130300000
1303000001
3030000013
0300000132
3000001320
0000013201
0000132010
0001320100
0013201003
0132010030
1320100302
3201003020
2010030200
0100302000
1003020000
0030200000
0302000001
3020000013
0200000131
2000001313
0000013132
0000131320
0001313201
0013132010
0131320102
1313201020
3132010202
1320102022
3201020222
2010202220
0102022201
1020222012
0202220120
2022201203
0222012033
2220120333
2201203332
2012033320
0120333202
1203332020
2033320200
0333202000
3332020001
3320200010
3202000103
2020001030
0200010301
2000103013
0001030132
0010301320
0103013200
1030132000
0301320002
3013200022
0132000222
1320002222
3200022220
2000222200
0002222003
0022220032
0222200322
2222003222
2220032220
2200322200
2003222000
0032220003
0322200032
3222000320
2220003202
2200032020
2000320201
0003202013
0032020132
0320201321
3202013213
2020132132
0201321323
2013213233
0132132331
1321323310
3213233100
2132331000
1323310002
3233100023
2331000230
3310002301
3100023010
1000230100
0002301003
0023010030
0230100301
2301003010
3010030101
0100301010
1003010101
0030101010
0301010100
3010101003
0101010033
1010100330
0101003302
1010033023
0100330231
1003302310
0033023100
0330231000
3302310000
3023100003
0231000030
2310000300
3100003001
1000030010
0000300102
0003001020
0030010202
0300102022
3001020220
0010202202
0102022020
1020220203
0202202032
2022020321
0220203213
2202032133
2020321332
0203213322
2032133221
0321332210
3213322100
2133221002
1332210020
3322100200
3221002002
2210020021
2100200211
1002002110
0020021102
0200211021
2002110213
0021102131
0211021310
2110213102
1102131022
1021310221
0213102210
2131022102
1310221023
3102210232
1022102323
0221023233
2210232330
2102323303
1023233033
0232330332
2323303320
3233033200
2330332002
3303320023
3033200230
0332002301
3320023012
3200230123
2002301233
0023012331
0230123311
2301233110
3012331101
0123311013
1233110132
2331101322
3311013223
3110132232
1101322320
1013223200
0132232000
1322320000
3223200001
2232000012
2320000123
3200001231
2000012311
0000123110
0001231102
0012311022
0123110222
1231102222
2311022221
3110222210
1102222100
1022221001
0222210013
2222100130
2221001302
2210013020
2100130203
1001302030
0013020302
0130203020
1302030200
3020302000
0203020001
2030200010
0302000102
3020001020
0200010202
2000102022
0001020222
0010202221
0102022211
1020222113
0202221130
2022211300
0222113002
2221130022
2211300223
2113002230
1130022300
1300223000
3002230001
0022300010
0223000101
2230001011
2300010112
3000101123
0001011232
0010112323
0101123231
1011232313
0112323131
1123231313
1232313130
2323131303
3231313033
2313130330
3131303302
1313033020
3130330203
1303302030
3033020302
0330203023
3302030230
3020302301
0203023012
2030230121
0302301210
3023012102
0230121021
2301210211
3012102113
0121021132
1210211321
2102113213
1021132132
0211321323
2113213231
1132132313
1321323132
3213231323
2132313230
1323132300
3231323002
2313230021
3132300210
1323002102
3230021020
2300210202
3002102023
0021020232
0210202321
2102023213
1020232131
0202321311
2023213113
0232131132
2321311323
3213113230
2131132300
1311323002
3113230023
1132300232
1323002320
3230023203
2300232030
3002320300
0023203002
0232030023
2320300230
3203002303
2030023031
0300230313
3002303133
0023031332
0230313320
2303133200
3031332000
0313320003
3133200030
1332000300
3320003000
3200030002
2000300021
0003000210
0030002102
0300021022
3000210220
0002102202
0021022020
0210220202
2102202023
1022020230
0220202300
2202023002
2020230022
0202300221
2023002213
0230022132
2300221323
3002213231
0022132310
0221323102
2213231023
2132310232
1323102321
3231023210
2310232102
3102321020
1023210201
0232102013
2321020133
3210201331
2102013313
1020133131
0201331313
2013313131
0133131311
1331313110
3313131103
3131311032
1313110323
3131103231
1311032313
3110323132
1103231323
1032313233
0323132331
3231323313
2313233131
3132331310
1323313102
3233131020
2331310203
3313102031
3131020310
1310203103
3102031031
1020310313
0203103133
2031031332
0310313320
3103133200
1031332000
0313320000
3133200000
1332000001
3320000011
3200000113
2000001130
0000011303
0000113032
0001130320
0011303202
0113032020
1130320200
1303202002
3032020023
0320200232
3202002320
2020023203
0200232030
2002320300
0023203002
0232030020
2320300201
3203002013
2030020133
0300201333
3002013333
0020133331
0201333310
2013333102
0133331022
1333310223
3333102233
3331022333
3310223332
3102233321
1022333213
0223332131
2233321313
2333213132
3332131320
3321313202
3213132020
2131320201
1313202010
3132020101
1320201011
3202010113
2020101132
0201011320
2010113203
0101132032
1011320320
0113203201
1132032011
1320320113
3203201132
2032011323
0320113233
3201132332
2011323322
0113233220
1132332203
1323322032
3233220320
2332203203
3322032032
3220320323
2203203233
2032032332
0320323320
3203233200
2032332000
0323320003
3233200030
2332000301
3320003010
3200030102
2000301022
0003010220
0030102200
0301022000
3010220000
0102200003
1022000032
0220000321
2200003213
2000032130
0000321302
0003213021
0032130213
0321302133
3213021331
2130213312
1302133122
3021331223
0213312232
2133122320
1331223200
3312232002
3122320022
1223200223
2232002232
2320022322
3200223221
2002232210
0022322103
0223221030
2232210300
2322103001
3221030012
2210300122
2103001220
1030012200
0300122000
3001220000
0012200002
0122000023
1220000231
2200002313
2000023132
0000231321
0002313213
0023132130
0231321303
2313213033
3132130333
1321303333
3213033333
2130333330
1303333300
3033333003
0333330032
3333300322
3333003220
3330032200
3300322002
3003220023
0032200232
0322002323
3220023231
2200232311
2002323113
0023231132
0232311320
2323113202
3231132020
2311320200
3113202002
1132020020
1320200202
3202002020
2020020202
0200202023
2002020231
0020202311
0202023110
2020231102
0202311023
2023110230
0231102302
2311023022
3110230220
1102302202
1023022021
0230220211
2302202111
3022021113
0220211130
2202111302
2021113021
0211130211
2111302111
1113021113
1130211132
1302111323
3021113230
0211132300
2111323001
1113230011
1132300111
1323001110
3230011103
2300111032
3001110321
0011103210
0111032103
1110321031
1103210312
1032103120
0321031200
3210312002
2103120023
1031200231
0312002312
3120023121
1200231212
2002312122
0023121220
0231212202
2312122023
3121220231
1212202313
2122023131
1220231311
2202313110
2023131101
0231311010
2313110102
3131101020
1311010202
3110102022
1101020222
1010202223
0102022231
1020222313
0202223130
2022231302
0222313022
2223130220
2231302200
2313022000
3130220003
1302200033
3022000330
0220003302
2200033020
2000330200
0003302003
0033020033
0330200331
3302003313
3020033131
0200331310
2003313102
0033131020
0331310201
3313102012
3131020120
1310201202
3102012020
1020120202
0201202021
2012020212
0120202120
1202021201
2020212013
0202120131
2021201311
0212013110
2120131101
1201311013
2013110132
0131101320
1311013202
3110132022
1101320220
1013202203
0132022032
1320220320
3202203200
2022032002
0220320020
2203200201
2032002011
0320020113
3200201133
2002011331
0020113311
0201133111
2011331113
0113311132
1133111321
1331113213
3311132133
3111321331
1113213311
1132133110
1321331100
3213311001
2133110010
1331100101
3311001011
3110010113
1100101132
1001011321
0010113213
0101132132
1011321320
0113213202
1132132021
1321320210
3213202102
2132021020
1320210202
3202102023
2021020230
0210202300
2102023002
1020230021
0202300210
2023002102
0230021021
2300210210
3002102101
0021021010
0210210101
2102101011
1021010111
0210101112
2101011120
1010111200
0101112001
1011120013
0111200133
1112001330
1120013301
1200133011
2001330110
0013301102
0133011020
1330110203
3301102032
3011020321
0110203210
1102032102
1020321021
0203210210
2032102102
0321021021
3210210212
2102102123
1021021232
0210212322
2102123223
1021232232
0212322320
2123223201
1232232010
2322320101
3223201010
2232010102
2320101021
3201010212
2010102123
0101021232
1010212323
0102123232
1021232321
0212323211
2123232110
1232321102
2323211020
3232110202
2321102020
3211020200
2110202000
1102020002
1020200021
0202000212
2020002122
0200021220
2000212200
0002122002
0021220022
0212200222
2122002222
1220022221
2200222211
2002222111
0022221110
0222211100
2222111002
2221110021
2211100210
2111002101
1110021011
1100210111
1002101111
0021011112
0210111122
2101111220
1011112200
0111122002
1111220020
1112200202
1122002023
1220020230
2200202302
2002023021
0020230210
0202302103
2023021031
0230210312
2302103122
3021031223
0210312232
2103122320
1031223201
0312232013
3122320132
1223201321
2232013210
2320132100
3201321003
2013210030
0132100300
1321003003
3210030032
2100300320
1003003202
0030032022
0300320223
3003202232
0032022320
0320223203
3202232031
2022320313
0223203133
2232031332
2320313322
3203133223
2031332230
0313322302
3133223020
1332230202
3322302022
3223020221
2230202210
2302022103
3020221031
0202210313
2022103131
0221031310
2210313102
2103131022
1031310220
0313102200
3131022003
1310220030
3102200303
1022003031
0220030310
2200303102
2003031023
0030310233
0303102333
3031023330
0310233302
3102333023
1023330232
0233302320
2333023202
3330232022
3302320220
3023202203
0232022032
2320220321
3202203210
2022032100
0220321000
2203210000
2032100003
0321000032
3210000321
2100003213
1000032131
0000321313
0003213132
0032131322
0321313221
3213132210
2131322102
1313221021
3132210210
1322102103
3221021032
2210210323
2102103233
1021032331
0210323313
2103233131
1032331311
0323313113
3233131131
2331311310
3313113101
3131131010
1311310102
3113101021
1131010210
1310102101
3101021010
1010210102
0102101021
1021010212
0210102123
2101021233
1010212332
0102123321
1021233211
0212332111
2123321112
1233211120
2332111202
3321112022
3211120223
2111202233
1112022331
1120223310
1202233101
2022331011
0223310113
2233101132
2331011321
3310113210
3101132100
1011321000
0113210003
1132100032
1321000321
3210003210
2100032101
1000321013
0003210131
0032101313
0321013131
3210131311
2101313111
1013131110
0131311102
1313111022
3131110220
1311102203
3111022031
1110220311
1102203111
1022031112
0220311120
2203111201
2031112013
0311120133
3111201333
1112013330
1120133300
1201333003
2013330031
0133300311
1333003110
3330031101
3300311011
3003110113
0031101133
0311011331
3110113311
1101133110
1011331100
0113311000
1133110001
1331100010
3311000100
3110001000
1100010002
1000100022
0001000221
0010002212
0100022123
1000221231
0002212310
0022123102
0221231021
2212310210
2123102102
1231021022
2310210221
3102102213
1021022132
0210221320
2102213202
1022132020
0221320200
2213202001
2132020012
1320200120
3202001202
2020012022
0200120220
2001202200
0012022002
0120220021
1202200211
2022002113
0220021133
2200211333
2002113331
0021133313
0211333130
2113331300
1133313002
1333130023
3331300232
3313002320
3130023203
1300232030
3002320300
0023203002
0232030022
2320300220
3203002200
2030022003
0300220033
3002200332
0022003320
0220033203
2200332033
2003320333
0033203331
0332033310
3320333102
3203331020
2033310203
0333102031
3331020310
3310203103
3102031032
1020310320
0203103202
2031032022
0310320220
3103202201
1032022010
0320220103
3202201032
2022010322
0220103221
2201032210
2010322102
0103221021
1032210213
0322102133
3221021332
2210213321
2102133211
1021332113
0213321132
2133211322
1332113220
3321132200
3211322002
2113220020
1132200202
1322002022
3220020221
2200202213
2002022130
0020221302
0202213021
2022130212
0221302120
2213021203
2130212031
1302120310
3021203100
0212031002
2120310020
1203100200
2031002002
0310020020
3100200202
1002002022
0020020220
0200202201
2002022010
0020220102
0202201023
2022010230
0220102303
2201023030
2010230300
0102303003
1023030031
0230300311
2303003111
3030031112
0300311122
3003111220
0031112201
0311122013
3111220131
1112201310
1122013102
1220131023
2201310232
2013102322
0131023221
1310232212
3102322123
1023221231
0232212313
2322123132
3221231322
2212313220
2123132203
1231322030
2313220303
3132203032
1322030320
3220303202
2203032020
2030320202
0303202023
3032020232
0320202320
3202023200
2020232002
0202320021
2023200210
0232002100
2320021000
3200210001
2002100011
0021000113
0210001131
2100011313
1000113131
0001131313
0011313132
0113131320
1131313200
1313132002
3131320020
1313200201
3132002013
1320020132
3200201321
2002013213
0020132131
0201321310
2013213101
0132131010
1321310102
3213101020
2131010202
1310102023
3101020232
1010202320
0102023203
1020232030
0202320303
2023203033
0232030331
2320303313
3203033130
2030331300
0303313001
3033130011
0331300110
3313001101
3130011013
1300110131
3001101310
0011013102
0110131021
1101310210
1013102102
0131021020
1310210202
3102102022
1021020222
0210202221
2102022212
1020222120
0202221201
2022212011
0222120110
2221201103
2212011032
2120110320
1201103200
2011032002
0110320022
1103200220
1032002203
0320022030
3200220300
2002203001
0022030011
0220300113
2203001132
2030011320
0300113203
3001132030
0011320300
0113203000
1132030002
1320300021
3203000213
2030002131
0300021311
3000213110
0002131102
0021311021
0213110210
2131102102
1311021022
3110210220
1102102200
1021022000
0210220003
2102200032
1022000322
0220003221
2200032213
2000322131
0003221310
0032213102
0322131021
3221310213
2213102132
2131021322
1310213220
3102132200
1021322002
0213220021
2132200213
1322002132
3220021323
2200213232
2002132321
0021323213
0213232130
2132321302
1323213020
3232130202
2321302021
3213020210
2130202102
1302021021
3020210210
0202102103
2021021032
0210210322
2102103222
1021032220
0210322202
2103222021
1032220211
0322202110
3222021102
2220211021
2202110211
2021102110
0211021103
2110211031
1102110313
1021103132
0211031322
2110313221
1103132211
1031322110
0313221101
3132211011
1322110111
3221101111
2211011111
2110111111
1101111113
1011111133
0111111332
1111113321
1111133211
1111332113
1113321131
1133211311
1332113111
3321131110
3211311102
2113111021
1131110213
1311102132
3111021320
1110213201
1102132011
1021320111
0213201113
2132011133
1320111332
3201113323
2011133232
0111332321
1113323211
1133232111
1332321113
3323211130
3232111302
2321113020
3211130200
2111302002
1113020020
1130200201
1302002011
3020020113
0200201132
2002011321
0020113211
0201132110
2011321102
0113211020
1132110203
1321102031
3211020311
2110203110
1102031102
1020311020
0203110200
2031102001
0311020010
3110200100
1102001000
1020010000
0200100001
2001000010
0010000102
0100001020
1000010203
0000102031
0001020310
0010203102
0102031022
1020310220
0203102200
2031022001
0310220010
3102200102
1022001021
0220010210
2200102100
2001021003
0010210033
0102100333
1021003333
0210033330
2100333300
1003333001
0033330013
0333300133
3333001331
3330013310
3300133100
3001331000
0013310002
0133100020
1331000200
3310002001
3100020010
1000200103
0002001033
0020010330
0200103300
2001033003
0010330032
0103300320
1033003202
0330032020
3300320200
3003202003
0032020031
0320200311
3202003113
2020031132
0200311323
2003113230
0031132300
0311323002
3113230021
1132300211
1323002110
3230021102
2300211020
3002110200
0021102003
0211020031
2110200311
1102003110
1020031100
0200311000
2003110002
0031100021
0311000212
3110002121
1100021212
1000212121
0002121211
0021212113
0212121130
2121211303
1212113032
2121130320
1211303203
2113032032
1130320320
1303203201
3032032010
0320320100
3203201000
2032010003
0320100031
3201000311
2010003111
0100031110
1000311100
0003111001
0031110011
0311100110
3111001101
1110011010
1100110100
1001101001
0011010011
0110100113
1101001131
1010011311
0100113112
1001131122
0011311220
0113112201
1131122012
1311220122
3112201223
1122012231
1220122313
2201223131
2012231311
0122313111
1223131111
2231311110
2313111102
3131111023
1311110232
3111102322
1111023220
1110232202
1102322020
1023220203
0232202030
2322020300
3220203002
2202030022
2020300220
0203002202
2030022023
0300220231
3002202310
0022023102
0220231022
2202310220
2023102200
0231022003
2310220032
3102200320
1022003202
0220032020
2200320200
2003202002
0032020022
0320200221
3202002211
2020022113
0200221133
2002211331
0022113311
0221133111
2211331111
2113311113
1133111133
1331111333
3311113333
3111133330
1111333300
1113333000
1133330003
1333300031
3333000313
3330003131
3300031311
3000313110
0003131101
0031311013
0313110132
3131101320
1311013201
3110132011
1101320110
1013201102
0132011021
1320110210
3201102102
2011021023
0110210230
1102102302
1021023022
0210230223
2102302232
1023022321
0230223213
2302232131
3022321313
0223213132
2232131321
2321313210
3213132101
2131321012
1313210120
3132101202
1321012022
3210120221
2101202211
1012022110
0120221101
1202211013
2022110131
0221101313
2211013130
2110131302
1101313022
1013130220
0131302202
1313022023
3130220231
1302202313
3022023133
0220231331
2202313310
2023133102
0231331020
2313310200
3133102003
1331020030
3310200302
3102003020
1020030200
0200302000
2003020001
0030200013
0302000131
3020001311
0200013110
2000131101
0001311011
0013110113
0131101131
1311011313
3110113131
1101131310
1011313100
0113131002
1131310020
1313100202
3131002022
1310020220
3100202202
1002022021
0020220213
0202202131
2022021311
0220213113
2202131133
2021311331
0213113310
2131133102
1311331021
3113310211
1133102113
1331021132
3310211323
3102113233
1021132332
0211323320
2113233200
1132332003
1323320033
3233200332
2332003322
3320033220
3200332202
2003322020
0033220200
0332202002
3322020023
3220200231
2202002310
2020023103
0200231032
2002310323
0023103232
0231032320
2310323200
3103232001
1032320011
0323200110
3232001101
2320011010
3200110101
2001101010
0011010100
0110101001
1101010013
1010100133
0101001330
1010013300
0100133001
1001330010
0013300102
0133001022
1330010222
3300102221
3001022212
0010222122
0102221223
1022212231
0222122313
2221223133
2212231332
2122313321
1223133213
2231332133
2313321332
3133213321
1332133211
3321332110
3213321100
2133211002
1332110022
3321100221
3211002210
2110022100
1100221002
1002210020
0022100203
0221002031
2210020313
2100203131
1002031312
0020313120
0203131200
2031312002
0313120022
3131200220
1312002200
3120022001
1200220011
2002200111
0022001111
0220011110
2200111103
2001111030
0011110301
0111103011
1111030113
1110301132
1103011322
1030113220
0301132200
3011322003
0113220031
1132200313
1322003132
3220031322
2200313220
2003132200
0031322003
0313220031
3132200310
1322003102
3220031021
2200310211
2003102113
0031021133
0310211333
3102113333
1021133331
0211333313
2113333131
1133331311
1333313110
3333131102
3331311023
3313110230
3131102302
1311023020
3110230202
1102302020
1023020201
0230202011
2302020111
3020201111
0202011112
2020111120
0201111203
2011112033
0111120331
1111203311
1112033112
1120331120
1203311200
2033112003
0331120031
3311200311
3112003111
1120031111
1200311113
2003111130
0031111300
0311113000
3111130002
1111300023
1113000232
1130002321
1300023211
3000232110
0002321102
0023211021
0232110211
2321102111
3211021113
2110211131
1102111312
1021113123
0211131233
2111312333
1113123332
1131233321
1312333210
3123332101
1233321011
2333210112
3332101121
3321011210
3210112101
2101121011
1011210110
0112101103
1121011031
1210110313
2101103133
1011031331
0110313310
1103133100
1031331001
0313310011
3133100113
1331001131
3310011313
3100113132
1001131321
0011313210
0113132101
1131321013
1313210132
3132101320
1321013200
3210132000
2101320000
1013200003
0132000030
1320000303
3200003031
2000030311
0000303111
0003031110
0030311100
0303111002
3031110022
0311100223
3111002231
1110022310
1100223100
1002231002
0022310023
0223100233
2231002332
2310023321
3100233213
1002332130
0023321302
0233213022
2332130223
3321302231
3213022313
2130223133
1302231333
3022313333
0223133330
2231333302
2313333022
3133330220
1333302202
3333022023
3330220231
3302202311
3022023110
0220231102
2202311021
2023110213
0231102132
2311021321
3110213213
1102132132
1021321322
0213213223
2132132232
1321322322
3213223223
2132232232
1322322321
3223223213
2232232132
2322321320
3223213203
2232132030
2321320301
3213203013
2132030132
1320301321
3203013210
2030132102
0301321023
3013210232
0132102322
1321023223
3210232230
2102322302
1023223020
0232230200
2322302000
3223020003
2230200033
2302000332
3020003323
0200033232
2000332320
0003323202
0033232021
0332320210
3323202100
3232021002
2320210020
3202100203
2021002030
0210020300
2100203000
1002030002
0020300021
0203000211
2030002112
0300021122
3000211220
0002112200
0021122002
0211220023
2112200232
1122002320
1220023201
2200232012
2002320123
0023201231
0232012313
2320123133
3201231331
2012313310
0123133100
1231331000
2313310000
3133100002
1331000020
3310000200
3100002001
1000020012
0000200120
0002001202
0020012021
0200120212
2001202122
0012021220
0120212202
1202122020
2021220202
0212202020
2122020202
1220202020
2202020202
2020202020
0202020203
2020202030
0202020303
2020203031
0202030311
2020303110
0203031103
2030311032
0303110322
3031103223
0311032232
3110322322
1103223223
1032232232
0322322323
3223223231
2232232310
2322323102
3223231022
2232310221
2323102213
3231022133
2310221332
3102213320
1022133201
0221332011
2213320111
2133201111
1332011111
3320111110
3201111100
2011111000
0111110002
1111100020
1111000200
1110002002
1100020023
1000200230
0002002300
0020023003
0200230032
2002300320
0023003203
0230032033
2300320332
3003203323
0032033232
0320332321
3203323210
2033232100
0332321000
3323210000
3232100002
2321000023
3210000233
2100002333
1000023332
0000233321
0002333213
0023332132
0233321320
2333213200
3332132000
3321320000
3213200000
2132000003
1320000030
3200000301
2000003011
0000030110
0000301101
0003011011
0030110113
0301101131
3011011312
0110113121
1101131213
1011312133
0113121333
1131213330
1312133300
3121333001
1213330013
2133300132
1333001320
3330013203
3300132032
3001320323
0013203230
0132032300
1320323003
3203230033
2032300330
0323003301
3230033013
2300330132
3003301320
0033013202
0330132022
3301320220
3013202200
0132022000
1320220001
3202200013
2022000130
0220001301
2200013012
2000130121
0001301210
0013012103
0130121032
1301210323
3012103230
0121032300
1210323003
2103230033
1032300330
0323003303
3230033030
2300330300
3003303000
0033030000
0330300000
3303000001
3030000010
0300000102
3000001020
0000010203
0000102032
0001020321
0010203213
0102032132
1020321320
0203213202
2032132023
0321320233
3213202333
2132023332
1320233323
3202333232
2023332323
0233323232
2333232323
3332323232
3323232320
3232323200
2323232001
3232320012
2323200122
3232001220
2320012201
3200122010
2001220101
0012201013
0122010132
1220101320
2201013200
2010132000
0101320003
1013200030
0132000303
1320003033
3200030333
2000303333
0003033331
0030333313
0303333132
3033331322
0333313222
3333132221
3331322210
3313222103
3132221033
1322210332
3222103321
2221033210
2210332102
2103321022
1033210220
0332102202
3321022022
3210220220
2102202200
1022022000
0220220002
2202200023
2022000232
0220002322
2200023220
2000232203
0002322030
0023220302
0232203023
2322030233
3220302330
2203023302
2030233021
0302330213
3023302130
0233021303
2330213033
3302130331
3021303313
0213033133
2130331332
1303313322
3033133222
0331332223
3313322232
3133222320
1332223203
3322232031
3222320310
2223203100
2232031002
2320310023
3203100231
2031002313
0310023130
3100231303
1002313031
0023130311
0231303110
2313031100
3130311002
1303110020
3031100200
0311002000
3110020002
1100200020
1002000200
0020002000
0200020000
2000200001
0002000013
0020000133
0200001331
2000013313
0000133132
0001331320
0013313202
0133132023
1331320232
3313202323
3132023232
1320232321
3202323210
2023232103
0232321032
2323210320
3232103200
2321032003
3210320033
2103200333
1032003332
0320033320
3200333200
2003332002
0033320023
0333200231
3332002310
3320023100
3200231000
2002310002
0023100022
0231000220
2310002202
3100022020
1000220201
0002202012
0022020123
0220201233
2202012332
2020123323
0201233232
2012332320
0123323201
1233232013
2332320132
3323201322
3232013220
2320132200
3201322002
2013220021
0132200210
1322002100
3220021001
2200210011
2002100110
0021001101
0210011011
2100110110
1001101100
0011011002
0110110022
1101100223
1011002231
0110022311
1100223110
1002231100
0022311002
0223110022
2231100221
2311002212
3110022120
1100221203
1002212031
0022120311
0221203110
2212031102
2120311020
1203110202
2031102020
0311020200
3110202003
1102020031
1020200311
0202003111
2020031110
0200311102
2003111020
0031110200
0311102000
3111020000
1110200000
1102000002
1020000021
0200000213
2000002131
0000021313
0000213133
0002131333
0021313332
0213133320
2131333200
1313332002
3133320022
1333200221
3332002211
3320022113
3200221130
2002211301
0022113010
0221130102
2211301020
2113010203
1130102031
1301020313
3010203130
0102031303
1020313033
0203130332
2031303323
0313033233
3130332332
1303323323
3033233232
0332332320
3323323202
3233232021
2332320211
3323202111
3232021113
2320211133
3202111331
2021113310
0211133101
2111331011
1113310110
1133101100
1331011001
3310110010
3101100103
1011001032
0110010321
1100103211
1001032111
0010321110
0103211100
1032111000
0321110002
3211100020
2111000203
1110002032
1100020320
1000203202
0002032021
0020320213
0203202132
2032021322
0320213220
3202132202
2021322020
0213220202
2132202022
1322020220
3220202203
2202022032
2020220321
0202203213
2022032132
0220321321
2203213210
2032132102
0321321021
3213210213
2132102132
1321021323
3210213232
2102132323
1021323232
0213232322
2132323222
1323232222
3232322221
2323222213
3232222133
2322221331
3222213313
2222133132
2221331323
2213313232
2133132322
1331323223
3313232232
3132322320
1323223200
3232232002
2322320022
3223200220
2232002202
2320022021
3200220213
2002202133
0022021331
0220213311
2202133110
2021331103
0213311033
2133110332
1331103321
3311033213
3110332131
1103321310
1033213101
0332131011
3321310111
3213101110
2131011103
1310111032
3101110320
1011103201
0111032010
1110320101
1103201010
1032010102
0320101022
3201010223
2010102232
0101022321
1010223213
0102232131
1022321310
0223213103
2232131031
2321310311
3213103110
2131031100
1310311003
3103110033
1031100332
0311003323
3110033232
1100332321
1003323213
0033232131
0332321312
3323213123
3232131232
2321312321
3213123210
2131232102
1312321021
3123210211
1232102110
2321021100
3210211002
2102110023
1021100232
0211002321
2110023211
1100232113
1002321132
0023211322
0232113220
2321132201
3211322010
2113220102
1132201020
1322010200
3220102002
2201020020
2010200201
0102002010
1020020102
0200201021
2002010212
0020102120
0201021201
2010212013
0102120132
1021201321
0212013211
2120132111
1201321113
2013211132
0132111320
1321113203
3211132030
2111320303
1113203033
1132030332
1320303322
3203033222
2030332221
0303322210
3033222102
0332221021
3322210213
3222102132
2221021323
2210213232
2102132321
1021323210
0213232100
2132321002
1323210022
3232100222
2321002220
3210022201
2100222012
1002220123
0022201231
0222012313
2220123130
2201231302
2012313023
0123130232
1231302320
2313023203
3130232032
1302320323
3023203232
0232032322
2320323222
3203232220
2032322201
0323222013
3232220132
2322201322
3222013222
2220132223
2201322232
2013222323
0132223233
1322232332
3222323322
2223233220
2232332201
2323322010
3233220102
2332201023
3322010230
3220102303
2201023030
2010230303
0102303031
1023030311
0230303112
2303031123
3030311231
0303112313
3031123130
0311231301
3112313011
1123130112
1231301122
2313011223
3130112232
1301122323
3011223231
0112232312
1122323122
1223231222
2232312220
2323122203
3231222031
2312220313
3122203132
1222031322
2220313220
2203132203
2031322032
0313220320
3132203201
1322032013
3220320130
2203201301
2032013011
0320130113
3201301132
2013011322
0130113223
1301132230
3011322301
0113223010
1132230102
1322301020
3223010200
2230102003
2301020030
3010200303
0102003031
1020030310
0200303101
2003031011
0030310113
0303101132
3031011323
0310113232
3101132322
1011323221
0113232211
1132322112
1323221123
3232211232
2322112320
3221123203
2211232032
2112320322
1123203223
1232032230
2320322302
3203223021
2032230210
0322302100
3223021002
2230210021
2302100211
3021002110
0210021101
2100211010
1002110100
0021101002
0211010020
2110100201
1101002013
1010020131
0100201311
1002013110
0020131100
0201311003
2013110032
0131100320
1311003203
3110032033
1100320330
1003203300
0032033003
0320330033
3203300333
2033003330
0330033300
3300333002
3003330020
0033300202
0333002020
3330020203
3300202032
3002020322
0020203223
0202032231
2020322313
0203223133
2032231331
0322313311
3223133111
2231331112
2313311123
3133111231
1331112311
3311123113
3111231132
1112311322
1123113222
1231132220
2311322202
3113222021
1132220210
1322202103
3222021031
2220210313
2202103131
2021031313
0210313131
2103131310
1031313102
0313131023
3131310231
1313102313
3131023133
1310231331
3102313312
1023133122
0231331223
2313312232
3133122321
1331223211
3312232113
3122321131
1223211313
2232113130
2321131301
3211313012
2113130121
1131301211
1313012111
3130121113
1301211130
3012111301
0121113013
1211130133
2111301330
1113013301
1130133013
1301330130
3013301300
0133013002
1330130023
3301300231
3013002313
0130023133
1300231333
3002313333
0023133330
0231333301
2313333010
3133330103
1333301032
3333010321
3330103210
3301032103
3010321031
0103210312
1032103122
0321031221
3210312211
2103122113
1031221132
0312211322
3122113220
1221132201
2211322010
2113220100
1132201000
1322010000
3220100001
2201000010
2010000102
0100001021
1000010213
0000102133
0001021331
0010213313
0102133130
1021331301
0213313011
2133130113
1331301133
3313011333
3130113332
1301133321
3011333212
0113332123
1133321232
1333212322
3332123222
3321232223
3212322232
2123222321
1232223211
2322232113
3222321133
2223211330
2232113300
2321133000
3211330002
2113300022
1133000223
1330002233
3300022333
3000223333
0002233331
0022333313
0223333130
2233331300
2333313003
3333130033
3331300330
3313003300
3130033002
1300330023
3003300231
0033002313
0330023131
3300231313
3002313131
0023131313
0231313133
2313131333
3131313332
1313133320
3131333200
1313332000
3133320003
1333200031
3332000311
3320003110
3200031103
2000311031
0003110313
0031103133
0311031332
3110313320
1103133202
1031332021
0313320210
3133202101
1332021010
3320210100
3202101000
2021010000
0210100000
2101000002
1010000023
0100000233
1000002333
0000023333
0000233331
0002333310
0023333101
0233331010
2333310103
3333101032
3331010320
3310103202
3101032020
1010320200
0103202002
1032020020
0320200201
3202002013
2020020131
0200201311
2002013110
0020131100
0201311002
2013110020
0131100201
1311002013
3110020130
1100201303
1002013033
0020130333
0201303330
2013033300
0130333000
1303330003
3033300031
0333000311
3330003111
3300031110
3000311101
0003111011
0031110110
0311101100
3111011003
1110110033
1101100332
1011003320
0110033202
1100332021
1003320210
0033202100
0332021002
3320210020
3202100203
2021002032
0210020321
2100203213
1002032131
0020321310
0203213101
2032131013
0321310131
3213101310
2131013103
1310131033
3101310330
1013103303
0131033030
1310330303
3103303030
1033030303
0330303031
3303030312
3030303123
0303031233
3030312331
0303123313
3031233133
0312331332
3123313322
1233133220
2331332202
3313322020
3133220202
1332202020
3322020201
3220202012
2202020122
2020201223
0202012230
2020122302
0201223020
2012230202
0122302023
1223020232
2230202322
2302023221
3020232213
0202322131
2023221312
0232213122
2322131221
3221312213
2213122132
2131221322
1312213223
3122132231
1221322313
2213223132
2132231320
1322313202
3223132021
2231320213
2313202132
3132021322
1320213222
3202132221
2021322210
0213222103
2132221032
1322210322
3222103223
2221032232
2210322322
2103223223
1032232230
0322322301
3223223013
2232230133
2322301332
3223013321
2230133211
2301332113
3013321131
0133211313
1332113130
3321131300
3211313003
2113130031
1131300310
1313003101
3130031010
1300310102
3003101021
0031010213
0310102131
3101021313
1010213133
0102131332
1021313322
0213133223
2131332232
1313322322
3133223220
1332232200
3322322000
3223220000
2232200000
2322000002
3220000023
2200000231
2000002310
0000023102
0000231022
0002310220
0023102202
0231022023
2310220232
3102202323
1022023231
0220232310
2202323103
2023231032
0232310320
2323103202
3231032023
2310320233
3103202331
1032023310
0320233100
3202331002
2023310022
0233100221
2331002211
3310022110
3100221102
1002211021
0022110211
0221102113
2211021132
2110211322
1102113222
1021132221
0211322213
2113222130
1132221303
1322213030
3222130303
2221303030
2213030300
2130303002
1303030020
3030300201
0303002013
3030020132
0300201320
3002013200
0020132002
0201320020
2013200200
0132002001
1320020010
3200200100
2002001000
0020010003
0200100030
2001000300
0010003001
0100030013
1000300130
0003001302
0030013023
0300130232
3001302322
0013023223
0130232233
1302322331
3023223313
0232233130
2322331300
3223313003
2233130033
2331300333
3313003333
3130033333
1300333333
3003333331
0033333311
0333333113
3333331133
3333311330
3333113303
3331133030
3311330300
3113303000
1133030000
1330300003
3303000031
3030000310
0300003101
3000031010
0000310103
0003101032
0031010323
0310103233
3101032331
1010323310
0103233103
1032331030
0323310300
3233103003
2331030032
3310300322
3103003221
1030032211
0300322110
3003221100
0032211002
0322110020
3221100202
2211002023
2110020231
1100202312
1002023120
0020231202
0202312023
2023120233
0231202331
2312023313
3120233133
1202331331
2023313310
0233133100
2331331002
3313310022
3133100220
1331002202
3310022020
3100220203
1002202032
0022020322
0220203221
2202032213
2020322133
0203221332
2032213320
0322133200
3221332000
2213320003
2133200031
1332000313
3320003132
3200031323
2000313232
0003132320
0031323203
0313232033
3132320333
1323203332
3232033320
2320333201
3203332013
2033320133
0333201330
3332013300
3320133002
3201330020
2013300203
0133002033
1330020330
3300203302
3002033023
0020330232
0203302321
2033023213
0330232131
3302321311
3023213113
0232131131
2321311310
3213113100
2131131002
1311310022
3113100221
1131002213
1310022133
3100221331
1002213310
0022133102
0221331022
2213310223
2133102233
1331022333
3310223330
3102233300
1022333003
0223330030
2233300301
2333003011
3330030111
3300301110
3003011102
0030111021
0301110210
3011102101
0111021011
1110210110
1102101100
1021011000
0210110001
2101100010
1011000100
0110001003
1100010032
1000100321
0001003211
0010032111
0100321110
1003211103
0032111033
0321110333
3211103331
2111033311
1110333111
1103331113
1033311131
0333111311
3331113111
3311131111
3111311110
1113111100
1131111001
1311110010
3111100100
1111001001
1110010010
1100100101
1001001011
0010010111
0100101110
1001011102
0010111020
0101110200
1011102003
0111020030
1110200302
1102003022
1020030222
0200302221
2003022213
0030222133
0302221332
3022213323
0222133232
2221332321
2213323212
2133232122
1332321222
3323212223
3232122231
2321222313
3212223133
2122231330
1222313302
2223133020
2231330202
2313302022
3133020222
1330202221
3302022210
3020222101
0202221012
2022210122
0222101220
2221012202
2210122022
2101220220
1012202200
0122022003
1220220033
2202200331
2022003310
0220033102
2200331020
2003310202
0033102021
0331020210
3310202102
3102021020
1020210203
0202102033
2021020330
0210203303
2102033032
1020330323
0203303230
2033032303
0330323033
3303230333
3032303332
0323033320
3230333203
2303332032
3033320323
0333203232
3332032320
3320323200
3203232003
2032320032
0323200323
3232003232
2320032320
3200323200
2003232002
0032320023
0323200233
3232002333
2320023333
3200233333
2002333331
0023333311
0233333110
2333331102
3333311023
3333110232
3331102321
3311023211
3110232110
1102321102
1023211023
0232110232
2321102321
3211023211
2110232110
1102321100
1023211002
0232110022
2321100220
3211002202
2110022020
1100220202
1002202021
0022020211
0220202113
2202021133
2020211331
0202113313
2021133132
0211331320
2113313203
1133132033
1331320331
3313203311
3132033111
1320331111
3203311113
2033111130
0331111302
3311113021
3111130213
1111302132
1113021320
1130213203
1302132032
3021320320
0213203202
2132032021
1320320210
3203202102
2032021021
0320210212
3202102121
2021021212
0210212123
2102121231
1021212313
0212123132
2121231323
1212313233
2123132332
1231323323
2313233230
3132332302
1323323023
3233230230
2332302302
3323023021
3230230213
2302302131
3023021313
0230213130
2302131300
3021313002
0213130023
2131300230
1313002300
3130023001
1300230011
3002300111
0023001110
0230011103
2300111033
3001110331
0011103311
0111033113
1110331131
1103311313
1033113133
0331131333
3311313330
3113133300
1131333000
1313330003
3133300030
1333000301
3330003010
3300030100
3000301002
0003010022
0030100223
0301002231
3010022313
0100223131
1002231313
0022313132
0223131321
2231313213
2313132130
3131321303
1313213032
3132130320
1321303200
3213032003
2130320030
1303200303
3032003033
0320030332
3200303321
2003033210
0030332103
0303321032
3033210323
0332103231
3321032313
3210323132
2103231323
1032313230
0323132300
3231323000
2313230000
3132300003
1323000032
3230000320
2300003203
3000032032
0000320322
0003203220
0032032203
0320322033
3203220331
2032203311
0322033110
3220331101
2203311011
2033110112
0331101122
3311011220
3110112200
1101122000
1011220002
0112200022
1122000220
1220002202
2200022021
2000220213
0002202132
0022021323
0220213233
2202132332
2021323321
0213233213
2132332133
1323321333
3233213331
2332133313
3321333133
3213331333
2133313332
1333133320
3331333200
3313332002
3133320023
1333200230
3332002300
3320023003
3200230033
2002300333
0023003333
0230033333
2300333333
3003333331
0033333311
0333333111
3333331113
3333311133
3333111333
3331113333
3311133330
3111333301
1113333013
1133330131
1333301311
3333013111
3330131113
3301311132
3013111323
0131113233
1311132332
3111323321
1113233213
1132332132
1323321320
3233213200
2332132001
3321320011
3213200110
2132001103
1320011030
3200110301
2001103013
0011030130
0110301301
1103013013
1030130133
0301301331
3013013310
0130133103
1301331030
3013310300
0133103000
1331030003
3310300030
3103000300
1030003003
0300030033
3000300333
0003003333
0030033332
0300333321
3003333213
0033332131
0333321312
3333213121
3332131213
3321312132
3213121320
2131213200
1312132002
3121320022
1213200220
2132002200
1320022002
3200220020
2002200202
0022002020
0220020200
2200202001
2002020010
0020200103
0202001030
2020010303
0200103033
2001030333
0010303333
0103033333
1030333331
0303333310
3033333103
0333331032
3333310320
3333103200
3331032001
3310320013
3103200131
1032001310
0320013103
3200131030
2001310300
0013103003
0131030031
1310300313
3103003133
1030031332
0300313322
3003133220
0031332201
0313322013
3133220132
1332201323
3322013231
3220132313
2201323130
2013231303
0132313030
1323130302
3231303020
2313030203
3130302030
1303020303
3030203033
0302030332
3020303322
0203033222
2030332222
0303322222
3033222220
0332222202
3322222023
3222220232
2222202322
2222023222
2220232223
2202322231
2023222313
0232223133
2322231331
3222313311
2223133111
2231331113
2313311132
3133111322
1331113221
3311132210
3111322101
1113221011
1132210111
1322101111
3221011110
2210111102
2101111023
1011110232
0111102323
1111023232
1110232321
1102323210
1023232102
0232321023
2323210232
3232102322
2321023220
3210232202
2102322020
1023220201
0232202011
2322020113
3220201132
2202011320
2020113203
0201132033
2011320330
0113203303
1132033030
1320330301
3203303010
2033030100
0330301000
3303010002
3030100021
0301000210
3010002103
0100021032
1000210323
0002103233
0021032333
0210323330
2103233303
1032333030
0323330300
3233303003
2333030032
3330300321
3303003213
3030032132
0300321323
3003213232
0032132321
0321323213
3213232132
2132321323
1323213233
3232132330
2321323300
3213233003
2132330030
1323300301
3233003013
2330030132
3300301321
3003013210
0030132100
0301321000
3013210003
0132100030
1321000300
3210003000
2100030003
1000300032
0003000322
0030003220
0300032200
3000322003
0003220030
0032200302
0322003021
3220030210
2200302100
2003021003
0030210031
0302100310
3021003103
0210031033
2100310333
1003103331
0031033312
0310333120
3103331201
1033312010
0333120100
3331201000
