302013111321322
020131113213223
201311132132233
013111321322333
131113213223333
311132132233333
111321322333330
113213223333301
132132233333013
321322333330132
213223333301321
132233333013210
322333330132102
223333301321023
233333013210233
333330132102333
333301321023331
333013210233312
330132102333120
301321023331202
013210233312022
132102333120220
321023331202203
210233312022032
102333120220322
023331202203221
233312022032213
333120220322133
331202203221331
312022032213313
120220322133132
202203221331323
022032213313232
220322133132322
203221331323221
032213313232213
322133132322132
221331323221322
213313232213223
133132322132231
331323221322311
313232213223111
132322132231110
323221322311100
232213223111002
322132231110022
221322311100221
213223111002210
132231110022101
322311100221010
223111002210101
231110022101013
311100221010131
111002210101313
110022101013131
100221010131312
002210101313121
022101013131211
221010131312111
210101313121111
101013131211110
010131312111101
101313121111010
013131211110103
131312111101032
313121111010321
131211110103211
312111101032111
121111010321111
211110103211112
111101032111122
111010321111223
110103211112232
101032111122322
010321111223221
103211112232210
032111122322102
321111223221022
211112232210223
111122322102231
111223221022310
112232210223102
122322102231022
223221022310220
232210223102201
322102231022011
221022310220111
210223102201113
102231022011130
022310220111300
223102201113000
231022011130002
310220111300022
102201113000220
022011130002202
220111300022022
201113000220221
011130002202211
111300022022111
113000220221111
130002202211112
300022022111121
000220221111213
002202211112131
022022111121311
220221111213110
202211112131102
022111121311022
221111213110220
211112131102201
111121311022011
111213110220110
112131102201102
121311022011021
213110220110210
131102201102100
311022011021002
110220110210020
102201102100201
022011021002011
220110210020110
201102100201101
011021002011012
110210020110121
102100201101211
021002011012113
210020110121133
100201101211332
002011012113323
020110121133233
201101211332332
011012113323321
110121133233213
101211332332131
012113323321310
121133233213100
211332332131001
113323321310010
133233213100101
332332131001011
323321310010110
233213100101102
332131001011023
321310010110232
213100101102322
131001011023222
310010110232222
100101102322223
001011023222231
010110232222311
101102322223111
011023222231111
110232222311110
102322223111101
023222231111012
232222311110122
322223111101221
222231111012213
222311110122132
223111101221321
231111012213210
311110122132100
111101221321002
111012213210021
110122132100212
101221321002121
012213210021211
122132100212110
221321002121101
213210021211010
132100212110102
321002121101023
210021211010232
100212110102320
002121101023201
021211010232011
212110102320110
121101023201102
211010232011021
110102320110211
101023201102111
010232011021112
102320110211120
023201102111201
232011021112012
320110211120123
201102111201233
011021112012333
110211120123331
102111201233311
021112012333111
211120123331112
111201233311121
112012333111212
120123331112121
201233311121211
012333111212112
123331112121120
233311121211203
333111212112032
331112121120320
311121211203200
111212112032002
112121120320020
121211203200200
212112032002001
121120320020013
211203200200131
112032002001313
120320020013131
203200200131311
032002001313112
320020013131123
200200131311232
002001313112323
020013131123232
200131311232320
001313112323202
013131123232021
131311232320213
313112323202131
131123232021311
311232320213112
112323202131120
123232021311200
232320213112003
323202131120032
232021311200322
320213112003221
202131120032211
021311200322113
213112003221132
131120032211322
311200322113221
112003221132213
120032211322131
200322113221310
003221132213103
032211322131031
322113221310311
221132213103112
211322131031123
113221310311232
132213103112322
322131031123221
221310311232212
213103112322121
131031123221211
310311232212113
103112322121133
031123221211332
311232212113321
112322121133212
123221211332122
232212113321222
322121133212222
221211332122220
212113321222200
121133212222000
211332122220001
113321222200012
133212222000123
332122220001231
321222200012313
212222000123131
122220001231311
222200012313111
222000123131113
220001231311132
200012313111322
000123131113223
001231311132232
012313111322321
123131113223213
231311132232132
313111322321322
131113223213223
311132232132232
111322321322322
113223213223220
132232132232202
322321322322020
223213223220200
232132232202001
321322322020010
213223220200100
132232202001000
322322020010000
223220200100001
232202001000011
322020010000112
220200100001122
202001000011222
020010000112220
200100001122202
001000011222023
010000112220232
100001122202320
000011222023202
000112220232021
001122202320210
011222023202102
112220232021020
122202320210202
222023202102021
220232021020210
202320210202102
023202102021022
232021020210222
320210202102223
202102021022232
021020210222322
210202102223223
102021022232231
020210222322313
202102223223132
021022232231322
210222322313221
102223223132210
022232231322101
222322313221012
223223132210123
232231322101232
322313221012322
223132210123221
231322101232211
313221012322112
132210123221121
322101232211211
221012322112112
210123221121121
101232211211211
012322112112112
123221121121120
232211211211200
322112112112002
221121121120022
211211211200221
112112112002213
121121120022133
211211200221332
112112002213320
121120022133202
211200221332021
112002213320211
120022133202113
200221332021132
002213320211323
022133202113232
221332021132322
213320211323221
133202113232210
332021132322102
320211323221023
202113232210232
021132322102322
211323221023220
113232210232201
132322102322010
323221023220102
232210232201023
322102322010232
221023220102321
210232201023213
102322010232132
023220102321321
232201023213211
322010232132113
220102321321131
201023213211313
010232132113131
102321321131311
023213211313113
232132113131131
321321131311312
213211313113120
132113131131201
321131311312012
211313113120123
113131131201231
131311312012312
313113120123121
131131201231211
311312012312112
113120123121120
131201231211201
312012312112010
120123121120102
201231211201022
012312112010223
123121120102233
231211201022331
312112010223313
121120102233132
211201022331322
112010223313221
120102233132213
201022331322132
010223313221321
102233132213210
022331322132102
223313221321023
233132213210233
331322132102333
313221321023332
132213210233323
322132102333231
221321023332312
213210233323121
132102333231213
321023332312133
210233323121332
102333231213322
023332312133223
233323121332232
333231213322322
332312133223222
323121332232222
231213322322222
312133223222221
121332232222210
213322322222100
133223222221002
332232222210022
322322222100220
223222221002203
232222210022031
322222100220311
222221002203110
222210022031102
222100220311020
221002203110202
210022031102021
100220311020211
002203110202110
022031102021101
220311020211011
203110202110112
031102021101123
311020211011232
110202110112322
102021101123221
020211011232213
202110112322133
021101123221333
211011232213331
110112322133310
101123221333100
011232213331001
112322133310010
123221333100100
232213331001001
322133310010010
221333100100103
213331001001031
133310010010313
333100100103131
331001001031311
310010010313110
100100103131103
001001031311031
010010313110310
100103131103102
001031311031021
010313110310211
103131103102113
031311031021132
313110310211322
131103102113220
311031021132201
110310211322013
103102113220132
031021132201321
310211322013213
102113220132130
021132201321301
211322013213011
113220132130113
132201321301131
322013213011310
220132130113101
201321301131011
013213011310110
132130113101103
321301131011031
213011310110310
130113101103102
301131011031023
011310110310232
113101103102322
131011031023222
310110310232222
101103102322220
011031023222202
110310232222022
103102322220220
031023222202201
310232222022010
102322220220100
023222202201002
232222022010020
322220220100203
222202201002032
222022010020321
220220100203213
202201002032132
022010020321321
220100203213210
201002032132102
010020321321020
100203213210200
002032132102003
020321321020030
203213210200301
032132102003010
321321020030102
213210200301021
132102003010212
321020030102121
210200301021211
102003010212111
020030102121110
200301021211100
003010212111002
030102121110023
301021211100231
010212111002310
102121110023100
021211100231002
212111002310022
121110023100220
211100231002200
111002310022001
110023100220011
100231002200113
002310022001132
023100220011323
231002200113233
310022001132333
100220011323332
002200113233320
022001132333202
220011323332020
200113233320202
001132333202020
011323332020200
113233320202000
132333202020001
323332020200011
233320202000111
333202020001112
332020200011120
320202000111200
202020001112001
020200011120010
202000111200100
020001112001002
200011120010022
000111200100220
001112001002202
011120010022020
111200100220201
112001002202012
120010022020120
200100220201200
001002202012000
010022020120001
100220201200013
002202012000131
022020120001313
220201200013132
202012000131322
020120001313222
201200013132220
012000131322200
120001313222000
200013132220000
000131322200001
001313222000010
013132220000101
131322200001010
313222000010101
132220000101011
322200001010112
222000010101120
220000101011202
200001010112022
000010101120222
000101011202220
001010112022202
010101120222020
101011202220201
010112022202011
101120222020111
011202220201111
112022202011111
120222020111110
202220201111103
022202011111031
222020111110313
220201111103133
202011111031333
020111110313332
201111103133320
011111031333201
111110313332011
111103133320111
111031333201113
110313332011130
103133320111301
031333201113010
313332011130102
133320111301023
333201113010233
332011130102331
320111301023310
201113010233101
011130102331013
111301023310132
113010233101322
130102331013221
301023310132213
010233101322132
102331013221323
023310132213233
233101322132331
331013221323310
310132213233101
101322132331011
013221323310110
132213233101101
322132331011011
221323310110113
213233101101132
132331011011321
323310110113212
233101101132122
331011011321222
310110113212222
101101132122221
011011321222211
110113212222110
101132122221102
011321222211023
113212222110232
132122221102322
321222211023222
212222110232221
122221102322211
222211023222111
222110232221111
221102322211110
211023222111101
110232221111012
102322211110122
023222111101221
232221111012211
322211110122111
222111101221111
221111012211110
211110122111101
111101221111012
111012211110121
110122111101210
101221111012102
012211110121022
122111101210221
221111012102211
211110121022111
111101210221110
111012102211102
110121022111023
101210221110232
012102211102321
121022111023210
210221110232100
102211102321001
022111023210010
221110232100100
211102321001001
111023210010012
110232100100121
102321001001211
023210010012113
232100100121130
321001001211301
210010012113011
100100121130112
001001211301122
010012113011220
100121130112200
001211301122001
012113011220010
121130112200101
211301122001011
113011220010110
130112200101100
301122001011001
011220010110011
112200101100113
122001011001132
220010110011320
200101100113202
001011001132021
010110011320212
101100113202123
011001132021232
110011320212322
100113202123223
001132021232232
011320212322322
113202123223223
132021232232232
320212322322322
202123223223222
021232232232221
212322322322210
123223223222102
232232232221021
322322322210212
223223222102120
232232221021202
322322210212022
223222102120222
232221021202221
322210212022211
222102120222111
221021202221110
210212022211101
102120222111013
021202221110132
212022211101320
120222111013200
202221110132002
022211101320022
222111013200222
221110132002221
211101320022210
111013200222103
110132002221031
101320022210311
013200222103110
132002221031102
320022210311020
200222103110201
002221031102011
022210311020113
222103110201132
221031102011322
210311020113220
103110201132200
031102011322002
311020113220022
110201132200223
102011322002232
020113220022321
201132200223211
011322002232110
113220022321102
132200223211021
322002232110211
220022321102110
200223211021101
002232110211011
022321102110112
223211021101120
232110211011201
321102110112010
211021101120101
110211011201011
102110112010113
021101120101130
211011201011301
110112010113010
101120101130102
011201011301021
112010113010210
120101130102103
201011301021031
010113010210313
101130102103131
011301021031311
113010210313110
130102103131102
301021031311021
010210313110213
102103131102130
021031311021301
210313110213012
103131102130122
031311021301220
313110213012202
131102130122021
311021301220211
110213012202112
102130122021121
021301220211211
213012202112112
130122021121122
301220211211221
012202112112212
122021121122122
220211211221222
202112112212220
021121122122200
211211221222000
112112212220002
121122122200022
211221222000221
112212220002212
122122200022122
221222000221222
212220002212220
122200022122202
222000221222022
220002212220220
200022122202200
000221222022001
002212220220013
022122202200131
221222022001311
212220220013110
122202200131103
222022001311032
220220013110320
202200131103201
022001311032010
220013110320101
200131103201012
001311032010122
013110320101223
131103201012231
311032010122311
110320101223111
103201012231110
032010122311101
320101223111012
201012231110122
010122311101221
101223111012212
012231110122123
122311101221232
223111012212323
231110122123231
311101221232311
111012212323112
110122123231123
101221232311232
012212323112321
122123231123213
221232311232132
212323112321322
123231123213222
232311232132221
323112321322210
231123213222103
311232132221031
112321322210313
123213222103133
232132221031331
321322210313310
213222103133100
132221031331001
322210313310011
222103133100113
221031331001132
210313310011322
103133100113220
031331001132202
313310011322020
133100113220200
331001132202002
310011322020022
100113220200222
001132202002221
011322020022212
113220200222120
132202002221201
322020022212010
220200222120101
202002221201012
020022212010121
200222120101213
002221201012132
022212010121323
222120101213230
221201012132301
212010121323010
120101213230103
201012132301031
010121323010311
101213230103113
012132301031132
121323010311322
213230103113223
132301031132232
323010311322322
230103113223222
301031132232220
010311322322201
103113223222010
031132232220102
311322322201021
113223222010210
132232220102102
322322201021022
223222010210222
232220102102222
322201021022222
222010210222220
220102102222200
201021022222002
010210222220020
102102222200201
021022222002012
210222220020121
102222200201211
022222002012113
222220020121132
222200201211321
222002012113211
220020121132111
200201211321111
002012113211110
020121132111102
201211321111021
012113211110210
121132111102101
211321111021010
113211110210100
132111102101000
321111021010001
211110210100011
111102101000110
111021010001100
110210100011000
102101000110003
021010001100030
210100011000300
101000110003003
010001100030031
100011000300311
000110003003110
001100030031102
011000300311020
110003003110200
100030031102000
000300311020002
003003110200023
030031102000231
300311020002313
003110200023132
031102000231321
311020002313210
110200023132103
102000231321033
020002313210332
200023132103322
000231321033220
002313210332202
023132103322020
231321033220202
313210332202020
132103322020200
321033220202001
210332202020010
103322020200100
033220202001001
332202020010012
322020200100123
220202001001232
202020010012320
020200100123203
202001001232031
020010012320312
200100123203120
001001232031200
010012320312002
100123203120020
001232031200200
012320312002002
123203120020020
232031200200200
320312002002000
203120020020003
031200200200031
312002002000311
120020020003112
200200200031120
002002000311202
020020003112023
200200031120232
002000311202320
020003112023200
200031120232001
000311202320010
003112023200102
031120232001022
311202320010220
112023200102202
120232001022021
202320010220212
023200102202123
232001022021232
320010220212321
200102202123210
001022021232101
010220212321012
102202123210120
022021232101202
220212321012023
202123210120232
021232101202322
212321012023222
123210120232221
232101202322210
321012023222102
210120232221022
101202322210220
012023222102202
120232221022022
202322210220222
023222102202222
232221022022222
322210220222223
222102202222232
221022022222322
210220222223220
102202222232202
022022222322022
220222223220220
202222232202202
022222322022022
222223220220222
222232202202222
222322022022222
223220220222221
232202202222212
322022022222122
220220222221220
202202222212202
022022222122021
220222221220211
202222212202110
022222122021101
222221220211011
222212202110113
222122021101130
221220211011301
212202110113012
122021101130123
220211011301230
202110113012303
021101130123033
211011301230331
110113012303311
101130123033110
011301230331102
113012303311022
130123033110223
301230331102232
012303311022320
123033110223202
230331102232022
303311022320222
033110223202221
331102232022212
311022320222121
110223202221213
102232022212132
022320222121322
223202221213222
232022212132222
320222121322222
202221213222221
022212132222211
222121322222111
221213222221113
212132222211132
121322222111322
213222221113220
132222211132202
322222111322023
222221113220232
222211132202322
222111322023220
221113220232200
211132202322002
111322023220021
113220232200211
132202322002111
322023220021110
220232200211102
202322002111021
023220021110213
232200211102131
322002111021312
220021110213122
200211102131223
002111021312232
021110213122323
211102131223232
111021312232321
110213122323211
102131223232110
021312232321100
213122323211001
131223232110011
312232321100113
122323211001131
223232110011313
232321100113132
323211001131320
232110011313200
321100113132001
211001131320012
110011313200123
100113132001231
001131320012313
011313200123132
113132001231323
131320012313231
313200123132313
132001231323131
320012313231313
200123132313131
001231323131311
012313231313112
123132313131122
231323131311222
313231313112221
132313131122210
323131311222102
231313112221020
313131122210203
131311222102032
313112221020320
131122210203200
311222102032002
112221020320022
122210203200220
222102032002201
221020320022012
210203200220122
102032002201223
020320022012232
203200220122323
032002201223232
320022012232321
200220122323211
002201223232112
022012232321122
220122323211223
201223232112232
012232321122321
122323211223211
223232112232111
232321122321111
323211223211113
232112232111132
321122321111320
211223211113203
112232111132031
122321111320310
223211113203103
232111132031033
321111320310332
211113203103321
111132031033212
111320310332122
113203103321221
132031033212213
320310332122132
203103321221322
031033212213221
310332122132212
103321221322122
033212213221223
332122132212232
321221322122322
212213221223221
122132212232212
221322122322122
213221223221221
132212232212210
322122322122102
221223221221022
212232212210222
122322122102221
223221221022211
232212210222113
322122102221130
221221022211301
212210222113012
122102221130122
221022211301222
210222113012222
102221130122221
022211301222211
222113012222110
221130122221100
211301222211002
113012222110020
130122221100201
301222211002012
012222110020122
122221100201220
222211002012201
222110020122010
221100201220101
211002012201012
110020122010123
100201220101233
002012201012331
020122010123311
201220101233110
012201012331101
122010123311011
220101233110111
201012331101111
010123311011112
101233110111120
012331101111202
123311011112020
233110111120202
331101111202020
311011112020201
110111120202013
101111202020130
011112020201302
111120202013020
111202020130202
112020201302020
120202013020200
202020130202003
020201302020030
202013020200300
020130202003001
201302020030013
013020200300131
130202003001311
302020030013113
020200300131131
202003001311312
020030013113122
200300131131223
003001311312233
030013113122331
300131131223313
001311312233132
013113122331322
131131223313222
311312233132220
113122331322201
131223313222013
312233132220131
122331322201310
223313222013100
233132220131001
331322201310012
313222013100122
132220131001221
322201310012213
222013100122130
220131001221301
201310012213013
013100122130131
131001221301311
310012213013112
100122130131122
001221301311220
012213013112202
122130131122021
221301311220211
213013112202112
130131122021121
301311220211210
013112202112102
131122021121022
311220211210223
112202112102232
122021121022322
220211210223223
202112102232232
021121022322322
211210223223220
112102232232202
121022322322022
210223223220223
102232232202232
022322322022322
223223220223221
232232202232213
322322022322132
223220223221322
232202232213220
322022322132200
220223221322003
202232213220032
022322132200320
223221322003203
232213220032030
322132200320300
221322003203001
213220032030010
132200320300101
322003203001013
220032030010133
200320300101331
003203001013311
032030010133113
320300101331133
203001013311332
030010133113321
300101331133213
001013311332131
010133113321313
101331133213132
013311332131322
133113321313223
331133213132231
311332131322313
113321313223132
133213132231322
332131322313220
321313223132200
213132231322000
131322313220002
313223132200023
132231322000231
322313220002313
223132200023133
231322000231333
313220002313332
132200023133321
322000231333213
220002313332132
200023133321322
000231333213220
002313332132202
023133321322022
231333213220222
313332132202223
133321322022232
333213220222321
332132202223211
321322022232110
213220222321101
132202223211011
322022232110112
220222321101122
202223211011220
022232110112202
222321101122022
223211011220220
232110112202201
321101122022010
211011220220103
110112202201033
101122022010331
011220220103311
112202201033113
122022010331132
220220103311321
202201033113211
022010331132111
220103311321111
201033113211111
010331132111110
103311321111102
033113211111022
331132111110221
311321111102211
113211111022110
132111110221103
321111102211032
211111022110320
111110221103200
111102211032002
111022110320020
110221103200200
102211032002002
022110320020023
221103200200232
211032002002322
110320020023222
103200200232222
032002002322222
320020023222223
200200232222232
002002322222322
020023222223222
200232222232220
002322222322202
023222223222020
232222232220201
322222322202011
222223222020110
222232220201102
222322202011020
223222020110202
232220201102022
322202011020222
222020110202222
220201102022222
202011020222223
020110202222233
201102022222333
011020222223331
110202222233312
102022222333122
020222223331220
202222233312202
022222333122022
222223331220222
222233312202222
222333122022222
223331220222223
233312202222232
333122022222322
331220222223220
312202222232202
122022222322022
220222223220222
202222232202222
022222322022222
222223220222222
222232202222223
222322022222232
223220222222321
232202222223213
322022222232131
220222222321311
202222223213113
022222232131131
222222321311310
222223213113102
222232131131022
222321311310223
223213113102232
232131131022322
321311310223220
213113102232202
131131022322022
311310223220220
113102232202202
131022322022022
310223220220221
102232202202212
022322022022122
223220220221220
232202202212202
322022022122022
220220221220220
202202212202203
022022122022030
220221220220303
202212202203030
022122022030303
221220220303030
212202203030302
122022030303022
220220303030223
202203030302230
022030303022300
220303030223000
203030302230002
030303022300020
303030223000203
030302230002032
303022300020320
030223000203203
302230002032033
022300020320333
223000203203332
230002032033323
300020320333232
000203203332323
002032033323233
020320333232331
203203332323310
032033323233100
320333232331002
203332323310022
033323233100223
333232331002232
332323310022323
323233100223231
232331002232312
323310022323121
233100223231213
331002232312131
310022323121311
100223231213111
002232312131111
022323121311113
223231213111131
232312131111311
323121311113111
231213111131111
312131111311113
121311113111131
213111131111313
131111311113133
311113111131330
111131111313302
111311113133023
113111131330231
131111313302311
311113133023113
111131330231130
111313302311302
113133023113022
131330231130221
313302311302210
133023113022101
330231130221011
302311302210113
023113022101131
231130221011311
311302210113111
113022101131111
130221011311113
302210113111131
022101131111311
221011311113111
210113111131111
101131111311112
011311113111123
113111131111231
131111311112311
311113111123113
111131111231131
111311112311312
113111123113121
131111231131211
311112311312113
111123113121132
111231131211321
112311312113211
123113121132111
231131211321113
311312113211131
113121132111311
131211321113111
312113211131111
121132111311113
211321113111132
113211131111322
132111311113221
321113111132211
211131111322112
111311113221121
113111132211211
131111322112111
311113221121111
111132211211111
111322112111112
113221121111121
132211211111211
322112111112111
221121111121111
211211111211111
112111112111112
121111121111123
211111211111232
111112111112323
111121111123232
111211111232322
112111112323220
121111123232201
211111232322013
111112323220132
111123232201323
111232322013232
112323220132320
123232201323203
232322013232032
323220132320323
232201323203232
322013232032320
220132320323201
201323203232011
013232032320112
132320323201123
323203232011232
232032320112321
320323201123210
203232011232101
032320112321012
323201123210121
232011232101211
320112321012113
201123210121133
011232101211331
112321012113311
123210121133112
232101211331121
321012113311211
210121133112111
101211331121110
012113311211102
121133112111021
211331121110211
113311211102111
133112111021112
331121110211122
311211102111222
112111021112222
121110211122220
211102111222201
111021112222011
110211122220110
102111222201102
021112222011021
211122220110211
111222201102112
112222011021122
122220110211220
222201102112202
222011021122022
220110211220221
201102112202210
011021122022102
110211220221022
102112202210222
021122022102223
211220221022232
112202210222323
122022102223233
220221022232331
202210222323312
022102223233121
221022232331213
210222323312131
102223233121312
022232331213120
222323312131202
223233121312022
232331213120222
323312131202221
233121312022211
331213120222110
312131202221102
121312022211021
213120222110210
131202221102103
312022211021031
120222110210311
202221102103113
022211021031132
222110210311321
221102103113211
211021031132113
110210311321131
102103113211311
021031132113110
210311321131102
103113211311022
031132113110221
311321131102213
113211311022133
132113110221331
321131102213310
211311022133101
113110221331011
131102213310110
311022133101102
110221331011021
102213310110210
022133101102100
221331011021001
213310110210010
133101102100102
331011021001021
310110210010210
101102100102103
011021001021031
110210010210310
102100102103100
021001021031002
210010210310020
100102103100203
001021031002031
010210310020311
102103100203111
021031002031112
210310020311121
103100203111212
031002031112123
310020311121232
100203111212322
002031112123223
020311121232233
203111212322331
031112123223313
311121232233133
111212322331332
112123223313320
121232233133203
212322331332031
123223313320312
232233133203121
322331332031211
223313320312111
233133203121111
331332031211112
313320312111122
133203121111220
332031211112202
320312111122023
203121111220231
031211112202312
312111122023120
121111220231203
211112202312032
111122023120320
111220231203201
112202312032010
122023120320101
220231203201010
202312032010102
023120320101022
231203201010222
312032010102222
120320101022221
203201010222213
032010102222133
320101022221332
201010222213322
010102222133222
101022221332221
010222213322213
102222133222133
022221332221331
222213322213313
222133222133131
221332221331310
213322213313102
133222133131020
332221331310201
322213313102013
222133131020132
221331310201323
213313102013233
133131020132331
331310201323313
313102013233131
131020132331311
310201323313112
102013233131120
020132331311202
201323313112021
013233131120213
132331311202132
323313112021321
233131120213211
331311202132111
313112021321111
131120213211113
311202132111130
112021321111300
120213211113002
202132111130022
021321111300223
213211113002232
132111130022323
321111300223232
211113002232321
111130022323213
111300223232132
113002232321322
130022323213221
300223232132213
002232321322131
022323213221312
223232132213120
232321322131202
323213221312020
232132213120200
321322131202001
213221312020011
132213120200113
322131202001131
221312020011310
213120200113102
131202001131020
312020011310202
120200113102022
202001131020221
020011310202211
200113102022110
001131020221102
011310202211022
113102022110221
131020221102211
310202211022113
102022110221131
020221102211313
202211022113131
022110221131310
221102211313102
211022113131021
110221131310211
102211313102110
022113131021101
221131310211012
211313102110123
113131021101232
131310211012321
313102110123213
131021101232133
310211012321331
102110123213311
021101232133111
211012321331113
110123213311133
101232133111332
012321331113322
123213311133222
232133111332220
321331113322203
213311133222032
133111332220322
331113322203221
311133222032211
111332220322113
113322203221132
133222032211322
332220322113221
322203221132211
222032211322111
220322113221110
203221132211101
032211322111012
322113221110123
221132211101231
211322111012311
113221110123111
132211101231113
322111012311132
221110123111321
211101231113211
111012311132110
110123111321100
101231113211002
012311132110021
123111321100211
231113211002110
311132110021102
111321100211021
113211002110213
132110021102131
321100211021311
211002110213111
110021102131113
100211021311130
002110213111300
021102131113002
211021311130022
110213111300222
102131113002221
021311130022211
213111300222113
131113002221132
311130022211322
111300222113223
113002221132232
130022211322323
300222113223232
002221132232323
022211322323232
222113223232322
221132232323221
211322323232213
113223232322133
132232323221331
322323232213311
223232322133110
232323221331102
323232213311021
232322133110211
323221331102113
232213311021131
322133110211311
221331102113110
213311021131102
133110211311022
331102113110220
311021131102201
110211311022013
102113110220131
021131102201311
211311022013113
113110220131131
131102201311311
311022013113111
110220131131111
102201311311113
022013113111133
220131131111331
201311311113311
013113111133113
131131111331133
311311113311333
113111133113331
131111331133311
311113311333111
111133113331113
111331133311132
113311333111321
133113331113211
331133311132111
311333111321111
113331113211110
133311132111102
333111321111021
331113211110211
311132111102111
111321111021110
113211110211101
132111102111011
321111021110110
211110211101102
111102111011021
111021110110213
110211101102133
102111011021331
021110110213310
211101102133102
111011021331020
110110213310200
101102133102001
011021331020012
110213310200121
102133102001211
021331020012110
213310200121101
133102001211013
331020012110131
310200121101310
102001211013101
020012110131011
200121101310110
001211013101103
012110131011032
121101310110321
211013101103213
110131011032132
101310110321320
013101103213203
131011032132032
310110321320322
101103213203222
011032132032221
110321320322212
103213203222121
032132032221213
321320322212132
213203222121321
132032221213213
320322212132131
203222121321311
032221213213111
322212132131112
222121321311120
221213213111202
212132131112022
121321311120222
213213111202221
132131112022210
321311120222100
213111202221001
131112022210011
311120222100110
111202221001101
112022210011010
120222100110102
202221001101022
022210011010221
222100110102210
221001101022102
210011010221021
100110102210211
001101022102111
011010221021110
110102210211102
101022102111021
010221021110211
102210211102111
022102111021110
221021110211102
210211102111021
102111021110211
021110211102111
211102111021110
111021110211102
110211102111021
102111021110211
021110211102111
211102111021110
111021110211102
110211102111021
102111021110211
021110211102111
211102111021113
111021110211133
110211102111331
102111021113310
021110211133102
211102111331021
111021113310210
110211133102100
102111331021002
021113310210021
211133102100210
111331021002103
113310210021031
133102100210313
331021002103132
310210021031322
102100210313223
021002103132231
210021031322311
100210313223111
002103132231113
021031322311132
210313223111322
103132231113221
031322311132211
313223111322113
132231113221131
322311132211313
223111322113132
231113221131322
311132211313221
111322113132212
113221131322122
132211313221221
322113132212210
221131322122100
211313221221001
113132212210012
131322122100121
313221221001210
132212210012102
322122100121021
221221001210211
212210012102113
122100121021131
221001210211312
210012102113120
100121021131200
001210211312001
012102113120010
121021131200100
210211312001003
102113120010032
021131200100320
211312001003201
113120010032011
131200100320111
312001003201113
120010032011132
200100320111320
001003201113202
010032011132020
100320111320203
003201113202032
032011132020322
320111320203220
201113202032201
011132020322012
111320203220122
113202032201222
132020322012222
320203220122220
202032201222202
020322012222022
203220122220220
032201222202201
322012222022012
220122220220122
201222202201222
012222022012222
122220220122223
222202201222232
222022012222323
220220122223231
202201222232311
022012222323113
220122223231133
201222232311331
012222323113310
122223231133103
222232311331031
222323113310310
223231133103102
232311331031023
323113310310231
231133103102311
311331031023111
113310310231111
133103102311113
331031023111132
310310231111322
103102311113222
031023111132221
310231111322210
102311113222103
023111132221031
231111322210311
311113222103113
111132221031132
111322210311323
113222103113230
132221031132301
322210311323010
222103113230101
221031132301011
210311323010111
103113230101111
031132301011112
311323010111122
113230101111221
132301011112213
323010111122133
230101111221333
301011112213332
010111122133320
101111221333200
011112213332000
111122133320002
111221333200023
112213332000232
122133320002320
221333200023203
213332000232032
133320002320322
333200023203220
332000232032200
320002320322002
200023203220022
000232032200221
002320322002211
023203220022110
232032200221101
320322002211012
203220022110122
032200221101222
322002211012222
220022110122220
200221101222200
002211012222002
022110122220023
221101222200232
211012222002320
110122220023200
101222200232001
012222002320010
122220023200103
222200232001033
222002320010330
220023200103300
200232001033002
002320010330021
023200103300210
232001033002103
320010330021033
200103300210330
001033002103301
010330021033011
103300210330113
033002103301132
330021033011320
300210330113200
002103301132001
021033011320013
210330113200132
103301132001321
033011320013210
330113200132102
301132001321021
011320013210211
113200132102110
132001321021101
320013210211013
200132102110132
001321021101323
013210211013232
132102110132320
321021101323202
210211013232022
102110132320223
021101323202232
211013232022322
110132320223220
101323202232201
013232022322012
132320223220120
323202232201202
232022322012023
320223220120232
202232201202321
022322012023211
223220120232110
232201202321101
322012023211012
220120232110123
201202321101232
012023211012322
120232110123220
202321101232201
023211012322011
232110123220111
321101232201111
211012322011112
110123220111120
101232201111202
012322011112020
123220111120202
232201111202021
322011112020211
220111120202110
201111202021101
011112020211010
111120202110100
111202021101002
112020211010022
120202110100223
202021101002231
020211010022310
202110100223103
021101002231031
211010022310313
110100223103132
101002231031321
010022310313213
100223103132133
002231031321331
022310313213313
223103132133132
231031321331323
310313213313232
103132133132320
031321331323202
313213313232021
132133132320210
321331323202101
213313232021012
133132320210122
331323202101222
313232021012220
132320210122201
323202101222012
232021012220122
320210122201223
202101222012232
021012220122321
210122201223213
101222012232132
012220122321322
122201223213221
222012232132213
220122321322132
201223213221320
012232132213202
122321322132022
223213221320220
232132213202201
321322132022012
213221320220122
132213202201223
322132022012232
221320220122323
213202201223232
132022012232323
320220122323231
202201223232313
022012232323133
220122323231332
201223232313321
012232323133210
122323231332103
223232313321033
232323133210332
323231332103323
232313321033232
323133210332323
231332103323231
313321033232312
133210332323121
332103323231211
321033232312111
210332323121110
103323231211101
033232312111011
332323121110111
323231211101111
232312111011110
323121110111102
231211101111020
312111011110202
121110111102021
211101111020211
111011110202111
110111102021111
101111020211110
011110202111101
111102021111011
111020211110113
110202111101132
102021111011321
020211110113211
202111101132112
021111011321121
211110113211213
111101132112131
111011321121313
110113211213131
101132112131312
011321121313121
113211213131213
132112131312132
321121313121322
211213131213223
112131312132231
121313121322311
213131213223113
131312132231131
313121322311313
131213223113131
312132231131311
121322311313110
213223113131103
132231131311033
322311313110332
223113131103323
231131311033232
311313110332320
113131103323201
131311033232011
313110332320113
131103323201131
311033232011312
110332320113122
103323201131221
033232011312210
332320113122101
323201131221013
232011312210131
320113122101312
201131221013123
011312210131232
113122101312322
131221013123221
312210131232211
122101312322112
221013123221121
210131232211211
101312322112111
013123221121113
131232211211131
312322112111312
123221121113123
232211211131231
322112111312311
221121113123113
211211131231132
112111312311322
121113123113221
211131231132212
111312311322123
113123113221233
131231132212331
312311322123313
123113221233131
231132212331313
311322123313132
113221233131322
132212331313221
322123313132210
221233131322103
212331313221031
123313132210310
233131322103103
331313221031032
313132210310320
131322103103203
313221031032031
132210310320312
322103103203123
221031032031232
210310320312323
103103203123230
031032031232301
310320312323011
103203123230112
032031232301121
320312323011211
203123230112112
031232301121122
312323011211220
123230112112200
232301121122002
323011211220021
230112112200210
301121122002101
011211220021011
112112200210110
121122002101102
211220021011022
112200210110220
122002101102202
220021011022021
200210110220213
002101102202132
021011022021321
210110220213210
101102202132100
011022021321002
110220213210021
102202132100210
022021321002100
220213210021003
202132100210032
021321002100321
213210021003210
132100210032102
321002100321020
210021003210203
100210032102032
002100321020322
021003210203220
210032102032202
100321020322021
003210203220213
032102032202132
321020322021321
210203220213210
102032202132102
020322021321020
203220213210202
032202132102021
322021321020211
220213210202111
202132102021111
021321020211112
213210202111120
132102021111202
321020211112023
210202111120230
102021111202301
020211112023010
202111120230100
021111202301002
211112023010021
111120230100213
111202301002132
112023010021320
120230100213202
202301002132021
023010021320210
230100213202100
301002132021002
010021320210021
100213202100213
002132021002131
021320210021311
213202100213112
132021002131121
320210021311210
202100213112101
021002131121011
210021311210113
100213112101131
002131121011312
021311210113120
213112101131201
131121011312011
311210113120110
112101131201103
121011312011031
210113120110310
101131201103103
011312011031032
113120110310320
131201103103201
312011031032012
120110310320122
201103103201220
011031032012201
110310320122013
103103201220130
031032012201301
310320122013010
103201220130100
032012201301001
320122013010011
201220130100111
012201301001111
122013010011110
220130100111100
201301001111001
013010011110013
130100111100130
301001111001301
010011110013013
100111100130132
001111001301321
011110013013213
111100130132133
111001301321333
110013013213332
100130132133321
001301321333211
013013213332112
130132133321122
301321333211221
013213332112210
132133321122100
321333211221002
213332112210020
133321122100201
333211221002011
332112210020113
321122100201131
211221002011311
112210020113113
122100201131131
221002011311311
210020113113110
100201131131103
002011311311031
020113113110310
201131131103102
011311311031021
113113110310212
131131103102120
311311031021201
113110310212011
131103102120113
311031021201132
110310212011320
103102120113200
031021201132002
310212011320022
102120113200220
021201132002202
212011320022022
120113200220223
201132002202232
011320022022321
113200220223211
132002202232113
320022022321131
200220223211312
002202232113122
022022321131220
220223211312200
202232113122000
022321131220000
223211312200000
232113122000001
321131220000010
211312200000103
113122000001031
131220000010310
312200000103101
122000001031011
220000010310111
200000103101113
000001031011131
000010310111311
000103101113113
001031011131133
010310111311331
103101113113312
031011131133122
310111311331222
101113113312222
011131133122223
111311331222231
113113312222313
131133122223132
311331222231322
113312222313222
133122223132221
331222231322211
312222313222110
122223132221103
222231322211032
222313222110322
223132221103223
231322211032232
313222110322321
132221103223212
322211032232123
222110322321233
221103223212333
211032232123332
110322321233322
103223212333222
032232123332222
322321233322220
223212333222202
232123332222022
321233322220223
212333222202232
123332222022323
233322220223230
333222202232303
332222022323032
322220223230320
222202232303200
222022323032002
220223230320022
202232303200223
022323032002231
223230320022310
232303200223102
323032002231022
230320022310223
303200223102232
032002231022323
320022310223231
200223102232313
002231022323132
022310223231322
223102232313222
231022323132220
310223231322203
102232313222032
022323132220321
223231322203211
232313222032111
323132220321110
231322203211102
313222032111023
132220321110232
322203211102320
222032111023201
220321110232011
203211102320111
032111023201112
321110232011120
211102320111202
111023201112021
110232011120211
102320111202111
023201112021111
232011120211111
320111202111113
201112021111132
011120211111321
111202111113210
112021111132100
120211111321002
202111113210023
021111132100232
211111321002322
111113210023221
111132100232213
111321002322132
113210023221323
132100232213232
321002322132320
210023221323200
100232213232002
002322132320020
023221323200201
232213232002012
322132320020121
221323200201213
213232002012132
132320020121321
323200201213211
232002012132113
320020121321132
200201213211320
002012132113202
020121321132022
201213211320223
012132113202232
121321132022323
213211320223232
132113202232321
321132022323213
211320223232131
113202232321311
132022323213112
320223232131120
202232321311202
022323213112021
223232131120210
232321311202102
323213112021022
232131120210220
321311202102201
213112021022012
131120210220120
311202102201202
112021022012021
120210220120213
202102201202132
021022012021322
210220120213220
102201202132203
022012021322033
220120213220333
201202132203331
012021322033311
120213220333113
202132203331131
021322033311310
213220333113103
132203331131032
322033311310322
220333113103220
203331131032202
033311310322022
333113103220221
331131032202211
311310322022111
113103220221113
131032202211132
310322022111320
103220221113203
032202211132031
322022111320310
220221113203103
202211132031031
022111320310310
221113203103102
211132031031021
111320310310210
113203103102100
132031031021000
320310310210003
203103102100033
031031021000331
310310210003310
103102100033100
031021000331003
310210003310031
102100033100310
021000331003101
210003310031011
100033100310110
000331003101102
003310031011020
033100310110200
331003101102001
310031011020010
100310110200103
003101102001031
031011020010312
310110200103123
101102001031232
011020010312321
110200103123212
102001031232121
020010312321213
200103123212132
001031232121323
010312321213230
103123212132303
031232121323031
312321213230312
123212132303122
232121323031220
321213230312202
212132303122023
121323031220232
213230312202320
132303122023202
323031220232021
230312202320211
303122023202113
031220232021133
312202320211331
122023202113310
220232021133100
202320211331002
023202113310021
232021133100211
320211331002111
202113310021113
021133100211132
211331002111321
113310021113211
133100211132111
331002111321111
310021113211112
100211132111122
002111321111223
021113211112233
211132111122333
111321111223330
113211112233303
132111122333031
321111223330311
211112233303113
111122333031132
111223330311321
112233303113213
122333031132132
223330311321322
233303113213220
333031132132202
330311321322021
303113213220213
031132132202131
311321322021310
113213220213103
132132202131032
321322021310322
213220213103221
132202131032210
322021310322102
220213103221022
202131032210220
021310322102202
213103221022022
131032210220222
310322102202222
103221022022220
032210220222201
322102202222011
221022022220113
210220222201131
102202222011310
022022220113100
220222201131002
202222011310023
022220113100231
222201131002312
222011310023123
220113100231233
201131002312331
011310023123311
113100231233113
131002312331131
310023123311311
100231233113112
002312331131122
023123311311222
231233113112220
312331131122202
123311311222020
233113112220201
331131122202011
311311222020111
113112220201112
131122202011121
311222020111211
112220201112111
122202011121111
222020111211111
220201112111112
202011121111121
020111211111211
201112111112111
011121111121112
111211111211120
112111112111200
121111121112001
211111211120011
111112111200110
111121112001102
111211120011021
112111200110211
121112001102111
211120011021113
111200110211131
112001102111311
120011021113113
200110211131131
001102111311311
011021113113111
110211131131113
102111311311132
021113113111322
211131131113221
111311311132211
113113111322110
131131113221103
311311132211032
113111322110321
131113221103213
311132211032132
111322110321322
113221103213220
132211032132201
322110321322011
221103213220113
211032132201133
110321322011331
103213220113313
032132201133132
321322011331321
213220113313210
132201133132101
322011331321012
220113313210123
201133132101232
011331321012322
113313210123221
133132101232213
331321012322131
313210123221312
132101232213122
321012322131222
210123221312220
101232213122201
012322131222010
123221312220103
232213122201033
322131222010332
221312220103321
213122201033211
131222010332113
312220103321132
122201033211323
222010332113232
220103321132322
201033211323221
010332113232213
103321132322132
033211323221321
332113232213211
321132322132110
211323221321102
113232213211023
132322132110230
323221321102301
232213211023013
322132110230133
221321102301330
213211023013302
132110230133020
321102301330202
211023013302022
110230133020220
102301330202200
023013302022000
230133020220000
301330202200001
013302022000011
133020220000110
330202200001101
302022000011013
020220000110133
202200001101331
022000011013310
220000110133103
200001101331031
000011013310311
000110133103110
001101331031101
011013310311011
110133103110112
101331031101122
013310311011222
133103110112220
331031101122201
310311011222010
103110112220103
031101122201031
311011222010312
110112220103121
101122201031213
011222010312132
112220103121321
122201031213211
222010312132110
220103121321102
201031213211022
010312132110220
103121321102200
031213211022001
312132110220013
121321102200132
213211022001321
132110220013211
321102200132113
211022001321131
110220013211313
102200132113133
022001321131330
220013211313300
200132113133001
001321131330011
013211313300113
132113133001132
321131330011321
211313300113211
113133001132111
131330011321111
313300113211112
133001132111122
330011321111221
300113211112211
001132111122111
011321111221113
113211112211132
132111122111322
321111221113220
211112211132200
111122111322002
111221113220020
112211132200202
122111322002023
221113220020232
211132200202322
111322002023221
113220020232211
132200202322110
322002023221100
220020232211002
200202322110020
002023221100203
020232211002031
202322110020312
023221100203122
232211002031220
322110020312202
221100203122020
211002031220201
110020312202013
100203122020133
002031220201331
020312202013312
203122020133122
031220201331222
312202013312220
122020133122203
220201331222032
202013312220322
020133122203221
201331222032211
013312220322111
133122203221112
331222032211120
312220322111202
122203221112020
222032211120201
220322111202010
203221112020103
032211120201031
322111202010313
221112020103130
211120201031301
111202010313010
112020103130102
120201031301020
202010313010202
020103130102021
201031301020212
010313010202120
103130102021202
031301020212021
313010202120213
130102021202130
301020212021301
010202120213013
102021202130130
020212021301301
202120213013011
021202130130112
212021301301122
120213013011220
202130130112200
021301301122002
213013011220022
130130112200222
301301122002222
013011220022222
130112200222222
301122002222221
011220022222213
112200222222132
122002222221323
220022222213232
200222222132321
002222221323211
022222213232110
222222132321103
222221323211032
222213232110321
222132321103213
221323211032132
213232110321321
132321103213211
323211032132111
232110321321112
321103213211123
211032132111232
110321321112320
103213211123200
032132111232002
321321112320023
213211123200232
132111232002322
321112320023220
211123200232203
111232002322032
112320023220321
123200232203211
232002322032112
320023220321121
200232203211211
002322032112110
023220321121102
232203211211020
322032112110202
220321121102022
203211211020221
032112110202211
321121102022113
211211020221133
112110202211331
121102022113310
211020221133103
110202211331032
102022113310322
020221133103220
202211331032200
022113310322002
221133103220022
211331032200220
113310322002200
133103220022003
331032200220030
310322002200303
103220022003033
032200220030333
322002200303330
220022003033301
200220030333010
002200303330103
022003033301031
220030333010311
200303330103110
003033301031100
030333010311002
303330103110020
033301031100201
333010311002010
330103110020102
301031100201020
010311002010203
103110020102030
031100201020301
311002010203011
110020102030113
100201020301132
002010203011322
020102030113223
201020301132231
010203011322311
102030113223113
020301132231133
203011322311333
030113223113332
301132231133322
011322311333220
113223113332202
132231133322023
322311333220232
223113332202321
231133322023213
311333220232132
113332202321321
133322023213213
333220232132132
332202321321323
322023213213232
220232132132322
202321321323222
023213213232220
232132132322200
321321323222000
213213232220003
132132322200030
321323222000303
213232220003033
132322200030331
323222000303313
232220003033131
322200030331313
222000303313131
220003033131313
200030331313133
000303313131332
003033131313322
030331313133220
303313131332203
033131313322030
331313133220301
313131332203010
131313322030103
313133220301032
131332203010321
313322030103211
133220301032112
332203010321123
322030103211230
220301032112301
203010321123011
030103211230111
301032112301113
010321123011130
103211230111302
032112301113021
321123011130210
211230111302100
112301113021000
123011130210000
230111302100002
301113021000021
011130210000210
111302100002100
113021000021001
130210000210011
302100002100110
021000021001102
210000210011022
100002100110220
000021001102200
000210011022002
002100110220023
021001102200233
210011022002331
100110220023313
001102200233132
011022002331322
110220023313220
102200233132202
022002331322023
220023313220233
200233132202331
002331322023312
023313220233123
233132202331231
331322023312310
313220233123101
132202331231011
322023312310110
220233123101102
202331231011021
023312310110212
233123101102122
331231011021220
312310110212202
123101102122022
231011021220220
310110212202201
101102122022012
011021220220122
110212202201220
102122022012203
021220220122032
212202201220322
122022012203220
220220122032201
202201220322011
022012203220111
220122032201110
201220322011101
012203220111011
122032201110113
220322011101130
203220111011300
032201110113002
322011101130020
220111011300200
201110113002001
011101130020013
111011300200132
110113002001321
101130020013211
011300200132111
113002001321113
130020013211132
300200132111322
002001321113222
020013211132221
200132111322211
001321113222113
013211132221132
132111322211323
321113222113230
211132221132303
111322211323030
113222113230301
132221132303010
322211323030102
222113230301022
221132303010220
211323030102203
113230301022030
132303010220300
323030102203003
230301022030032
303010220300320
030102203003201
301022030032011
010220300320111
102203003201110
022030032011102
220300320111023
203003201110232
030032011102321
300320111023213
003201110232132
032011102321322
320111023213221
201110232132210
011102321322100
111023213221001
110232132210010
102321322100103
023213221001031
232132210010310
321322100103102
213221001031021
132210010310211
322100103102113
221001031021132
210010310211320
100103102113200
001031021132002
010310211320020
103102113200201
031021132002010
310211320020102
102113200201022
021132002010221
211320020102211
113200201022111
132002010221111
320020102211110
200201022111101
002010221111013
020102211110133
201022111101331
010221111013312
102211110133121
022111101331211
221111013312110
211110133121103
111101331211031
111013312110310
110133121103103
101331211031033
013312110310333
133121103103333
331211031033332
312110310333322
121103103333220
211031033332202
110310333322020
103103333220202
031033332202022
310333322020220
103333220202203
033332202022031
333322020220312
333220202203120
332202022031200
322020220312003
220202203120030
202022031200301
020220312003013
202203120030132
022031200301321
220312003013210
203120030132101
031200301321013
312003013210131
120030132101310
200301321013102
003013210131022
030132101310220
301321013102203
013210131022031
132101310220311
321013102203110
210131022031102
101310220311020
013102203110203
131022031102032
310220311020323
102203110203232
022031102032320
220311020323203
203110203232031
031102032320310
311020323203100
110203232031001
102032320310010
020323203100101
203232031001011
032320310010112
323203100101121
232031001011211
320310010112111
203100101121113
031001011211132
310010112111321
100101121113211
001011211132111
010112111321110
101121113211103
011211132111030
112111321110302
121113211103020
211132111030200
111321110302003
113211103020030
132111030200303
321110302003032
211103020030322
111030200303221
110302003032211
103020030322111
030200303221110
302003032211101
020030322111013
200303221110131
003032211101312
030322111013123
303221110131232
032211101312322
322111013123220
221110131232200
211101312322002
111013123220020
110131232200200
101312322002002
013123220020020
131232200200202
312322002002022
123220020020220
232200200202202
322002002022020
220020020220200
200200202202000
002002022020002
020020220200023
200202202000232
002022020002321
020220200023211
202202000232111
022020002321110
220200023211103
202000232111032
020002321110320
200023211103202
000232111032022
002321110320221
023211103202211
232111032022111
321110320221110
211103202211100
111032022111000
110320221110002
103202211100020
032022111000201
320221110002011
202211100020111
022111000201111
221110002011112
211100020111120
111000201111202
110002011112022
100020111120222
000201111202220
002011112022200
020111120222003
201111202220031
011112022200311
111120222003111
111202220031113
112022200311131
120222003111311
202220031113113
022200311131131
222003111311313
220031113113131
200311131131311
003111311313113
031113113131131
311131131311312
111311313113123
113113131131232
131131311312322
311313113123221
113131131232213
131311312322131
313113123221311
131131232213113
311312322131131
113123221311311
131232213113111
312322131131111
123221311311111
232213113111110
322131131111102
221311311111021
213113111110213
131131111102130
311311111021300
113111110213000
131111102130002
311111021300022
111110213000222
111102130002222
111021300022220
110213000222202
102130002222022
021300022220220
213000222202203
130002222022032
300022220220322
000222202203222
002222022032221
022220220322210
222202203222102
222022032221022
220220322210220
202203222102202
022032221022021
220322210220211
203222102202111
032221022021112
322210220211121
222102202111211
221022021112112
210220211121121
102202111211211
022021112112111
220211121121111
202111211211110
021112112111101
211121121111011
111211211110112
112112111101121
121121111011211
211211110112113
112111101121131
121111011211313
211110112113132
111101121131321
111011211313211
110112113132113
101121131321133
011211313211331
112113132113311
121131321133110
211313211331101
113132113311012
131321133110123
313211331101231
132113311012311
321133110123110
211331101231101
113311012311010
133110123110101
331101231101012
311012311010121
110123110101210
101231101012100
012311010121000
123110101210002
231101012100021
311010121000211
110101210002112
101012100021120
010121000211202
101210002112020
012100021120200
121000211202002
210002112020020
100021120200200
000211202002002
002112020020021
021120200200211
211202002002111
112020020021110
120200200211101
202002002111010
020020021110102
200200211101021
002002111010212
020021110102122
200211101021221
002111010212210
021110102122102
211101021221020
111010212210200
110102122102002
101021221020021
010212210200211
102122102002113
021221020021131
212210200211311
122102002113112
221020021131123
210200211311233
102002113112331
020021131123312
200211311233120
002113112331202
021131123312023
211311233120231
113112331202310
131123312023101
311233120231013
112331202310131
123312023101312
233120231013122
331202310131222
312023101312222
120231013122222
202310131222221
023101312222211
231013122222112
310131222221122
101312222211221
013122222112213
131222221122131
312222211221311
122222112213112
222221122131122
222211221311222
222112213112220
221122131122202
211221311222022
112213112220222
122131122202222
221311222022222
213112220222220
131122202222201
311222022222010
112220222220101
122202222201012
222022222010123
220222220101232
202222201012320
022222010123200
222220101232001
222201012320010
222010123200103
220101232001032
201012320010322
010123200103221
101232001032210
012320010322103
123200103221033
232001032210331
320010322103313
200103221033131
001032210331312
010322103313121
103221033131210
032210331312102
322103313121023
221033131210231
210331312102311
103313121023110
033131210231100
331312102311001
313121023110012
131210231100121
312102311001212
121023110012121
210231100121211
102311001212112
023110012121121
231100121211211
311001212112112
110012121121122
100121211211220
001212112112202
012121121122021
121211211220213
212112112202132
121121122021321
211211220213210
112112202132101
121122021321010
211220213210102
112202132101020
122021321010202
220213210102023
202132101020231
021321010202311
213210102023110
132101020231102
321010202311020
210102023110202
101020231102020
010202311020203
102023110202031
020231102020311
202311020203110
023110202031102
231102020311020
311020203110200
110202031102000
102020311020001
020203110200010
202031102000100
020311020001002
203110200010021
031102000100211
311020001002112
110200010021120
102000100211201
020001002112011
200010021120110
000100211201102
001002112011021
010021120110211
100211201102113
002112011021132
021120110211323
211201102113232
112011021132322
120110211323220
201102113232200
011021132322001
110211323220011
102113232200111
021132322001110
211323220011100
113232200111001
132322001110011
323220011100113
232200111001130
322001110011301
220011100113012
200111001130122
001110011301221
011100113012213
111001130122131
110011301221312
100113012213123
001130122131232
011301221312322
113012213123223
130122131232233
301221312322333
012213123223332
122131232233321
221312322333210
213123223332102
131232233321020
312322333210202
123223332102020
232233321020200
322333210202002
223332102020021
233321020200211
333210202002113
332102020021132
321020200211321
210202002113212
102020021132120
020200211321200
202002113212002
020021132120020
200211321200200
002113212002002
021132120020020
211321200200200
113212002002001
132120020020011
321200200200110
212002002001101
120020020011012
200200200110121
002002001101213
020020011012131
200200110121311
002001101213111
020011012131112
200110121311121
001101213111210
011012131112100
110121311121001
101213111210012
012131112100120
121311121001200
213111210012000
131112100120002
311121001200020
111210012000201
112100120002012
121001200020120
210012000201202
100120002012021
001200020120211
012000201202111
120002012021112
200020120211121
000201202111212
002012021112120
020120211121202
201202111212022
012021112120222
120211121202222
202111212022222
021112120222221
211121202222210
111212022222101
112120222221011
121202222210111
212022222101112
120222221011122
202222210111222
022222101112220
222221011122201
222210111222010
222101112220100
221011122201001
210111222010010
101112220100102
011122201001022
111222010010222
112220100102221
122201001022210
222010010222102
220100102221021
201001022210211
010010222102110
100102221021101
001022210211012
010222102110123
102221021101232
022210211012322
222102110123221
221021101232212
210211012322121
102110123221211
021101232212111
211012322121111
110123221211111
101232212111110
012322121111101
123221211111010
232212111110102
322121111101022
221211111010221
212111110102213
121111101022132
211111010221321
111110102213212
111101022132122
111010221321221
110102213212213
101022132122132
010221321221323
102213212213232
022132122132322
221321221323221
213212213232211
132122132322112
321221323221122
212213232211221
122132322112210
221323221122102
213232211221022
132322112210222
323221122102222
232211221022221
322112210222211
221122102222111
211221022221112
112210222211122
122102222111221
221022221112213
210222211122132
102222111221321
022221112213211
222211122132112
222111221321121
221112213211211
211122132112111
111221321121113
112213211211132
122132112111321
221321121113213
213211211132131
132112111321311
321121113213113
211211132131132
112111321311322
121113213113220
211132131132202
111321311322021
113213113220211
132131132202111
321311322021113
213113220211131
131132202111311
311322021113113
113220211131131
132202111311312
322021113113121
220211131131213
202111311312132
021113113121320
211131131213202
111311312132021
113113121320212
131131213202121
311312132021210
113121320212102
131213202121022
312132021210221
121320212102213
213202121022133
132021210221332
320212102213320
202121022133200
021210221332002
212102213320022
121022133200220
210221332002201
102213320022012
022133200220123
221332002201232
213320022012321
133200220123211
332002201232111
320022012321111
200220123211113
002201232111132
022012321111323
220123211113233
201232111132331
012321111323310
123211113233102
232111132331022
321111323310221
211113233102213
111132331022132
111323310221321
113233102213212
132331022132121
323310221321211
233102213212110
331022132121101
310221321211013
102213212110133
022132121101331
221321211013311
213212110133111
132121101331111
321211013311113
212110133111132
121101331111323
211013311113232
110133111132322
101331111323220
013311113232200
133111132322000
331111323220001
311113232200012
111132322000123
111323220001231
113232200012310
132322000123100
323220001231001
232200012310013
322000123100130
220001231001301
200012310013012
000123100130122
001231001301221
012310013012213
123100130122130
231001301221301
310013012213011
100130122130110
001301221301102
013012213011021
130122130110210
301221301102102
012213011021021
122130110210210
221301102102102
213011021021022
130110210210222
301102102102221
011021021022213
110210210222132
102102102221322
021021022213221
210210222132211
102102221322111
021022213221111
210222132211113
102221322111132
022213221111322
222132211113220
221322111132202
213221111322022
132211113220221
322111132202211
221111322022112
211113220221121
111132202211211
111322022112112
113220221121121
132202211211213
322022112112132
220221121121321
202211211213211
022112112132111
221121121321111
211211213211113
112112132111132
121121321111322
211213211113220
112132111132202
121321111322021
213211113220211
132111132202110
321111322021102
211113220211023
111132202110231
111322021102310
113220211023101
132202110231011
322021102310110
220211023101103
202110231011032
021102310110322
211023101103222
110231011032222
102310110322220
023101103222201
231011032222012
310110322220121
101103222201212
011032222012122
110322220121223
103222201212233
032222012122331
322220121223313
222201212233131
222012122331310
220121223313100
201212233131002
012122331310020
121223313100200
212233131002001
122331310020011
223313100200111
233131002001110
331310020011101
313100200111011
131002001110113
310020011101132
100200111011322
002001110113222
020011101132221
200111011322211
001110113222111
011101132221113
111011322211132
110113222111320
101132221113202
011322211132021
113222111320211
132221113202111
322211132021110
222111320211101
221113202111012
211132021110120
111320211101202
113202111012021
132021110120210
320211101202101
202111012021013
021110120210131
211101202101312
111012021013121
110120210131212
101202101312121
012021013121210
120210131212101
202101312121013
021013121210131
210131212101312
101312121013123
013121210131233
131212101312333
312121013123331
121210131233313
212101312333133
121013123331333
210131233313333
101312333133333
013123331333331
131233313333313
312333133333133
123331333331332
233313333313322
333133333133222
331333331332220
313333313322200
133333133222001
333331332220011
333313322200111
333133222001113
331332220011132
313322200111320
133222001113202
332220011132021
322200111320211
222001113202111
220011132021110
200111320211101
001113202111013
011132021110132
111320211101321
113202111013212
132021110132122
320211101321222
202111013212222
021110132122222
211101321222221
111013212222210
110132122222101
101321222221010
013212222210102
132122222101022
321222221010221
212222210102211
122222101022110
222221010221103
222210102211032
222101022110320
221010221103200
210102211032003
101022110320030
010221103200302
102211032003021
022110320030213
221103200302131
211032003021311
110320030213113
103200302131131
032003021311311
320030213113111
200302131131111
003021311311110
030213113111100
302131131111000
021311311110001
213113111100011
131131111000110
311311110001102
113111100011020
131111000110201
311110001102010
111100011020101
111000110201011
110001102010110
100011020101100
000110201011000
001102010110003
011020101100032
110201011000323
102010110003231
020101100032310
201011000323101
010110003231013
101100032310133
011000323101333
110003231013333
100032310133331
000323101333310
003231013333103
032310133331033
323101333310333
231013333103333
310133331033332
101333310333323
013333103333232
133331033332321
333310333323211
333103333232110
331033332321100
310333323211001
103333232110013
033332321100133
333323211001332
333232110013323
332321100133233
323211001332333
232110013323333
321100133233332
211001332333320
110013323333200
100133233332002
001332333320023
013323333200232
133233332002321
332333320023211
323333200232110
233332002321101
333320023211010
333200232110103
332002321101030
320023211010300
200232110103000
002321101030000
023211010300000
232110103000000
321101030000000
211010300000000
110103000000000
101030000000002
010300000000020
103000000000200
030000000002000
300000000020000
000000000200002
000000002000023
000000020000233
000000200002332
000002000023323
000020000233230
000200002332303
002000023323033
020000233230331
200002332303313
000023323033131
000233230331310
002332303313100
023323033131000
233230331310000
332303313100003
323033131000032
230331310000323
303313100003233
033131000032333
331310000323333
313100003233331
131000032333311
310000323333110
100003233331100
000032333311000
000323333110002
003233331100022
032333311000223
323333110002233
233331100022333
333311000223333
333110002233332
331100022333320
311000223333202
110002233332021
100022333320210
000223333202103
002233332021032
022333320210322
223333202103222
233332021032223
333320210322233
333202103222331
332021032223310
320210322233101
202103222331011
021032223310111
210322233101113
103222331011130
032223310111303
322233101113033
222331011130331
223310111303313
233101113033133
331011130331333
310111303313331
101113033133310
011130331333100
111303313331000
113033133310000
130331333100002
303313331000020
033133310000200
331333100002002
313331000020020
133310000200200
333100002002000
331000020020002
310000200200023
100002002000230
000020020002301
000200200023011
002002000230112
020020002301123
200200023011231
002000230112312
020002301123120
200023011231202
000230112312020
002301123120201
023011231202012
230112312020120
301123120201202
011231202012023
112312020120232
123120201202320
231202012023202
312020120232020
120201202320200
202012023202000
020120232020001
201202320200012
012023202000121
120232020001210
202320200012100
023202000121002
232020001210022
320200012100221
202000121002211
020001210022112
200012100221122
000121002211222
001210022112220
012100221122203
121002211222033
210022112220333
100221122203332
002211222033322
022112220333221
221122203332213
211222033322132
112220333221323
122203332213232
222033322132321
220333221323212
203332213232122
033322132321222
333221323212222
332213232122223
322132321222233
221323212222332
213232122223322
132321222233221
323212222332212
232122223322123
321222233221231
212222332212311
122223322123111
222233221231113
222332212311132
223322123111321
233221231113211
332212311132110
322123111321102
221231113211021
212311132110211
123111321102113
231113211021132
311132110211321
111321102113210
113211021132101
132110211321012
321102113210121
211021132101211
110211321012110
102113210121101
021132101211011
211321012110113
113210121101132
132101211011321
321012110113210
210121101132102
101211011321022
012110113210221
121101132102213
211011321022132
110113210221323
101132102213232
011321022132323
113210221323232
132102213232321
321022132323212
210221323232121
102213232321212
022132323212121
221323232121211
213232321212111
132323212121111
323232121211112
232321212111121
323212121111213
232121211112131
321212111121311
212121111213111
121211112131110
212111121311101
121111213111012
211112131110121
111121311101210
111213111012102
112131110121023
121311101210231
213111012102310
131110121023102
311101210231020
111012102310200
110121023102003
101210231020031
012102310200310
121023102003102
210231020031021
102310200310213
023102003102132
231020031021321
310200310213213
102003102132131
020031021321312
200310213213121
003102132131212
031021321312123
310213213121232
102132131212323
021321312123231
213213121232313
132131212323131
321312123231310
213121232313101
131212323131010
312123231310101
121232313101012
212323131010123
123231310101232
232313101012322
323131010123220
231310101232202
313101012322023
131010123220231
310101232202310
101012322023101
010123220231012
101232202310122
012322023101222
123220231012221
232202310122212
322023101222121
220231012221213
202310122212133
023101222121331
231012221213311
310122212133113
101222121331133
012221213311332
122212133113321
222121331133211
221213311332113
212133113321132
121331133211320
213311332113201
133113321132011
331133211320111
311332113201110
113321132011101
133211320111012
332113201110123
321132011101232
211320111012322
113201110123220
132011101232201
320111012322011
201110123220113
011101232201132
111012322011322
110123220113220
101232201132201
012322011322011
123220113220110
232201132201101
322011322011012
220113220110123
201132201101232
011322011012320
113220110123202
132201101232022
322011012320222
220110123202222
201101232022220
011012320222202
110123202222020
101232022220202
012320222202022
123202222020222
232022220202220
320222202022202
202222020222021
022220202220212
222202022202122
222020222021220
220202220212200
202022202122000
020222021220002
202220212200020
022202122000202
222021220002020
220212200020202
202122000202022
021220002020220
212200020202202
122000202022023
220002020220231
200020202202310
000202022023103
002020220231031
020202202310311
202022023103112
020220231031123
202202310311230
022023103112300
220231031123002
202310311230022
023103112300220
231031123002200
310311230022003
103112300220031
031123002200312
311230022003122
112300220031221
123002200312210
230022003122101
300220031221012
002200312210122
022003122101222
220031221012220
200312210122200
003122101222002
031221012220020
312210122200202
122101222002020
221012220020201
210122200202012
101222002020123
012220020201231
122200202012311
222002020123113
220020201231133
200202012311333
002020123113330
020201231133301
202012311333013
020123113330131
201231133301312
012311333013122
123113330131220
231133301312200
311333013122000
113330131220000
133301312200001
333013122000013
330131220000131
301312200001310
013122000013103
131220000131030
312200001310302
122000013103020
220000131030200
200001310302001
000013103020013
000131030200132
001310302001320
013103020013200
131030200132000
310302001320001
103020013200012
030200132000123
302001320001231
020013200012310
200132000123101
001320001231012
013200012310121
132000123101212
320001231012123
200012310121233
000123101212330
001231012123302
012310121233020
123101212330203
231012123302032
310121233020320
101212330203201
012123302032010
121233020320103
212330203201033
123302032010333
233020320103330
330203201033302
302032010333020
020320103330201
203201033302012
032010333020121
320103330201213
201033302012133
010333020121330
103330201213301
033302012133012
333020121330122
330201213301223
302012133012233
020121330122332
201213301223323
012133012233232
121330122332321
213301223323211
133012233232111
330122332321110
301223323211103
012233232111031
122332321110311
223323211103110
233232111031101
332321110311011
323211103110112
232111031101120
321110311011201
211103110112012
111031101120120
110311011201203
103110112012031
031101120120312
311011201203123
110112012031230
101120120312302
011201203123020
112012031230200
120120312302000
201203123020003
012031230200032
120312302000323
203123020003232
031230200032320
312302000323200
123020003232003
230200032320030
302000323200302
020003232003023
200032320030232
000323200302320
003232003023201
032320030232010
323200302320102
232003023201023
320030232010230
200302320102302
003023201023021
030232010230210
302320102302103
023201023021030
232010230210302
320102302103020
201023021030202
010230210302020
102302103020203
023021030202030
230210302020301
302103020203012
021030202030123
210302020301232
103020203012323
030202030123232
302020301232323
020203012323232
202030123232323
020301232323231
203012323232310
030123232323103
301232323231031
012323232310313
123232323103130
232323231031300
323232310313000
232323103130003
323231031300032
232310313000320
323103130003200
231031300032002
310313000320021
103130003200211
031300032002111
313000320021110
130003200211102
300032002111020
000320021110201
003200211102010
032002111020103
320021110201032
200211102010321
002111020103212
021110201032120
211102010321202
111020103212022
110201032120223
102010321202232
020103212022321
201032120223213
010321202232133
103212022321333
032120223213332
321202232133320
212022321333202
120223213332023
202232133320232
022321333202323
223213332023232
232133320232320
321333202323203
213332023232030
133320232320300
333202323203000
332023232030002
320232320300021
202323203000211
023232030002111
232320300021111
323203000211110
232030002111102
320300021111021
203000211110210
030002111102101
300021111021012
000211110210122
002111102101220
021111021012201
211110210122011
111102101220111
111021012201110
110210122011102
102101220111020
021012201110202
210122011102022
101220111020223
012201110202233
122011102022331
220111020223313
201110202233130
011102022331300
111020223313000
110202233130002
102022331300021
020223313000210
202233130002103
022331300021031
223313000210311
233130002103113
331300021031130
313000210311303
130002103113033
300021031130330
000210311303300
002103113033003
021031130330030
210311303300303
103113033003030
031130330030303
311303300303030
113033003030301
130330030303011
303300303030113
033003030301131
330030303011310
300303030113103
003030301131032
030303011310321
303030113103211
030301131032113
303011310321133
030113103211330
301131032113300
011310321133002
113103211330020
131032113300200
310321133002000
103211330020000
032113300200001
321133002000013
211330020000131
113300200001311
133002000013111
330020000131111
300200001311112
002000013111123
020000131111231
200001311112311
000013111123110
000131111231100
001311112311000
013111123110000
131111231100002
311112311000023
111123110000232
111231100002320
112311000023200
123110000232001
231100002320010
311000023200103
110000232001031
100002320010313
000023200103132
000232001031320
002320010313202
023200103132023
232001031320232
320010313202323
200103132023232
001031320232320
010313202323202
103132023232022
031320232320223
313202323202233
132023232022333
320232320223331
202323202233311
023232022333113
232320223331130
323202233311302
232022333113023
320223331130232
202233311302322
022333113023220
223331130232203
233311302322033
333113023220332
331130232203320
311302322033200
113023220332000
130232203320000
302322033200001
023220332000013
232203320000132
322033200001320
220332000013200
203320000132002
033200001320020
332000013200203
320000132002033
200001320020333
000013200203330
000132002033300
001320020333000
013200203330003
132002033300033
320020333000331
200203330003310
002033300033103
020333000331033
203330003310332
033300033103322
333000331033223
330003310332232
300033103322320
000331033223203
003310332232033
033103322320333
331033223203333
310332232033330
103322320333300
033223203333000
332232033330000
322320333300001
223203333000013
232033330000133
320333300001333
203333000013331
033330000133311
333300001333110
333000013331101
330000133311013
300001333110130
000013331101300
000133311013003
001333110130033
013331101300330
133311013003300
333110130033000
331101300330000
311013003300003
110130033000030
101300330000300
013003300003002
130033000030021
300330000300211
003300003002112
033000030021120
330000300211203
300003002112031
000030021120310
000300211203103
003002112031033
030021120310333
300211203103330
002112031033300
021120310333002
211203103330020
112031033300200
120310333002003
203103330020030
031033300200302
310333002003020
103330020030200
033300200302000
333002003020003
330020030200033
300200302000333
002003020003332
020030200033320
200302000333200
003020003332002
030200033320021
302000333200212
020003332002122
200033320021221
000333200212210
003332002122102
033320021221021
333200212210212
332002122102120
320021221021201
200212210212010
002122102120103
021221021201030
212210212010303
122102120103031
221021201030312
210212010303120
102120103031200
021201030312002
212010303120021
120103031200210
201030312002103
010303120021030
103031200210302
030312002103020
303120021030200
031200210302000
312002103020001
120021030200010
200210302000103
002103020001030
021030200010301
210302000103011
103020001030111
030200010301111
302000103011113
020001030111133
200010301111333
000103011113332
001030111133323
010301111333232
103011113332322
030111133323222
301111333232221
011113332322210
111133323222103
111333232221030
113332322210300
133323222103003
333232221030032
332322210300323
323222103003231
232221030032310
322210300323102
222103003231021
221030032310211
210300323102111
103003231021110
030032310211103
300323102111031
003231021110313
032310211103133
323102111031330
231021110313302
310211103133022
102111031330221
021110313302211
211103133022110
111031330221100
110313302211000
103133022110000
031330221100001
313302211000011
133022110000113
330221100001133
302211000011331
022110000113313
221100001133131
211000011331310
110000113313101
100001133131010
000011331310100
000113313101003
001133131010033
011331310100333
113313101003331
133131010033310
331310100333102
313101003331023
131010033310231
310100333102310
101003331023103
010033310231032
100333102310320
003331023103200
033310231032000
333102310320002
331023103200021
310231032000211
102310320002110
023103200021100
231032000211001
310320002110010
103200021100102
032000211001020
320002110010201
200021100102011
000211001020110
002110010201100
021100102011000
211001020110002
110010201100023
100102011000231
001020110002313
010201100023131
102011000231313
020110002313131
201100023131311
011000231313113
110002313131133
100023131311332
000231313113321
002313131133210
023131311332102
231313113321021
313131133210212
131311332102120
313113321021201
131133210212010
311332102120102
113321021201022
133210212010222
332102120102222
321021201022222
210212010222223
102120102222231
021201022222311
212010222223111
120102222231113
201022222311132
010222223111322
102222231113220
022222311132202
222223111322021
222231113220210
222311132202102
223111322021021
231113220210210
311132202102102
111322021021022
113220210210221
132202102102211
322021021022111
220210210221113
202102102211132
021021022111322
210210221113222
102102211132223
021022111322232
210221113222322
102211132223223
022111322232231
221113222322311
211132223223113
111322232231132
113222322311321
132223223113210
322232231132102
222322311321020
223223113210202
232231132102022
322311321020222
223113210202223
231132102022232
311321020222321
113210202223213
132102022232131
321020222321311
210202223213113
102022232131132
020222321311321
202223213113211
022232131132113
222321311321132
223213113211321
232131132113211
321311321132111
213113211321113
131132113211133
311321132111331
113211321113311
132113211133113
321132111331131
211321113311311
113211133113111
132111331131110
321113311311102
211133113111021
111331131110212
113311311102123
133113111021233
331131110212333
311311102123332
113111021233321
131110212333211
311102123332112
111021233321123
110212333211231
102123332112313
021233321123132
212333211231323
123332112313231
233321123132313
333211231323132
332112313231321
321123132313211
211231323132111
112313231321111
123132313211113
231323132111130
313231321111300
132313211113001
323132111130011
231321111300110
313211113001101
132111130011010
321111300110103
211113001101032
111130011010320
111300110103202
113001101032021
130011010320211
300110103202111
001101032021110
011010320211102
110103202111021
101032021110210
010320211102101
103202111021010
032021110210101
320211102101010
202111021010103
021110210101032
211102101010322
111021010103220
110210101032202
102101010322021
021010103220210
210101032202102
101010322021020
010103220210200
101032202102001
010322021020010
103220210200101
032202102001010
322021020010101
220210200101012
202102001010123
021020010101233
210200101012333
102001010123332
020010101233321
200101012333213
001010123332132
010101233321322
101012333213220
010123332132200
101233321322003
012333213220030
123332132200303
233321322003030
333213220030301
332132200303010
321322003030102
213220030301022
132200303010220
322003030102201
220030301022010
200303010220101
003030102201010
030301022010100
303010220101002
030102201010023
301022010100233
010220101002332
102201010023323
022010100233232
220101002332321
201010023323213
010100233232132
101002332321321
010023323213213
100233232132130
002332321321303
023323213213031
233232132130312
332321321303120
323213213031202
232132130312023
321321303120230
213213031202301
132130312023010
321303120230102
213031202301020
130312023010203
303120230102033
031202301020330
312023010203300
120230102033000
202301020330000
023010203300001
230102033000011
301020330000110
010203300001100
102033000011002
020330000110020
203300001100200
033000011002003
330000110020033
300001100200333
000011002003333
000110020033333
001100200333331
011002003333311
110020033333113
100200333331131
002003333311313
020033333113132
200333331131322
003333311313222
033333113132222
333331131322222
333311313222222
333113132222221
331131322222210
311313222222100
113132222221003
131322222210032
313222222100320
132222221003202
322222210032023
222222100320230
222221003202300
222210032023000
222100320230002
221003202300022
210032023000220
100320230002200
003202300022001
032023000220013
320230002200130
202300022001300
023000220013002
230002200130022
300022001300222
000220013002220
002200130022201
022001300222010
220013002220103
200130022201033
001300222010333
013002220103332
130022201033322
300222010333220
002220103332200
022201033322003
222010333220032
220103332200321
201033322003213
010333220032132
103332200321320
033322003213202
333220032132022
332200321320223
322003213202231
220032132022312
200321320223120
003213202231201
032132022312011
321320223120112
213202231201123
132022312011232
320223120112320
202231201123201
022312011232010
223120112320103
231201123201032
312011232010323
120112320103233
201123201032331
011232010323313
112320103233132
123201032331320
232010323313200
