1310222212
3102222121
1022221212
0222212121
2222121211
2221212112
2212121121
2121211211
1212112111
2121121112
1211211123
2112111231
1121112311
1211123111
2111231112
1112311120
1123111202
1231112022
2311120220
3111202202
1112022022
1120220220
1202202200
2022022002
0220220023
2202200232
2022002321
0220023210
2200232102
2002321023
0023210230
0232102302
2321023021
3210230210
2102302100
1023021000
0230210002
2302100021
3021000212
0210002122
2100021223
1000212232
0002122321
0021223212
0212232122
2122321221
1223212213
2232122131
2321221311
3212213112
2122131122
1221311222
2213112221
2131122213
1311222133
3112221332
1122213321
1222133210
2221332100
2213321000
2133210000
1332100001
3321000011
3210000110
2100001102
1000011022
0000110222
0001102220
0011022200
0110222000
1102220000
1022200001
0222000010
2220000101
2200001010
2000010101
0000101012
0001010121
0010101212
0101012121
1010121212
0101212120
1012121200
0121212001
1212120013
2121200133
1212001333
2120013331
1200133311
2001333113
0013331132
0133311322
1333113221
3331132211
3311322112
3113221122
1132211222
1322112221
3221122211
2211222111
2112221111
1122211111
1222111113
2221111131
2211111313
2111113131
1111131313
1111313131
1113131313
1131313132
1313131321
3131313211
1313132110
3131321101
1313211010
3132110100
1321101002
3211010021
2110100211
1101002110
1010021103
0100211032
1002110322
0021103222
0211032221
2110322213
1103222132
1032221322
0322213220
3222132202
2221322023
2213220231
2132202313
1322023132
3220231321
2202313210
2023132100
0231321003
2313210032
3132100320
1321003200
3210032000
2100320000
1003200000
0032000002
0320000020
3200000203
2000002032
0000020320
0000203203
0002032031
0020320313
0203203131
2032031313
0320313131
3203131313
2031313131
0313131310
3131313102
1313131021
3131310210
1313102102
3131021021
1310210213
3102102132
1021021321
0210213213
2102132132
1021321321
0213213213
2132132133
1321321331
3213213313
2132133133
1321331331
3213313311
2133133113
1331331132
3313311322
3133113222
1331132222
3311322221
3113222213
1132222132
1322221321
3222213213
2222132133
2221321333
2213213333
2132133332
1321333322
3213333221
2133332211
1333322113
3333221131
3332211313
3322113133
3221131333
2211313331
2113133313
1131333133
1313331332
3133313321
1333133211
3331332110
3313321100
3133211002
1332110021
3321100213
3211002133
2110021331
1100213313
1002133132
0021331322
0213313220
2133132202
1331322021
3313220210
3132202101
1322021011
3220210112
2202101120
2021011200
0210112002
2101120023
1011200231
0112002311
1120023111
1200231113
2002311132
0023111322
0231113222
2311132222
3111322220
1113222202
1132222023
1322220233
3222202332
2222023323
2220233232
2202332322
2023323221
0233232210
2332322102
3323221021
3232210210
2322102101
3221021010
2210210101
2102101010
1021010101
0210101010
2101010100
1010101000
0101010002
1010100021
0101000210
1010002101
0100021011
1000210111
0002101110
0021011103
0210111030
2101110302
1011103021
0111030211
1110302111
1103021110
1030211101
0302111011
3021110113
0211101133
2111011331
1110113313
1101133133
1011331333
0113313333
1133133330
1331333300
3313333000
3133330000
1333300003
3333000033
3330000333
3300003332
3000033321
0000333210
0003332101
0033321010
0333210102
3332101022
3321010222
3210102220
2101022201
1010222013
0102220132
1022201320
0222013203
2220132030
2201320303
2013203032
0132030320
1320303200
3203032002
2030320021
0303200213
3032002130
0320021301
3200213013
2002130132
0021301321
0213013210
2130132103
1301321031
3013210311
0132103111
1321031113
3210311131
2103111311
1031113110
0311131102
3111311021
1113110211
1131102111
1311021110
3110211102
1102111020
1021110200
0211102000
2111020000
1110200001
1102000011
1020000110
0200001101
2000011013
0000110130
0001101303
0011013032
0110130321
1101303211
1013032110
0130321101
1303211011
3032110111
0321101113
3211011131
2110111310
1101113102
1011131023
0111310231
1113102312
1131023121
1310231211
3102312113
1023121131
0231211313
2312113130
3121131303
1211313031
2113130310
1131303102
1313031022
3130310220
1303102201
3031022013
0310220132
3102201321
1022013211
0220132110
2201321102
2013211022
0132110223
1321102232
3211022322
2110223223
1102232232
1022322321
0223223210
2232232100
2322321002
3223210022
2232100221
2321002210
3210022100
2100221001
1002210011
0022100113
0221001132
2210011322
2100113220
1001132202
0011322020
0113220203
1132202033
1322020330
3220203301
2202033011
2020330113
0203301130
2033011301
0330113013
3301130133
3011301332
0113013322
1130133222
1301332220
3013322202
0133222021
1332220210
3322202102
3222021020
2220210203
2202102032
2021020321
0210203213
2102032132
1020321320
0203213201
2032132010
0321320103
3213201032
2132010323
1320103231
3201032313
2010323133
0103231333
1032313331
0323133311
3231333113
2313331131
3133311310
1333113100
3331131002
3311310022
3113100220
1131002201
1310022010
3100220103
1002201033
0022010330
0220103301
2201033010
2010330102
0103301020
1033010202
0330102022
3301020223
3010202231
0102022311
1020223110
0202231100
2022311002
0223110022
2231100221
2311002213
3110022130
1100221301
1002213012
0022130123
0221301232
2213012321
2130123213
1301232132
3012321320
0123213203
1232132033
2321320332
3213203321
2132033212
1320332121
3203321210
2033212102
0332121020
3321210200
3212102001
2121020011
1210200110
2102001100
1020011002
0200110023
2001100232
0011002320
0110023202
1100232021
1002320211
0023202110
0232021101
2320211011
3202110113
2021101132
0211011321
2110113210
1101132103
1011321033
0113210333
1132103332
1321033321
3210333210
2103332102
1033321020
0333210200
3332102001
3321020011
3210200113
2102001132
1020011321
0200113212
2001132122
0011321220
0113212203
1132122031
1321220310
3212203103
2122031031
1220310311
2203103112
2031031122
0310311222
3103112222
1031122221
0311222210
3112222101
1122221013
1222210131
2222101310
2221013102
2210131021
2101310213
1013102131
0131021313
1310213130
3102131303
1021313032
0213130320
2131303200
1313032002
3130320020
1303200201
3032002010
0320020100
3200201000
2002010003
0020100030
0201000301
2010003012
0100030121
1000301210
0003012101
0030121013
0301210132
3012101322
0121013221
1210132211
2101322112
1013221123
0132211231
1322112311
3221123113
2211231133
2112311333
1123113333
1231133331
2311333310
3113333100
1133331001
1333310010
3333100101
3331001011
3310010110
3100101102
1001011023
0010110231
0101102311
1011023111
0110231110
1102311100
1023111003
0231110032
2311100320
3111003202
1110032020
1100320201
1003202010
0032020102
0320201021
3202010210
2020102102
0201021022
2010210220
0102102201
1021022013
0210220132
2102201320
1022013203
0220132032
2201320322
2013203220
0132032202
1320322021
3203220213
2032202132
0322021322
3220213222
2202132221
2021322210
0213222103
2132221032
1322210320
3222103202
2221032020
2210320201
2103202012
1032020123
0320201231
3202012313
2020123132
0201231320
2012313201
0123132011
1231320112
2313201120
3132011202
1320112020
3201120203
2011202031
0112020311
1120203113
1202031132
2020311320
0203113200
2031132002
0311320022
3113200222
1132002220
1320022202
3200222022
2002220222
0022202222
0222022223
2220222232
2202222320
2022223203
0222232031
2222320310
2223203103
2232031033
2320310331
3203103310
2031033102
0310331022
3103310222
1033102222
0331022220
3310222200
3102222001
1022220011
0222200111
2222001113
2220011131
2200111310
2001113102
0011131021
0111310213
1113102132
1131021323
1310213232
3102132321
1021323213
0213232133
2132321333
1323213331
3232133310
2321333102
3213331022
2133310220
1333102202
3331022020
3310220201
3102202011
1022020110
0220201103
2202011031
2020110311
0201103113
2011031132
0110311323
1103113232
1031132322
0311323220
3113232200
1132322003
1323220032
3232200320
2322003201
3220032010
2200320103
2003201031
0032010313
0320103133
3201031331
2010313311
0103133110
1031331103
0313311030
3133110300
1331103002
3311030023
3110300231
1103002310
1030023100
0300231000
3002310001
0023100012
0231000120
2310001201
3100012013
1000120133
0001201331
0012013311
0120133110
1201331101
2013311011
0133110110
1331101102
3311011020
3110110200
1101102001
1011020011
0110200110
1102001102
1020011020
0200110203
2001102030
0011020300
0110203003
1102030031
1020300312
0203003120
2030031201
0300312010
3003120102
0031201021
0312010211
3120102110
1201021102
2010211021
0102110212
1021102122
0211021220
2110212200
1102122001
1021220010
0212200102
2122001022
1220010220
2200102201
2001022010
0010220103
0102201032
1022010321
0220103212
2201032121
2010321213
0103212132
1032121320
0321213201
3212132013
2121320132
1213201321
2132013211
1320132110
3201321102
2013211020
0132110202
1321102021
3211020213
2110202133
1102021331
1020213313
0202133132
2021331321
0213313211
2133132111
1331321113
3313211132
3132111322
1321113220
3211132202
2111322020
1113220202
1132202021
1322020210
3220202101
2202021013
2020210132
0202101321
2021013213
0210132132
2101321322
1013213222
0132132222
1321322220
3213222202
2132222021
1322220211
3222202110
2222021102
2220211021
2202110210
2021102100
0211021002
2110210021
1102100210
1021002100
0210021002
2100210020
1002100201
0021002013
0210020132
2100201321
1002013211
0020132110
0201321102
2013211020
0132110201
1321102010
3211020103
2110201033
1102010332
1020103320
0201033201
2010332011
0103320110
1033201100
0332011001
3320110010
3201100101
2011001013
0110010130
1100101303
1001013033
0010130333
0101303332
1013033321
0130333211
1303332110
3033321103
0333211032
3332110322
3321103222
3211032223
2110322232
1103222321
1032223211
0322232111
3222321111
2223211110
2232111102
2321111022
3211110223
2111102232
1111022321
1110223210
1102232100
1022321002
0223210022
2232100222
2321002221
3210022210
2100222100
1002221001
0022210010
0222100100
2221001002
2210010021
2100100211
1001002110
0010021100
0100211001
1002110010
0021100102
0211001020
2110010201
1100102013
1001020132
0010201321
0102013213
1020132132
0201321323
2013213231
0132132310
1321323103
3213231032
2132310320
1323103202
3231032021
2310320210
3103202102
1032021023
0320210232
3202102323
2021023232
0210232321
2102323210
1023232102
0232321021
2323210210
3232102102
2321021022
3210210221
2102102213
1021022132
0210221321
2102213210
1022132101
0221321011
2213210112
2132101122
1321011222
3210112221
2101122211
1011222111
0112221110
1122211102
1222111022
2221110221
2211102210
2111022101
1110221013
1102210131
1022101312
0221013122
2210131220
2101312201
1013122013
0131220132
1312201321
3122013211
1220132113
2201321132
2013211322
0132113221
1321132211
3211322113
2113221132
1132211321
1322113213
3221132133
2211321332
2113213320
1132133200
1321332001
3213320013
2133200133
1332001331
3320013310
3200133100
2001331003
0013310032
0133100322
1331003222
3310032220
3100322202
1003222023
0032220232
0322202322
3222023221
2220232210
2202322101
2023221011
0232210113
2322101132
3221011321
2210113211
2101132110
1011321102
0113211021
1132110213
1321102133
3211021331
2110213310
1102133103
1021331033
0213310332
2133103323
1331033231
3310332311
3103323111
1033231111
0332311111
3323111112
3231111121
2311111213
3111112133
1111121332
1111213323
1112133231
1121332310
1213323103
2133231031
1332310313
3323103130
3231031301
2310313010
3103130100
1031301001
0313010013
3130100131
1301001310
3010013102
0100131020
1001310201
0013102010
0131020101
1310201011
3102010113
1020101133
0201011333
2010113332
0101133320
1011333200
0113332003
1133320031
1333200310
3332003102
3320031023
3200310232
2003102320
0031023200
0310232003
3102320030
1023200300
0232003001
2320030011
3200300111
2003001110
0030011102
0300111020
3001110203
0011102032
0111020321
1110203212
1102032121
1020321212
0203212123
2032121233
0321212330
3212123301
2121233010
1212330101
2123301011
1233010113
2330101133
3301011333
3010113332
0101133322
1011333220
0113332202
1133322021
1333220211
3332202110
3322021102
3220211021
2202110213
2021102132
0211021323
2110213232
1102132323
1021323231
0213232310
2132323100
1323231000
3232310000
2323100000
3231000002
2310000023
3100000232
1000002323
0000023231
0000232311
0002323111
0023231113
0232311130
2323111303
3231113030
2311130300
3111303001
1113030013
1130300130
1303001301
3030013011
0300130113
3001301133
0013011332
0130113321
1301133210
3011332100
0113321001
1133210013
1332100132
3321001320
3210013200
2100132002
1001320023
0013200233
0132002332
1320023322
3200233220
2002332203
0023322031
0233220311
2332203113
3322031132
3220311321
2203113210
2031132101
0311321012
3113210121
1132101213
1321012132
3210121322
2101213223
1012132232
0121322323
1213223232
2132232323
1322323231
3223232311
2232323111
2323231111
3232311110
2323111102
3231111020
2311110200
3111102001
1111020010
1110200102
1102001021
1020010211
0200102110
2001021103
0010211032
0102110320
1021103202
0211032022
2110320223
1103202232
1032022320
0320223201
3202232011
2022320112
0223201123
2232011232
2320112322
3201123220
2011232201
0112322010
1123220100
1232201003
2322010032
3220100323
2201003232
2010032321
0100323210
1003232102
0032321020
0323210200
3232102002
2321020023
3210200232
2102002323
1020023232
0200232320
2002323202
0023232020
0232320200
2323202002
3232020023
2320200232
3202002321
2020023210
0200232102
2002321021
0023210210
0232102100
2321021002
3210210021
2102100211
1021002111
0210021113
2100211132
1002111321
0021113211
0211132111
2111321110
1113211102
1132111020
1321110200
3211102002
2111020021
1110200211
1102002113
1020021132
0200211321
2002113213
0021132130
0211321303
2113213032
1132130322
1321303222
3213032221
2130322213
1303222132
3032221322
0322213222
3222132223
2221322232
2213222323
2132223232
1322232322
3222323220
2223232201
2232322013
2323220133
3232201331
2322013311
3220133113
2201331132
2013311320
0133113200
1331132002
3311320022
3113200222
1132002223
1320022232
3200222323
2002223231
0022232311
0222323112
2223231122
2232311222
2323112221
3231122210
2311222102
3112221023
1122210231
1222102310
2221023100
2210231001
2102310013
1023100131
0231001311
2310013113
3100131131
1001311311
0013113110
0131131100
1311311001
3113110010
1131100103
1311001031
3110010311
1100103110
1001031101
0010311011
0103110110
1031101101
0311011013
3110110133
1101101331
1011013310
0110133101
1101331011
1013310112
0133101122
1331011223
3310112233
3101122332
1011223321
0112233210
1122332101
1223321011
2233210110
2332101100
3321011002
3210110020
2101100203
1011002031
0110020313
1100203133
1002031333
0020313332
0203133322
2031333222
0313332220
3133322202
1333222021
3332220211
3322202113
3222021132
2220211322
2202113221
2021132211
0211322113
2113221133
1132211331
1322113311
3221133113
2211331132
2113311321
1133113211
1331132113
3311321132
3113211320
1132113202
1321132020
3211320201
2113202011
1132020113
1320201133
3202011331
2020113312
0201133121
2011331210
0113312102
1133121022
1331210222
3312102222
3121022220
1210222203
2102222031
1022220311
0222203111
2222031110
2220311102
2203111021
2031110210
0311102101
3111021011
1110210110
1102101100
1021011002
0210110020
2101100203
1011002032
0110020322
1100203221
1002032210
0020322101
0203221011
2032210111
0322101111
3221011113
2210111132
2101111322
1011113220
0111132203
1111322031
1113220311
1132203110
1322031102
3220311020
2203110202
2031102023
0311020232
3110202322
1102023221
1020232213
0202322132
2023221320
0232213200
2322132002
3221320020
2213200203
2132002031
1320020313
3200203133
2002031333
0020313332
0203133320
2031333202
0313332020
3133320200
1333202001
3332020011
3320200113
3202001132
2020011322
0200113220
2001132202
0011322022
0113220220
1132202202
1322022021
3220220213
2202202132
2022021320
0220213201
2202132010
2021320102
0213201022
2132010221
1320102213
3201022133
2010221331
0102213311
1022133113
0221331130
2213311303
2133113030
1331130301
3311303010
3113030103
1130301031
1303010312
3030103120
0301031202
3010312023
0103120231
1031202311
0312023113
3120231132
1202311322
2023113221
0231132211
2311322110
3113221102
1132211020
1322110202
3221102020
2211020202
2110202021
1102020211
1020202113
0202021132
2020211323
0202113231
2021132310
0211323102
2113231020
1132310201
1323102011
3231020113
2310201132
3102011320
1020113202
0201132023
2011320232
0113202323
1132023231
1320232313
3202323133
2023231331
0232313311
2323133110
3231331102
2313311020
3133110200
1331102001
3311020011
3110200113
1102001132
1020011321
0200113212
2001132122
0011321222
0113212223
1132122231
1321222310
3212223103
2122231031
1222310311
2223103112
2231031123
2310311232
3103112322
1031123220
0311232201
3112322012
1123220122
1232201222
2322012223
3220122230
2201222301
2012223013
0122230131
1222301311
2223013110
2230131101
2301311010
3013110100
0131101003
1311010032
3110100322
1101003223
1010032232
0100322321
1003223211
0032232113
0322321130
3223211301
2232113013
2321130131
3211301311
2113013111
1130131113
1301311132
3013111320
0131113203
1311132032
3111320321
1113203213
1132032132
1320321321
3203213210
2032132102
0321321020
3213210200
2132102001
1321020011
3210200113
2102001131
1020011313
0200113131
2001131311
0011313110
0113131103
1131311033
1313110332
3131103323
1311033231
3110332313
1103323131
1033231310
0332313101
3323131013
3231310132
2313101322
3131013222
1310132221
3101322211
1013222113
0132221132
1322211321
3222113212
2221132121
2211321213
2113212131
1132121311
1321213113
3212131133
2121311332
1213113321
2131133210
1311332102
3113321022
1133210220
1332102202
3321022020
3210220203
2102202031
1022020310
0220203102
2202031021
2020310212
0203102122
2031021221
0310212212
3102122122
1021221222
0212212220
2122122203
1221222032
2212220322
2122203223
1222032232
2220322321
2203223213
2032232132
0322321322
3223213223
2232132233
2321322331
3213223310
2132233101
1322331011
3223310110
2233101102
2331011020
3310110200
3101102001
1011020011
0110200111
1102001111
1020011110
0200111100
2001111001
0011110011
0111100113
1111001131
1110011313
1100113132
1001131321
0011313213
0113132133
1131321331
1313213311
3132133113
1321331131
3213311311
2133113110
1331131102
3311311020
3113110200
1131102002
1311020022
3110200223
1102002232
1020022321
0200223211
2002232113
0022321133
0223211332
2232113322
2321133220
3211332200
2113322002
1133220022
1332200221
3322002211
3220022110
2200221103
2002211031
0022110313
0221103133
2211031331
2110313310
1103133102
1031331022
0313310220
3133102200
1331022001
3310220011
3102200111
1022001112
0220011121
2200111212
2001112121
0011121211
0111212110
1112121102
1121211022
1212110221
2121102211
1211022111
2110221113
1102211133
1022111333
0221113333
2211133331
2111333311
1113333110
1133331102
1333311020
3333110201
3331102011
3311020111
3110201110
1102011101
1020111010
0201110100
2011101001
0111010010
1110100100
1101001002
1010010021
0100100211
1001002111
0010021110
0100211101
1002111010
0021110102
0211101020
2111010203
1110102031
1101020310
1010203102
0102031023
1020310232
0203102323
2031023232
0310232320
3102323202
1023232020
0232320200
2323202000
3232020002
2320200020
3202000202
2020002022
0200020222
2000202222
0002022223
0020222233
0202222332
2022223322
0222233223
2222332232
2223322323
2233223232
2332232321
3322323213
3223232130
2232321301
2323213013
3232130130
2321301301
3213013011
2130130113
1301301131
3013011313
0130113132
1301131323
3011313232
0113132321
1131323211
1313232111
3132321110
1323211102
3232111022
2321110222
3211102222
2111022221
1110222213
1102222131
1022221313
0222213132
2222131321
2221313213
2213132132
2131321322
1313213222
3132132222
1321322221
3213222211
2132222111
1322221111
3222211112
2222111122
2221111221
2211112211
2111122111
1111221112
1112211120
1122111201
1221112012
2211120121
2111201210
1112012100
1120121003
1201210032
2012100321
0121003210
1210032103
2100321031
1003210310
0032103102
0321031021
3210310213
2103102132
1031021323
0310213232
3102132320
1021323202
0213232021
2132320212
1323202122
3232021223
2320212233
3202122333
2021223331
0212233313
2122333132
1223331321
2233313212
2333132123
3331321232
3313212322
3132123222
1321232221
3212322210
2123222102
1232221022
2322210220
3222102202
2221022023
2210220232
2102202323
1022023232
0220232323
2202323232
2023232322
0232323220
2323232202
3232322023
2323220231
3232202311
2322023113
3220231132
2202311321
2023113210
0231132100
2311321001
3113210010
1132100103
1321001031
3210010311
2100103113
1001031132
0010311322
0103113220
1031132203
0311322032
3113220322
1132203222
1322032222
3220322221
2203222213
2032222132
0322221323
3222213231
2222132311
2221323112
2213231122
2132311222
1323112220
3231122200
2311222001
3112220010
1122200103
1222001032
2220010321
2200103211
2001032110
0010321100
0103211001
1032110012
0321100122
3211001222
2110012220
1100122201
1001222011
0012220111
0122201112
1222011123
2220111233
2201112332
2011123321
0111233211
1112332113
1123321131
1233211311
2332113111
3321131111
3211311113
2113111132
1131111323
1311113231
3111132310
1111323101
1113231011
1132310111
1323101113
3231011132
2310111320
3101113202
1011132023
0111320232
1113202323
1132023231
1320232313
3202323130
2023231301
0232313011
2323130111
3231301111
2313011110
3130111102
1301111020
3011110200
0111102003
1111020032
1110200322
1102003221
1020032210
0200322101
2003221010
0032210102
0322101020
3221010200
2210102000
2101020001
1010200013
0102000133
1020001332
0200013321
2000133211
0001332110
0013321103
0133211032
1332110322
3321103220
3211032203
2110322031
1103220312
1032203122
0322031220
3220312202
2203122022
2031220221
0312202210
3122022102
1220221020
2202210201
2022102012
0221020120
2210201202
2102012023
1020120232
0201202323
2012023232
0120232323
1202323232
2023232322
0232323221
2323232211
3232322113
2323221132
3232211321
2322113212
3221132121
2211321211
2113212111
1132121110
1321211103
3212111033
2121110330
1211103301
2111033010
1110330100
1103301000
1033010002
0330100020
3301000203
3010002032
0100020320
1000203201
0002032011
0020320110
0203201102
2032011023
0320110230
3201102301
2011023013
0110230132
1102301321
1023013212
0230132123
2301321232
3013212322
0132123220
1321232203
3212322030
2123220300
1232203002
2322030023
3220300232
2203002321
2030023211
0300232111
3002321110
0023211100
0232111002
2321110023
3211100232
2111002322
1110023222
1100232222
1002322223
0023222232
0232222320
2322223200
3222232000
2222320002
2223200021
2232000213
2320002132
3200021320
2000213201
0002132013
0021320131
0213201311
2132013113
1320131133
3201311333
2013113332
0131133323
1311333232
3113332321
1133323211
1333232113
3332321130
3323211303
3232113031
2321130313
3211303132
2113031322
1130313220
1303132200
3031322000
0313220003
3132200030
1322000301
3220003011
2200030111
2000301110
0003011102
0030111020
0301110201
3011102010
0111020100
1110201000
1102010002
1020100020
0201000203
2010002032
0100020322
1000203221
0002032210
0020322103
0203221031
2032210313
0322103132
3221031321
2210313211
2103132110
1031321102
0313211021
3132110213
1321102132
3211021323
2110213232
1102132321
1021323211
0213232110
2132321100
1323211000
3232110001
2321100011
3211000110
2110001100
1100011001
1000110013
0001100132
0011001321
0110013210
1100132101
1001321011
0013210111
0132101110
1321011101
3210111013
2101110133
1011101332
0111013323
1110133232
1101332321
1013323210
0133232101
1332321010
3323210100
3232101003
2321010033
3210100331
2101003312
1010033122
0100331222
1003312220
0033122203
0331222032
3312220320
3122203202
1222032022
2220320220
2203202203
2032022032
0320220322
3202203223
2022032233
0220322332
2203223321
2032233211
0322332111
3223321111
2233211112
2332111123
3321111232
3211112322
2111123220
1111232201
1112322011
1123220110
1232201102
2322011020
3220110200
2201102002
2011020021
0110200211
1102002110
1020021100
0200211002
2002110021
0021100211
0211002110
2110021102
1100211022
1002110223
0021102232
0211022320
2110223201
1102232010
1022320103
0223201031
2232010311
2320103110
3201031103
2010311031
0103110310
1031103103
0311031033
3110310332
1103103321
1031033211
0310332110
3103321102
1033211021
0332110212
3321102123
3211021232
2110212322
1102123223
1021232233
0212322332
2123223322
1232233223
2322332232
3223322321
2233223211
2332232111
3322321113
3223211131
2232111311
2321113113
3211131132
2111311322
1113113221
1131132213
1311322133
3113221333
1132213332
1322133322
3221333223
2213332232
2133322321
1333223213
3332232133
3322321332
3223213323
2232133231
2321332311
3213323113
2133231131
1332311311
3323113113
3231131131
2311311310
3113113101
1131131011
1311310110
3113101103
1131011030
1310110302
3101103023
1011030232
0110302323
1103023232
1030232321
0302323210
3023232103
0232321031
2323210310
3232103100
2321031002
3210310020
2103100200
1031002002
0310020020
3100200200
1002002002
0020020020
0200200202
2002002022
0020020221
0200202210
2002022102
0020221021
0202210210
2022102102
0221021022
2210210220
2102102202
1021022020
0210220202
2102202022
1022020220
0220202200
2202022002
2020220021
0202200210
2022002101
0220021010
2200210101
2002101012
0021010120
0210101203
2101012032
1010120321
0101203212
1012032122
0120321221
1203212212
2032122121
0321221211
3212212113
2122121131
1221211311
2212113113
2121131132
1211311321
2113113210
1131132102
1311321022
3113210220
1132102202
1321022020
3210220201
2102202011
1022020112
0220201120
2202011202
2020112021
0201120213
2011202132
0112021322
1120213223
1202132232
2021322322
0213223220
2132232202
1322322021
3223220211
2232202110
2322021101
3220211013
2202110132
2021101320
0211013201
2110132011
1101320111
1013201111
0132011111
1320111110
3201111102
2011111023
0111110232
1111102322
1111023222
1110232222
1102322221
1023222213
0232222131
2322221313
3222213133
2222131331
2221313311
2213133111
2131331110
1313311100
3133111001
1331110011
3311100110
3111001102
1110011022
1100110221
1001102211
0011022111
0110221110
1102211102
1022111020
0221110203
2211102032
2111020321
1110203212
1102032122
1020321220
0203212203
2032122031
0321220311
3212203113
2122031131
1220311310
2203113100
2031131002
0311310022
3113100220
1131002202
1310022020
3100220201
1002202013
0022020132
0220201320
2202013202
2020132021
0201320213
2013202131
0132021310
1320213100
3202131000
2021310000
0213100000
2131000000
1310000002
3100000023
1000000232
0000002320
0000023200
0000232000
0002320002
0023200023
0232000233
2320002333
3200023333
2000233332
0002333322
0023333222
0233332221
2333322213
3333222131
3332221313
3322213132
3222131322
2221313220
2213132202
2131322021
1313220211
3132202113
1322021133
3220211333
2202113332
2021133322
0211333221
2113332210
1133322101
1333221013
3332210132
3322101323
3221013231
2210132313
2101323130
1013231301
0132313010
1323130100
3231301002
2313010022
3130100222
1301002221
3010022210
0100222103
1002221031
0022210313
0222103132
2221031322
2210313220
2103132203
1031322031
0313220311
3132203111
1322031112
3220311122
2203111220
2031112203
0311122032
3111220322
1112203221
1122032212
1220322120
2203221202
2032212020
0322120202
3221202021
2212020210
2120202103
1202021031
2020210310
0202103100
2021031002
0210310020
2103100203
1031002031
0310020311
3100203111
1002031113
0020311132
0203111323
2031113232
0311132322
3111323221
1113232211
1132322110
1323221103
3232211031
2322110310
3221103100
2211031002
2110310022
1103100223
1031002231
0310022313
3100223133
1002231332
0022313320
0223133202
2231332020
2313320202
3133202020
1332020202
3320202020
3202020200
2020202001
0202020010
2020200101
0202001010
2020010103
0200101031
2001010310
0010103101
0101031011
1010310111
0103101110
1031011100
0310111002
3101110022
1011100221
0111002211
1110022110
1100221100
1002211001
0022110010
0221100100
2211001002
2110010022
1100100220
1001002202
0010022020
0100220203
1002202031
0022020311
0220203113
2202031130
2020311302
0203113020
2031130201
0311302012
3113020120
1130201202
1302012022
3020120221
0201202211
2012022113
0120221130
1202211303
2022113032
0221130323
2211303232
2113032320
1130323203
1303232032
3032320322
0323203221
3232032210
2320322102
3203221022
2032210223
0322102232
3221022323
2210223230
2102232302
1022323022
0223230221
2232302210
2323022102
3230221021
2302210211
3022102111
0221021111
2210211113
2102111130
1021111303
0211113032
2111130323
1111303231
1113032313
1130323131
1303231311
3032313111
0323131112
3231311121
2313111211
3131112113
1311121132
3111211323
1112113233
1121132332
1211323322
2113233222
1132332221
1323322210
3233222103
2332221031
3322210313
3222103132
2221031321
2210313211
2103132113
1031321131
0313211310
3132113101
1321131011
3211310113
2113101131
1131011311
1310113110
3101131101
1011311010
0113110102
1131101023
1311010232
3110102321
1101023210
1010232102
0102321021
1023210213
0232102132
2321021322
3210213223
2102132231
1021322310
0213223101
2132231011
1322310111
3223101110
2231011102
2310111021
3101110213
1011102131
0111021310
1110213103
1102131032
1021310321
0213103211
2131032113
1310321133
3103211330
1032113303
0321133032
3211330322
2113303221
1133032213
1330322132
3303221321
3032213211
0322132113
3221321131
2213211311
2132113113
1321131132
3211311322
2113113220
1131132201
1311322013
3113220130
1132201303
1322013032
3220130323
2201303232
2013032321
0130323212
1303232123
3032321232
0323212320
3232123202
2321232020
3212320200
2123202003
1232020030
2320200300
3202003000
2020030002
0200300020
2003000201
0030002011
0300020112
3000201121
0002011210
0020112103
0201121033
2011210332
0112103322
1121033221
1210332213
2103322131
1033221311
0332213111
3322131110
3221311100
2213111002
2131110020
1311100201
3111002011
1110020113
1100201132
1002011321
0020113213
0201132131
2011321310
0113213100
1132131001
1321310013
3213100132
2131001322
1310013223
3100132232
1001322323
0013223232
0132232323
1322323232
3223232321
2232323210
2323232102
3232321020
2323210203
3232102030
2321020302
3210203021
2102030210
1020302100
0203021000
2030210002
0302100022
3021000222
0210002221
2100022210
1000222103
0002221032
0022210320
0222103202
2221032021
2210320213
2103202130
1032021301
0320213011
3202130113
2021301132
0213011322
2130113220
1301132202
3011322022
0113220220
1132202203
1322022032
3220220323
2202203232
2022032321
0220323212
2203232122
2032321221
0323212213
3232122131
2321221312
3212213123
2122131232
1221312321
2213123210
2131232101
1312321011
3123210112
1232101123
2321011232
3210112320
2101123201
1011232011
0112320113
1123201131
1232011312
2320113121
3201131213
2011312132
0113121321
1131213213
1312132131
3121321312
1213213121
2132131210
1321312100
3213121003
2131210032
1312100323
3121003231
1210032311
2100323113
1003231132
0032311322
0323113223
3231132232
2311322320
3113223200
1132232000
1322320000
3223200002
2232000021
2320000211
3200002111
2000021111
0000211110
0002111100
0021111003
0211110031
2111100310
1111003101
1110031012
1100310123
1003101232
0031012320
0310123200
3101232000
1012320000
0123200003
1232000031
2320000310
3200003101
2000031010
0000310102
0003101020
0031010201
0310102013
3101020133
1010201333
0102013332
1020133322
0201333221
2013332213
0133322133
1333221332
3332213322
3322133221
3221332211
2213322111
2133221112
1332211122
3322111221
3221112213
2211122132
2111221321
1112213213
1122132132
1221321322
2213213220
2132132201
1321322010
3213220103
2132201031
1322010312
3220103120
2201031203
2010312032
0103120320
1031203202
0312032020
3120320201
1203202010
2032020102
0320201020
3202010202
2020102023
0201020230
2010202301
0102023011
1020230110
0202301103
2023011032
0230110321
2301103212
3011032122
0110321220
1103212203
1032122032
0321220322
3212203222
2122032222
1220322222
2203222221
2032222210
0322222100
3222221002
2222210022
2222100223
2221002231
2210022311
2100223111
1002231111
0022311110
0223111103
2231111031
2311110310
3111103100
1111031002
1110310023
1103100232
1031002322
0310023220
3100232203
1002322032
0023220322
0232203221
2322032213
3220322131
2203221313
2032213132
0322131322
3221313220
2213132202
2131322023
1313220231
3132202311
1322023110
3220231103
2202311031
2023110311
0231103113
2311031130
3110311301
1103113012
1031130121
0311301211
3113012112
1130121122
1301211220
3012112200
0121122002
1211220023
2112200233
1122002331
1220023310
2200233101
2002331010
0023310101
0233101010
2331010101
3310101011
3101010110
1010101102
0101011020
1010110202
0101102023
1011020232
0110202320
1102023203
1020232032
0202320323
2023203231
0232032313
2320323132
3203231322
2032313220
0323132202
3231322021
2313220213
3132202130
1322021303
3220213032
2202130322
2021303221
0213032212
2130322123
1303221232
3032212320
0322123201
3221232012
2212320122
2123201223
1232012233
2320122333
3201223332
2012233322
0122333222
1223332220
2233322202
2333222021
3332220213
3322202132
3222021320
2220213203
2202132032
2021320320
0213203201
2132032011
1320320113
3203201133
2032011333
0320113332
3201133322
2011333223
0113332232
1133322321
1333223211
3332232110
3322321100
3223211002
2232110021
2321100211
3211002110
2110021103
1100211030
1002110303
0021103032
0211030320
2110303203
1103032032
1030320322
0303203220
3032032200
0320322003
3203220031
2032200311
0322003111
3220031113
2200311132
2003111321
0031113213
0311132131
3111321312
1113213123
1132131232
1321312320
3213123202
2131232020
1312320203
3123202031
1232020311
2320203111
3202031111
2020311112
0203111120
2031111201
0311112011
3111120113
1111201131
1112011311
1120113113
1201131132
2011311322
0113113220
1131132202
1311322020
3113220200
1132202002
1322020022
3220200222
2202002222
2020022222
0200222220
2002222202
0022222020
0222220202
2222202022
2222020221
2220202213
2202022132
2020221321
0202213211
2022132110
0221321101
2213211010
2132110102
1321101021
3211010211
2110102113
1101021131
1010211311
0102113111
1021131110
0211311103
2113111031
1131110313
1311103132
3111031321
1110313210
1103132101
1031321011
0313210110
3132101103
1321011031
3210110312
2101103120
1011031203
0110312032
1103120323
1031203231
0312032313
3120323130
1203231303
2032313030
0323130303
3231303032
2313030320
3130303203
1303032031
3030320310
0303203103
3032031032
0320310322
3203103223
2031032232
0310322320
3103223200
1032232000
0322320003
3223200032
2232000321
2320003213
3200032132
2000321322
0003213220
0032132203
0321322032
3213220320
2132203203
1322032031
3220320312
2203203120
2032031201
0320312013
3203120131
2031201313
0312013132
3120131320
1201313202
2013132023
0131320232
1313202323
3132023231
1320232312
3202323121
2023231211
0232312111
2323121111
3231211110
2312111100
3121111002
1211110023
2111100233
1111002331
1110023311
1100233112
1002331122
0023311222
0233112220
2331122202
3311222021
3112220213
1122202132
1222021322
2220213223
2202132231
2021322313
0213223131
2132231310
1322313102
3223131020
2231310202
2313102023
3131020233
1310202331
3102023313
1020233131
0202331313
2023313131
0233131312
2331313121
3313131210
3131312103
1313121032
3131210322
1312103221
3121032210
1210322101
2103221012
1032210122
0322101222
3221012220
2210122201
2101222011
1012220111
0122201112
1222011121
2220111211
2201112112
2011121121
0111211212
1112112121
1121121213
1211212133
2112121333
1121213332
1212133323
2121333232
1213332322
2133323223
1333232231
3332322310
3323223103
3232231031
2322310311
3223103110
2231031102
2310311020
3103110200
1031102003
0311020032
3110200320
1102003200
1020032002
0200320020
2003200201
0032002010
0320020100
3200201002
2002010020
0020100203
0201002032
2010020322
0100203222
1002032220
0020322201
0203222013
2032220132
0322201322
3222013221
2220132213
2201322130
2013221302
0132213023
1322130231
3221302311
2213023111
2130231110
1302311103
3023111030
0231110302
2311103021
3111030211
1110302110
1103021102
1030211021
0302110210
3021102101
0211021011
2110210113
1102101133
1021011331
0210113313
2101133130
1011331301
0113313011
1133130112
1331301121
3313011210
3130112101
1301121011
3011210111
0112101113
1121011131
1210111311
2101113113
1011131130
0111311302
1113113020
1131130200
1311302002
3113020020
1130200202
1302002022
3020020220
0200202202
2002022022
0020220220
0202202201
2022022010
0220220103
2202201032
2022010321
0220103210
2201032102
2010321022
0103210220
1032102203
0321022033
3210220333
2102203332
1022033322
0220333223
2203332232
2033322322
0333223220
3332232201
3322322012
3223220121
2232201213
2322012132
3220121320
2201213202
2012132022
0121320220
1213202202
2132022023
1320220230
3202202301
2022023011
0220230113
2202301132
2023011322
0230113223
2301132232
3011322321
0113223211
1132232113
1322321131
3223211310
2232113101
2321131011
3211310110
2113101102
1131011022
1310110222
3101102221
1011022213
0110222133
1102221331
1022213313
0222133133
2221331331
2213313310
2133133100
1331331001
3313310012
3133100122
1331001222
3310012222
3100122220
1001222202
0012222020
0122220201
1222202011
2222020113
2220201131
2202011310
2020113100
0201131001
2011310011
0113100110
1131001100
1310011001
3100110013
1001100130
0011001301
0110013011
1100130112
1001301121
0013011210
0130112102
1301121021
3011210210
0112102102
1121021022
1210210220
2102102203
1021022031
0210220313
2102203131
1022031313
0220313133
2203131331
2031313311
0313133110
3131331101
1313311011
3133110110
1331101102
3311011022
3110110220
1101102202
1011022021
0110220210
1102202101
1022021011
0220210112
2202101122
2021011220
0210112202
2101122020
1011220202
0112202020
1122020201
1220202011
2202020111
2020201110
0202011102
2020111022
0201110223
2011102232
0111022322
1110223220
1102232203
1022322032
0223220321
2232203210
2322032102
3220321020
2203210202
2032102022
0321020220
3210202202
2102022020
1020220201
0202202013
2022020132
0220201320
2202013202
2020132022
0201320220
2013202200
0132022001
1320220011
3202200110
2022001103
0220011032
2200110323
2001103231
0011032311
0110323110
1103231103
1032311030
0323110301
3231103011
2311030111
3110301111
1103011113
1030111130
0301111301
3011113011
0111130111
1111301110
1113011102
1130111022
1301110221
3011102211
0111022110
1110221102
1102211022
1022110221
0221102213
2211022131
2110221313
1102213131
1022131311
0221313111
2213131113
2131311132
1313111320
3131113202
1311132021
3111320210
1113202102
1132021023
1320210231
3202102312
2021023122
0210231220
2102312200
1023122002
0231220022
2312200222
3122002221
1220022211
2200222113
2002221132
0022211321
0222113213
2221132131
2211321311
2113213113
1132131132
1321311320
3213113203
2131132033
1311320331
3113203312
1132033120
1320331203
3203312032
2033120322
0331203220
3312032203
3120322032
1203220322
2032203222
0322032222
3220322220
2203222201
2032222013
0322220130
3222201303
2222013032
2220130321
2201303211
2013032113
0130321131
1303211310
3032113100
0321131000
3211310001
2113100010
1131000100
1310001000
3100010002
1000100021
0001000211
0010002111
0100021113
1000211132
0002111321
0021113210
0211132102
2111321020
1113210202
1132102021
1321020211
3210202113
2102021132
1020211321
0202113211
2021132113
0211321132
2113211321
1132113210
1321132101
3211321012
2113210120
1132101202
1321012020
3210120202
2101202020
1012020203
0120202032
1202020320
2020203202
0202032021
2020320210
0203202101
2032021011
0320210111
3202101113
2021011131
0210111311
2101113110
1011131102
0111311021
1113110212
1131102122
1311021223
3110212230
1102122301
1021223010
0212230102
2122301021
1223010212
2230102120
2301021202
3010212022
0102120220
1021202203
0212022031
2120220311
1202203111
2022031110
0220311101
2203111011
2031110110
0311101102
3111011021
1110110210
1101102103
1011021033
0110210333
1102103331
1021033310
0210333100
2103331002
1033310023
0333100232
3331002320
3310023203
3100232032
1002320320
0023203200
0232032000
2320320000
3203200001
2032000010
0320000100
3200001002
2000010022
0000100222
0001002222
0010022223
0100222233
1002222332
0022223322
0222233220
2222332200
2223322002
2233220021
2332200211
3322002112
3220021120
2200211201
2002112010
0021120102
0211201021
2112010213
1120102130
1201021303
2010213032
0102130323
1021303233
0213032330
2130323301
1303233010
3032330101
0323301011
3233010110
2330101100
3301011001
3010110013
0101100133
1011001331
0110013311
1100133111
1001331112
0013311121
0133111213
1331112132
3311121323
3111213232
1112132323
1121323232
1213232322
2132323221
1323232213
3232322131
2323221311
3232213110
2322131102
3221311020
2213110200
2131102003
1311020030
3110200303
1102003032
1020030323
0200303232
2003032320
0030323200
0303232001
3032320011
0323200110
3232001102
2320011020
3200110203
2001102032
0011020322
0110203220
1102032202
1020322020
0203220200
2032202000
0322020003
3220200032
2202000321
2020003211
0200032113
2000321131
0003211313
0032113131
0321131310
3211313101
2113131011
1131310113
1313101130
3131011301
1310113011
3101130110
1011301100
0113011000
1130110001
1301100010
3011000101
0110001011
1100010111
1000101110
0001011100
0010111002
0101110022
1011100223
0111002231
1110022311
1100223111
1002231110
0022311101
0223111012
2231110123
2311101230
3111012303
1110123031
1101230311
1012303110
0123031101
1230311012
2303110121
3031101213
0311012132
3110121322
1101213220
1012132202
0121322020
1213220200
2132202002
1322020021
3220200211
2202002110
2020021100
0200211000
2002110002
0021100022
0211000222
2110002221
1100022211
1000222110
0002221103
0022211033
0222110333
2221103332
2211033322
2110333222
1103332220
1033322200
0333222000
3332220002
3322200020
3222000200
2220002001
2200020012
2000200122
0002001222
0020012221
0200122213
2001222132
0012221320
0122213203
1222132031
2221320310
2213203100
2132031002
1320310022
3203100220
2031002200
0310022001
3100220011
1002200110
0022001100
0220011000
2200110002
2001100020
0011000200
0110002001
1100020011
1000200111
0002001111
0020011113
0200111133
2001111331
0011113311
0111133110
1111331102
1113311022
1133110222
1331102221
3311022210
3110222102
1102221021
1022210213
0222102133
2221021333
2210213332
2102133321
1021333211
0213332110
2133321100
1333211001
3332110012
3321100121
3211001210
2110012102
1100121023
1001210232
0012102322
0121023220
1210232202
2102322020
1023220200
0232202001
2322020011
3220200111
2202001110
2020011102
0200111020
2001110202
0011102023
0111020230
1110202301
1102023011
1020230113
0202301130
2023011302
0230113021
2301130211
3011302111
0113021111
1130211111
1302111111
3021111110
0211111101
2111111010
1111110102
1111101021
1111010211
1110102113
1101021131
1010211311
0102113111
1021131111
0211311113
2113111133
1131111332
1311113322
3111133221
1111332211
1113322111
1133221111
1332211113
3322111132
3221111321
2211113210
2111132103
1111321033
1113210331
1132103310
1321033101
3210331010
2103310101
1033101010
0331010102
3310101022
3101010221
1010102211
0101022113
1010221133
0102211333
1022113332
0221133320
2211333201
2113332010
1133320100
1333201001
3332010011
3320100111
3201001113
2010011133
0100111330
1001113301
0011133013
0111330130
1113301301
1133013013
1330130132
3301301322
3013013220
0130132200
1301322001
3013220011
0132200110
1322001102
3220011022
2200110220
2001102201
0011022011
0110220111
1102201113
1022011133
0220111331
2201113311
2011133110
0111331100
1113311000
1133110002
1331100021
3311000211
3110002110
1100021100
1000211001
0002110011
0021100113
0211001133
2110011330
1100113301
1001133011
0011330112
0113301120
1133011202
1330112021
3301120213
3011202132
0112021320
1120213202
1202132021
2021320213
0213202131
2132021311
1320213110
3202131101
2021311010
0213110100
2131101003
1311010032
3110100320
1101003200
1010032001
0100320010
1003200102
0032001021
0320010213
3200102133
2001021333
0010213332
0102133321
1021333211
0213332111
2133321111
1333211110
3332111100
3321111001
3211110010
2111100101
1111001011
1110010110
1100101100
1001011001
0010110012
0101100122
1011001221
0110012213
1100122132
1001221320
0012213202
0122132020
1221320200
2213202001
2132020011
1320200111
3202001111
2020011112
0200111120
2001111202
0011112023
0111120230
1111202301
1112023011
1120230113
1202301133
2023011332
0230113322
2301133221
3011332211
0113322113
1133221131
1332211310
3322113101
3221131011
2211310112
2113101120
1131011202
1310112021
3101120211
1011202111
0112021110
1120211103
1202111031
2021110310
0211103101
2111031010
1110310101
1103101012
1031010122
0310101221
3101012211
1010122111
0101221110
1012211100
0122111002
1221110022
2211100220
2111002201
1110022010
1100220101
1002201010
0022010103
0220101033
2201010332
2010103322
0101033221
1010332213
0103322133
1033221330
0332213300
3322133003
3221330032
2213300322
2133003221
1330032211
3300322110
3003221101
0032211010
0322110102
3221101021
2211010213
2110102132
1101021323
1010213233
0102132333
1021323330
0213233300
2132333003
1323330030
3233300302
2333003021
3330030211
3300302110
3003021102
0030211021
0302110212
3021102122
0211021220
2110212200
1102122000
1021220000
0212200000
2122000002
1220000021
2200000213
2000002131
0000021313
0000213133
0002131332
0021313321
0213133210
2131332102
1313321021
3133210211
1332102110
3321021100
3210211001
2102110012
1021100123
0211001230
2110012303
1100123031
1001230310
0012303103
0123031033
1230310332
2303103323
3031033230
0310332303
3103323032
1033230320
0332303200
3323032001
3230320010
2303200102
3032001023
0320010233
3200102331
2001023313
0010233132
0102331322
1023313221
0233132213
2331322132
3313221320
3132213203
1322132031
3221320313
2213203130
2132031303
1320313032
3203130321
2031303210
0313032101
3130321010
1303210102
3032101022
0321010220
3210102201
2101022013
1010220131
0102201311
1022013110
0220131102
2201311021
2013110212
0131102120
1311021203
3110212032
1102120320
1021203200
0212032003
2120320032
1203200321
2032003210
0320032103
3200321031
2003210311
0032103110
0321031103
3210311032
2103110322
1031103220
0311032202
3110322020
1103220200
1032202001
0322020010
3220200102
2202001021
2020010210
0200102101
2001021011
0010210110
0102101103
1021011032
0210110322
2101103221
1011032211
0110322111
1103221111
1032211113
0322111133
3221111330
2211113300
2111133001
1111330013
1113300130
1133001302
1330013023
3300130231
3001302310
0013023101
0130231013
1302310131
3023101310
0231013100
2310131000
3101310000
1013100002
0131000021
1310000210
3100002101
1000021011
0000210113
0002101131
0021011313
0210113133
2101131330
1011313300
0113133002
1131330023
1313300231
3133002313
1330023131
3300231311
3002313113
0023131133
0231311330
2313113300
3131133000
1311330000
3113300003
1133000032
1330000320
3300003202
3000032020
0000320203
0003202032
0032020323
0320203232
3202032322
2020323221
0203232213
2032322132
0323221322
3232213220
2322132202
3221322020
2213220203
2132202032
1322020320
3220203200
2202032001
2020320013
0203200132
2032001322
0320013220
3200132200
2001322002
0013220022
0132200220
1322002201
3220022013
2200220133
2002201330
0022013300
0220133000
2201330000
2013300002
0133000022
1330000222
3300002221
3000022213
0000222132
0002221323
0022213233
0222132332
2221323320
2213233203
2132332033
1323320331
3233203310
2332033103
3320331031
3203310313
2033103131
0331031313
3310313130
3103131300
1031313001
0313130010
3131300101
1313001012
3130010120
1300101201
3001012010
0010120100
0101201002
1012010021
0120100210
1201002101
2010021011
0100210113
1002101132
0021011322
0210113221
2101132210
1011322102
0113221021
1132210210
1322102102
3221021022
2210210221
2102102212
1021022121
0210221210
2102212102
1022121023
0221210232
2212102321
2121023213
1210232130
2102321301
1023213013
0232130133
2321301332
3213013321
2130133210
1301332100
3013321001
0133210010
1332100100
3321001002
3210010023
2100100233
1001002333
0010023332
0100233323
1002333233
0023332333
0233323333
2333233331
3332333310
3323333101
3233331013
2333310133
3333101333
3331013333
3310133333
3101333333
1013333330
0133333303
1333333032
3333330321
3333303210
3333032100
3330321003
3303210031
3032100310
0321003102
3210031020
2100310202
1003102023
0031020231
0310202311
3102023113
1020231133
0202311333
2023113333
0231133332
2311333322
3113333221
1133332210
1333322102
3333221020
3332210203
3322102030
3221020301
2210203011
2102030113
1020301133
0203011330
2030113300
0301133001
3011330012
0113300123
1133001233
1330012333
3300123333
3001233332
0012333322
0123333220
1233332201
2333322010
3333220100
3332201002
3322010022
3220100223
2201002232
2010022322
0100223222
1002232222
0022322220
0223222201
2232222011
2322220110
3222201103
2222011030
2220110303
2201103031
2011030311
0110303111
1103031111
1030311110
0303111103
3031111031
0311110311
3111103111
1111031111
1110311113
1103111131
1031111313
0311113133
3111131331
1111313313
1113133131
1131331311
1313313110
3133131103
1331311032
3313110321
3131103210
1311032102
3110321022
1103210220
1032102200
0321022003
3210220032
2102200323
1022003232
0220032321
2200323211
2003232110
0032321102
0323211020
3232110201
2321102013
3211020132
2110201321
1102013213
1020132133
0201321331
2013213310
0132133103
1321331033
3213310333
2133103333
1331033331
3310333310
3103333103
1033331032
0333310322
3333103222
3331032221
3310322210
3103222100
1032221001
0322210013
3222100133
2221001330
2210013302
2100133021
1001330213
0013302133
0133021332
1330213322
3302133220
3021332200
0213322000
2133220003
1332200030
3322000301
3220003011
2200030111
2000301110
0003011101
0030111010
0301110102
3011101021
0111010211
1110102110
1101021100
1010211001
0102110010
1021100101
0211001010
2110010100
1100101001
1001010012
0010100122
0101001223
1010012232
0100122322
1001223222
0012232222
0122322223
1223222233
2232222332
2322223320
3222233200
2222332000
2223320001
2233200010
2332000101
3320001010
3200010100
2000101000
0001010002
0010100022
0101000221
1010002211
0100022113
1000221131
0002211310
0022113100
0221131003
2211310031
2113100310
1131003102
1310031020
3100310202
1003102021
0031020210
0310202100
3102021003
1020210031
0202100311
2021003111
0210031112
2100311120
1003111203
0031112033
0311120332
3111203322
1112033220
1120332201
1203322010
2033220100
0332201000
3322010000
3220100003
2201000032
2010000321
0100003210
1000032100
0000321003
0003210032
0032100323
0321003232
3210032322
2100323220
1003232202
0032322021
0323220211
3232202111
2322021113
3220211130
2202111303
2021113030
0211130300
2111303002
1113030022
1130300220
1303002201
3030022010
0300220102
3002201021
0022010210
0220102100
2201021000
2010210001
0102100011
1021000110
0210001101
2100011013
1000110133
0001101332
0011013321
0110133211
1101332113
1013321131
0133211313
1332113133
3321131331
3211313313
2113133131
1131331310
1313313100
3133131002
1331310020
3313100202
3131002022
1310020220
3100202200
1002022000
0020220002
0202200022
2022000220
0220002200
2200022000
2000220002
0002200022
0022000222
0220002220
2200022202
2000222022
0002220222
0022202220
0222022200
2220222000
2202220000
2022200003
0222000032
2220000323
2200003231
2000032311
0000323113
0003231133
0032311330
0323113300
3231133001
2311330013
3113300131
1133001310
1330013101
3300131013
3001310133
0013101333
0131013332
1310133322
3101333222
1013332223
0133322230
1333222301
3332223011
3322230110
3222301102
2223011023
2230110230
2301102300
3011023002
0110230022
1102300223
1023002233
0230022332
2300223320
3002233203
0022332032
0223320322
2233203223
2332032233
3320322330
3203223301
2032233013
0322330131
3223301313
2233013133
2330131332
3301313321
3013133210
0131332100
1313321003
3133210031
1332100313
3321003132
3210031320
2100313200
1003132001
0031320010
0313200102
3132001022
1320010220
3200102203
2001022031
0010220310
0102203101
1022031011
0220310110
2203101102
2031011023
0310110230
3101102302
1011023023
0110230233
1102302331
1023023310
0230233103
2302331032
3023310323
0233103233
2331032333
3310323333
3103233332
1032333323
0323333233
3233332333
2333323333
3333233332
3332333322
3323333223
3233332233
2333322333
3333223333
3332233330
3322333301
3223333010
2233330101
2333301010
3333010101
3330101011
3301010113
3010101130
0101011303
1010113032
0101130322
1011303220
0113032200
1130322000
1303220000
3032200000
0322000002
3220000021
2200000213
2000002133
0000021333
0000213331
0002133310
0021333102
0213331022
2133310222
1333102220
3331022201
3310222013
3102220133
1022201332
0222013322
2220133223
2201332230
2013322303
0133223030
1332230302
3322303020
3223030200
2230302000
2303020000
3030200000
0302000000
3020000003
0200000032
2000000322
0000003222
0000032223
0000322232
0003222322
0032223222
0322232222
3222322222
2223222221
2232222210
2322222100
3222221002
2222210021
2222100213
2221002132
2210021320
2100213200
1002132000
0021320001
0213200010
2132000100
1320001002
3200010022
2000100220
0001002202
0010022021
0100220210
1002202101
0022021011
0220210113
2202101131
2021011313
0210113133
2101131331
1011313313
0113133131
1131331313
1313313132
3133131321
1331313211
3313132111
3131321111
1313211113
3132111130
1321111300
3211113000
2111130001
1111300010
1113000103
1130001031
1300010313
3000103131
0001031310
0010313102
0103131020
1031310200
0313102001
3131020011
1310200110
3102001102
1020011021
0200110212
2001102120
0011021202
0110212020
1102120200
1021202003
0212020031
2120200311
1202003111
2020031110
0200311101
2003111010
0031110103
0311101031
3111010310
1110103100
1101031000
1010310001
0103100010
1031000103
0310001032
3100010321
1000103210
0001032101
0010321013
0103210132
1032101323
0321013232
3210132323
2101323230
1013232301
0132323013
1323230131
3232301313
2323013130
3230131302
2301313021
3013130213
0131302133
1313021332
3130213322
1302133220
3021332202
0213322021
2133220213
1332202131
3322021313
3220213133
2202131333
2021313331
0213133313
2131333132
1313331323
3133313231
1333132313
3331323131
3313231313
3132313131
1323131310
3231313103
2313131031
3131310310
1313103100
3131031000
1310310001
3103100011
1031000110
0310001103
3100011031
1000110310
0001103100
0011031002
0110310020
1103100200
1031002001
0310020010
3100200102
1002001021
0020010213
0200102130
2001021300
0010213002
0102130022
1021300220
0213002202
2130022021
1300220213
3002202132
0022021323
0220213233
2202132331
2021323311
0213233111
2132331110
1323311102
3233111023
2331110231
3311102313
3111023130
1110231300
1102313000
1023130001
0231300011
2313000110
3130001101
1300011013
3000110130
0001101301
0011013013
0110130131
1101301311
1013013113
0130131130
1301311301
3013113010
0131130102
1311301022
3113010223
1130102233
1301022331
3010223311
0102233113
1022331130
0223311301
2233113011
2331130110
3311301100
3113011002
1130110022
1301100220
3011002201
0110022010
1100220102
1002201023
0022010230
0220102301
2201023013
2010230132
0102301321
1023013213
0230132131
2301321310
3013213102
0132131021
1321310213
3213102130
2131021303
1310213031
3102130310
1021303100
0213031000
2130310003
1303100033
3031000331
0310003310
3100033102
1000331021
0003310210
0033102101
0331021011
3310210111
3102101110
1021011103
0210111033
2101110331
1011103313
0111033132
1110331322
1103313220
1033132202
0331322020
3313220200
3132202001
1322020010
3220200102
2202001022
2020010222
0200102223
2001022232
0010222322
0102223220
1022232200
0222322002
2223220023
2232200231
2322002310
3220023100
2200231000
2002310002
0023100022
0231000223
2310002230
3100022302
1000223021
0002230211
0022302112
0223021123
2230211232
2302112321
3021123213
0211232131
2112321313
1123213131
1232131313
2321313133
3213131332
2131313323
1313133233
3131332332
1313323323
3133233232
1332332322
3323323222
3233232222
2332322220
3323222200
3232222000
2322220000
3222200001
2222000011
2220000113
2200001133
2000011330
0000113303
0001133031
0011330310
0113303102
1133031023
1330310232
3303102320
3031023201
0310232011
3102320113
1023201130
0232011303
2320113032
3201130321
2011303210
0113032102
1130321021
1303210213
3032102132
0321021322
3210213222
2102132220
1021322200
0213222002
2132220020
1322200201
3222002013
2220020133
2200201331
2002013313
0020133133
0201331331
2013313311
0133133112
1331331123
3313311232
3133112321
1331123210
3311232100
3112321000
1123210001
1232100013
2321000133
3210001333
2100013330
1000133303
0001333030
0013330300
0133303000
1333030000
3330300003
3303000032
3030000322
0300003222
3000032222
0000322222
0003222220
0032222202
0322222022
3222220220
2222202202
2222022023
2220220233
2202202332
2022023322
0220233222
2202332221
2023322210
0233222103
2332221032
3322210322
3222103222
2221032223
2210322232
2103222323
1032223233
0322232332
3222323322
2223233223
2232332233
2323322333
3233223332
2332233321
3322333213
3223332131
2233321313
2333213132
3332131320
3321313203
3213132033
2131320331
1313203313
3132033131
1320331310
3203313101
2033131010
0331310101
3313101013
3131010132
1310101320
3101013202
1010132020
0101320202
1013202021
0132020210
1320202101
3202021010
2020210100
0202101001
2021010010
0210100103
2101001033
1010010330
0100103300
1001033002
0010330021
0103300213
1033002133
0330021332
3300213323
3002133231
0021332312
0213323121
2133231210
1332312101
3323121013
3231210133
2312101332
3121013321
1210133211
2101332113
1013321133
0133211332
1332113320
3321133201
3211332013
2113320133
1133201333
1332013331
3320133311
3201333110
2013331103
0133311033
1333110330
3331103300
3311033002
3110330021
1103300211
1033002110
0330021100
3300211003
3002110032
0021100322
0211003220
2110032201
1100322013
1003220130
0032201300
0322013000
3220130000
2201300002
2013000021
0130000211
1300002110
3000021102
0000211022
0002110220
0021102200
0211022002
2110220022
1102200221
1022002211
0220022113
2200221131
2002211313
0022113130
0221131302
2211313021
2113130213
1131302133
1313021333
3130213333
1302133331
3021333311
0213333113
2133331132
1333311321
3333113212
3331132122
3311321223
3113212232
1132122322
1321223221
3212232210
2122322101
1223221013
2232210132
2322101323
3221013233
2210132333
2101323331
1013233311
0132333110
1323331101
3233311010
2333110103
3331101032
3311010320
3110103200
1101032003
1010320032
0103200323
1032003232
0320032320
3200323203
2003232032
0032320322
0323203223
3232032233
2320322333
3203223331
2032233311
0322333113
3223331133
2233311331
2333113310
3331133101
3311331013
3113310130
1133101301
1331013013
3310130132
3101301323
1013013230
0130132301
1301323011
3013230113
0132301132
1323011321
3230113210
2301132102
3011321023
0113210230
1132102303
1321023033
3210230333
2102303330
1023033303
0230333033
2303330333
3033303333
0333033333
3330333333
3303333333
3033333333
0333333330
3333333300
3333333000
3333330003
3333300031
3333000310
3330003102
3300031021
3000310213
0003102132
0031021323
0310213231
3102132311
1021323111
0213231111
2132311110
1323111100
3231111003
2311110033
3111100333
1111003331
1110033311
1100333111
1003331111
0033311113
0333111131
3331111311
3311113110
3111131102
1111311020
1113110203
1131102033
1311020333
3110203333
1102033333
1020333331
0203333310
2033333103
0333331032
3333310320
3333103201
3331032013
3310320130
3103201301
1032013010
0320130102
3201301020
2013010203
0130102031
1301020310
3010203101
0102031010
1020310103
0203101030
2031010300
0310103000
3101030003
1010300032
0103000321
1030003210
0300032101
3000321010
0003210100
0032101003
0321010032
3210100320
2101003203
1010032033
0100320330
1003203300
0032033003
0320330031
3203300311
2033003110
0330031103
3300311031
3003110313
0031103132
0311031321
3110313213
1103132131
1031321311
0313213111
3132131111
1321311112
3213111120
2131111200
1311112000
3111120001
1111200013
1112000132
1120001322
1200013223
2000132231
0001322313
0013223132
0132231323
1322313231
3223132313
2231323131
2313231311
3132313113
1323131132
3231311320
2313113201
3131132011
1311320111
3113201110
1132011100
1320111001
3201110010
2011100100
0111001000
1110010000
1100100000
1001000001
0010000011
0100000111
1000001113
0000011133
0000111333
0001113331
0011133311
0111333111
1113331110
1133311103
1333111033
3331110330
3311103302
3111033020
1110330200
1103302000
1033020002
0330200021
3302000211
3020002110
0200021103
2000211032
0002110321
0021103213
0211032132
2110321323
1103213231
1032132313
0321323132
3213231321
2132313210
1323132103
3231321030
2313210303
3132103032
1321030320
3210303201
2103032010
1030320100
0303201001
3032010011
0320100110
3201001101
2010011013
0100110131
1001101310
0011013102
0110131020
1101310203
1013102031
0131020313
1310203133
3102031331
1020313311
0203133110
2031331101
0313311010
3133110101
1331101012
3311010122
3110101223
1101012233
1010122332
0101223321
1012233211
0122332110
1223321101
2233211013
2332110130
3321101300
3211013000
2110130003
1101300033
1013000331
0130003310
1300033102
3000331020
0003310201
0033102011
0331020113
3310201133
3102011333
1020113332
0201133321
2011333213
0113332130
1133321300
1333213001
3332130013
3321300133
3213001332
2130013321
1300133210
3001332103
0013321030
0133210303
1332103031
3321030313
3210303132
2103031322
1030313222
0303132223
3031322230
0313222300
3132223002
1322230020
3222300203
2223002033
2230020333
2300203333
3002033331
0020333313
0203333131
2033331311
0333313113
3333131130
3331311300
3313113000
3131130002
1311300020
3113000200
1130002002
1300020022
3000200223
0002002231
0020022310
0200223102
2002231022
0022310223
0223102232
2231022322
2310223220
3102232200
1022322001
0223220013
2232200133
2322001332
3220013322
2200133221
2001332213
0013322132
0133221323
1332213232
3322132322
3221323222
2213232223
2132322230
1323222302
3232223020
2322230200
3222302000
2223020000
2230200001
2302000010
3020000102
0200001020
2000010202
0000102023
0001020233
0010202332
0102023323
1020233231
0202332313
2023323130
0233231300
2332313003
3323130031
3231300311
2313003112
3130031121
1300311210
3003112102
0031121021
0311210211
3112102111
1121021110
1210211100
2102111002
1021110020
0211100202
2111002022
1110020222
1100202222
1002022223
0020222233
0202222330
2022223300
0222233003
2222330033
2223300333
2233003330
2330033301
3300333010
3003330102
0033301023
0333010231
3330102311
3301023110
3010231101
0102311010
1023110102
0231101022
2311010221
3110102213
1101022131
1010221311
0102213111
1022131110
0221311101
2213111013
2131110133
1311101331
3111013311
1110133110
1101331100
1013311000
0133110001
1331100013
3311000131
3110001311
1100013113
1000131132
0001311321
0013113210
0131132102
1311321020
3113210202
1132102023
1321020231
3210202313
2102023132
1020231321
0202313213
2023132132
0231321322
2313213221
3132132213
1321322131
3213221311
2132213111
1322131111
3221311110
2213111100
2131111001
1311110011
3111100113
1111001133
1110011331
1100113313
1001133132
0011331321
0113313211
1133132113
1331321132
3313211321
3132113213
1321132131
3211321310
2113213102
1132131020
1321310200
3213102000
2131020003
1310200033
3102000332
1020003322
0200033220
2000332201
0003322013
0033220132
0332201321
3322013211
3220132113
2201321133
2013211331
0132113313
1321133132
3211331323
2113313233
1133132330
1331323300
3313233001
3132330010
1323300103
3233001030
2330010303
3300103031
3001030311
0010303111
0103031111
1030311110
0303111100
3031111003
0311110032
3111100323
1111003231
1110032311
1100323110
1003231103
0032311033
0323110333
3231103333
2311033332
3110333320
1103333200
1033332001
0333320010
3333200100
3332001000
3320010003
3200100032
2001000323
0010003233
0100032330
1000323302
0003233023
0032330230
0323302303
3233023033
2330230332
3302303323
3023033230
0230332303
2303323030
3033230303
0332303033
3323030333
3230303333
2303033330
3030333302
0303333022
3033330223
0333302232
3333022320
3330223201
3302232013
3022320132
0223201321
2232013213
2320132132
3201321322
2013213220
0132132203
1321322033
3213220330
2132203303
1322033033
3220330333
2203303333
2033033330
0330333300
3303333000
3033330003
0333300031
3333000310
3330003100
3300031003
3000310033
0003100332
0031003323
0310033230
3100332303
1003323031
0033230310
0332303100
3323031000
3230310000
2303100001
3031000013
0310000130
3100001303
1000013033
0000130333
0001303332
0013033323
0130333230
1303332303
3033323030
0333230303
3332303033
3323030333
3230303332
2303033320
3030333202
0303332020
3033320200
0333202003
3332020033
3320200332
3202003323
2020033230
0200332301
2003323010
0033230103
0332301033
3323010332
3230103323
2301033233
3010332333
0103323333
1033233333
0332333331
3323333313
3233333130
2333331301
3333313013
3333130131
3331301313
3313013130
