0102110132
1021101322
0211013220
2110132203
1101322032
1013220320
0132203202
1322032022
3220320222
2203202221
2032022213
0320222131
3202221313
2022213130
0222131302
2221313022
2213130220
2131302203
1313022032
3130220322
1302203221
3022032210
0220322103
2203221030
2032210300
0322103000
3221030002
2210300020
2103000202
1030002020
0300020200
3000202002
0002020023
0020200233
0202002333
2020023333
0200233332
2002333323
0023333233
0233332333
2333323333
3333233332
3332333323
3323333233
3233332333
2333323333
3333233332
3332333323
3323333233
3233332333
2333323333
3333233332
3332333323
3323333233
3233332331
2333323310
3333233101
3332331011
3323310110
3233101103
2331011030
3310110301
3101103011
1011030113
0110301132
1103011322
1030113220
0301132200
3011322002
0113220020
1132200200
1322002000
3220020003
2200200032
2002000322
0020003220
0200032203
2000322033
0003220333
0032203330
0322033303
3220333031
2203330313
2033303132
0333031321
3330313213
3303132132
3031321323
0313213233
3132132331
1321323310
3213233100
2132331000
1323310003
3233100031
2331000312
3310003120
3100031200
1000312002
0003120020
0031200200
0312002002
3120020023
1200200230
2002002301
0020023010
0200230100
2002301000
0023010000
0230100003
2301000032
3010000323
0100003231
1000032311
0000323113
0003231133
0032311331
0323113310
3231133103
2311331032
3113310321
1133103213
1331032130
3310321303
3103213032
1032130321
0321303210
3213032102
2130321020
1303210200
3032102000
0321020000
3210200003
2102000031
1020000311
0200003113
2000031132
0000311322
0003113220
0031132202
0311322023
3113220232
1132202323
1322023231
3220232311
2202323110
2023231100
0232311003
2323110031
3231100313
2311003132
3110031323
1100313233
1003132333
0031323332
0313233322
3132333220
1323332200
3233322003
2333220033
3332200332
3322003320
3220033203
2200332031
2003320310
0033203100
0332031000
3320310002
3203100020
2031000200
0310002001
3100020011
1000200111
0002001110
0020011103
0200111033
2001110333
0011103331
0111033311
1110333110
1103331101
1033311010
0333110100
3331101000
3311010002
3110100023
1101000232
1010002323
0100023232
1000232320
0002323201
0023232011
0232320110
2323201101
3232011010
2320110103
3201101030
2011010303
0110103033
1101030333
1010303333
0103033332
1030333321
0303333210
3033332100
0333321000
3333210003
3332100033
3321000333
3210003333
2100033332
1000333323
0003333230
0033332303
0333323032
3333230321
3332303213
3323032132
3230321320
2303213200
3032132000
0321320001
3213200013
2132000133
1320001331
3200013313
2000133133
0001331330
0013313300
0133133001
1331330011
3313300110
3133001102
1330011020
3300110200
3001102002
0011020020
0110200200
1102002000
1020020002
0200200022
2002000222
0020002221
0200022211
2000222113
0002221133
0022211331
0222113310
2221133101
2211331010
2113310100
1133101003
1331010032
3310100323
3101003231
1010032311
0100323113
1003231133
0032311333
0323113332
3231133323
2311333232
3113332323
1133323230
1333232300
3332323002
3323230020
3232300200
2323002003
3230020032
2300200320
3002003202
0020032020
0200320203
2003202030
0032020300
0320203001
3202030011
2020300110
0203001100
2030011000
0300110000
3001100002
0011000022
0110000220
1100002202
1000022021
0000220211
0002202113
0022021132
0220211321
2202113210
2021132100
0211321002
2113210022
1132100220
1321002200
3210022002
2100220021
1002200210
0022002101
0220021012
2200210120
2002101202
0021012022
0210120223
2101202233
1012022333
0120223330
1202233302
2022333023
0223330231
2233302310
2333023102
3330231021
3302310213
3023102133
0231021332
2310213323
3102133233
1021332332
0213323320
2133233200
1332332002
3323320020
3233200202
2332002021
3320020213
3200202132
2002021323
0020213233
0202132332
2021323320
0213233200
2132332000
1323320000
3233200003
2332000031
3320000310
3200003101
2000031013
0000310132
0003101320
0031013203
0310132032
3101320321
1013203213
0132032133
1320321333
3203213333
2032133332
0321333320
3213333202
2133332021
1333320213
3333202133
3332021332
3320213320
3202133201
2021332010
0213320101
2133201010
1332010102
3320101022
3201010220
2010102200
0101022003
1010220030
0102200301
1022003010
0220030102
2200301023
2003010230
0030102303
0301023032
3010230321
0102303210
1023032100
0230321000
2303210001
3032100012
0321000122
3210001223
2100012233
1000122330
0001223301
0012233010
0122330102
1223301023
2233010230
2330102303
3301023033
3010230333
0102303331
1023033310
0230333100
2303331000
3033310000
0333100003
3331000033
3310000332
3100003320
1000033200
0000332000
0003320000
0033200000
0332000003
3320000033
3200000331
2000003313
0000033133
0000331331
0003313313
0033133132
0331331320
3313313200
3133132001
1331320011
3313200113
3132001133
1320011333
3200113332
2001133320
0011333200
0113332003
1133320032
1333200320
3332003202
3320032022
3200320220
2003202200
0032022002
0320220021
3202200213
2022002133
0220021331
2200213311
2002133110
0021331103
0213311031
2133110310
1331103103
3311031031
3110310311
1103103110
1031031102
0310311020
3103110202
1031102023
0311020232
3110202323
1102023232
1020232322
0202323222
2023232221
0232322213
2323222130
3232221301
2322213011
3222130112
2221301120
2213011200
2130112000
1301120001
3011200011
0112000112
1120001121
1200011212
2000112122
0001121221
0011212210
0112122100
1121221000
1212210000
2122100002
1221000020
2210000201
2100002013
1000020133
0000201330
0002013302
0020133020
0201330201
2013302010
0133020102
1330201020
3302010203
3020102033
0201020332
2010203320
0102033200
1020332003
0203320031
2033200313
0332003132
3320031322
3200313220
2003132200
0031322000
0313220003
3132200032
1322000321
3220003211
2200032110
2000321101
0003211011
0032110113
0321101133
3211011332
2110113320
1101133200
1011332002
0113320022
1133200220
1332002201
3320022010
3200220102
2002201023
0022010231
0220102313
2201023131
2010231310
0102313102
1023131023
0231310232
2313102323
3131023231
1310232311
3102323110
1023231102
0232311021
2323110213
3231102132
2311021323
3110213231
1102132313
1021323130
0213231300
2132313001
1323130011
3231300113
2313001133
3130011332
1300113322
3001133220
0011332200
0113322003
1133220033
1332200332
3322003323
3220033232
2200332320
2003323202
0033232020
0332320203
3323202031
3232020310
2320203100
3202031001
2020310010
0203100100
2031001000
0310010002
3100100020
1001000200
0010002000
0100020000
1000200000
0002000003
0020000031
0200000310
2000003103
0000031031
0000310310
0003103102
0031031020
0310310201
3103102010
1031020101
0310201010
3102010102
1020101021
0201010211
2010102113
0101021131
1010211312
0102113120
1021131200
0211312000
2113120003
1131200030
1312000300
3120003000
1200030003
2000300031
0003000313
0030003132
0300031323
3000313232
0003132323
0031323230
0313232301
3132323010
1323230103
3232301033
2323010332
3230103320
2301033200
3010332003
0103320033
1033200330
0332003302
3320033020
3200330202
2003302023
0033020231
0330202313
3302023132
3020231320
0202313203
2023132033
0231320331
2313203313
3132033133
1320331331
3203313313
2033133132
0331331320
3313313200
3133132002
1331320020
3313200202
3132002020
1320020201
3200202010
2002020102
0020201023
0202010233
2020102330
0201023302
2010233023
0102330230
1023302300
0233023000
2330230001
3302300011
3023000110
0230001102
2300011020
3000110203
0001102032
0011020320
0110203201
1102032013
1020320132
0203201321
2032013210
0320132102
3201321023
2013210232
0132102323
1321023232
3210232320
2102323202
1023232020
0232320202
2323202020
3232020201
2320202011
3202020110
2020201102
0202011022
2020110220
0201102200
2011022001
0110220013
1102200132
1022001323
0220013233
2200132330
2001323301
0013233010
0132330100
1323301000
3233010001
2330100011
3301000110
3010001101
0100011011
1000110113
0001101131
0011011313
0110113131
1101131313
1011313132
0113131322
1131313222
1313132220
3131322202
1313222021
3132220213
1322202132
3222021322
2220213220
2202132202
2021322020
0213220203
2132202032
1322020320
3220203200
2202032002
2020320023
0203200231
2032002310
0320023102
3200231023
2002310233
0023102333
0231023332
2310233322
3102333220
1023332203
0233322033
2333220331
3332203313
3322033133
3220331331
2203313310
2033133100
0331331001
3313310011
3133100110
1331001102
3310011020
3100110202
1001102021
0011020213
0110202132
1102021321
1020213213
0202132133
2021321332
0213213323
2132133232
1321332320
3213323202
2133232023
1332320233
3323202333
3232023333
2320233331
3202333313
2023333132
0233331320
2333313202
3333132022
3331320220
3313202201
3132022012
1320220123
3202201230
2022012300
0220123001
2201230010
2012300100
0123001000
1230010003
2300100030
3001000303
0010003033
0100030332
1000303320
0003033203
0030332031
0303320313
3033203132
0332031321
3320313210
3203132101
2031321011
0313210110
3132101102
1321011023
3210110232
2101102321
1011023210
0110232102
1102321023
1023210230
0232102300
2321023003
3210230030
2102300300
1023003000
0230030002
2300300020
3003000203
0030002033
0300020333
3000203332
0002033322
0020333220
0203332201
2033322011
0333220111
3332201111
3322011110
3220111103
2201111033
2011110332
0111103320
1111033202
1110332020
1103320200
1033202003
0332020031
3320200310
3202003103
2020031032
0200310321
2003103210
0031032100
0310321001
3103210013
1032100132
0321001322
3210013220
2100132200
1001322002
0013220020
0132200203
1322002030
3220020303
2200203031
2002030311
0020303110
0203031102
2030311020
0303110200
3031102000
0311020000
3110200000
1102000003
1020000032
0200000323
2000003231
0000032310
0000323102
0003231022
0032310220
0323102203
3231022030
2310220303
3102203033
1022030333
0220303331
2203033313
2030333132
0303331323
3033313233
0333132333
3331323331
3313233310
3132333100
1323331000
3233310001
2333100013
3331000133
3310001330
3100013301
1000133010
0001330103
0013301032
0133010323
1330103232
3301032322
3010323220
0103232202
1032322021
0323220211
3232202110
2322021103
3220211032
2202110323
2021103232
0211032322
2110323221
1103232210
1032322101
0323221010
3232210102
2322101020
3221010203
2210102030
2101020303
1010203033
0102030331
1020303310
0203033103
2030331032
0303310321
3033103211
0331032110
3310321102
3103211021
1032110213
0321102131
3211021312
2110213123
1102131233
1021312330
0213123301
2131233010
1312330102
3123301021
1233010210
2330102103
3301021032
3010210320
0102103202
1021032020
0210320200
2103202001
1032020010
0320200102
3202001021
2020010210
0200102102
2001021021
0010210213
0102102133
1021021330
0210213303
2102133033
1021330330
0213303301
2133033013
1330330131
3303301310
3033013101
0330131013
3301310132
3013101320
0131013200
1310132002
3101320020
1013200201
0132002010
1320020102
3200201020
2002010200
0020102003
0201020032
2010200320
0102003200
1020032003
0200320032
2003200323
0032003230
0320032302
3200323020
2003230200
0032302000
0323020000
3230200002
2302000022
3020000221
0200002213
2000022132
0000221320
0002213202
0022132023
0221320233
2213202331
2132023313
1320233130
3202331303
2023313030
0233130300
2331303003
3313030030
3130300300
1303003000
3030030000
0300300002
3003000021
0030000210
0300002100
3000021000
0000210001
0002100010
0021000102
0210001023
2100010231
1000102313
0001023132
0010231322
0102313221
1023132213
0231322133
2313221330
3132213302
1322133021
3221330211
2213302110
2133021102
1330211022
3302110220
3021102202
0211022021
2110220211
1102202110
1022021100
0220211001
2202110010
2021100102
0211001020
2110010200
1100102001
1001020010
0010200102
0102001020
1020010203
0200102032
2001020322
0010203222
0102032221
1020322213
0203222132
2032221320
0322213200
3222132000
2221320002
2213200023
2132000230
1320002300
3200023000
2000230002
0002300020
0023000200
0230002000
2300020001
3000200010
0002000103
0020001032
0200010323
2000103230
0001032300
0010323003
0103230032
1032300320
0323003203
3230032030
2300320302
3003203022
0032030221
0320302210
3203022102
2030221020
0302210203
3022102033
0221020331
2210203311
2102033111
1020331110
0203311102
2033111021
0331110210
3311102101
3111021013
1110210132
1102101320
1021013202
0210132020
2101320200
1013202000
0132020000
1320200000
3202000002
2020000022
0200000223
2000002230
0000022302
0000223020
0002230203
0022302031
0223020311
2230203110
2302031100
3020311000
0203110003
2031100030
0311000301
3110003013
1100030132
1000301320
0003013203
0030132033
0301320331
3013203311
0132033113
1320331133
3203311331
2033113313
0331133132
3311331323
3113313232
1133132322
1331323222
3313232220
3132322202
1323222020
3232220200
2322202000
3222020000
2220200000
2202000000
2020000000
0200000003
2000000032
0000000322
0000003220
0000032200
0000322000
0003220000
0032200000
0322000003
3220000031
2200000310
2000003102
0000031020
0000310200
0003102000
0031020000
0310200002
3102000023
1020000231
0200002313
2000023132
0000231323
0002313232
0023132323
0231323231
2313232311
3132323113
1323231132
3232311320
2323113202
3231132020
2311320200
3113202003
1132020033
1320200331
3202003313
2020033130
0200331302
2003313020
0033130202
0331302021
3313020213
3130202130
1302021301
3020213011
0202130111
2021301110
0213011102
2130111022
1301110220
3011102203
0111022032
1110220323
1102203233
1022032331
0220323311
2203233113
2032331133
0323311332
3233113322
2331133220
3311332203
3113322032
1133220320
1332203201
3322032010
3220320101
2203201013
2032010132
0320101320
3201013200
2010132003
0101320030
1013200302
0132003021
1320030210
3200302102
2003021021
0030210210
0302102103
3021021033
0210210331
2102103310
1021033102
0210331020
2103310200
1033102000
0331020002
3310200023
3102000231
1020002310
0200023100
2000231001
0002310012
0023100120
0231001202
2310012023
3100120232
1001202322
0012023223
0120232233
1202322333
2023223333
0232233331
2322333311
3223333110
2233331100
2333311000
3333110000
3331100001
3311000013
3110000132
1100001322
1000013223
0000132232
0001322320
0013223200
0132232000
1322320003
3223200032
2232000321
2320003213
3200032130
2000321300
0003213001
0032130013
0321300133
3213001332
2130013323
1300133232
3001332320
0013323203
0133232032
1332320322
3323203221
3232032210
2320322101
3203221010
2032210103
0322101031
3221010313
2210103132
2101031320
1010313201
0103132010
1031320102
0313201022
3132010220
1320102202
3201022022
2010220221
0102202210
1022022103
0220221032
2202210320
2022103202
0221032023
2210320231
2103202310
1032023100
0320231000
3202310003
2023100032
0231000321
2310003213
3100032132
1000321322
0003213220
0032132202
0321322021
3213220210
2132202102
1322021021
3220210213
2202102132
2021021323
0210213233
2102132332
1021323323
0213233232
2132332323
1323323233
3233232330
2332323302
3323233020
3232330200
2323302002
3233020023
2330200233
3302002333
3020023331
0200233310
2002333102
0023331020
0233310203
2333102032
3331020320
3310203200
3102032002
1020320023
0203200230
2032002302
0320023020
3200230203
2002302032
0023020322
0230203220
2302032203
3020322032
0203220323
2032203233
0322032331
3220323311
2203233110
2032331102
0323311023
3233110233
2331102331
3311023313
3110233133
1102331331
1023313310
0233133100
2331331000
3313310000
3133100002
1331000020
3310000200
3100002000
1000020003
0000200032
0002000322
0020003220
0200032201
2000322013
0003220133
0032201330
0322013302
3220133023
2201330232
2013302322
0133023221
1330232211
3302322113
3023221131
0232211313
2322113132
3221131320
2211313203
2113132031
1131320311
1313203111
3132031111
1320311110
3203111103
2031111030
0311110300
3111103003
1111030032
1110300321
1103003213
1030032133
0300321333
3003213330
0032133300
0321333000
3213330002
2133300023
1333000232
3330002323
3300023230
3000232300
0002323000
0023230000
0232300002
2323000023
3230000232
2300002320
3000023200
0000232000
0002320002
0023200021
0232000212
2320002120
3200021201
2000212011
0002120113
0021201131
0212011313
2120113131
1201131311
2011313110
0113131100
1131311000
1313110001
3131100011
1311000110
3110001102
1100011023
1000110230
0001102302
0011023020
0110230202
1102302020
1023020200
0230202001
2302020010
3020200100
0202001003
2020010030
0200100303
2001003031
0010030311
0100303112
1003031120
0030311202
0303112020
3031120203
0311202030
3112020300
1120203000
1202030000
2020300003
0203000030
2030000303
0300003033
3000030333
0000303332
0003033322
0030333222
0303332220
3033322200
0333222000
3332220000
3322200001
3222000012
2220000123
2200001230
2000012303
0000123031
0001230310
0012303102
0123031020
1230310202
2303102020
3031020200
0310202000
3102020002
1020200022
0202000222
2020002220
0200022200
2000222002
0002220023
0022200231
0222002313
2220023131
2200231311
2002313111
0023131113
0231311131
2313111310
3131113101
1311131013
3111310133
1113101332
1131013320
1310133200
3101332001
1013320011
0133200110
1332001101
3320011012
3200110123
2001101230
0011012300
0110123001
1101230013
1012300132
0123001320
1230013200
2300132000
3001320003
0013200033
0132000330
1320003303
3200033030
2000330302
0003303022
0033030221
0330302210
3303022101
3030221010
0302210103
3022101033
0221010333
2210103330
2101033303
1010333033
0103330332
1033303321
0333033210
3330332102
3303321020
3033210200
0332102001
3321020011
3210200110
2102001101
1020011010
0200110102
2001101020
0011010203
0110102030
1101020300
1010203001
0102030010
1020300101
0203001010
2030010100
0300101002
3001010020
0010100200
0101002001
1010020010
0100200101
1002001011
0020010111
0200101111
2001011113
0010111133
0101111331
1011113310
0111133101
1111331010
1113310100
1133101000
1331010003
3310100030
3101000300
1010003000
0100030003
1000300033
0003000330
0030003300
0300033000
3000330000
0003300001
0033000012
0330000123
3300001230
3000012300
0000123000
0001230000
0012300002
0123000022
1230000220
2300002202
3000022020
0000220200
0002202001
0022020013
0220200130
2202001301
2020013010
0200130103
2001301032
0013010321
0130103211
1301032113
3010321133
0103211331
1032113310
0321133103
3211331031
2113310311
1133103113
1331031132
3310311320
3103113202
1031132022
0311320220
3113202203
1132022033
1320220333
3202203333
2022033330
0220333303
2203333031
2033330310
0333303100
3333031002
3330310020
3303100200
3031002000
0310020002
3100200021
1002000210
0020002102
0200021020
2000210203
0002102033
0021020333
0210203330
2102033300
1020333001
0203330010
2033300102
0333001023
3330010233
3300102330
3001023301
0010233013
0102330131
1023301310
0233013100
2330131000
3301310000
3013100002
0131000020
1310000201
3100002013
1000020133
0000201331
0002013313
0020133130
0201331300
2013313000
0133130000
1331300000
3313000003
3130000032
1300000323
3000003230
0000032300
0000323000
0003230003
0032300031
0323000310
3230003100
2300031002
3000310022
0003100220
0031002200
0310022001
3100220013
1002200132
0022001320
0220013201
2200132011
2001320110
0013201100
0132011000
1320110003
3201100032
2011000322
0110003220
1100032202
1000322021
0003220211
0032202110
0322021102
3220211020
2202110203
2021102032
0211020322
2110203221
1102032211
1020322113
0203221130
2032211302
0322113023
3221130232
2211302320
2113023203
1130232032
1302320322
3023203222
0232032223
2320322230
3203222303
2032223033
0322230330
3222303301
2223033011
2230330110
2303301102
3033011023
0330110230
3301102300
3011023003
0110230032
1102300322
1023003223
0230032231
2300322310
3003223100
0032231002
0322310020
3223100202
2231002020
2310020200
3100202003
1002020032
0020200320
0202003200
2020032000
0200320001
2003200010
0032000101
0320001010
3200010100
2000101002
0001010022
0010100223
0101002230
1010022300
0100223003
1002230030
0022300300
0223003003
2230030031
2300300313
3003003133
0030031331
0300313310
3003133102
0031331020
0313310200
3133102000
1331020002
3310200020
3102000202
1020002020
0200020200
2000202000
0002020000
0020200000
0202000003
2020000032
0200000321
2000003213
0000032130
0000321300
0003213003
0032130031
0321300311
3213003110
2130031102
1300311023
3003110232
0031102320
0311023200
3110232002
1102320023
1023200231
0232002311
2320023113
3200231133
2002311332
0023113322
0231133220
2311332200
3113322000
1133220000
1332200002
3322000022
3220000222
2200002222
2000022223
0000222231
0002222313
0022223132
0222231323
2222313233
2223132333
2231323331
2313233311
3132333110
1323331101
3233311010
2333110100
3331101001
3311010013
3110100130
1101001300
1010013000
0100130002
1001300021
0013000211
0130002110
1300021100
3000211000
0002110000
0021100001
0211000013
2110000130
1100001303
1000013030
0000130300
0001303002
0013030021
0130300210
1303002100
3030021001
0300210010
3002100102
0021001023
0210010230
2100102303
1001023030
0010230300
0102303002
1023030023
0230300232
2303002320
3030023203
0300232033
3002320333
0023203332
0232033322
2320333220
3203332202
2033322021
0333220213
3332202130
3322021302
3220213020
2202130200
2021302003
0213020033
2130200330
1302003300
3020033000
0200330003
2003300032
0033000323
0330003231
3300032311
3000323110
0003231101
0032311010
0323110100
3231101003
2311010033
3110100331
1101003310
1010033101
0100331010
1003310102
0033101022
0331010221
3310102210
3101022101
1010221011
0102210113
1022101130
0221011300
2210113002
2101130020
1011300200
0113002000
1130020000
1300200002
3002000023
0020000231
0200002312
2000023122
0000231221
0002312213
0023122132
0231221320
2312213202
3122132022
1221320220
2213202202
2132022022
1320220220
3202202200
2022022002
0220220023
2202200231
2022002313
0220023133
2200231331
2002313310
0023133100
0231331001
2313310011
3133100110
1331001102
3310011020
3100110203
1001102032
0011020323
0110203232
1102032323
1020323233
0203232331
2032323313
0323233133
3232331332
2323313321
3233133210
2331332101
3313321013
3133210132
1332101322
3321013220
3210132200
2101322001
1013220011
0132200110
1322001102
3220011023
2200110231
2001102310
0011023102
0110231023
1102310230
1023102302
0231023022
2310230220
3102302200
1023022003
0230220031
2302200311
3022003110
0220031100
2200311002
2003110021
0031100211
0311002111
3110021110
1100211101
1002111011
0021110113
0211101132
2111011321
1110113213
1101132133
1011321332
0113213323
1132133230
1321332301
3213323013
2133230132
1332301320
3323013200
3230132003
2301320033
3013200333
0132003331
1320033310
3200333100
2003331000
0033310003
0333100033
3331000332
3310003320
3100033203
1000332030
0003320302
0033203023
0332030233
3320302332
3203023323
2030233230
0302332302
3023323021
0233230210
2332302102
3323021021
3230210210
2302102102
3021021023
0210210232
2102102320
1021023200
0210232002
2102320020
1023200200
0232002000
2320020001
3200200010
2002000102
0020001020
0200010202
2000102020
0001020200
0010202000
0102020000
1020200000
0202000001
2020000010
0200000100
2000001003
0000010033
0000100331
0001003311
0010033110
0100331100
1003311001
0033110011
0331100111
3311001110
3110011100
1100111001
1001110010
0011100101
0111001011
1110010110
1100101102
1001011023
0010110231
0101102310
1011023100
0110231002
1102310020
1023100200
0231002001
2310020010
3100200103
1002001033
0020010330
0200103302
2001033020
0010330200
0103302000
1033020002
0330200021
3302000211
3020002113
0200021131
2000211310
0002113100
0021131001
0211310013
2113100131
1131001310
1310013101
3100131012
1001310122
0013101220
0131012202
1310122022
3101220220
1012202201
0122022010
1220220101
2202201010
2022010102
0220101020
2201010200
2010102001
0101020011
1010200113
0102001132
1020011321
0200113210
2001132102
0011321021
0113210210
1132102102
1321021020
3210210203
2102102033
1021020331
0210203311
2102033110
1020331100
0203311002
2033110020
0331100200
3311002002
3110020020
1100200200
1002002003
0020020030
0200200300
2002003000
0020030002
0200300020
2003000202
0030002021
0300020211
3000202110
0002021100
0020211000
0202110003
2021100032
0211000320
2110003200
1100032001
1000320010
0003200100
0032001000
0320010002
3200100020
2001000200
0010002002
0100020022
1000200220
0002002200
0020022002
0200220020
2002200202
0022002020
0220020200
2200202002
2002020022
0020200222
0202002221
2020022211
0200222110
2002221102
0022211023
0222110232
2221102320
2211023203
2110232031
1102320311
1023203113
0232031133
2320311333
3203113331
2031133311
0311333111
3113331110
1133311102
1333111020
3331110200
3311102002
3111020020
1110200202
1102002020
1020020200
0200202000
2002020003
0020200033
0202000333
2020003330
0200033303
2000333032
0003330321
0033303211
0333032113
3330321132
3303211322
3032113221
0321132213
3211322133
2113221330
1132213303
1322133033
3221330330
2213303300
2133033001
1330330013
3303300130
3033001300
0330013001
3300130013
3001300132
0013001323
0130013231
1300132311
3001323110
0013231100
0132311002
1323110023
3231100233
2311002331
3110023313
1100233130
1002331302
0023313023
0233130230
2331302300
3313023000
3130230001
1302300011
3023000113
0230001131
2300011310
3000113100
0001131002
0011310022
0113100220
1131002201
1310022011
3100220113
1002201132
0022011321
0220113211
2201132110
2011321100
0113211003
1132110031
1321100311
3211003113
2110031130
1100311302
1003113021
0031130211
0311302111
3113021113
1130211131
1302111310
3021113102
0211131020
2111310202
1113102020
1131020200
1310202000
3102020002
1020200022
0202000220
2020002200
0200022002
2000220023
0002200230
0022002302
0220023020
2200230202
2002302020
0023020200
0230202000
2302020001
3020200013
0202000133
2020001332
0200013320
2000133200
0001332000
0013320001
0133200010
1332000100
3320001002
3200010021
2000100211
0001002110
0010021100
0100211000
1002110003
0021100032
0211000323
2110003231
1100032313
1000323132
0003231320
0032313201
0323132010
3231320102
2313201023
3132010230
1320102301
3201023011
2010230110
0102301100
1023011000
0230110002
2301100020
3011000201
0110002011
1100020113
1000201132
0002011320
0020113202
0201132022
2011320222
0113202220
1132022203
1320222031
3202220313
2022203132
0222031323
2220313233
2203132332
2031323321
0313233213
3132332132
1323321322
3233213220
2332132203
3321322032
3213220322
2132203220
1322032202
3220322020
2203220200
2032202001
0322020010
3220200102
2202001022
2020010222
0200102223
2001022233
0010222333
0102223332
1022233321
0222333211
2223332111
2233321110
2333211101
3332111013
3321110132
3211101320
2111013202
1110132020
1101320202
1013202022
0132020223
1320202231
3202022312
2020223122
0202231220
2022312202
0223122022
2231220220
2312202202
3122022020
1220220202
2202202023
2022020230
0220202301
2202023011
2020230110
0202301102
2023011023
0230110232
2301102323
3011023233
0110232333
1102323331
1023233310
0232333103
2323331033
3233310332
2333103322
3331033223
3310332232
3103322321
1033223211
0332232113
3322321132
3223211320
2232113201
2321132010
3211320101
2113201013
1132010132
1320101320
3201013203
2010132033
0101320330
1013203303
0132033032
1320330320
3203303201
2033032010
0330320101
3303201013
3032010131
0320101310
3201013102
2010131020
0101310200
1013102001
0131020010
1310200102
3102001023
1020010232
0200102323
2001023232
0010232323
0102323231
1023232310
0232323103
2323231033
3232310332
2323103321
3231033213
2310332132
3103321322
1033213220
0332132200
3321322002
3213220021
2132200213
1322002130
3220021300
2200213003
2002130032
0021300321
0213003213
2130032132
1300321323
3003213231
0032132310
0321323102
3213231020
2132310203
1323102030
3231020303
2310203032
3102030321
1020303210
0203032100
2030321000
0303210000
3032100000
0321000001
3210000010
2100000102
1000001023
0000010230
0000102303
0001023031
0010230310
0102303100
1023031002
0230310021
2303100211
3031002110
0310021102
3100211023
1002110232
0021102323
0211023230
2110232303
1102323032
1023230320
0232303201
2323032011
3230320111
2303201110
3032011102
0320111023
3201110233
2011102333
0111023332
1110233323
1102333230
1023332302
0233323021
2333230210
3332302100
3323021002
3230210023
2302100232
3021002320
0210023203
2100232030
1002320300
0023203001
0232030011
2320300111
3203001113
2030011130
0300111300
3001113001
0011130012
0111300120
1113001200
1130012001
1300120013
3001200132
0012001322
0120013223
1200132231
2001322311
0013223110
0132231103
1322311032
3223110322
2231103223
2311032233
3110322331
1103223313
1032233130
0322331300
3223313000
2233130002
2331300020
3313000203
3130002032
1300020321
3000203213
0002032132
0020321322
0203213220
2032132200
0321322002
3213220023
2132200232
1322002322
3220023221
2200232210
2002322101
0023221010
0232210102
2322101020
3221010202
2210102023
2101020232
1010202321
0102023213
1020232133
0202321331
2023213310
0232133100
2321331002
3213310021
2133100210
1331002103
3310021031
3100210311
1002103110
0021031103
0210311033
2103110332
1031103320
0311033202
3110332020
1103320201
1033202010
0332020101
3320201012
3202010120
2020101200
0201012001
2010120013
0101200133
1012001330
0120013302
1200133021
2001330211
0013302110
0133021101
1330211010
3302110103
3021101033
0211010331
2110103310
1101033102
1010331022
0103310220
1033102202
0331022020
3310220201
3102202011
1022020110
0220201103
2202011030
2020110302
0201103020
2011030200
0110302000
1103020003
1030200032
0302000322
3020003220
0200032200
2000322002
0003220020
0032200202
0322002020
3220020202
2200202023
2002020232
0020202320
0202023200
2020232001
0202320013
2023200133
0232001332
2320013320
3200133203
2001332030
0013320301
0133203013
1332030131
3320301310
3203013102
2030131023
0301310230
3013102303
0131023033
1310230333
3102303330
1023033301
0230333010
2303330102
3033301020
0333010200
3330102003
3301020030
3010200301
0102003010
1020030103
0200301033
2003010333
0030103331
0301033310
3010333100
0103331002
1033310021
0333100213
3331002133
3310021331
3100213310
1002133100
0021331000
0213310002
2133100021
1331000212
3310002123
3100021231
1000212310
0002123102
0021231023
0212310231
2123102310
1231023103
2310231033
3102310333
1023103330
0231033301
2310333013
3103330133
1033301333
0333013330
3330133303
3301333033
3013330333
0133303333
1333033331
3330333310
3303333100
3033331000
0333310000
3333100001
3331000011
3310000110
3100001100
1000011002
0000110020
0001100202
0011002020
0110020203
1100202031
1002020311
0020203111
0202031111
2020311110
0203111100
2031111002
0311110020
3111100202
1111002022
1110020220
1100202202
1002022023
0020220232
0202202323
2022023232
0220232323
2202323230
2023232300
0232323001
2323230010
3232300102
2323001021
3230010213
2300102133
3001021332
0010213323
0102133232
1021332321
0213323213
2133232133
1332321331
3323213311
3232133113
2321331131
3213311313
2133113132
1331131323
3311313232
3113132323
1131323231
1313232311
3132323113
1323231133
3232311330
2323113300
3231133002
2311330022
3113300222
1133002220
1330022201
3300222010
3002220103
0022201032
0222010320
2220103202
2201032023
2010320231
0103202311
1032023110
0320231100
3202311000
2023110000
0231100002
2311000023
3110000232
1100002320
1000023201
0000232013
0002320133
0023201331
0232013313
2320133132
3201331320
2013313200
0133132002
1331320022
3313200223
3132002232
1320022320
3200223200
2002232001
0022320010
0223200100
2232001001
2320010010
3200100100
2001001002
0010010020
0100100200
1001002002
0010020020
0100200200
1002002000
0020020002
0200200023
2002000231
0020002312
0200023122
2000231222
0002312222
0023122220
0231222201
2312222010
3122220101
1222201012
2222010120
2220101200
2201012002
2010120020
0101200202
1012002022
0120020221
1200202213
2002022132
0020221320
0202213200
2022132000
0221320003
2213200031
2132000310
1320003102
3200031023
2000310231
0003102310
0031023101
0310231010
3102310103
1023101030
0231010301
2310103010
3101030102
1010301022
0103010221
1030102210
0301022102
3010221022
0102210222
1022102221
0221022211
2210222113
2102221132
1022211321
0222113212
2221132120
2211321201
2113212010
1132120102
1321201023
3212010232
2120102322
1201023222
2010232221
0102322212
1023222123
0232221232
2322212321
3222123211
2221232113
2212321131
2123211313
1232113132
2321131321
3211313211
2113132113
1131321131
1313211312
3132113123
1321131231
3211312310
2113123102
1131231022
1312310220
3123102200
1231022002
2310220022
3102200223
1022002232
0220022320
2200223203
2002232031
0022320311
0223203110
2232031102
2320311022
3203110221
2031102212
0311022121
3110221213
1102212132
1022121320
0221213203
2212132030
2121320301
1213203010
2132030100
1320301003
3203010032
2030100321
0301003210
3010032103
0100321032
1003210321
0032103213
0321032132
3210321321
2103213210
1032132102
0321321023
3213210232
2132102323
1321023232
3210232321
2102323210
1023232102
0232321021
2323210211
3232102113
2321021133
3210211333
2102113332
1021133323
0211333231
2113332311
1133323110
1333231103
3332311031
3323110310
3231103103
2311031031
3110310313
1103103131
1031031310
0310313102
3103131023
1031310230
0313102301
3131023010
1310230102
3102301020
1023010200
0230102002
2301020021
3010200210
0102002100
1020021003
0200210032
2002100320
0021003200
0210032000
2100320000
1003200001
0032000013
0320000131
3200001310
2000013101
0000131010
0001310103
0013101031
0131010311
1310103113
3101031130
1010311300
0103113000
1031130001
0311300010
3113000100
1130001003
1300010031
3000100310
0001003102
0010031021
0100310213
1003102133
0031021331
0310213313
3102133131
1021331311
0213313111
2133131110
1331311103
3313111031
3131110310
1311103103
3111031032
1110310323
1103103231
1031032313
0310323133
3103231331
1032313313
0323133130
3231331303
2313313030
3133130300
1331303000
3313030000
3130300000
1303000001
3030000013
0300000132
3000001322
0000013221
0000132211
0001322110
0013221103
0132211032
1322110322
3221103222
2211032220
2110322200
1103222000
1032220000
0322200001
3222000011
2220000111
2200001113
2000011132
0000111323
0001113231
0011132310
0111323102
1113231020
1132310202
1323102022
3231020220
2310202200
3102022001
1020220010
0202200100
2022001003
0220010031
2200100313
2001003132
0010031320
0100313202
1003132020
0031320200
0313202000
3132020001
1320200010
3202000103
2020001030
0200010301
2000103010
0001030103
0010301033
0103010332
1030103323
0301033231
3010332310
0103323100
1033231000
0332310003
3323100032
3231000320
2310003200
3100032000
1000320000
0003200002
0032000022
0320000221
3200002210
2000022100
0000221003
0002210032
0022100322
0221003222
2210032220
2100322200
1003222000
0032220003
0322200032
3222000320
2220003202
2200032020
2000320201
0003202011
0032020113
0320201133
3202011333
2020113332
0201133323
2011333233
0113332331
1133323310
1333233100
3332331000
3323310002
3233100021
2331000210
3310002101
3100021010
1000210100
0002101003
0021010032
0210100321
2101003210
1010032101
0100321010
1003210101
0032101010
0321010100
3210101003
2101010033
1010100330
0101003302
1010033021
0100330211
1003302110
0033021100
0330211000
3302110000
3021100001
0211000011
2110000110
1100001101
1000011010
0000110102
0001101020
0011010200
0110102000
1101020000
1010200000
0102000000
1020000003
0200000032
2000000322
0000003223
0000032233
0000322332
0003223323
0032233231
0322332310
3223323100
2233231002
2332310020
3323100200
3231002002
2310020021
3100200211
1002002110
0020021100
0200211001
2002110013
0021100131
0211001310
2110013102
1100131022
1001310221
0013102210
0131022102
1310221023
3102210230
1022102303
0221023033
2210230330
2102303300
1023033003
0230330032
2303300320
3033003200
0330032002
3300320023
3003200232
0032002321
0320023211
3200232113
2002321133
0023211331
0232113311
2321133110
3211331102
2113311023
1133110232
1331102322
3311023223
3110232232
1102322320
1023223200
0232232000
2322320000
3223200001
2232000013
2320000133
3200001331
2000013311
0000133110
0001331100
0013311002
0133110022
1331100220
3311002201
3110022010
1100220102
1002201021
0022010213
0220102130
2201021302
2010213022
0102130221
1021302211
0213022112
2130221120
1302211200
3022112000
0221120001
2211200010
2112000102
1120001020
1200010200
2000102002
0001020022
0010200220
0102002201
1020022013
0200220130
2002201300
0022013002
0220130023
2201300233
2013002330
0130023300
1300233000
3002330001
0023300010
0233000101
2330001013
3300010132
3000101323
0001013232
0010132321
0101323213
1013232133
0132321331
1323213311
3232133110
2321331101
3213311013
2133110130
1331101302
3311013022
3110130223
1101302231
1013022313
0130223133
1302231330
3022313303
0223133032
2231330321
2313303210
3133032100
1330321001
3303210011
3032100113
0321001132
3210011322
2100113220
1001132202
0011322023
0113220231
1132202313
1322023132
3220231323
2202313230
2023132300
0231323002
2313230021
3132300210
1323002103
3230021030
2300210302
3002103023
0021030233
0210302333
2103023333
1030233331
0302333311
3023333113
0233331132
2333311323
3333113231
3331132310
3311323102
3113231023
1132310232
1323102320
3231023203
2310232033
3102320330
1023203303
0232033030
2320330300
3203303000
2033030003
0330300030
3303000303
3030003031
0300030313
3000303133
0003031332
0030313320
0303133200
3031332000
0313320003
3133200030
1332000300
3320003000
3200030000
2000300000
0003000000
0030000002
0300000021
3000000210
0000002102
0000021022
0000210220
0002102200
0021022002
0210220022
2102200223
1022002232
0220022320
2200223202
2002232020
0022320200
0223202003
2232020032
2320200323
3202003233
2020032332
0200323322
2003233223
0032332232
0323322321
3233223210
2332232101
3322321010
3223210101
2232101013
2321010133
3210101331
2101013313
1010133131
0101331313
1013313133
0133131331
1331313312
3313133123
3131331232
1313312323
3133123231
1331232313
3312323132
3123231323
1232313233
2323132333
3231323333
2313233331
3132333310
1323333102
3233331020
2333310203
3333102030
3331020300
3310203002
3102030021
1020300213
0203002131
2030021312
0300213120
3002131200
0021312001
0213120010
2131200100
1312001001
3120010011
1200100113
2001001132
0010011323
0100113230
1001132302
0011323022
0113230222
1132302220
1323022202
3230222023
2302220232
3022202322
0222023223
2220232230
2202322300
2023223003
0232230032
2322300323
3223003233
2230032333
2300323333
3003233333
0032333331
0323333310
3233333102
2333331020
3333310203
3333102033
3331020333
3310203332
3102033323
1020333233
0203332331
2033323313
0333233132
3332331320
3323313202
3233132020
2331320201
3313202010
3132020101
1320201011
3202010113
2020101132
0201011320
2010113203
0101132032
1011320320
0113203201
1132032011
1320320113
3203201132
2032011323
0320113233
3201132332
2011323322
0113233220
1132332203
1323322032
3233220320
2332203203
3322032032
3220320323
2203203233
2032032332
0320323320
3203233200
2032332000
0323320003
3233200030
2332000301
3320003010
3200030102
2000301022
0003010220
0030102200
0301022000
3010220000
0102200003
1022000030
0220000301
2200003013
2000030130
0000301302
0003013021
0030130213
0301302133
3013021333
0130213332
1302133322
3021333223
0213332232
2133322320
1333223200
3332232002
3322320023
3223200233
2232002332
2320023320
3200233201
2002332010
0023320103
0233201030
2332010300
3320103003
3201030032
2010300322
0103003220
1030032202
0300322020
3003220200
0032202002
0322020023
3220200231
2202002313
2020023132
0200231321
2002313213
0023132132
0231321323
2313213233
3132132333
1321323333
3213233333
2132333330
1323333300
3233333001
2333330012
3333300122
3333001222
3330012220
3300122202
3001222023
0012220232
0122202323
1222023231
2220232311
2202323110
2023231102
0232311020
2323110202
3231102020
2311020201
3110202012
1102020120
1020201202
0202012020
2020120202
0201202021
2012020213
0120202131
1202021310
2020213102
0202131023
2021310230
0213102302
2131023022
1310230220
3102302202
1023022021
0230220211
2302202111
3022021113
0220211130
2202111302
2021113021
0211130211
2111302111
1113021113
1130211133
1302111333
3021113330
0211133300
2111333001
1113330011
1133300111
1333001110
3330011103
3300111032
3001110321
0011103210
0111032103
1110321031
1103210312
1032103121
0321031213
3210312132
2103121322
1031213221
0312132213
3121322131
1213221312
2132213122
1322131220
3221312200
2213122003
2131220031
1312200313
3122003131
1220031311
2200313110
2003131102
0031311020
0313110202
3131102020
1311020201
3110202012
1102020122
1020201223
0202012231
2020122313
0201223130
2012231302
0122313022
1223130220
2231302200
2313022002
3130220023
1302200233
3022002330
0220023302
2200233020
2002330202
0023302023
0233020231
2330202311
3302023113
3020231131
0202311310
2023113102
0231131020
2311310200
3113102002
1131020020
1310200201
3102002010
1020020102
0200201021
2002010212
0020102122
0201021220
2010212203
0102122031
1021220313
0212203133
2122031332
1220313323
2203133232
2031332320
0313323202
3133232022
1332320220
3323202203
3232022032
2320220320
3202203200
2022032002
0220320020
2203200201
2032002011
0320020113
3200201133
2002011331
0020113311
0201133111
2011331113
0113311132
1133111321
1331113213
3311132133
3111321331
1113213311
1132133110
1321331100
3213311001
2133110010
1331100101
3311001013
3110010133
1100101330
1001013301
0010133013
0101330133
1013301332
0133013322
1330133221
3301332211
3013322110
0133221100
1332211002
3322110023
3221100230
2211002300
2110023002
1100230021
1002300210
0023002100
0230021000
2300210000
3002100001
0021000010
0210000101
2100001011
1000010113
0000101132
0001011320
0010113200
0101132001
1011320011
0113200113
1132001130
1320011302
3200113021
2001130210
0011302102
0113021023
1130210232
1302102323
3021023233
0210232332
2102323323
1023233232
0232332320
2323323201
3233232010
2332320101
3323201010
3232010102
2320101021
3201010211
2010102113
0101021131
1010211313
0102113132
1021131323
0211313231
2113132310
1131323102
1313231020
3132310202
1323102020
3231020200
2310202000
3102020002
1020200021
0202000210
2020002102
0200021020
2000210202
0002102022
0021020222
0210202222
2102022220
1020222201
0202222011
2022220111
0222201110
2222011100
2220111002
2201110023
2011100232
0111002321
1110023211
1100232110
1002321103
0023211032
0232110322
2321103220
3211032200
2110322002
1103220020
1032200202
0322002023
3220020230
2200202302
2002023023
0020230232
0202302323
2023023233
0230232332
2302323322
3023233223
0232332232
2323322320
3233223201
2332232013
3322320131
3223201313
2232013132
2320131320
3201313203
2013132030
0131320300
1313203001
3132030012
1320300120
3203001202
2030012022
0300120223
3001202232
0012022320
0120223203
1202232031
2022320313
0223203133
2232031332
2320313320
3203133203
2031332030
0313320302
3133203020
1332030202
3320302022
3203020221
2030202210
0302022103
3020221031
0202210313
2022103131
0221031310
2210313102
2103131022
1031310220
0313102200
3131022001
1310220010
3102200103
1022001031
0220010310
2200103101
2001031011
0010310111
0103101113
1031011130
0310111302
3101113023
1011130232
0111302320
1113023202
1130232022
1302320220
3023202203
0232022032
2320220321
3202203210
2022032100
0220321000
2203210000
2032100003
0321000030
3210000301
2100003013
1000030131
0000301313
0003013132
0030131322
0301313221
3013132210
0131322102
1313221021
3132210210
1322102103
3221021032
2210210323
2102103233
1021032331
0210323313
2103233131
1032331313
0323313133
3233131331
2331313313
3313133131
3131331310
1313313102
3133131021
1331310211
3313102111
3131021110
1310211102
3102111023
1021110232
0211102321
2111023213
1110232132
1102321323
1023213230
0232132301
2321323010
3213230100
2132301002
1323010022
3230100223
2301002233
3010022331
0100223310
1002233100
0022331001
0223310013
2233100132
2331001321
3310013210
3100132100
1001321000
0013210003
0132100030
1321000301
3210003010
2100030100
1000301002
0003010021
0030100213
0301002131
3010021311
0100213111
1002131110
0021311102
0213111022
2131110220
1311102201
3111022011
1110220111
1102201111
1022011113
0220111133
2201111332
2011113323
0111133233
1111332333
1113323330
1133233300
1332333001
3323330011
3233300113
2333001133
3330011333
3300113331
3001133311
0011333110
0113331100
1133311000
1333110001
3331100010
3311000100
3110001000
1100010000
1000100002
0001000020
0010000202
0100002023
1000020231
0000202310
0002023101
0020231011
0202310110
2023101102
0231011023
2310110231
3101102313
1011023132
0110231320
1102313202
1023132022
0231320220
2313202203
3132022032
1320220320
3202203202
2022032022
0220320220
2203202200
2032022002
0320220020
3202200203
2022002033
0220020333
2200203333
2002033331
0020333313
0203333130
2033331300
0333313002
3333130023
3331300232
3313002320
3130023201
1300232010
3002320100
0023201002
0232010022
2320100220
3201002200
2010022003
0100220033
1002200332
0022003320
0220033203
2200332033
2003320333
0033203331
0332033310
3320333102
3203331020
2033310203
0333102032
3331020320
3310203203
3102032032
1020320320
0203203202
2032032022
0320320220
3203202200
2032022000
0320220003
3202200032
2022000322
0220003222
2200032220
2000322200
0003222001
0032220013
0322200133
3222001332
2220013321
2200133211
2001332113
0013321130
0133211302
1332113020
3321130200
3211302002
2113020020
1130200200
1302002002
3020020020
0200200203
2002002030
0020020300
0200203003
2002030032
0020300320
0203003203
2030032031
0300320310
3003203100
0032031002
0320310020
3203100200
2031002002
0310020020
3100200202
1002002022
0020020220
0200202203
2002022030
0020220303
0202203033
2022030330
0220303303
2203033030
2030330300
0303303003
3033030031
0330300311
3303003111
3030031110
0300311102
3003111020
0031110203
0311102033
3111020331
1110203310
1102033102
1020331021
0203310213
2033102132
0331021320
3310213200
3102132002
1021320021
0213200212
2132002122
1320021221
3200212210
2002122103
0021221031
0212210313
2122103132
1221031322
2210313220
2103132203
1031322030
0313220303
3132203032
1322030320
3220303202
2203032020
2030320202
0303202023
3032020232
0320202320
3202023200
2020232000
0202320001
2023200010
0232000100
2320001000
3200010001
2000100011
0001000113
0010001133
0100011333
1000113331
0001133313
0011333132
0113331320
1133313200
1333132002
3331320020
3313200203
3132002033
1320020332
3200203321
2002033213
0020332131
0203321310
2033213101
0332131010
3321310102
3213101020
2131010202
1310102023
3101020232
1010202320
0102023203
1020232030
0202320303
2023203033
0232030333
2320303333
3203033330
2030333300
0303333001
3033330011
0333300110
3333001101
3330011013
3300110131
3001101310
0011013102
0110131021
1101310210
1013102102
0131021020
1310210202
3102102022
1021020222
0210202221
2102022211
1020222110
0202221101
2022211011
0222110110
2221101103
2211011032
2110110320
1101103200
1011032002
0110320022
1103200220
1032002203
0320022030
3200220300
2002203001
0022030011
0220300113
2203001132
2030011320
0300113203
3001132030
0011320300
0113203000
1132030002
1320300021
3203000213
2030002131
0300021311
3000213110
0002131102
0021311021
0213110210
2131102102
1311021022
3110210220
1102102202
1021022020
0210220203
2102202032
1022020322
0220203221
2202032211
2020322111
0203221110
2032211101
0322111011
3221110113
2211101132
2111011322
1110113220
1101132202
1011322022
0113220221
1132202213
1322022132
3220221323
2202213232
2022132321
0221323213
2213232130
2132321302
1323213020
3232130200
2321302001
3213020010
2130200102
1302001021
3020010210
0200102100
2001021002
0010210022
0102100222
1021002222
0210022220
2100222201
1002222011
0022220110
0222201102
2222011021
2220110211
2201102113
2011021133
0110211331
1102113313
1021133132
0211331323
2113313231
1133132311
1331323110
3313231101
3132311013
1323110131
3231101311
2311013113
3110131131
1101311312
1013113123
0131131231
1311312313
3113123131
1131231313
1312313131
3123131310
1231313101
2313131010
3131310102
1313101021
3131010213
1310102132
3101021320
1010213200
0102132001
1021320011
0213200113
2132001133
1320011332
3200113323
2001133232
0011332321
0113323211
1133232111
1332321111
3323211113
3232111132
2321111320
3211113200
2111132002
1111320020
1113200201
1132002011
1320020113
3200201130
2002011301
0020113011
0201130110
2011301100
0113011000
1130110001
1301100012
3011000121
0110001210
1100012102
1000121020
0001210200
0012102001
0121020010
1210200100
2102001000
1020010000
0200100001
2001000013
0010000133
0100001330
1000013303
0000133031
0001330310
0013303102
0133031022
1330310220
3303102200
3031022001
0310220010
3102200102
1022001021
0220010210
2200102100
2001021003
0010210033
0102100333
1021003333
0210033330
2100333300
1003333001
0033330013
0333300133
3333001331
3330013310
3300133100
3001331000
0013310002
0133100020
1331000200
3310002003
3100020030
1000200303
0002003033
0020030330
0200303300
2003033003
0030330032
0303300320
3033003200
0330032000
3300320000
3003200003
0032000031
0320000311
3200003113
2000031132
0000311323
0003113230
0031132300
0311323002
3113230021
1132300211
1323002112
3230021122
2300211220
3002112200
0021122003
0211220031
2112200311
1122003110
1220031102
2200311021
2003110210
0031102103
0311021032
3110210321
1102103212
1021032123
0210321233
2103212333
1032123331
0321233313
3212333132
2123331321
1233313213
2333132132
3331321320
3313213201
3132132010
1321320100
3213201002
2132010023
1320100233
3201002331
2010023311
0100233110
1002331100
0023311001
0233110011
2331100110
3311001101
3110011010
1100110100
1001101001
0011010011
0110100113
1101001131
1010011311
0100113110
1001131102
0011311020
0113110201
1131102010
1311020102
3110201023
1102010233
1020102331
0201023311
2010233110
0102331102
1023311021
0233110210
2331102102
3311021023
3110210232
1102102320
1021023200
0210232000
2102320000
1023200003
0232000030
2320000300
3200003000
2000030002
0000300020
0003000202
0030002023
0300020231
3000202310
0002023100
0020231002
0202310022
2023100222
0231002220
2310022200
3100222002
1002220022
0022200220
0222002200
2220022002
2200220022
2002200221
0022002211
0220022113
2200221133
2002211331
0022113311
0221133111
2211331113
2113311133
1133111333
1331113333
3311133333
3111333330
1113333300
1133333000
1333330003
3333300031
3333000313
3330003131
3300031311
3000313112
0003131123
0031311233
0313112332
3131123322
1311233221
3112332210
1123322102
1233221022
2332210221
3322102210
3221022102
2210221023
2102210230
1022102302
0221023022
2210230223
2102302232
1023022321
0230223213
2302232131
3022321313
0223213132
2232131321
2321313210
3213132101
2131321010
1313210101
3132101010
1321010102
3210101021
2101010211
1010102112
0101021121
1010211213
0102112131
1021121313
0211213132
2112131322
1121313222
1213132220
2131322202
1313222023
3132220231
1322202313
3222023133
2220231331
2202313310
2023133100
0231331000
2313310000
3133100001
1331000010
3310000102
3100001020
1000010200
0000102000
0001020001
0010200013
0102000132
1020001321
0200013211
2000132111
0001321110
0013211103
0132111031
1321110313
3211103131
2111031310
1110313100
1103131002
1031310020
0313100202
3131002022
1310020220
3100202202
1002022021
0020220213
0202202131
2022021311
0220213113
2202131133
2021311333
0213113332
2131133322
1311333220
3113332201
1133322013
1333220132
3332201323
3322013233
3220132332
2201323320
2013233200
0132332002
1323320021
3233200210
2332002102
3320021022
3200210222
2002102220
0021022200
0210222002
2102220023
1022200231
0222002310
2220023102
2200231020
2002310200
0023102002
0231020022
2310200220
3102002200
1020022001
0200220012
2002200121
0022001211
0220012110
2200121103
2001211030
0012110301
0121103011
1211030113
2110301132
1103011322
1030113220
0301132200
3011322003
0113220031
1132200313
1322003132
3220031322
2200313220
2003132200
0031322003
0313220031
3132200310
1322003102
3220031021
2200310211
2003102113
0031021133
0310211333
3102113333
1021133331
0211333313
2113333131
1133331313
1333313130
3333131300
3331313003
3313130030
3131300302
1313003020
3130030202
1300302020
3003020201
0030202011
0302020111
3020201113
0202011132
2020111320
0201113200
2011132003
0111320031
1113200313
1132003132
1320031320
3200313202
2003132023
0031320231
0313202311
3132023111
1320231111
3202311113
2023111130
0231111300
2311113000
3111130002
1111300020
1113000202
1130002021
1300020211
3000202110
0002021102
0020211021
0202110213
2021102133
0211021330
2110213303
1102133032
1021330323
0213303233
2133032333
1330323332
3303233321
3032333210
0323332101
3233321011
2333210110
3332101101
3321011010
3210110101
2101101011
1011010110
0110101102
1101011021
1010110213
0101102133
1011021331
0110213310
1102133100
1021331001
0213310011
2133100113
1331001131
3310011313
3100113132
1001131321
0011313210
0113132101
1131321012
1313210122
3132101220
1321012201
3210122010
2101220100
1012201003
0122010030
1220100303
2201003031
2010030311
0100303111
1003031110
0030311102
0303111023
3031110230
0311102303
3111023031
1110230310
1102303102
1023031022
0230310223
2303102233
3031022333
0310223331
3102233313
1022333132
0223331320
2233313201
2333132013
3331320131
3313201313
3132013133
1320131333
3201313331
2013133312
0131333120
1313331202
3133312020
1333120202
3331202023
3312020231
3120202311
1202023112
2020231122
0202311221
2023112213
0231122132
2311221321
3112213213
1122132130
1221321301
2213213013
2132130131
1321301310
3213013103
2130131032
1301310321
3013103213
0131032131
1310321310
3103213103
1032131030
0321310301
3213103013
2131030132
1310301321
3103013210
1030132102
0301321023
3013210232
0132102320
1321023203
3210232030
2102320302
1023203020
0232030200
2320302000
3203020001
2030200013
0302000132
3020001323
0200013232
2000132320
0001323202
0013232021
0132320210
1323202100
3232021002
2320210020
3202100200
2021002000
0210020000
2100200000
1002000002
0020000021
0200000211
2000002110
0000021102
0000211020
0002110200
0021102003
0211020033
2110200332
1102003320
1020033201
0200332010
2003320103
0033201031
0332010313
3320103133
3201031331
2010313310
0103133100
1031331000
0313310000
3133100002
1331000022
3310000220
3100002200
1000022002
0000220020
0002200202
0022002021
0220020211
2200202110
2002021100
0020211003
0202110030
2021100300
0211003000
2110030002
1100300022
1003000220
0030002200
0300022003
3000220030
0002200303
0022003031
0220030311
2200303110
2003031103
0030311032
0303110322
3031103223
0311032232
3110322322
1103223223
1032232232
0322322323
3223223231
2232232310
2322323102
3223231022
2232310221
2323102213
3231022133
2310221332
3102213320
1022133201
0221332011
2213320111
2133201111
1332011111
3320111110
3201111100
2011111000
0111110002
1111100020
1111000200
1110002002
1100020023
1000200230
0002002300
0020023003
0200230032
2002300320
0023003203
0230032033
2300320332
3003203323
0032033232
0320332321
3203323210
2033232100
0332321000
3323210000
3232100002
2321000023
3210000233
2100002333
1000023332
0000233321
0002333213
0023332132
0233321320
2333213200
3332132000
3321320000
3213200000
2132000003
1320000030
3200000301
2000003011
0000030112
0000301121
0003011211
0030112113
0301121131
3011211310
0112113101
1121131013
1211310133
2113101333
1131013330
1310133300
3101333001
1013330013
0133300132
1333001320
3330013203
3300132032
3001320321
0013203210
0132032100
1320321003
3203210033
2032100330
0321003301
3210033013
2100330132
1003301320
0033013202
0330132022
3301320220
3013202202
0132022020
1320220201
3202202013
2022020130
0220201301
2202013011
2020130111
0201301110
2013011103
0130111032
1301110323
3011103231
0111032310
1110323103
1103231033
1032310330
0323103303
3231033032
2310330320
3103303200
1033032000
0330320000
3303200001
3032000010
0320000102
3200001020
2000010203
0000102032
0001020321
0010203213
0102032132
1020321320
0203213202
2032132021
0321320213
3213202133
2132021332
1320213323
3202133232
2021332323
0213323232
2133232323
1332323232
3323232320
3232323200
2323232001
3232320012
2323200122
3232001220
2320012201
3200122010
2001220101
0012201013
0122010132
1220101320
2201013200
2010132000
0101320003
1013200030
0132000303
1320003033
3200030333
2000303333
0003033331
0030333313
0303333132
3033331322
0333313222
3333132220
3331322200
3313222003
3132220033
1322200332
3222003321
2220033210
2200332102
2003321022
0033210220
0332102202
3321022022
3210220220
2102202200
1022022000
0220220000
2202200003
2022000032
0220000322
2200003220
2000032203
0000322030
0003220302
0032203023
0322030233
3220302330
2203023302
2030233021
0302330213
3023302130
0233021303
2330213033
3302130331
3021303310
0213033103
2130331032
1303310322
3033103222
0331032223
3310322232
3103222320
1032223203
0322232033
3222320331
2223203310
2232033102
2320331023
3203310231
2033102313
0331023130
3310231303
3102313033
1023130331
0231303310
2313033100
3130331002
1303310020
3033100200
0331002000
3310020002
3100200020
1002000200
0020002000
0200020000
2000200001
0002000013
0020000133
0200001331
2000013313
0000133132
0001331320
0013313202
0133132023
1331320232
3313202323
3132023232
1320232321
3202323210
2023232103
0232321032
2323210320
3232103200
2321032003
3210320033
2103200333
1032003332
0320033320
3200333200
2003332002
0033320023
0333200231
3332002310
3320023102
3200231020
2002310202
0023102022
0231020220
2310202202
3102022020
1020220203
0202202032
2022020323
0220203233
2202032332
2020323323
0203233232
2032332320
0323323201
3233232013
2332320132
3323201322
3232013220
2320132200
3201322002
2013220020
0132200200
1322002000
3220020001
2200200011
2002000110
0020001101
0200011011
2000110110
0001101100
0011011002
0110110022
1101100223
1011002231
0110022311
1100223110
1002231100
0022311000
0223110002
2231100021
2311000212
3110002120
1100021203
1000212031
0002120311
0021203110
0212031102
2120311020
1203110202
2031102020
0311020200
3110202003
1102020031
1020200311
0202003111
2020031110
0200311102
2003111022
0031110220
0311102200
3111022000
1110220000
1102200002
1022000021
0220000213
2200002131
2000021313
0000213133
0002131331
0021313310
0213133100
2131331000
1313310002
3133100022
1331000221
3310002211
3100022113
1000221130
0002211300
0022113001
0221130010
2211300100
2113001003
1130010031
1300100313
3001003132
0010031323
0100313233
1003132332
0031323323
0313233233
3132332332
1323323323
3233233232
2332332320
3323323202
3233232021
2332320211
3323202111
3232021113
2320211133
3202111331
2021113310
0211133101
2111331011
1113310110
1133101100
1331011001
3310110010
3101100103
1011001032
0110010321
1100103211
1001032111
0010321110
0103211100
1032111000
0321110002
3211100020
2111000203
1110002032
1100020320
1000203202
0002032021
0020320213
0203202132
2032021322
0320213220
3202132202
2021322020
0213220200
2132202002
1322020020
3220200203
2202002032
2020020321
0200203213
2002032132
0020321321
0203213210
2032132102
0321321021
3213210213
2132102132
1321021323
3210213232
2102132323
1021323232
0213232322
2132323222
1323232222
3232322221
2323222213
3232222133
2322221331
3222213311
2222133112
2221331123
2213311232
2133112322
1331123223
3311232232
3112322320
1123223200
1232232002
2322320022
3223200220
2232002202
2320022021
3200220213
2002202133
0022021333
0220213331
2202133312
2021333123
0213331231
2133312310
1333123101
3331231013
3312310131
3123101310
1231013101
2310131011
3101310111
1013101111
0131011113
1310111132
3101111320
1011113201
0111132010
1111320101
1113201011
1132010112
1320101122
3201011223
2010112232
0101122323
1011223233
0112232331
1122323310
1223233103
2232331031
2323310311
3233103110
2331031100
3310311003
3103110033
1031100332
0311003323
3110033232
1100332320
1003323203
0033232033
0332320332
3323203323
3232033230
2320332301
3203323010
2033230102
0332301021
3323010211
3230102110
2301021100
3010211002
0102110023
1021100232
0211002321
2110023211
1100232113
1002321132
0023211322
0232113220
2321132201
3211322010
2113220102
1132201020
1322010200
3220102002
2201020020
2010200202
0102002020
1020020200
0200202003
2002020032
0020200322
0202003221
2020032213
0200322132
2003221321
0032213211
0322132111
3221321113
2213211132
2132111320
1321113202
3211132020
2111320203
1113202033
1132020332
1320203320
3202033201
2020332011
0203320110
2033201102
0332011021
3320110213
3201102132
2011021323
0110213232
1102132323
1021323232
0213232322
2132323222
1323232222
3232322221
2323222212
3232222121
2322221210
3222212101
2222121011
2221210113
2212101132
2121011322
1210113223
2101132232
1011322320
0113223203
1132232032
1322320323
3223203232
2232032322
2320323222
3203232220
2032322201
0323222013
3232220132
2322201322
3222013222
2220132223
2201322232
2013222323
0132223233
1322232332
3222323322
2223233220
2232332201
2323322010
3233220102
2332201023
3322010230
3220102303
2201023030
2010230303
0102303031
1023030311
0230303112
2303031123
3030311231
0303112313
3031123130
0311231301
3112313011
1123130112
1231301122
2313011223
3130112232
1301122323
3011223231
0112232312
1122323122
1223231222
2232312220
2323122203
3231222031
2312220313
3122203132
1222031322
2220313220
2203132201
2031322012
0313220121
3132201211
1322012113
3220121130
2201211301
2012113011
0121130113
1211301132
2113011322
1130113223
1301132230
3011322301
0113223010
1132230102
1322301020
3223010200
2230102003
2301020030
3010200303
0102003031
1020030310
0200303101
2003031011
0030310111
0303101110
3031011103
0310111032
3101110322
1011103221
0111032211
1110322110
1103221101
1032211012
0322110120
3221101201
2211012010
2110120102
1101201021
1012010210
0120102102
1201021021
2010210212
0102102120
1021021202
0210212021
2102120211
1021202110
0212021101
2120211010
1202110102
2021101022
0211010220
2110102201
1101022011
1010220111
0102201111
1022011110
0220111100
2201111003
2011110032
0111100320
1111003203
1110032033
1100320330
1003203302
0032033023
0320330233
3203302333
2033023330
0330233300
3302333002
3023330020
0233300200
2333002002
3330020023
3300200232
3002002320
0020023203
0200232031
2002320313
0023203133
0232031331
2320313311
3203133110
2031331103
0313311032
3133110321
1331103211
3311032111
3110321112
1103211122
1032111222
0321112222
3211122220
2111222202
1112222021
1122220212
1222202123
2222021231
2220212313
2202123131
2021231313
0212313131
2123131310
1231313101
2313131013
3131310131
1313101313
3131013133
1310131330
3101313302
1013133022
0131330221
1313302212
3133022121
1330221213
3302212133
3022121331
0221213311
2212133110
2121331101
1213311012
2133110123
1331101231
3311012311
3110123113
1101231130
1012311301
0123113013
1231130130
2311301303
3113013033
1130130333
1301303333
3013033330
0130333303
1303333030
3033330300
0333303002
3333030023
3330300230
3303002303
3030023031
0300230310
3002303102
0023031020
0230310203
2303102032
3031020322
0310203222
3102032222
1020322222
0203222222
2032222222
0322222222
3222222222
2222222222
2222222222
2222222223
2222222232
2222222321
2222223210
2222232101
2222321013
2223210132
2232101322
2321013222
3210132221
2101322210
1013222103
0132221032
1322210322
3222103223
2221032232
2210322323
2103223230
1032232302
0322323020
3223230203
2232302032
2323020321
3230203213
2302032133
3020321330
0203213303
2032133030
0321330300
3213303003
2133030031
1330300310
3303003101
3030031010
0300310102
3003101021
0031010210
0310102101
3101021013
1010210133
0102101332
1021013322
0210133223
2101332232
1013322322
0133223222
1332232222
3322322220
3223222202
2232222020
2322220202
3222202020
2222020203
2220202032
2202020322
2020203222
0202032223
2020322230
0203222303
2032223031
0322230311
3222303113
2223031132
2230311320
2303113202
3031132021
0311320211
3113202111
1132021110
1320211100
3202111002
2021110022
0211100221
2111002213
1110022130
1100221302
1002213021
0022130211
0221302113
2213021132
2130211322
1302113222
3021132221
0211322213
2113222130
1132221301
1322213013
3222130132
2221301323
2213013230
2130132303
1301323030
3013230300
0132303002
1323030020
3230300201
2303002011
3030020111
0300201113
3002011132
0020111320
0201113201
2011132013
0111320133
1113201332
1132013320
1320133202
3201332023
2013320232
0133202320
1332023200
3320232003
3202320030
2023200302
0232003021
2320030213
3200302130
2003021302
0030213023
0302130232
3021302322
0213023223
2130232231
1302322311
3023223113
0232231130
2322311300
3223113003
2231130033
2311300333
3113003332
1130033323
1300333233
3003332333
0033323331
0333233313
3332333133
3323331330
3233313303
2333133030
3331330300
3313303000
3133030000
1330300003
3303000031
3030000313
0300003131
3000031310
0000313103
0003131032
0031310323
0313103233
3131032331
1310323310
3103233100
1032331002
0323310023
3233100231
2331002311
3310023113
3100231133
1002311331
0023113310
0231133100
2311331002
3113310022
1133100220
1331002202
3310022020
3100220203
1002202033
0022020332
0220203321
2202033213
2020332133
0203321332
2033213320
0332133202
3321332020
3213320203
2133202031
1332020313
3320203132
3202031323
2020313232
0203132320
2031323203
0313232033
3132320333
1323203332
3232033320
2320333201
3203332013
2033320131
0333201310
3332013102
3320131020
3201310200
2013102003
0131020031
1310200312
3102003122
1020031221
0200312210
2003122101
0031221013
0312210132
3122101320
1221013200
2210132002
2101320022
1013200223
0132002233
1320022331
3200223312
2002233120
0022331202
0223312022
2233120223
2331202233
3312022331
3120223311
1202233110
2022331103
0223311030
2233110301
2331103011
3311030112
3110301120
1103011202
1030112023
0301120230
3011202301
0112023011
1120230110
1202301100
2023011000
0230110001
2301100010
3011000100
0110001001
1100010011
1000100111
0001001111
0010011111
0100111110
1001111101
0011111010
0111110103
1111101033
1111010333
1110103331
1101033311
1010333111
0103331111
1033311113
0333111131
3331111311
3311113110
3111131101
1111311011
1113110113
1131101131
1311011311
3110113110
1101131103
1011311033
0113110333
1131103331
1311033311
3110333111
1103331111
1033311111
0333111110
3331111101
3311111011
3111110111
1111101113
1111011132
1110111321
1101113211
1011132113
0111321132
1113211321
1132113211
1321132110
3211321100
2113211002
1132110020
1321100200
3211002001
2110020010
1100200101
1002001011
0020010110
0200101102
2001011020
0010110200
0101102000
1011020002
0110200021
1102000211
1020002111
0200021112
2000211123
0002111232
0021112322
0211123222
2111232221
1112322210
1123222100
1232221002
2322210021
3222100211
2221002113
2210021133
2100211332
1002113322
0021133222
0211332223
2113322232
1133222323
1332223231
3322232310
3222323102
2223231023
2232310232
2323102322
3231023220
2310232201
3102322010
1023220101
0232201013
2322010132
3220101320
2201013202
2010132022
0101320220
1013202200
0132022002
1320220023
3202200233
2022002333
0220023330
2200233302
2002333020
0023330202
0233302022
2333020221
3330202210
3302022102
3020221020
0202210203
2022102030
0221020300
2210203003
2102030030
1020300303
0203003030
2030030303
0300303033
3003030331
0030303310
0303033100
3030331003
0303310030
3033100303
0331003032
3310030320
3100303200
1003032003
0030320030
0303200303
3032003032
0320030320
3200303200
2003032002
0030320022
0303200223
3032002233
0320022333
3200223333
2002233331
0022333310
0223333100
2233331002
2333310023
3333100230
3331002301
3310023011
3100230110
1002301102
0023011020
0230110202
2301102023
3011020231
0110202311
1102023110
1020231102
0202311022
2023110220
0231102203
2311022030
3110220302
1102203021
1022030211
0220302113
2203021133
2030211331
0302113313
3021133130
0211331300
2113313003
1133130030
1331300301
3313003011
3130030111
1300301111
3003011113
0030111133
0301111330
3011113300
0111133001
1111330013
1113300132
1133001320
1330013203
3300132032
3001320320
0013203200
0132032001
1320320010
3203200100
2032001000
0320010002
3200100023
2001000232
0010002323
0100023233
1000232333
0002323332
0023233321
0232333213
2323332130
3233321303
2333213030
3332130300
3321303001
3213030013
2130300131
1303001313
3030013132
0300131321
3001313213
0013132130
0131321300
1313213002
3132130023
1321300230
3213002300
2130023001
1300230011
3002300111
0023001110
0230011103
2300111033
3001110331
0011103311
0111033113
1110331131
1103311313
1033113133
0331131330
3311313300
3113133000
1131330000
1313300003
3133000030
1330000303
3300003030
3000030300
0000303002
0003030020
0030300201
0303002011
3030020113
0300201131
3002011313
0020113132
0201131320
2011313203
0113132030
1131320303
1313203032
3132030320
1320303200
3203032003
2030320030
0303200303
3032003033
0320030333
3200303331
2003033310
0030333103
0303331032
3033310323
0333103231
3331032313
3310323132
3103231323
1032313230
0323132300
3231323000
2313230003
3132300032
1323000320
3230003203
2300032032
3000320322
0003203222
0032032223
0320322231
3203222311
2032223111
0322231110
3222311101
2223111011
2231110110
2311101102
3111011022
1110110220
1101102200
1011022000
0110220002
1102200022
1022000220
0220002202
2200022021
2000220213
0002202132
0022021323
0220213233
2202132332
2021323321
0213233213
2132332133
1323321333
3233213331
2332133313
3321333133
3213331333
2133313332
1333133320
3331333200
3313332002
3133320023
1333200230
3332002300
3320023003
3200230033
2002300333
0023003331
0230033313
2300333133
3003331331
0033313311
0333133111
3331331113
3313311133
3133111333
1331113333
3311133332
3111333321
1113333213
1133332133
1333321331
3333213311
3332133113
3321331130
3213311303
2133113033
1331130332
3311303321
3113033213
1130332132
1303321320
3033213200
0332132001
3321320011
3213200110
2132001103
1320011030
3200110301
2001103013
0011030132
0110301321
1103013213
1030132133
0301321331
3013213310
0132133103
1321331030
3213310300
2133103000
1331030003
3310300030
3103000300
1030003003
0300030033
3000300333
0003003333
0030033332
0300333323
3003333233
0033332333
0333323332
3333233321
3332333213
3323332132
3233321320
2333213200
3332132002
3321320020
3213200200
2132002000
1320020002
3200200020
2002000202
0020002020
0200020200
2000202001
0002020012
0020200123
0202001230
2020012303
0200123033
2001230333
0012303333
0123033333
1230333331
2303333310
3033333103
0333331030
3333310300
3333103000
3331030001
3310300013
3103000131
1030001310
0300013103
3000131033
0001310330
0013103303
0131033031
1310330313
3103303133
1033031332
0330313322
3303133220
3031332201
0313322013
3133220132
1332201323
3322013233
3220132333
2201323330
2013233303
0132333030
1323330302
3233303021
2333030213
3330302130
3303021303
3030213033
0302130332
3021303322
0213033220
2130332200
1303322002
3033220022
0332200220
3322002201
3220022013
2200220130
2002201302
0022013022
0220130223
2201302231
2013022313
0130223133
1302231331
3022313311
0223133111
2231331113
2313311131
3133111312
1331113121
3311131211
3111312111
1113121111
1131211111
1312111111
3121111110
1211111102
2111111023
1111110232
1111102323
1111023232
1110232321
1102323210
1023232100
0232321002
2323210022
3232100222
2321002221
3210022211
2100222110
1002221102
0022211022
0222110222
2221102220
2211022202
2110222020
1102220201
1022202011
0222020113
2220201132
2202011320
2020113201
0201132013
2011320132
0113201323
1132013230
1320132301
3201323010
2013230100
0132301000
1323010002
3230100023
2301000230
3010002303
0100023032
1000230323
0002303233
0023032333
0230323333
2303233330
3032333303
0323333030
3233330300
2333303000
3333030003
3330300032
3303000323
3030003233
0300032332
3000323323
0003233232
0032332321
0323323213
3233232132
2332321323
3323213233
3232132330
2321323300
3213233001
2132330011
1323300111
3233001113
2330011132
3300111321
3001113210
0011132100
0111321000
1113210003
1132100030
1321000300
3210003000
2100030001
1000300013
0003000132
0030001320
0300013200
3000132003
0001320030
0013200300
0132003003
1320030030
3200300302
2003003021
0030030210
0300302100
3003021000
0030210001
0302100012
3021000121
