2212002220
2120022200
1200222003
2002220030
0022200302
0222003020
2220030200
2200302002
2003020023
0030200231
0302002312
3020023121
0200231213
2002312133
0023121331
0231213313
2312133133
3121331330
1213313303
2133133032
1331330322
3313303220
3133032201
1330322012
3303220122
3032201221
0322012210
3220122100
2201221000
2012210002
0122100020
1221000201
2210002010
2100020102
1000201022
0002010220
0020102202
0201022022
2010220223
0102202231
1022022312
0220223123
2202231230
2022312301
0223123010
2231230100
2312301000
3123010000
1230100001
2301000013
3010000133
0100001330
1000013300
0000133002
0001330021
0013300212
0133002120
1330021200
3300212002
3002120022
0021200220
0212002200
2120022000
1200220001
2002200011
0022000110
0220001102
2200011021
2000110212
0001102123
0011021233
0110212333
1102123330
1021233302
0212333022
2123330223
1233302230
2333022303
3330223030
3302230303
3022303030
0223030300
2230303003
2303030033
3030300330
0303003302
3030033021
0300330213
3003302130
0033021303
0330213032
3302130322
3021303220
0213032203
2130322033
1303220333
3032203332
0322033321
3220333211
2203332113
2033321132
0333211323
3332113233
3321132331
3211323311
2113233110
1132331100
1323311002
3233110023
2331100230
3311002303
3110023033
1100230332
1002303322
0023033223
0230332232
2303322320
3033223201
0332232012
3322320123
3223201233
2232012331
2320123310
3201233103
2012331032
0123310322
1233103220
2331032201
3310322013
3103220132
1032201321
0322013213
3220132132
2201321321
2013213213
0132132130
1321321302
3213213021
2132130213
1321302133
3213021333
2130213332
1302133321
3021333210
0213332102
2133321020
1333210200
3332102000
3321020000
3210200000
2102000003
1020000033
0200000333
2000003332
0000033322
0000333220
0003332202
0033322023
0333220232
3332202323
3322023231
3220232311
2202323110
2023231100
0232311003
2323110031
3231100313
2311003132
3110031323
1100313231
1003132313
0031323132
0313231322
3132313220
1323132202
3231322022
2313220223
3132202232
1322022320
3220223203
2202232032
2022320320
0223203200
2232032000
2320320002
3203200020
2032000202
0320002021
3200020211
2000202110
0002021102
0020211021
0202110212
2021102123
0211021231
2110212310
1102123100
1021231001
0212310010
2123100100
1231001000
2310010001
3100100013
1001000132
0010001323
0100013232
1000132322
0001323223
0013232231
0132322310
1323223103
3232231030
2322310301
3223103011
2231030113
2310301130
3103011303
1030113033
0301130332
3011303321
0113033210
1130332102
1303321022
3033210223
0332102233
3321022331
3210223313
2102233132
1022331323
0223313232
2233132323
2331323233
3313232333
3132323333
1323233332
3232333320
2323333200
3233332000
2333320001
3333200013
3332000132
3320001321
3200013213
2000132133
0001321330
0013213301
0132133010
1321330101
3213301010
2133010102
1330101020
3301010200
3010102002
0101020020
1010200200
0102002000
1020020002
0200200020
2002000203
0020002032
0200020323
2000203230
0002032300
0020323001
0203230010
2032300101
0323001012
3230010122
2300101223
3001012232
0010122323
0101223231
1012232311
0122323110
1223231101
2232311013
2323110133
3231101333
2311013332
3110133321
1101333210
1013332100
0133321003
1333210032
3332100321
3321003211
3210032110
2100321100
1003211000
0032110000
0321100003
3211000031
2110000310
1100003101
1000031013
0000310130
0003101300
0031013000
0310130000
3101300002
1013000020
0130000202
1300002022
3000020223
0000202231
0002022313
0020223132
0202231320
2022313202
0223132022
2231320222
2313202220
3132022203
1320222032
3202220320
2022203203
0222032030
2220320303
2203203031
2032030313
0320303133
3203031333
2030313331
0303133313
3031333133
0313331330
3133313302
1333133020
3331330202
3313302020
3133020200
1330202002
3302020023
3020200230
0202002300
2020023003
0200230031
2002300310
0023003100
0230031000
2300310002
3003100022
0031000220
0310002200
3100022003
1000220033
0002200331
0022003313
0220033130
2200331302
2003313020
0033130200
0331302003
3313020031
3130200311
1302003110
3020031103
0200311031
2003110311
0031103110
0311031103
3110311032
1103110321
1031103213
0311032133
3110321333
1103213333
1032133332
0321333320
3213333202
2133332023
1333320232
3333202321
3332023212
3320232120
3202321203
2023212030
0232120301
2321203013
3212030132
2120301322
1203013220
2030132203
0301322033
3013220331
0132203310
1322033100
3220331002
2203310023
2033100233
0331002333
3310023333
3100233331
1002333310
0023333102
0233331020
2333310203
3333102032
3331020320
3310203203
3102032033
1020320333
0203203332
2032033323
0320333232
3203332323
2033323233
0333232330
3332323301
3323233011
3232330111
2323301111
3233011110
2330111100
3301111002
3011110020
0111100200
1111002000
1110020002
1100200023
1002000232
0020002320
0200023203
2000232030
0002320302
0023203020
0232030200
2320302000
3203020001
2030200013
0302000132
3020001323
0200013233
2000132333
0001323331
0013233313
0132333132
1323331321
3233313213
2333132133
3331321331
3313213310
3132133103
1321331031
3213310311
2133103110
1331031101
3310311010
3103110103
1031101031
0311010313
3110103130
1101031300
1010313000
0103130002
1031300020
0313000200
3130002001
1300020010
3000200100
0002001003
0020010033
0200100332
2001003320
0010033203
0100332033
1003320330
0033203303
0332033033
3320330330
3203303300
2033033001
0330330010
3303300102
3033001023
0330010230
3300102300
3001023002
0010230022
0102300222
1023002220
0230022203
2300222030
3002220303
0022203030
0222030302
2220303020
2203030200
2030302000
0303020003
3030200030
0302000302
3020003020
0200030203
2000302033
0003020332
0030203320
0302033200
3020332000
0203320003
2033200031
0332000313
3320003130
3200031303
2000313032
0003130320
0031303200
0313032002
3130320020
1303200200
3032002000
0320020002
3200200020
2002000200
0020002002
0200020020
2000200200
0002002002
0020020020
0200200202
2002002020
0020020202
0200202020
2002020200
0020202000
0202020003
2020200030
0202000301
2020003013
0200030132
2000301320
0003013200
0030132003
0301320033
3013200332
0132003322
1320033222
3200332223
2003322232
0033222320
0332223201
3322232010
3222320100
2223201001
2232010013
2320100132
3201001321
2010013210
0100132103
1001321031
0013210313
0132103133
1321031332
3210313321
2103133211
1031332110
0313321101
3133211010
1332110102
3321101023
3211010232
2110102321
1101023210
1010232100
0102321003
1023210032
0232100322
2321003220
3210032200
2100322000
1003220003
0032200032
0322000320
3220003200
2200032000
2000320001
0003200010
0032000100
0320001002
3200010020
2000100203
0001002030
0010020303
0100203033
1002030331
0020303313
0203033131
2030331313
0303313131
3033131310
0331313102
3313131020
3131310200
1313102000
3131020002
1310200020
3102000200
1020002000
0200020000
2000200000
0002000000
0020000000
0200000000
2000000001
0000000013
0000000131
0000001313
0000013130
0000131302
0001313023
0013130230
0131302300
1313023000
3130230000
1302300001
3023000013
0230000132
2300001323
3000013232
0000132322
0001323223
0013232233
0132322333
1323223333
3232233332
2322333322
3223333220
2233332200
2333322000
3333220003
3332200031
3322000310
3220003100
2200031003
2000310032
0003100320
0031003202
0310032022
3100320220
1003202202
0032022021
0320220210
3202202101
2022021010
0220210102
2202101020
2021010203
0210102031
2101020310
1010203102
0102031023
1020310233
0203102333
2031023331
0310233310
3102333103
1023331031
0233310313
2333103132
3331031320
3310313200
3103132002
1031320020
0313200203
3132002030
1320020303
3200203033
2002030333
0020303333
0203033333
2030333330
0303333300
3033333000
0333330002
3333300020
3333000200
3330002002
3300020020
3000200202
0002002020
0020020200
0200202001
2002020010
0020200103
0202001030
2020010302
0200103023
2001030231
0010302310
0103023102
1030231021
0302310213
3023102132
0231021321
2310213210
3102132103
1021321032
0213210322
2132103220
1321032203
3210322033
2103220333
1032203333
0322033332
3220333320
2203333200
2033332000
0333320002
3333200023
3332000231
3320002311
3200023113
2000231133
0002311331
0023113311
0231133113
2311331131
3113311310
1133113103
1331131031
3311310313
3113103131
1131031310
1310313100
3103131002
1031310023
0313100233
3131002332
1310023322
3100233221
1002332210
0023322100
0233221003
2332210032
3322100320
3221003201
2210032013
2100320132
1003201323
0032013230
0320132301
3201323013
2013230130
0132301303
1323013032
3230130320
2301303200
3013032003
0130320031
1303200312
3032003120
0320031200
3200312002
2003120021
0031200211
0312002110
3120021100
1200211000
2002110000
0021100001
0211000013
2110000131
1100001313
1000013133
0000131332
0001313321
0013133211
0131332110
1313321101
3133211010
1332110103
3321101030
3211010302
2110103020
1101030202
1010302021
0103020210
1030202103
0302021031
3020210311
0202103113
2021031132
0210311320
2103113200
1031132000
0311320001
3113200010
1132000102
1320001023
3200010233
2000102332
0001023321
0010233211
0102332110
1023321101
0233211010
2332110101
3321101010
3211010103
2110101032
1101010320
1010103200
0101032001
1010320011
0103200110
1032001103
0320011031
3200110311
2001103113
0011031133
0110311330
1103113300
1031133000
0311330003
3113300030
1133000303
1330003030
3300030302
3000303020
0003030203
0030302030
0303020303
3030203030
0302030303
3020303032
0203030323
2030303232
0303032322
3030323220
0303232202
3032322021
0323220211
3232202113
2322021133
3220211330
2202113302
2021133020
0211330200
2113302002
1133020022
1330200222
3302002220
3020022202
0200222020
2002220200
0022202000
0222020000
2220200001
2202000013
2020000130
0200001302
2000013022
0000130220
0001302200
0013022002
0130220021
1302200211
3022002110
0220021100
2200211002
2002110020
0021100203
0211002032
2110020320
1100203203
1002032030
0020320301
0203203011
2032030111
0320301110
3203011100
2030111000
0301110001
3011100013
0111000132
1110001323
1100013231
1000132310
0001323100
0013231003
0132310032
1323100320
3231003200
2310032000
3100320000
1003200001
0032000013
0320000133
3200001330
2000013302
0000133020
0001330200
0013302000
0133020003
1330200033
3302000333
3020003333
0200033333
2000333332
0003333320
0033333202
0333332022
3333320220
3333202200
3332022000
3320220000
3202200003
2022000032
0220000323
2200003232
2000032320
0000323201
0003232013
0032320132
0323201323
3232013231
2320132310
3201323100
2013231000
0132310001
1323100010
3231000102
2310001021
3100010210
1000102100
0001021001
0010210010
0102100100
1021001002
0210010020
2100100203
1001002032
0010020323
0100203230
1002032303
0020323031
0203230313
2032303133
0323031333
3230313333
2303133331
3031333313
0313333130
3133331302
1333313020
3333130203
3331302033
3313020331
3130203311
1302033113
3020331132
0203311321
2033113210
0331132103
3311321032
3113210322
1132103220
1321032200
3210322001
2103220010
1032200100
0322001001
3220010011
2200100113
2001001132
0010011322
0100113223
1001132233
0011322333
0113223333
1132233330
1322333302
3223333023
2233330233
2333302330
3333023301
3330233011
3302330113
3023301130
0233011301
2330113010
3301130102
3011301022
0113010220
1130102203
1301022032
3010220320
0102203203
1022032030
0220320302
2203203020
2032030203
0320302031
3203020313
2030203133
0302031331
3020313313
0203133133
2031331331
0313313313
3133133133
1331331333
3313313331
3133133313
1331333132
3313331321
3133313210
1333132102
3331321022
3313210220
3132102201
1321022012
3210220120
2102201201
1022012010
0220120101
2201201010
2012010100
0120101002
1201010023
2010100230
0101002301
1010023010
0100230100
1002301003
0023010033
0230100332
2301003322
3010033223
0100332233
1003322332
0033223322
0332233223
3322332232
3223322320
2233223200
2332232002
3322320021
3223200211
2232002110
2320021103
3200211032
2002110321
0021103210
0211032103
2110321030
1103210303
1032103032
0321030320
3210303200
2103032003
1030320030
0303200301
3032003010
0320030100
3200301000
2003010003
0030100032
0301000320
3010003200
0100032001
1000320010
0003200102
0032001020
0320010203
3200102030
2001020302
0010203020
0102030203
1020302030
0203020300
2030203003
0302030032
3020300322
0203003221
2030032212
0300322120
3003221200
0032212000
0322120000
3221200000
2212000000
2120000001
1200000013
2000000131
0000001313
0000013131
0000131310
0001313103
0013131033
0131310332
1313103320
3131033201
1310332011
3103320110
1033201100
0332011003
3320110031
3201100313
2011003132
0110031321
1100313213
1003132132
0031321322
0313213220
3132132200
1321322000
3213220003
2132200033
1322000333
3220003330
2200033303
2000333031
0003330310
0033303102
0333031023
3330310233
3303102332
3031023323
0310233230
3102332303
1023323032
0233230321
2332303212
3323032122
3230321220
2303212200
3032122000
0321220003
3212200030
2122000300
1220003002
2200030022
2000300220
0003002200
0030022003
0300220032
3002200321
0022003211
0220032110
2200321100
2003211003
0032110033
0321100330
3211003301
2110033010
1100330102
1003301023
0033010231
0330102311
3301023111
3010231110
0102311102
1023111020
0231110201
2311102013
3111020130
1110201303
1102013032
1020130321
0201303211
2013032113
0130321132
1303211322
3032113223
0321132232
3211322323
2113223231
1132232313
1322323132
3223231323
2232313231
2323132313
3231323132
2313231320
3132313202
1323132023
3231320230
2313202300
3132023000
1320230000
3202300002
2023000023
0230000233
2300002331
3000023313
0000233132
0002331322
0023313222
0233132222
2331322220
3313222202
3132222022
1322220220
3222202200
2222022000
2220220003
2202200032
2022000320
0220003203
2200032030
2000320301
0003203010
0032030102
0320301022
3203010220
2030102202
0301022020
3010220203
0102202033
1022020330
0220203300
2202033003
2020330032
0203300320
2033003200
0330032002
3300320023
3003200231
0032002310
0320023100
3200231003
2002310032
0023100320
0231003202
2310032023
3100320232
1003202322
0032023222
0320232223
3202322233
2023222333
0232223331
2322233313
3222333130
2223331300
2233313000
2333130000
3331300002
3313000021
3130000210
1300002100
3000021002
0000210022
0002100220
0021002202
0210022020
2100220203
1002202031
0022020311
0220203113
2202031133
2020311333
0203113331
2031133313
0311333133
3113331331
1133313313
1333133130
3331331300
3313313003
3133130033
1331300331
3313003310
3130033101
1300331013
3003310132
0033101322
0331013223
3310132232
3101322320
1013223200
0132232003
1322320032
3223200322
2232003223
2320032233
3200322332
2003223321
0032233210
0322332102
3223321023
2233210232
2332102320
3321023200
3210232002
2102320020
1023200202
0232002021
2320020212
3200202123
2002021231
0020212313
0202123133
2021231331
0212313310
2123133102
1231331022
2313310220
3133102203
1331022033
3310220331
3102203310
1022033102
0220331020
2203310203
2033102033
0331020331
3310203311
3102033113
1020331131
0203311312
2033113122
0331131220
3311312203
3113122033
1131220331
1312203313
3122033131
1220331310
2203313102
2033131020
0331310203
3313102031
3131020313
1310203131
3102031313
1020313131
0203131310
2031313100
0313131001
3131310011
1313100110
3131001101
1310011013
3100110132
1001101320
0011013202
0110132020
1101320200
1013202000
0132020002
1320200022
3202000223
2020002230
0200022302
2000223021
0002230211
0022302110
0223021101
2230211013
2302110131
3021101310
0211013100
2110131000
1101310000
1013100002
0131000020
1310000202
3100002020
1000020200
0000202003
0002020030
0020200303
0202003033
2020030331
0200303312
2003033120
0030331203
0303312031
3033120313
0331203132
3312031320
3120313200
1203132003
2031320032
0313200320
3132003203
1320032033
3200320333
2003203331
0032033312
0320333123
3203331233
2033312330
0333123300
3331233000
3312330000
3123300002
1233000020
2330000201
3300002010
3000020102
0000201022
0002010220
0020102203
0201022032
2010220322
0102203220
1022032200
0220322000
2203220000
2032200002
0322000021
3220000210
2200002100
2000021002
0000210023
0002100232
0021002320
0210023201
2100232010
1002320100
0023201002
0232010022
2320100220
3201002200
2010022003
0100220033
1002200330
0022003302
0220033023
2200330233
2003302330
0033023302
0330233020
3302330200
3023302000
0233020002
2330200020
3302000202
3020002020
0200020202
2000202020
0002020200
0020202002
0202020020
2020200201
0202002011
2020020111
0200201113
2002011132
0020111323
0201113233
2011132332
0111323323
1113233232
1132332322
1323323220
3233232200
2332322000
3323220000
3232200003
2322000030
3220000302
2200003023
2000030232
0000302320
0003023203
0030232031
0302320310
3023203100
0232031000
2320310001
3203100011
2031000113
0310001133
3100011333
1000113332
0001133322
0011333223
0113332232
1133322322
1333223223
3332232232
3322322323
3223223233
2232232330
2322323300
3223233000
2232330000
2323300000
3233000000
2330000003
3300000031
3000000311
0000003111
0000031111
0000311110
0003111102
0031111021
0311110210
3111102102
1111021020
1110210200
1102102001
1021020011
0210200110
2102001103
1020011031
0200110310
2001103102
0011031020
0110310200
1103102002
1031020021
0310200213
3102002132
1020021321
0200213213
2002132133
0021321333
0213213333
2132133333
1321333333
3213333330
2133333300
1333333000
3333330000
3333300002
3333000023
3330000230
3300002302
3000023021
0000230211
0002302113
0023021132
0230211323
2302113232
3021132323
0211323233
2113232332
1132323320
1323233202
3232332022
2323320220
3233202200
2332022002
3320220021
3202200210
2022002102
0220021023
2200210232
2002102323
0021023231
0210232311
2102323110
1023231103
0232311031
2323110313
3231103133
2311031332
3110313320
1103133200
1031332000
0313320002
3133200022
1332000220
3320002202
3200022020
2000220203
0002202032
0022020322
0220203220
2202032202
2020322020
0203220203
2032202030
0322020300
3220203000
2202030001
2020300010
0203000100
2030001001
0300010011
3000100113
0001001131
0010011310
0100113102
1001131020
0011310200
0113102003
1131020032
1310200320
3102003200
1020032003
0200320032
2003200321
0032003211
0320032110
3200321101
2003211012
0032110123
0321101232
3211012323
2110123233
1101232330
1012323301
0123233011
1232330110
2323301102
3233011020
2330110200
3301102003
3011020033
0110200332
1102003320
1020033200
0200332001
2003320011
0033200113
0332001130
3320011300
3200113001
2001130010
0011300100
0113001000
1130010000
1300100000
3001000003
0010000032
0100000320
1000003200
0000032000
0000320000
0003200000
0032000001
0320000010
3200000100
2000001000
0000010000
0000100002
0001000023
0010000233
0100002330
1000023303
0000233033
0002330333
0023303332
0233033320
2330333200
3303332001
3033320010
0333200100
3332001002
3320010020
3200100202
2001002020
0010020200
0100202002
1002020023
0020200230
0202002300
2020023000
0200230002
2002300020
0023000200
0230002003
2300020033
3000200330
0002003300
0020033003
0200330031
2003300310
0033003100
0330031000
3300310001
3003100011
0031000110
0310001101
3100011013
1000110133
0001101332
0011013322
0110133223
1101332230
1013322300
0133223000
1332230001
3322300013
3223000132
2230001321
2300013210
3000132102
0001321022
0013210223
0132102232
1321022323
3210223233
2102232332
1022323320
0223233200
2232332003
2323320030
3233200300
2332003000
3320030000
3200300002
2003000021
0030000211
0300002111
3000021113
0000211130
0002111303
0021113032
0211130321
2111303213
1113032130
1130321303
1303213031
3032130313
0321303132
3213031320
2130313202
1303132022
3031320220
0313202202
3132022020
1320220201
3202202011
2022020110
0220201100
2202011002
2020110022
0201100220
2011002200
0110022002
1100220020
1002200202
0022002021
0220020213
2200202132
2002021322
0020213220
0202132203
2021322030
0213220303
2132203033
1322030330
3220303300
2203033002
2030330022
0303300220
3033002202
0330022021
3300220213
3002202132
0022021320
0220213202
2202132020
2021320200
0213202000
2132020000
1320200000
3202000003
2020000032
0200000320
2000003202
0000032023
0000320231
0003202310
0032023100
0320231000
3202310000
2023100001
0231000011
2310000110
3100001102
1000011020
0000110200
0001102002
0011020021
0110200212
1102002120
1020021202
0200212023
2002120231
0021202310
0212023100
2120231000
1202310003
2023100032
0231000322
2310003220
3100032200
1000322001
0003220010
0032200100
0322001002
3220010022
2200100220
2001002202
0010022020
0100220203
1002202033
0022020331
0220203310
2202033100
2020331003
0203310033
2033100330
0331003303
3310033033
3100330331
1003303310
0033033101
0330331010
3303310100
3033101000
0331010000
3310100002
3101000020
1010000200
0100002002
1000020021
0000200211
0002002110
0020021102
0200211022
2002110220
0021102202
0211022020
2110220201
1102202010
1022020100
0220201000
2202010002
2020100023
0201000232
2010002323
0100023230
1000232301
0002323011
0023230110
0232301100
2323011001
3230110013
2301100130
3011001300
0110013002
1100130020
1001300202
0013002020
0130020200
1300202000
3002020000
0020200000
0202000003
2020000030
0200000300
2000003000
0000030003
0000300032
0003000323
0030003232
0300032320
3000323200
0003232003
0032320032
0323200320
3232003202
2320032020
3200320202
2003202020
0032020202
0320202020
3202020200
2020202001
0202020013
2020200130
0202001300
2020013000
0200130000
2001300001
0013000010
0130000100
1300001003
3000010031
0000100313
0001003130
0010031303
0100313033
1003130333
0031303331
0313033313
3130333131
1303331313
3033313133
0333131333
3331313331
3313133310
3131333102
1313331020
3133310200
1333102000
3331020001
3310200010
3102000100
1020001003
0200010032
2000100321
0001003211
0010032110
0100321103
1003211031
0032110313
0321103133
3211031331
2110313311
1103133113
1031331131
0313311313
3133113132
1331131323
3311313230
3113132300
1131323001
1313230010
3132300102
1323001020
3230010200
2300102002
3001020020
0010200203
0102002032
1020020320
0200203201
2002032013
0020320133
0203201331
2032013313
0320133132
3201331323
2013313230
0133132303
1331323031
3313230311
3132303113
1323031132
3230311321
2303113210
3031132102
0311321022
3113210220
1132102200
1321022000
3210220000
2102200003
1022000031
0220000311
2200003110
2000031100
0000311000
0003110002
0031100020
0311000200
3110002000
1100020002
1000200023
0002000230
0020002300
0200023000
2000230002
0002300023
0023000233
0230002333
2300023333
3000233330
0002333303
0023333033
0233330331
2333303310
3333033102
3330331020
3303310203
3033102030
0331020303
3310203031
3102030310
1020303102
0203031021
2030310210
0303102103
3031021032
0310210320
3102103203
1021032033
0210320332
2103203320
1032033203
0320332030
3203320300
2033203002
0332030021
3320300213
3203002132
2030021320
0300213200
3002132001
0021320011
0213200113
2132001130
1320011303
3200113032
2001130323
0011303230
0113032300
1130323003
1303230031
3032300313
0323003130
3230031302
2300313020
3003130201
0031302010
0313020103
3130201032
1302010322
3020103221
0201032212
2010322123
0103221230
1032212303
0322123032
3221230321
2212303213
2123032130
1230321300
2303213001
3032130011
0321300110
3213001103
2130011032
1300110320
3001103200
0011032000
0110320000
1103200002
1032000023
0320000233
3200002333
2000023331
0000233311
0002333113
0023331131
0233311310
2333113103
3331131032
3311310323
3113103232
1131032320
1310323203
3103232033
1032320332
0323203322
3232033222
2320332220
3203322201
2033222013
0332220133
3322201333
3222013330
2220133300
2201333000
2013330000
0133300002
1333000020
3330000201
3300002010
3000020103
0000201033
0002010331
0020103313
0201033132
2010331320
0103313200
1033132003
0331320030
3313200301
3132003013
1320030130
3200301300
2003013000
0030130002
0301300022
3013000220
0130002200
1300022001
3000220013
0002200132
0022001321
0220013210
2200132102
2001321020
0013210202
0132102020
1321020202
3210202021
2102020211
1020202110
0202021101
2020211010
0202110100
2021101003
0211010032
2110100321
1101003210
1010032102
0100321020
1003210203
0032102033
0321020331
3210203311
2102033111
1020331110
0203311100
2033111002
0331110020
3311100201
3111002010
1110020102
1100201022
1002010220
0020102200
0201022001
2010220013
0102200131
1022001310
0220013101
2200131010
2001310101
0013101013
0131010133
1310101332
3101013321
1010133210
0101332102
1013321023
0133210233
1332102333
3321023331
3210233310
2102333103
1023331031
0233310313
2333103133
3331031332
3310313322
3103133220
1031332200
0313322000
3133220002
1332200022
3322000223
3220002230
2200022302
2000223020
0002230200
0022302001
0223020010
2230200100
2302001002
3020010021
0200100210
2001002102
0010021023
0100210233
1002102333
0021023331
0210233313
2102333130
1023331300
0233313002
2333130020
3331300200
3313002003
3130020030
1300200300
3002003000
0020030001
0200300010
2003000102
0030001022
0300010223
3000102231
0001022310
0010223103
0102231032
1022310320
0223103203
2231032032
2310320320
3103203200
1032032003
0320320031
3203200310
2032003100
0320031001
3200310013
2003100133
0031001332
0310013320
3100133200
1001332000
0013320000
0133200000
1332000003
3320000030
3200000303
2000003032
0000030321
0000303210
0003032100
0030321003
0303210033
3032100333
0321003332
3210033323
2100333233
1003332331
0033323313
0333233132
3332331320
3323313200
3233132000
2331320003
3313200030
3132000300
1320003003
3200030030
2000300301
0003003010
0030030102
0300301023
3003010232
0030102323
0301023232
3010232320
0102323203
1023232030
0232320300
2323203000
3232030000
2320300003
3203000033
2030000333
0300003332
3000033321
0000333210
0003332101
0033321010
0333210102
3332101020
3321010203
3210102030
2101020300
1010203003
0102030033
1020300332
0203003321
2030033210
0300332100
3003321002
0033210023
0332100231
3321002313
3210023131
2100231311
1002313113
0023131132
0231311320
2313113200
3131132000
1311320003
3113200031
1132000310
1320003100
3200031001
2000310010
0003100100
0031001003
0310010030
3100100300
1001003000
0010030002
0100300021
1003000213
0030002130
0300021300
3000213000
0002130002
0021300022
0213000222
2130002220
1300022200
3000222003
0002220033
0022200332
0222003323
2220033232
2200332320
2003323200
0033232003
0332320033
3323200332
3232003320
2320033200
3200332003
2003320031
0033200313
0332003132
3320031322
3200313220
2003132200
0031322000
0313220001
3132200013
1322000132
3220001320
2200013200
2000132002
0001320020
0013200202
0132002020
1320020202
3200202023
2002020232
0020202320
0202023200
2020232001
0202320013
2023200130
0232001302
2320013020
3200130203
2001302031
0013020311
0130203110
1302031102
3020311022
0203110221
2031102213
0311022133
3110221331
1102213310
1022133103
0221331032
2213310321
2133103210
1331032102
3310321020
3103210200
1032102003
0321020030
3210200303
2102003030
1020030303
0200303033
2003030333
0030303330
0303033302
3030333021
0303330213
3033302132
0333021321
3330213213
3302132132
3021321321
0213213210
2132132100
1321321000
3213210001
2132100012
1321000121
3210001211
2100012113
1000121132
0001211323
0012113231
0121132310
1211323103
2113231033
1132310331
1323103313
3231033133
2310331332
3103313323
1033133233
0331332330
3313323303
3133233032
1332330323
3323303231
3233032311
2330323110
3303231100
3032311002
0323110023
3231100231
2311002310
3110023100
1100231002
1002310023
0023100230
0231002300
2310023000
3100230002
1002300022
0023000220
0230002200
2300022003
3000220033
0002200332
0022003322
0220033221
2200332213
2003322132
0033221323
0332213232
3322132320
3221323202
2213232023
2132320230
1323202300
3232023003
2320230030
3202300300
2023003000
0230030003
2300300030
3003000303
0030003033
0300030333
3000303332
0003033321
0030333210
0303332100
3033321002
0333210022
3332100222
3321002221
3210022213
2100222130
1002221300
0022213002
0222130021
2221300211
2213002111
2130021113
1300211132
3002111320
0021113201
0211132010
2111320100
1113201000
1132010000
1320100002
3201000022
2010000222
0100002220
1000022203
0000222030
0002220300
0022203000
0222030002
2220300020
2203000203
2030002032
0300020322
3000203220
0002032200
0020322001
0203220010
2032200101
0322001010
3220010103
2200101032
2001010320
0010103200
0101032002
1010320020
0103200202
1032002020
0320020200
3200202000
2002020003
0020200032
0202000323
2020003232
0200032320
2000323203
0003232032
0032320323
0323203233
3232032333
2320323331
3203233313
2032333133
0323331332
3233313323
2333133231
3331332310
3313323101
3133231010
1332310103
3323101032
3231010320
2310103200
3101032003
1010320030
0103200300
1032003000
0320030000
3200300002
2003000023
0030000230
0300002301
3000023011
0000230113
0002301131
0023011313
0230113130
2301131303
3011313031
0113130311
1131303110
1313031100
3130311000
1303110001
3031100010
0311000101
3110001011
1100010110
1000101100
0001011001
0010110010
0101100103
1011001033
0110010333
1100103333
1001033331
0010333313
0103333130
1033331303
0333313030
3333130303
3331303031
3313030311
3130303110
1303031102
3030311023
0303110233
3031102333
0311023333
3110233333
1102333331
1023333313
0233333132
2333331320
3333313200
3333132001
3331320010
3313200103
3132001030
1320010300
3200103000
2001030000
0010300000
0103000003
1030000032
0300000320
3000003200
0000032003
0000320030
0003200301
0032003011
0320030111
3200301113
2003011131
0030111310
0301113102
3011131023
0111310233
1113102333
1131023332
1310233321
3102333211
1023332113
0233321133
2333211332
3332113320
3321133200
3211332000
2113320002
1133200023
1332000233
3320002331
3200023311
2000233110
0002331103
0023311033
0233110333
2331103331
3311033311
3110333113
1103331132
1033311320
0333113203
3331132033
3311320332
3113203323
1132033231
1320332311
3203323110
2033231103
0332311031
3323110310
3231103100
2311031003
3110310030
1103100303
1031003031
0310030313
3100303131
1003031313
0030313130
0303131301
3031313010
0313130100
3131301003
1313010031
3130100310
1301003102
3010031023
0100310233
1003102330
0031023301
0310233011
3102330110
1023301102
0233011020
2330110200
3301102000
3011020003
0110200032
1102000320
1020003200
0200032002
2000320020
0003200200
0032002002
0320020020
3200200203
2002002032
0020020322
0200203220
2002032203
0020322032
0203220323
2032203231
0322032310
3220323100
2203231001
2032310011
0323100110
3231001102
2310011020
3100110200
1001102000
0011020002
0110200023
1102000230
1020002300
0200023000
2000230000
0002300000
0023000002
0230000020
2300000201
3000002010
0000020102
0000201023
0002010232
0020102322
0201023220
2010232203
0102322032
1023220320
0232203200
2322032001
3220320010
2203200102
2032001020
0320010202
3200102020
2001020201
0010202010
0102020100
1020201003
0202010031
2020100313
0201003131
2010031311
0100313110
1003131102
0031311022
0313110222
3131102223
1311022233
3110222330
1102223302
1022233020
0222330202
2223302020
2233020200
2330202000
3302020000
3020200003
0202000033
2020000330
0200003301
2000033013
0000330132
0003301320
0033013200
0330132000
3301320002
3013200023
0132000231
1320002311
3200023110
2000231102
0002311020
0023110203
0231102032
2311020320
3110203203
1102032033
1020320332
0203203321
2032033210
0320332103
3203321033
2033210330
0332103302
3321033020
3210330200
2103302002
1033020023
0330200233
3302002333
3020023332
0200233320
2002333200
0023332003
0233320032
2333200323
3332003231
3320032313
3200323132
2003231322
0032313220
0323132200
3231322000
2313220000
3132200000
1322000003
3220000030
2200000302
2000003021
0000030210
0000302100
0003021003
0030210033
0302100333
3021003332
0210033321
2100333210
1003332101
0033321012
0333210120
3332101201
3321012010
3210120101
2101201010
1012010100
0120101002
1201010023
2010100233
0101002333
1010023331
0100233310
1002333102
0023331021
0233310211
2333102110
3331021100
3310211000
3102110003
1021100033
0211000330
2110003300
1100033003
1000330030
0003300302
0033003023
0330030230
3300302302
3003023023
0030230233
0302302331
3023023313
0230233132
2302331322
3023313223
0233132233
2331322331
3313223310
3132233102
1322331023
3223310231
2233102311
2331023110
3310231101
3102311013
1023110133
0231101331
2311013311
3110133110
1101331100
1013311002
0133110020
1331100200
3311002002
3110020021
1100200210
1002002100
0020021000
0200210000
2002100003
0021000031
0210000311
2100003111
1000031110
0000311100
0003111002
0031110020
0311100203
3111002030
1110020303
1100203033
1002030332
0020303320
0203033200
2030332000
0303320000
3033200001
0332000010
3320000100
3200001000
2000010000
0000100000
0001000000
0010000000
0100000003
1000000032
0000000322
0000003220
0000032200
0000322001
0003220013
0032200132
0322001320
3220013200
2200132003
2001320033
0013200331
0132003313
1320033131
3200331310
2003313102
0033131020
0331310203
3313102030
3131020302
1310203020
3102030200
1020302003
0203020033
2030200330
0302003300
3020033003
0200330032
2003300321
0033003210
0330032102
3300321021
3003210210
0032102100
0321021001
3210210010
2102100103
1021001033
0210010330
2100103303
1001033033
0010330333
0103303330
1033033300
0330333000
3303330003
3033300033
0333000331
3330003313
3300033132
3000331323
0003313232
0033132321
0331323211
3313232110
3132321103
1323211033
3232110332
2321103323
3211033233
2110332330
1103323301
1033233013
0332330133
3323301332
3233013320
2330133200
3301332003
3013320033
0133200331
1332003310
3320033103
3200331031
2003310310
0033103100
0331031003
3310310032
3103100321
1031003213
0310032132
3100321322
1003213220
0032132200
0321322000
3213220000
2132200000
1322000000
3220000002
2200000020
2000000200
0000002001
0000020011
0000200111
0002001111
0020011110
0200111103
2001111032
0011110320
0111103200
1111032000
1110320002
1103200020
1032000200
0320002000
3200020000
2000200002
0002000021
0020000210
0200002100
2000021001
0000210013
0002100130
0021001300
0210013000
2100130001
1001300010
0013000102
0130001023
1300010231
3000102310
0001023101
0010231010
0102310101
1023101010
0231010102
2310101020
3101010200
1010102000
0101020000
1010200000
0102000002
1020000021
0200000213
2000002132
0000021323
0000213233
0002132332
0021323321
0213233213
2132332132
1323321323
3233213233
2332132333
3321323331
3213233313
2132333130
1323331302
3233313021
2333130210
3331302101
3313021011
3130210112
1302101122
3021011223
0210112232
2101122322
1011223222
0112232220
1122322203
1223222033
2232220330
2322203300
3222033002
2220330020
2203300202
2033002023
0330020232
3300202321
3002023212
0020232120
0202321203
2023212033
0232120331
2321203311
3212033111
2120331111
1203311110
2033111100
0331111001
3311110013
3111100132
1111001320
1110013200
1100132003
1001320033
0013200333
0132003330
1320033302
3200333020
2003330200
0033302003
0333020032
3330200323
3302003233
3020032331
0200323313
2003233132
0032331321
0323313212
3233132120
2331321200
3313212000
3132120002
1321200020
3212000202
2120002021
1200020210
2000202103
0002021031
0020210310
0202103100
2021031001
0210310010
2103100103
1031001033
0310010333
3100103333
1001033332
0010333320
0103333200
1033332001
0333320013
3333200132
3332001321
3320013213
3200132132
2001321323
0013213231
0132132310
1321323102
3213231020
2132310202
1323102020
3231020201
2310202010
3102020101
1020201011
0202010110
2020101102
0201011020
2010110201
0101102010
1011020100
0110201001
1102010012
1020100123
0201001233
2010012333
0100123333
1001233332
0012333322
0123333220
1233332201
2333322011
3333220111
3332201110
3322011102
3220111021
2201110213
2011102130
0111021301
1110213011
1102130110
1021301102
0213011020
2130110200
1301102002
3011020023
0110200230
1102002300
1020023000
0200230000
2002300000
0023000002
0230000022
2300000222
3000002223
0000022233
0000222331
0002223310
0022233101
0222331011
2223310110
2233101100
2331011000
3310110001
3101100011
1011000113
0110001133
1100011333
1000113332
0001133322
0011333222
0113332220
1133322200
1333222000
3332220001
3322200010
3222000100
2220001000
2200010003
2000100032
0001000320
0010003201
0100032010
1000320103
0003201031
0032010313
0320103133
3201031332
2010313322
0103133221
1031332211
0313322110
3133221103
1332211032
3322110323
3221103231
2211032313
2110323132
1103231321
1032313213
0323132130
3231321300
2313213000
3132130000
1321300001
3213000010
2130000102
1300001020
3000010201
0000102010
0001020100
0010201002
0102010021
1020100210
0201002100
2010021000
0100210003
1002100033
0021000330
0210003301
2100033013
1000330130
0003301300
0033013000
0330130002
3301300022
3013000220
0130002200
1300022001
3000220010
0002200102
0022001020
0220010203
2200102031
2001020313
0010203132
0102031322
1020313220
0203132203
2031322030
0313220302
3132203023
1322030230
3220302300
2203023000
2030230000
0302300000
3023000001
0230000010
2300000100
3000001000
0000010003
0000100032
0001000321
0010003210
0100032102
1000321023
0003210231
0032102311
0321023111
3210231110
2102311101
1023111012
0231110123
2311101233
3111012332
1110123320
1101233200
1012332002
0123320020
1233200202
2332002023
3320020231
3200202310
2002023102
0020231022
0202310220
2023102201
0231022013
2310220133
3102201333
1022013332
0220133323
2201333233
2013332333
0133323333
1333233332
3332333320
3323333201
3233332013
2333320133
3333201330
3332013301
3320133011
3201330110
2013301102
0133011020
1330110200
3301102000
3011020003
0110200033
1102000332
1020003321
0200033213
2000332130
0003321301
0033213010
0332130102
3321301020
3213010200
2130102002
1301020021
3010200213
0102002132
1020021321
0200213211
2002132110
0021321103
0213211033
2132110331
1321103313
3211033131
2110331310
1103313102
1033131020
0331310200
3313102002
3131020020
1310200203
3102002032
1020020320
0200203203
2002032033
0020320331
0203203311
2032033110
0320331102
3203311023
2033110232
0331102320
3311023200
3110232002
1102320020
1023200203
0232002032
2320020320
3200203200
2002032000
0020320000
0203200002
2032000021
0320000213
3200002133
2000021331
0000213311
0002133113
0021331133
0213311332
2133113323
1331133233
3311332331
3113323313
1133233131
1332331310
3323313102
3233131022
2331310220
3313102200
3131022001
1310220012
3102200120
1022001200
0220012003
2200120030
2001200300
0012003000
0120030003
1200300030
2003000303
0030003032
0300030321
3000303210
0003032100
0030321000
0303210002
3032100021
0321000210
3210002101
2100021010
1000210101
0002101010
0021010102
0210101023
2101010231
1010102310
0101023101
1010231010
0102310103
1023101031
0231010311
2310103110
3101031102
1010311023
0103110230
1031102300
0311023000
3110230000
1102300002
1023000020
0230000202
2300002020
3000020200
0000202002
0002020020
0020200200
0202002002
2020020020
0200200203
2002002030
0020020301
0200203011
2002030110
0020301102
0203011023
2030110230
0301102302
3011023020
0110230202
1102302020
1023020203
0230202032
2302020321
3020203213
0202032130
2020321302
0203213021
2032130210
0321302103
3213021031
2130210310
1302103102
3021031020
0210310202
2103102020
1031020202
0310202021
3102020210
1020202100
0202021003
2020210030
0202100302
2021003021
0210030210
2100302102
1003021020
0030210200
0302102002
3021020023
0210200233
2102002332
1020023323
0200233233
2002332333
0023323331
0233233310
2332333100
3323331000
3233310001
2333100010
3331000101
3310001010
3100010100
1000101000
0001010000
0010100000
0101000000
1010000002
0100000020
1000000202
0000002022
0000020220
0000202203
0002022032
0020220323
0202203231
2022032313
0220323132
2203231321
2032313211
0323132110
3231321100
2313211000
3132110002
1321100021
3211000211
2110002110
1100021100
1000211002
0002110020
0021100200
0211002003
2110020031
1100200310
1002003102
0020031020
0200310200
2003102003
0031020033
0310200331
3102003313
1020033131
0200331313
2003313131
0033131313
0331313132
3313131320
3131313200
1313132003
3131320033
1313200333
3132003330
1320033303
3200333033
2003330333
0033303333
0333033331
3330333313
3303333133
3033331331
0333313313
3333133131
3331331310
3313313102
3133131023
1331310231
3313102310
3131023100
1310231000
3102310003
1023100032
0231000323
2310003230
3100032303
1000323031
0003230313
0032303132
0323031323
3230313232
2303132322
3031323223
0313232233
3132322333
1323223331
3232233313
2322333132
3223331322
2233313221
2333132210
3331322100
3313221000
3132210002
1322100021
3221000213
2210002133
2100021332
1000213323
0002133230
0021332300
0213323003
2133230033
1332300331
3323003310
3230033100
2300331000
3003310002
0033100022
0331000220
3310002203
3100022033
1000220333
0002203330
0022033303
0220333033
2203330331
2033303311
0333033111
3330331110
3303311103
3033111033
0331110331
3311103313
3111033131
1110331313
1103313130
1033131300
0331313003
3313130033
3131300331
1313003311
3130033110
1300331100
3003311000
0033110002
0331100020
3311000202
3110002020
1100020200
1000202000
0002020003
0020200033
0202000332
2020003321
0200033211
2000332111
0003321110
0033211102
0332111023
3321110231
3211102313
2111023131
1110231310
1102313102
1023131023
0231310232
2313102322
3131023222
1310232220
3102322200
1023222003
0232220030
2322200300
3222003001
2220030012
2200300120
2003001200
0030012002
0300120020
3001200201
0012002010
0120020103
1200201033
2002010333
0020103331
0201033310
2010333101
0103331011
1033310113
0333101130
3331011302
3310113023
3101130232
1011302320
0113023203
1130232030
1302320300
3023203000
0232030002
2320300023
3203000231
2030002313
0300023131
3000231313
0002313130
0023131303
0231313030
2313130302
3131303020
1313030203
3130302032
1303020321
3030203213
0302032132
3020321320
0203213202
2032132021
0321320210
3213202100
2132021001
1320210013
3202100130
2021001300
0210013000
2100130000
1001300003
0013000032
0130000323
1300003232
3000032322
0000323220
0003232201
0032322010
0323220100
3232201002
2322010020
3220100200
2201002002
2010020020
0100200200
1002002003
0020020030
0200200303
2002003032
0020030321
0200303210
2003032101
0030321010
0303210103
3032101033
0321010331
3210103310
2101033102
1010331020
0103310200
1033102003
0331020031
3310200311
3102003110
1020031100
0200311003
2003110033
0031100333
0311003330
3110033302
1100333022
1003330223
0033302232
0333022320
3330223200
3302232002
3022320020
0223200200
2232002000
2320020003
3200200032
2002000320
0020003203
0200032032
2000320321
0003203211
0032032111
0320321113
3203211130
2032111303
0321113032
3211130320
2111303201
1113032010
1130320102
1303201023
3032010232
0320102320
3201023200
2010232002
0102320021
1023200210
0232002100
2320021001
3200210011
2002100112
0021001121
0210011213
2100112131
1001121313
0011213132
0112131322
1121313220
1213132200
2131322002
1313220020
3132200203
1322002033
3220020331
2200203310
2002033103
0020331033
0203310333
2033103332
0331033322
3310333223
3103332231
1033322310
0333223100
3332231003
3322310033
3223100331
2231003313
2310033131
3100331313
1003313131
0033131310
0331313102
3313131020
3131310202
1313102023
3131020232
1310202320
3102023200
1020232000
0202320003
2023200033
0232000331
2320003313
3200033133
2000331330
0003313301
0033133011
0331330110
3313301101
3133011010
1330110101
3301101010
3011010102
0110101021
1101010210
1010102100
0101021000
1010210002
0102100022
1021000222
0210002220
2100022203
1000222032
0002220321
0022203213
0222032130
2220321303
2203213032
2032130321
0321303210
3213032100
2130321000
1303210000
3032100003
0321000030
3210000300
2100003001
1000030013
0000300133
0003001330
0030013300
0300133000
3001330002
0013300021
0133000210
1330002100
3300021001
3000210013
0002100132
0021001321
0210013210
2100132102
1001321021
0013210210
0132102102
1321021020
3210210200
2102102002
1021020020
0210200203
2102002032
1020020322
0200203221
2002032213
0020322133
0203221333
2032213331
0322133310
3221333103
2213331033
2133310332
1333103320
3331033200
3310332002
3103320021
1033200213
0332002132
3320021323
3200213231
2002132311
0021323113
0213231131
2132311310
1323113100
3231131000
2311310002
3113100020
1131000202
1310002022
3100020222
1000202220
0002022200
0020222002
0202220021
2022200211
0222002110
2220021102
2200211020
2002110202
0021102023
0211020230
2110202303
1102023032
1020230322
0202303222
2023032221
0230322213
2303222131
3032221313
0322213132
3222131320
2221313200
2213132002
2131320022
1313200220
3132002203
1320022032
3200220322
2002203223
0022032231
0220322310
2203223103
2032231033
0322310332
3223103322
2231033220
2310332200
3103322000
1033220002
0332200020
3322000202
3220002020
2200020202
2000202021
0002020210
0020202102
0202021020
2020210201
0202102010
2021020102
0210201020
2102010200
1020102000
0201020001
2010200010
0102000100
1020001002
0200010020
2000100200
0001002000
0010020002
0100200022
1002000220
0020002200
0200022000
2000220003
0002200032
0022000321
0220003210
2200032103
2000321030
0003210302
0032103023
0321030230
3210302303
2103023030
1030230303
0302303033
3023030332
0230303322
2303033220
3030332200
0303322000
3033220000
0332200002
3322000023
3220000231
2200002310
2000023102
0000231023
0002310231
0023102313
0231023131
2310231313
3102313131
1023131311
0231313111
2313131113
3131311133
1313111332
3131113322
1311133221
3111332210
1113322101
1133221010
1332210103
3322101030
3221010301
2210103011
2101030110
1010301101
0103011011
1030110113
0301101132
3011011321
0110113213
1101132132
1011321323
0113213230
1132132302
1321323023
3213230233
2132302331
1323023310
3230233100
2302331000
3023310003
0233100030
2331000300
3310003000
3100030000
1000300002
0003000022
0030000220
0300002200
3000022000
0000220000
0002200002
0022000020
0220000200
2200002000
2000020002
0000200020
0002000202
0020002023
0200020231
2000202313
0002023130
0020231301
0202313013
2023130133
0231301331
2313013313
3130133132
1301331320
3013313201
0133132013
1331320132
3313201322
3132013220
1320132200
3201322002
2013220022
0132200221
1322002210
3220022100
2200221000
2002210000
0022100000
0221000000
2210000003
2100000032
1000000323
0000003231
0000032313
0000323131
0003231313
0032313132
0323131322
3231313223
2313132232
3131322322
1313223221
3132232210
1322322103
3223221031
2232210313
2322103132
3221031322
2210313221
2103132213
1031322133
0313221330
3132213300
1322133000
3221330001
2213300011
2133000110
1330001102
3300011020
3000110202
0001102023
0011020232
0110202320
1102023200
1020232003
0202320033
2023200332
0232003320
2320033200
3200332000
2003320001
0033200013
0332000130
3320001302
3200013023
2000130233
0001302331
0013023312
0130233123
1302331230
3023312300
0233123000
2331230003
3312300033
3123000333
1230003332
2300033321
3000333211
0003332110
0033321100
0333211002
3332110020
3321100200
3211002000
2110020000
1100200001
1002000013
0020000131
0200001310
2000013102
0000131020
0001310202
0013102021
0131020210
1310202101
3102021013
1020210133
0202101332
2021013322
0210133223
2101332232
1013322323
0133223230
1332232300
3322323003
3223230030
2232300300
2323003000
3230030001
2300300013
3003000132
0030001320
0300013201
3000132013
0001320132
0013201320
0132013200
1320132001
3201320010
2013200100
0132001000
1320010001
3200100010
2001000100
0010001001
0100010013
1000100131
0001001310
0010013103
0100131031
1001310313
0013103130
0131031300
1310313003
3103130030
1031300300
0313003003
3130030032
1300300320
3003003200
0030032000
0300320000
3003200001
0032000010
0320000102
3200001020
2000010203
0000102032
0001020320
0010203202
0102032022
1020320220
0203202203
2032022031
0320220313
3202203132
2022031322
0220313223
2203132231
2031322313
0313223132
3132231323
1322313232
3223132320
2231323200
2313232000
3132320002
1323200020
3232000200
2320002001
3200020011
2000200111
0002001113
0020011132
0200111320
2001113200
0011132000
0111320003
1113200030
1132000301
1320003013
3200030133
2000301333
0003013330
0030133303
0301333030
3013330302
0133303022
1333030223
3330302232
3303022323
3030223233
0302232332
3022323321
0223233213
2232332132
2323321321
3233213210
2332132101
3321321010
3213210100
2132101000
1321010000
3210100000
2101000003
1010000032
0100000322
1000003222
0000032223
0000322230
0003222303
0032223033
0322230332
3222303320
2223033202
2230332021
2303320213
3033202130
0332021301
3320213011
3202130110
2021301102
0213011023
2130110232
1301102322
3011023220
0110232203
1102322033
1023220330
0232203303
2322033030
3220330301
2203303010
2033030103
0330301033
3303010331
3030103310
0301033103
3010331033
0103310330
1033103302
0331033020
3310330200
3103302002
1033020021
0330200210
3302002102
3020021022
0200210220
2002102200
0021022002
0210220020
2102200202
1022002023
0220020233
2200202331
2002023310
0020233103
0202331030
2023310300
0233103000
2331030002
3310300020
3103000202
1030002022
0300020220
3000202200
0002022002
0020220020
0202200203
2022002033
0220020333
2200203333
2002033332
0020333320
0203333200
2033332002
0333320023
3333200232
3332002320
3320023202
3200232020
2002320202
0023202022
0232020220
2320202202
3202022020
2020220203
0202202032
2022020323
0220203230
2202032300
2020323003
0203230031
2032300310
0323003100
3230031003
2300310032
3003100322
0031003222
0310032220
3100322202
1003222020
0032220200
0322202000
3222020001
2220200011
2202000110
2020001101
0200011011
2000110110
0001101100
0011011002
0110110022
1101100220
1011002201
0110022011
1100220113
1002201130
0022011300
0220113000
2201130000
2011300002
0113000020
1130000202
1300002021
3000020210
0000202100
0002021002
0020210020
0202100202
2021002020
0210020200
2100202003
1002020031
0020200310
0202003101
2020031011
0200310113
2003101132
0031011323
0310113233
3101132332
1011323322
0113233220
1132332200
1323322000
3233220002
2332200021
3322000213
3220002133
2200021333
2000213333
0002133331
0021333311
0213333110
2133331100
1333311002
3333110022
3331100220
3311002203
3110022033
1100220332
1002203322
0022033220
0220332202
2203322020
2033220203
0332202033
3322020333
3220203332
2202033321
2020333213
0203332132
2033321321
0333213213
3332132130
3321321303
3213213032
2132130322
1321303222
3213032221
2130322211
1303222110
3032221103
0322211033
3222110331
2221103310
2211033101
2110331013
1103310132
1033101320
0331013201
3310132010
3101320103
1013201032
0132010321
1320103213
3201032131
2010321311
0103213111
1032131110
0321311102
3213111020
2131110200
1311102001
3111020010
1110200103
1102001031
1020010313
0200103132
2001031322
0010313220
0103132200
1031322003
0313220032
3132200322
1322003220
3220032203
2200322033
2003220332
0032203323
0322033230
3220332301
2203323010
2033230100
0332301001
3323010013
3230100131
2301001313
3010013132
0100131323
1001313232
0013132322
0131323221
1313232212
3132322121
1323221211
3232212113
2322121131
3221211311
2212113111
2121131113
1211311133
2113111332
1131113323
1311133232
3111332320
1113323200
1133232002
1332320021
3323200210
3232002100
2320021001
3200210011
2002100113
0021001131
0210011310
2100113101
1001131013
0011310133
0113101330
1131013303
1310133033
3101330333
1013303330
0133033301
1330333010
3303330101
3033301010
0333010103
3330101032
3301010321
3010103210
0101032100
1010321001
0103210010
1032100102
0321001020
3210010201
2100102013
1001020131
0010201311
0102013110
1020131103
0201311033
2013110332
0131103321
1311033213
3110332132
1103321323
1033213232
0332132320
3321323203
3213232030
2132320302
1323203023
3232030233
2320302332
3203023323
2030233233
0302332331
3023323310
0233233102
2332331021
3323310211
3233102113
2331021132
3310211320
3102113203
1021132032
0211320321
2113203210
1132032103
1320321032
3203210322
2032103220
0321032201
3210322011
2103220112
1032201120
0322011200
3220112002
2201120020
2011200200
0112002000
1120020001
1200200011
2002000110
0020001101
0200011011
2000110113
0001101132
0011011321
0110113211
1101132110
1011321100
0113211002
1132110021
1321100212
3211002121
2110021213
1100212131
1002121311
0021213111
0212131112
2121311121
1213111213
2131112132
1311121321
3111213210
1112132100
1121321003
1213210032
2132100321
1321003210
3210032102
2100321021
1003210210
0032102101
0321021013
3210210131
2102101311
1021013113
0210131132
2101311323
1013113230
0131132302
1311323023
3113230233
1132302333
1323023331
3230233313
2302333131
3023331312
0233313123
2333131232
3331312320
3313123202
3131232023
1312320232
3123202322
1232023222
2320232223
3202322232
2023222321
0232223213
2322232132
3222321322
2223213220
2232132201
2321322010
3213220102
2132201023
1322010232
3220102323
2201023233
2010232332
0102323321
1023233211
0232332113
2323321132
3233211321
2332113213
3321132130
3211321303
2113213031
1132130310
1321303100
3213031003
2130310032
1303100321
3031003211
0310032110
3100321102
1003211021
0032110211
0321102112
3211021123
2110211233
1102112331
1021123310
0211233102
2112331021
1123310212
1233102120
2331021201
3310212013
3102120130
1021201301
0212013010
2120130103
1201301031
2013010310
0130103103
1301031033
3010310333
0103103331
1031033310
0310333101
3103331010
1033310102
0333101022
3331010220
3310102200
3101022001
1010220011
0102200110
1022001103
0220011031
2200110313
2001103133
0011031331
0110313311
1103133110
1031331103
0313311032
3133110323
1331103231
3311032313
3110323132
1103231320
1032313200
0323132003
3231320030
2313200300
3132003003
1320030030
3200300300
2003003000
0030030002
0300300023
3003000232
0030002321
0300023213
3000232133
0002321332
0023213323
0232133230
2321332302
3213323023
2133230231
1332302313
3323023132
3230231320
2302313200
3023132003
0231320030
2313200302
3132003022
1320030220
3200302202
2003022023
0030220230
0302202301
3022023010
0220230102
2202301021
2023010213
0230102133
2301021333
3010213331
0102133310
1021333100
0213331003
2133310032
1333100322
3331003222
3310032223
3100322233
1003222333
0032223331
0322233313
3222333131
2223331310
2233313101
2333131011
3331310113
3313101130
3131011301
1310113010
3101130101
1011301013
0113010132
1130101320
1301013203
3010132030
0101320300
1013203002
0132030023
1320300232
3203002320
2030023200
0300232003
3002320033
0023200333
0232003333
2320033332
3200333322
2003333220
0033332200
0333322000
3333220001
3332200013
3322000132
3220001322
2200013220
2000132202
0001322020
0013220200
0132202000
1322020003
3220200030
2202000303
2020003031
0200030311
2000303110
0003031102
0030311020
0303110200
3031102002
0311020021
3110200211
1102002113
1020021132
0200211320
2002113203
0021132032
0211320320
2113203200
1132032003
1320320033
3203200332
2032003323
0320033232
3200332320
2003323201
0033232010
0332320103
3323201031
3232010313
2320103133
3201031333
2010313331
0103133310
1031333103
0313331032
3133310320
1333103202
3331032020
3310320203
3103202033
1032020333
0320203331
3202033310
2020333100
0203331002
2033310023
0333100231
3331002311
3310023110
3100231102
1002311022
0023110220
0231102202
2311022021
3110220210
1102202100
1022021003
0220210031
2202100313
2021003131
0210031313
2100313130
1003131300
0031313003
0313130033
3131300333
1313003330
3130033303
1300333032
3003330321
0033303210
0333032103
3330321033
3303210333
3032103330
0321033303
3210333033
2103330333
1033303333
0333033331
3330333313
3303333133
3033331333
0333313330
3333133300
3331333003
3313330033
3133300333
1333003330
3330033303
3300333031
3003330313
0033303130
0333031303
3330313033
3303130332
3031303321
0313033213
3130332133
1303321332
3033213323
0332133231
3321332310
3213323103
2133231032
1332310323
3323103231
3231032310
2310323103
3103231032
1032310323
0323103232
3231032321
2310323213
3103232133
1032321331
0323213311
3232133110
2321331100
3213311002
2133110023
1331100232
3311002322
3110023223
1100232232
1002322323
0023223230
0232232301
2322323010
3223230100
2232301000
2323010000
3230100002
2301000021
3010000210
0100002102
1000021021
0000210210
0002102103
0021021030
0210210302
2102103021
1021030213
0210302133
2103021333
1030213333
0302133332
3021333323
0213333230
2133332301
1333323010
3333230102
3332301023
3323010233
3230102331
2301023310
3010233102
0102331023
1023310233
0233102330
2331023303
3310233030
3102330302
1023303023
0233030233
2330302330
3303023300
3030233000
0302330000
3023300000
0233000002
2330000023
3300000230
3000002300
0000023003
0000230030
0002300302
0023003023
0230030233
2300302332
3003023320
0030233200
0302332000
3023320003
0233200030
2332000300
3320003003
3200030030
2000300303
0003003032
0030030323
0300303230
3003032302
0030323021
0303230211
3032302111
0323021110
3230211101
2302111010
3021110103
0211101033
2111010330
1110103300
1101033000
1010330002
0103300020
1033000201
0330002013
3300020130
3000201300
0002013003
0020130030
0201300300
2013003003
0130030030
1300300300
3003003002
0030030022
0300300221
3003002210
0030022102
0300221020
3002210200
0022102001
0221020010
2210200101
2102001013
1020010130
0200101301
2001013011
0010130110
0101301100
1013011001
0130110013
1301100133
3011001332
0110013320
1100133200
1001332000
0013320003
0133200032
1332000323
3320003233
3200032330
2000323303
0003233031
0032330310
0323303100
3233031000
2330310003
3303100030
3031000300
0310003000
3100030000
1000300000
0003000002
0030000022
0300000223
3000002233
0000022333
0000223331
0002233310
0022333101
0223331010
2233310100
2333101003
3331010033
3310100330
