0202121020
2021210202
0212102021
2121020211
1210202112
2102021120
1020211202
0202112021
2021120213
0211202133
2112021332
1120213320
1202133200
2021332000
0213320001
2133200013
1332000132
3320001323
3200013231
2000132313
0001323132
0013231322
0132313220
1323132200
3231322000
2313220001
3132200013
1322000133
3220001331
2200013311
2000133112
0001331120
0013311202
0133112022
1331120221
3311202212
3112022121
1120221211
1202212111
2022121112
0221211121
2212111212
2121112120
1211121201
2111212013
1112120133
1121201333
1212013332
2120133321
1201333210
2013332102
0133321021
1333210213
3332102133
3321021331
3210213310
2102133101
1021331011
0213310110
2133101101
1331011011
3310110111
3101101111
1011011111
0110111112
1101111122
1011111222
0111112220
1111122200
1111222001
1112220013
1122200133
1222001333
2220013333
2200133331
2001333313
0013333131
0133331313
1333313132
3333131321
3331313210
3313132102
3131321022
1313210220
3132102202
1321022022
3210220220
2102202202
1022022020
0220220200
2202202002
2022020022
0220200222
2202002220
2020022200
0200222001
2002220012
0022200122
0222001222
2220012222
2200122223
2001222232
0012222321
0122223210
1222232100
2222321002
2223210021
2232100210
2321002101
3210021011
2100210111
1002101111
0021011111
0210111112
2101111123
1011111232
0111112323
1111123233
1111232333
1112323332
1123233321
1232333213
2323332131
3233321313
2333213133
3332131331
3321313313
3213133132
2131331323
1313313231
3133132311
1331323113
3313231131
3132311311
1323113111
3231131111
2311311113
3113111131
1131111311
1311113113
3111131131
1111311311
1113113113
1131131131
1311311311
3113113113
1131131131
1311311311
3113113113
1131131131
1311311311
3113113113
1131131131
1311311311
3113113113
1131131131
1311311311
3113113113
1131131131
1311311313
3113113133
1131131331
1311313311
3113133113
1131331131
1313311311
3133113113
1331131131
3311311311
3113113113
1131131131
1311311313
3113113133
1131131331
1311313311
3113133113
1131331131
1313311313
3133113131
1331131311
3311313112
3113131120
1131311202
1313112023
3131120231
1311202312
3112023123
1120231231
1202312313
2023123132
0231231321
2312313211
3123132111
1231321111
2313211111
3132111112
1321111122
3211111221
2111112213
1111122133
1111221332
1112213321
1122133210
1221332102
2213321021
2133210212
1332102122
3321021222
3210212221
2102122212
1021222122
0212221221
2122212213
1222122132
2221221321
2212213213
2122132132
1221321321
2213213213
2132132132
1321321321
3213213213
2132132132
1321321321
3213213213
2132132132
1321321321
3213213213
2132132132
1321321321
3213213213
2132132132
1321321321
3213213213
2132132132
1321321321
3213213211
2132132110
1321321102
3213211021
2132110212
1321102122
3211021222
2110212221
1102122211
1021222110
0212221101
2122211011
1222110111
2221101111
2211011112
2110111121
1101111212
1011112121
0111121212
1111212121
1112121213
1121212133
1212121333
2121213331
1212133311
2121333111
1213331111
2133311110
1333111100
3331111002
3311110021
3111100212
1111002121
1110021212
1100212123
1002121231
0021212312
0212123121
2121231211
1212312112
2123121121
1231211211
2312112110
3121121101
1211211011
2112110112
1121101121
1211011211
2110112112
1101121121
1011211211
0112112112
1121121121
1211211211
2112112112
1121121121
1211211211
2112112112
1121121121
1211211211
2112112112
1121121123
1211211231
2112112312
1121123121
1211231213
2112312132
1123121323
1231213231
2312132312
3121323121
1213231211
2132312112
1323121121
3231211211
2312112112
3121121121
1211211211
2112112112
1121121121
1211211211
2112112112
1121121121
1211211211
2112112112
1121121121
1211211211
2112112112
1121121121
1211211211
2112112112
1121121122
1211211222
2112112222
1121122222
1211222220
2112222201
1122222012
1222220121
2222201212
2222012121
2220121210
2201212100
2012121002
0121210021
1212100213
2121002131
1210021311
2100213111
1002131111
0021311112
0213111122
2131111222
1311112222
3111122222
1111222222
1112222221
1122222211
1222222112
2222221123
2222211233
2222112332
2221123322
2211233223
2112332233
1123322331
1233223311
2332233112
3322331123
3223311231
2233112312
2331123122
3311231222
3112312222
1123122221
1231222211
2312222112
3122221121
1222211211
2222112112
2221121120
2211211202
2112112022
1121120222
1211202222
2112022220
1120222202
1202222020
2022220202
0222202020
2222020202
2220202022
2202020220
2020202202
0202022021
2020220211
0202202111
2022021112
0220211121
2202111212
2021112121
0211121212
2111212121
1112121211
1121212112
1212121121
2121211211
1212112113
2121121131
1211211311
2112113111
1121131111
1211311111
2113111111
1131111111
1311111113
3111111131
1111111311
1111113110
1111131100
1111311001
1113110011
1131100111
1311001111
3110011111
1100111111
1001111110
0011111101
0111111011
1111110110
1111101101
1111011011
1110110110
1101101101
1011011011
0110110111
1101101111
1011011111
0110111111
1101111111
1011111111
0111111111
1111111111
1111111111
1111111110
1111111102
1111111021
1111110212
1111102121
1111021211
1110212110
1102121101
1021211011
0212110112
2121101122
1211011221
2110112210
1101122101
1011221011
0112210112
1122101120
1221011202
2210112022
2101120222
1011202221
0112022211
1120222112
1202221121
2022211211
0222112111
2221121110
2211211101
2112111011
1121110112
1211101120
2111011202
1110112022
1101120222
1011202221
0112022213
1120222132
1202221321
2022213213
0222132131
2221321312
2213213121
2132131211
1321312113
3213121133
2131211333
1312113331
3121133311
1211333111
2113331112
1133311122
1333111221
3331112211
3311122110
3111221101
1112211011
1122110111
1221101110
2211011102
2110111021
1101110211
1011102111
0111021111
1110211113
1102111132
1021111321
0211113211
2111132111
1111321111
1113211112
1132111122
1321111222
3211112221
2111122211
1111222111
1112221112
1122211121
1222111212
2221112121
2211121210
2111212103
1112121032
1121210320
1212103200
2121032003
1210320031
2103200313
1032003131
0320031311
3200313113
2003131132
0031311322
0313113220
3131132201
1311322011
3113220111
1132201111
1322011113
3220111133
2201111331
2011113310
0111133103
1111331032
1113310320
1133103200
1331032002
3310320020
3103200203
1032002032
0320020320
3200203201
2002032011
0020320112
0203201120
2032011201
0320112012
3201120120
2011201202
0112012021
1120120210
1201202102
2012021022
0120210220
1202102202
2021022020
0210220200
2102202002
1022020022
0220200222
2202002221
2020022211
0200222113
2002221132
0022211323
0222113231
2221132311
2211323112
2113231122
1132311221
1323112212
3231122121
2311221211
3112212111
1122121111
1221211111
2212111110
2121111102
1211111021
2111110211
1111102111
1111021111
1110211110
1102111101
1021111011
0211110110
2111101103
1111011032
1110110323
1101103231
1011032311
0110323112
1103231120
1032311201
0323112012
3231120120
2311201201
3112012013
1120120131
1201201312
2012013122
0120131221
1201312212
2013122122
0131221222
1312212221
3122122213
1221222131
2212221312
2122213121
1222131211
2221312112
2213121123
2131211232
1312112321
3121123211
1211232111
2112321111
1123211113
1232111131
2321111312
3211113122
2111131222
1111312221
1113122213
1131222131
1312221311
3122213112
1222131122
2221311221
2213112213
2131122131
1311221312
3112213122
1122131220
1221312201
2213122010
2131220101
1312201012
3122010122
1220101220
2201012202
2010122020
0101220200
1012202001
0122020010
1220200101
2202001012
2020010121
0200101212
2001012122
0010121221
0101212211
1012122112
0121221121
1212211210
2122112102
1221121022
2211210220
2112102202
1121022020
1210220200
2102202001
1022020010
0220200101
2202001012
2020010123
0200101233
2001012331
0010123311
0101233111
1012331111
0123311110
1233111100
2331111002
3311110022
3111100222
1111002221
1110022212
1100222120
1002221202
0022212021
0222120211
2221202111
2212021112
2120211120
1202111201
2021112011
0211120113
2111201132
1112011320
1120113200
1201132002
2011320020
0113200200
1132002002
1320020022
3200200220
2002002202
0020022020
0200220202
2002202021
0022020212
0220202120
2202021202
2020212022
0202120220
2021202202
0212022022
2120220220
1202202201
2022022010
0220220100
2202201002
2022010023
0220100233
2201002331
2010023311
0100233111
1002331111
0023311112
0233111123
2331111232
3311112323
3111123232
1111232321
1112323210
1123232103
1232321031
2323210311
3232103112
2321031121
3210311212
2103112120
1031121202
0311212022
3112120221
1121202212
1212022122
2120221223
1202212231
2022122310
0221223102
2212231021
2122310211
1223102110
2231021102
2310211022
3102110223
1021102232
0211022321
2110223213
1102232131
1022321310
0223213100
2232131002
2321310022
3213100222
2131002221
1310022213
3100222130
1002221301
0022213012
0222130120
2221301201
2213012013
2130120132
1301201322
3012013220
0120132201
1201322012
2013220121
0132201213
1322012132
3220121322
2201213223
2012132232
0121322321
1213223211
2132232111
1322321110
3223211103
2232111032
2321110321
3211103211
2111032111
1110321112
1103211123
1032111232
0321112321
3211123212
2111232121
1112321212
1123212123
1232121231
2321212310
3212123100
2121231001
1212310012
2123100122
1231001221
2310012213
3100122131
1001221311
0012213110
0122131102
1221311021
2213110210
2131102100
1311021002
3110210020
1102100200
1021002001
0210020010
2100200100
1002001002
0020010021
0200100211
2001002112
0010021121
0100211210
1002112101
0021121012
0211210123
2112101231
1121012310
1210123100
2101231002
1012310021
0123100212
1231002122
2310021221
3100212211
1002122111
0021221110
0212211103
2122111032
1221110320
2211103200
2111032001
1110320012
1103200121
1032001211
0320012113
3200121133
2001211331
0012113310
0121133103
1211331032
2113310322
1133103223
1331032232
3310322323
3103223232
1032232322
0322323222
3223232221
2232322212
2323222121
3232221210
2322212102
3222121022
2221210221
2212102212
2121022122
1210221221
2102212212
1022122121
0221221212
2212212121
2122121210
1221212102
2212121022
2121210220
1212102200
2121022002
1210220021
2102200213
1022002132
0220021322
2200213221
2002132211
0021322112
0213221120
2132211201
1322112011
3221120110
2211201102
2112011023
1120110230
1201102301
2011023011
0110230111
1102301112
1023011121
0230111210
2301112101
3011121011
0111210113
1112101132
1121011321
1210113210
2101132101
1011321010
0113210100
1132101001
1321010012
3210100121
2101001211
1010012112
0100121120
1001211202
0012112021
0121120213
1211202131
2112021310
1120213102
1202131021
2021310210
0213102100
2131021002
1310210020
3102100201
1021002012
0210020121
2100201213
1002012132
0020121322
0201213222
2012132221
0121322210
1213222100
2132221000
1322210001
3222100013
2221000131
2210001313
2100013132
1000131322
0001313220
0013132202
0131322022
1313220223
3132202233
1322022332
3220223321
2202233213
2022332132
0223321320
2233213200
2332132001
3321320012
3213200120
2132001202
1320012020
3200120202
2001202021
0012020212
0120202120
1202021202
2020212020
0202120200
2021202002
0212020021
2120200212
1202002122
2020021221
0200212211
2002122112
0021221123
0212211233
2122112331
1221123312
2211233123
2112331232
1123312322
1233123220
2331232202
3312322022
3123220220
1232202202
2322022022
3220220221
2202202212
2022022122
0220221220
2202212202
2022122021
0221220212
2212202122
2122021221
1220212213
2202122132
2021221321
0212213212
2122132121
1221321212
2213212123
2132121232
1321212321
3212123210
2121232102
1212321021
2123210210
1232102101
2321021010
3210210100
2102101002
1021010020
0210100200
2101002002
1010020022
0100200220
1002002201
0020022011
0200220110
2002201101
0022011011
0220110111
2201101112
2011011122
0110111220
1101112203
1011122033
0111220330
1112203301
1122033010
1220330100
2203301002
2033010023
0330100230
3301002301
3010023011
0100230110
1002301102
0023011021
0230110211
2301102112
3011021121
0110211212
1102112121
1021121211
0211212112
2112121122
1121211220
1212112202
2121122022
1211220220
2112202200
1122022002
1220220023
2202200231
2022002312
0220023122
2200231223
2002312232
0023122320
0231223200
2312232002
3122320020
1223200200
2232002001
2320020012
3200200122
2002001222
0020012221
0200122210
2001222102
0012221022
0122210221
1222102212
2221022122
2210221220
2102212202
1022122022
0221220221
2212202211
2122022112
1220221120
2202211202
2022112022
0221120220
2211202202
2112022022
1120220221
1202202211
2022022112
0220221121
2202211212
2022112122
0221121220
2211212202
2112122021
1121220210
1212202102
2122021020
1220210201
2202102012
2021020121
0210201210
2102012101
1020121010
0201210103
2012101031
0121010313
1210103131
2101031311
1010313111
0103131111
1031311111
0313111110
3131111100
1311111001
3111110012
1111100121
1111001211
1110012110
1100121103
1001211031
0012110313
0121103133
1211031331
2110313310
1103133100
1031331002
0313310022
3133100221
1331002212
3310022121
3100221213
1002212132
0022121321
0221213210
2212132102
2121321022
1213210221
2132102211
1321022112
3210221120
2102211201
1022112013
0221120131
2211201312
2112013121
1120131211
1201312112
2013121121
0131211210
1312112101
3121121013
1211210131
2112101311
1121013113
1210131131
2101311311
1013113113
0131131131
1311311312
3113113122
1131131222
1311312221
3113122210
1131222103
1312221032
3122210320
1222103202
2221032021
2210320212
2103202120
1032021202
0320212022
3202120223
2021202232
0212022321
2120223210
1202232101
2022321013
0223210131
2232101311
2321013111
3210131111
2101311111
1013111112
0131111122
1311111221
3111112212
1111122120
1111221202
1112212021
1122120210
1221202101
2212021013
2120210131
1202101312
2021013122
0210131222
2101312222
1013122221
0131222210
1312222100
3122221003
1222210031
2222100311
2221003111
2210031110
2100311102
1003111022
0031110222
0311102223
3111022231
1110222311
1102223111
1022231111
0222311111
2223111112
2231111120
2311111201
3111112012
1111120121
1111201211
1112012112
1120121121
1201211211
2012112111
0121121110
1211211101
2112111012
1121110120
1211101201
2111012011
1110120111
1101201111
1012011111
0120111110
1201111100
2011111000
0111110000
1111100001
1111000011
1110000112
1100001120
1000011201
0000112012
0001120123
0011201232
0112012321
1120123210
1201232102
2012321021
0123210211
1232102112
2321021122
3210211222
2102112221
1021122210
0211222100
2112221002
1122210022
1222100221
2221002213
2210022132
2100221320
1002213201
0022132011
0221320113
2213201132
2132011320
1320113200
3201132002
2011320021
0113200212
1132002121
1320021212
3200212120
2002121202
0021212022
0212120222
2121202222
1212022221
2120222212
1202222121
2022221211
0222212111
2222121111
2221211111
2212111113
2121111132
1211111321
2111113211
1111132112
1111321122
1113211220
1132112202
1321122022
3211220222
2112202222
1122022222
1220222222
2202222221
2022222211
0222222112
2222221121
2222211211
2222112110
2221121102
2211211021
2112110211
1121102111
1211021111
2110211111
1102111111
1021111110
0211111103
2111111031
1111110312
1111103120
1111031201
1110312013
1103120133
1031201331
0312013311
3120133112
1201331121
2013311212
0133112120
1331121201
3311212012
3112120123
1121201232
1212012322
2120123220
1201232201
2012322010
0123220103
1232201031
2322010312
3220103122
2201031221
2010312212
0103122120
1031221202
0312212021
3122120213
1221202132
2212021320
2120213202
1202132021
2021320210
0213202102
2132021021
1320210212
3202102120
2021021201
0210212012
2102120123
1021201231
0212012310
2120123103
1201231031
2012310313
0123103131
1231031311
2310313110
3103131100
1031311001
0313110010
3131100103
1311001031
3110010312
1100103120
1001031202
0010312020
0103120201
1031202012
0312020123
3120201233
1202012331
2020123312
0201233120
2012331201
0123312012
1233120123
2331201232
3312012320
3120123200
1201232001
2012320012
0123200120
1232001202
2320012023
3200120233
2001202331
0012023312
0120233120
1202331201
2023312011
0233120110
2331201102
3312011023
3120110230
1201102301
2011023011
0110230113
1102301132
1023011321
0230113211
2301132112
3011321121
0113211211
1132112111
1321121110
3211211100
2112111003
1121110032
1211100322
2111003222
1110032221
1100322210
1003222101
0032221011
0322210111
3222101112
2221011122
2210111222
2101112222
1011122222
0111222223
1112222232
1122222321
1222223211
2222232111
2222321110
2223211101
2232111011
2321110110
3211101101
2111011012
1110110121
1101101210
1011012101
0110121012
1101210122
1012101221
0121012212
1210122122
2101221221
1012212211
0122122110
1221221102
2212211022
2122110223
1221102232
2211022320
2110223201
1102232011
1022320113
0223201130
2232011301
2320113010
3201130101
2011301012
0113010122
1130101222
1301012221
3010122210
0101222102
1012221021
0122210213
1222102130
2221021301
2210213012
2102130122
1021301221
0213012210
2130122103
1301221031
3012210310
0122103102
1221031021
2210310210
2103102102
1031021021
0310210210
3102102102
1021021021
0210210212
2102102121
1021021212
0210212122
2102121221
1021212212
0212122122
2121221221
1212212212
2122122122
1221221221
2212212211
2122122110
1221221101
2212211012
2122110121
1221101211
2211012111
2110121111
1101211111
1012111111
0121111112
1211111122
2111111221
1111112212
1111122121
1111221212
1112212122
1122121222
1221212222
2212122222
2121222222
1212222221
2122222211
1222222110
2222221101
2222211012
2222110123
2221101232
2211012323
2110123232
1101232322
1012323221
0123232213
1232322132
2323221323
3232213231
2322132311
3221323110
2213231100
2132311002
1323110021
3231100210
2311002102
3110021021
1100210210
1002102102
0021021022
0210210221
2102102212
1021022121
0210221211
2102212112
1022121121
0221211211
2212112112
2121121121
1211211211
2112112112
1121121121
1211211211
2112112111
1121121111
1211211111
2112111112
1121111121
1211111210
2111112102
1111121021
1111210210
1112102102
1121021022
1210210221
2102102212
1021022121
0210221211
2102212112
1022121121
0221211211
2212112112
2121121121
1211211211
2112112111
1121121111
1211211111
2112111112
1121111121
1211111210
2111112102
1111121022
1111210221
1112102211
1121022112
1210221121
2102211212
1022112121
0221121211
2211212112
2112121121
1121211211
1212112112
2121121121
1211211211
2112112112
1121121121
1211211211
2112112112
1121121121
1211211211
2112112112
1121121121
1211211210
2112112102
1121121022
1211210222
2112102222
1121022221
1210222211
2102222111
1022221111
0222211111
2222111111
2221111111
2211111110
2111111102
1111111021
1111110211
1111102112
1111021121
1110211211
1102112112
1021121121
0211211210
2112112102
1121121022
1211210222
2112102222
1121022221
1210222211
2102222111
1022221111
0222211111
2222111111
2221111111
2211111110
2111111102
1111111022
1111110221
1111102212
1111022121
1110221211
1102212112
1022121121
0221211211
2212112112
2121121121
1211211211
2112112112
1121121121
1211211211
2112112112
1121121121
1211211211
2112112112
1121121122
1211211222
2112112222
1121122221
1211222211
2112222112
1122221121
1222211211
2222112112
2221121121
2211211210
2112112102
1121121022
1211210221
2112102212
1121022121
1210221211
2102212112
1022121121
0221211211
2212112112
2121121121
1211211211
2112112112
1121121121
1211211211
2112112112
1121121122
1211211222
2112112221
1121122211
1211222111
2112221112
1122211121
1222111211
2221112112
2211121122
2111211222
1112112222
1121122221
1211222211
2112222112
1122221121
1222211211
2222112111
2221121111
2211211111
2112111112
1121111121
1211111211
2111112112
1111121121
1111211210
1112112102
1121121022
1211210221
2112102211
1121022112
1210221121
2102211212
1022112121
0221121211
2211212112
2112121121
1121211211
1212112112
2121121121
1211211211
2112112112
1121121121
1211211211
2112112111
1121121112
1211211121
2112111212
1121112121
1211121211
2111212111
1112121111
1121211111
1212111111
2121111112
1211111121
2111111212
1111112121
1111121210
1111212101
1112121010
1121210101
1212101012
2121010121
1210101213
2101012131
1010121312
0101213121
1012131212
0121312121
1213121211
2131212112
1312121121
3121211213
1212112132
2121121320
1211213202
2112132021
1121320212
1213202121
2132021211
1320212112
3202121120
2021211202
0212112021
2121120211
1211202112
2112021122
1120211222
1202112221
2021122212
0211222121
2112221211
1122212112
1222121121
2221211212
2212112121
2121121210
1211212102
2112121021
1121210212
1212102121
2121021210
1210212101
2102121012
1021210121
0212101210
2121012101
1210121010
2101210103
1012101031
0121010310
1210103100
2101031002
1010310020
0103100201
1031002012
0310020122
3100201220
1002012202
0020122021
0201220210
2012202102
0122021021
1220210213
2202102132
2021021320
0210213202
2102132021
1021320211
0213202111
2132021111
1320211110
3202111102
2021111021
0211110211
2111102110
1111021101
1110211013
1102110130
1021101301
0211013011
2110130111
1101301111
1013011112
0130111120
1301111202
3011112021
0111120210
1111202102
1112021021
1120210210
1202102102
2021021021
0210210210
2102102101
1021021013
0210210131
2102101312
1021013121
0210131211
2101312112
1013121121
0131211210
1312112102
3121121021
1211210210
2112102102
1121021021
1210210213
2102102132
1021021322
0210213221
2102132211
1021322113
0213221130
2132211301
1322113010
3221130102
2211301021
2113010211
1130102111
1301021111
3010211113
0102111133
1021111331
0211113310
2111133102
1111331021
1113310211
1133102113
1331021131
3310211311
3102113111
1021131112
0211311121
2113111210
1131112101
1311121013
3111210130
1112101301
1121013010
1210130102
2101301021
1013010211
0130102111
1301021111
3010211112
0102111121
1021111212
0211112123
2111121230
1111212301
1112123011
1121230111
1212301112
2123011121
1230111211
2301112111
3011121111
0111211113
1112111132
1121111323
1211113231
2111132312
1111323121
1113231212
1132312121
1323121212
3231212121
2312121212
3121212121
1212121210
2121212102
1212121023
2121210230
1212102301
2121023012
1210230120
2102301201
1023012013
0230120130
2301201301
3012013012
0120130121
1201301211
2013012112
0130121120
1301211202
3012112021
0121120210
1211202101
2112021011
1120210110
1202101102
2021011020
0210110200
2101102001
1011020013
0110200131
1102001311
1020013112
0200131121
2001311211
0013112113
0131121131
1311211311
3112113113
1121131130
1211311301
2113113013
1131130130
1311301301
3113013010
1130130102
1301301021
3013010211
0130102110
1301021101
3010211012
0102110121
1021101212
0211012122
2110121221
1101212211
1012122112
0121221122
1212211221
2122112211
1221122110
2211221102
2112211022
1122110222
1221102221
2211022212
2110222121
1102221212
1022212122
0222121222
2221212221
2212122211
2121222113
1212221131
2122211313
1222113130
2221131301
2211313011
2113130111
1131301111
1313011110
3130111101
1301111011
3011110113
0111101133
1111011331
1110113310
1101133101
1011331011
0113310113
1133101130
1331011301
3310113010
3101130103
1011301032
0113010320
1130103200
1301032001
3010320011
0103200111
1032001111
0320011112
3200111121
2001111212
0011112121
0111121210
1111212102
1112121021
1121210212
1212102122
2121021221
1210212211
2102122111
1021221110
0212211103
2122111032
1221110323
2211103230
2111032301
1110323010
1103230101
1032301012
0323010121
3230101211
2301012111
3010121110
0101211103
1012111031
0121110312
1211103121
2111031211
1110312112
1103121120
1031211201
0312112010
3121120101
1211201012
2112010123
1120101231
1201012312
2010123122
0101231222
1012312222
0123122222
1231222223
2312222231
3122222311
1222223111
2222231112
2222311123
2223111231
2231112311
2311123110
3111231103
1112311031
1123110311
1231103111
2311031112
3110311121
1103111210
1031112102
0311121020
3111210201
1112102012
1121020121
1210201210
2102012101
1020121010
0201210102
2012101021
0121010211
1210102111
2101021112
1010211121
0102111210
1021112102
0211121021
2111210210
1112102101
1121021013
1210210132
2102101322
1021013222
0210132220
2101322200
1013222001
0132220010
1322200102
3222001021
2220010211
2200102111
2001021112
0010211123
0102111231
1021112313
0211123130
2111231301
1112313010
1123130101
1231301013
2313010131
3130101310
1301013102
3010131021
0101310213
1013102131
0131021310
1310213101
3102131011
1021310111
0213101112
2131011122
1310111221
3101112211
1011122112
0111221123
1112211232
1122112320
1221123202
2211232021
2112320210
1123202102
1232021022
2320210221
3202102212
2021022121
0210221211
2102212112
1022121121
0221211211
2212112112
2121121121
1211211211
2112112112
1121121121
1211211211
2112112112
1121121121
1211211211
2112112112
1121121121
1211211211
2112112112
1121121121
1211211211
2112112112
1121121121
1211211211
2112112112
1121121121
1211211211
2112112112
1121121121
1211211211
2112112111
1121121112
1211211121
2112111212
1121112121
1211121211
2111212111
1112121111
1121211112
1212111122
2121111222
1211112221
2111122212
1111222121
1112221212
1122212121
1222121212
2221212122
2212121222
2121212222
1212122223
2121222231
1212222312
2122223122
1222231222
2222312222
2223122221
2231222212
2312222121
3122221211
1222212112
2222121121
2221211211
2212112112
2121121122
1211211222
2112112222
1121122222
1211222222
2112222221
1122222213
1222222131
2222221311
2222213111
2222131111
2221311111
2213111111
2131111112
1311111121
3111111211
1111112110
1111121101
1111211011
1112110111
1121101111
1211011111
2110111112
1101111121
1011111212
0111112121
1111121211
1111212111
1112121112
1121211120
1212111202
2121112021
1211120211
2111202111
1112021111
1120211111
1202111111
2021111111
0211111112
2111111121
1111111212
1111112120
1111121202
1111212020
1112120200
1121202002
1212020021
2120200211
1202002110
2020021101
0200211011
2002110112
0021101121
0211011211
2110112112
1101121121
1011211211
0112112112
1121121121
1211211211
2112112112
1121121121
1211211211
2112112112
1121121121
1211211211
2112112112
1121121121
1211211211
2112112112
1121121121
1211211211
2112112112
1121121121
1211211211
2112112112
1121121121
1211211211
2112112112
1121121121
1211211212
2112112121
1121121211
1211212111
2112121110
1121211102
1212111021
2121110211
1211102111
2111021112
1110211120
1102111202
1021112020
0211120200
2111202002
1112020022
1120200221
1202002213
2020022133
0200221331
2002213311
0022133111
0221331113
2213311131
2133111313
1331113132
3311131322
3111313220
1113132201
1131322010
1313220102
3132201023
1322010232
3220102322
2201023221
2010232211
0102322112
1023221122
0232211223
2322112231
3221122313
2211223131
2112231312
1122313122
1223131220
2231312200
2313122002
3131220021
1312200212
3122002120
1220021200
2200212000
2002120002
0021200022
0212000221
2120002210
1200022100
2000221003
0002210033
0022100333
0221003332
2210033321
2100333211
1003332113
0033321131
0333211311
3332113111
3321131111
3211311111
2113111111
1131111110
1311111101
3111111011
1111110111
1111101112
1111011120
1110111201
1101112011
1011120111
0111201112
1112011121
1120111211
1201112111
2011121112
0111211121
1112111211
1121112111
1211121111
2111211111
1112111112
1121111120
1211111202
2111112022
1111120223
1111202233
1112022331
1120223311
1202233111
2022331111
0223311111
2233111113
2331111132
3311111322
3111113220
1111132202
1111322020
1113220200
1132202002
1322020020
3220200202
2202002021
2020020211
0200202111
2002021111
0020211111
0202111111
2021111111
0211111111
2111111111
1111111110
1111111101
1111111010
1111110103
1111101031
1111010311
1110103111
1101031110
1010311100
0103111000
1031110001
0311100010
3111000101
1110001010
1100010101
1000101010
0001010100
0010101001
0101010010
1010100101
0101001010
1010010101
0100101010
1001010101
0010101011
0101010111
1010101111
0101011112
1010111121
0101111211
1011112111
0111121111
1111211111
1112111111
1121111111
1211111110
2111111101
1111111011
1111110111
1111101112
1111011122
1110111221
1101112213
1011122132
0111221320
1112213201
1122132011
1221320110
2213201101
2132011010
1320110101
3201101010
2011010101
0110101012
1101010123
1010101232
0101012323
1010123232
0101232320
1012323203
0123232032
1232320320
2323203201
3232032011
2320320110
3203201101
2032011011
0320110111
3201101110
2011011102
0110111021
1101110213
1011102132
0111021321
1110213211
1102132112
1021321122
0213211220
2132112202
1321122021
3211220210
2112202102
1122021023
1220210232
2202102320
2021023203
0210232032
2102320322
1023203220
0232032201
2320322011
3203220113
2032201132
0322011322
3220113221
2201132212
2011322122
0113221222
1132212223
1322122233
3221222333
2212223332
2122233322
1222333221
2223332211
2233322110
2333221102
3332211020
3322110200
3221102000
2211020001
2110200012
1102000122
1020001222
0200012220
2000122201
0001222013
0012220132
0122201322
1222013221
2220132213
2201322131
2013221311
0132213112
1322131121
3221311213
2213112133
2131121332
1311213321
3112133213
1121332133
1213321332
2133213322
1332133220
3321332202
3213322021
2133220213
1332202132
3322021322
3220213221
2202132212
2021322123
0213221232
2132212322
1322123220
3221232201
2212322011
2123220110
1232201102
2322011022
3220110220
2201102202
2011022022
0110220220
1102202202
1022022022
0220220220
2202202202
2022022022
0220220220
2202202202
2022022022
0220220220
2202202202
2022022022
0220220220
2202202202
2022022022
0220220220
2202202202
2022022022
0220220220
2202202202
2022022022
0220220220
2202202202
2022022022
0220220220
2202202200
2022022002
0220220020
2202200202
2022002022
0220020220
2200202202
2002022020
0020220200
0202202002
2022020022
0220200223
2202002232
2020022322
0200223220
2002232202
0022322022
0223220220
2232202200
2322022002
3220220020
2202200202
2022002022
0220020220
2200202202
2002022022
0020220220
0202202202
2022022022
0220220220
2202202202
2022022020
0220220200
2202202000
2022020002
0220200022
2202000220
2020002202
0200022022
2000220220
0002202202
0022022020
0220220202
2202202020
2022020202
0220202020
2202020202
2020202022
0202020220
2020202202
0202022022
2020220220
0202202202
2022022022
0220220220
2202202202
2022022022
0220220220
2202202202
2022022020
0220220200
2202202002
2022020022
0220200220
2202002202
2020022022
0200220220
2002202202
0022022022
0220220220
2202202202
2022022022
0220220220
2202202202
2022022022
0220220220
2202202200
2022022002
0220220020
2202200200
2022002002
0220020021
2200200210
2002002103
0020021032
0200210320
2002103202
0021032020
0210320201
2103202011
1032020112
0320201120
3202011201
2020112013
0201120133
2011201332
0112013321
1120133213
1201332131
2013321310
0133213100
1332131003
3321310033
3213100333
2131003331
1310033313
3100333131
1003331313
0033313132
0333131321
3331313211
3313132113
3131321132
1313211323
3132113233
1321132333
3211323332
2113233322
1132333220
1323332201
3233322013
2333220133
3332201333
3322013332
3220133323
2201333230
2013332300
0133323003
1333230033
3332300330
3323003303
3230033033
2300330333
3003303333
0033033333
0330333333
3303333330
3033333302
0333333021
3333330210
3333302102
3333021023
3330210230
3302102300
3021023003
0210230033
2102300330
1023003300
0230033000
2300330002
3003300020
0033000200
0330002000
3300020000
3000200000
0002000000
0020000000
0200000000
2000000002
0000000020
0000000202
0000002023
0000020231
0000202311
0002023113
0020231131
0202311313
2023113132
0231131323
2311313232
3113132320
1131323202
1313232022
3132320220
1323202200
3232022003
2320220030
3202200303
2022003033
0220030331
2200303313
2003033131
0030331313
0303313130
3033131303
0331313033
3313130333
3131303333
1313033330
3130333300
1303333000
3033330003
0333300030
3333000303
3330003033
3300030333
3000303333
0003033333
0030333330
0303333302
3033333023
0333330230
3333302303
3333023032
3330230323
3302303230
3023032301
0230323013
2303230132
3032301323
0323013232
3230132323
2301323230
3013232303
0132323032
1323230320
3232303203
2323032033
3230320331
2303203310
3032033103
0320331033
3203310330
2033103301
0331033011
3310330110
3103301103
1033011033
0330110333
3301103333
3011033332
0110333320
1103333202
1033332022
0333320222
3333202222
3332022220
3320222203
3202222033
2022220333
0222203331
2222033313
2220333130
2203331301
2033313010
0333130103
3331301030
3313010303
3130103033
1301030333
3010303333
0103033333
1030333330
0303333302
3033333020
0333330203
3333302030
3333020300
3330203000
3302030000
3020300000
0203000000
2030000000
0300000000
3000000000
0000000003
0000000031
0000000310
0000003100
0000031000
0000310003
0003100032
0031000321
0310003213
3100032131
1000321313
0003213133
0032131330
0321313303
3213133033
2131330333
1313303333
3133033331
1330333311
3303333110
3033331100
0333311001
3333110010
3331100102
3311001021
3110010213
1100102130
1001021300
0010213000
0102130001
1021300013
0213000130
2130001301
1300013013
3000130133
0001301330
0013013302
0130133023
1301330233
3013302332
0133023320
1330233200
3302332001
3023320010
0233200102
2332001023
3320010232
3200102323
2001023232
0010232321
0102323211
1023232111
0232321113
2323211130
3232111302
2321113020
3211130200
2111302003
1113020033
1130200332
1302003321
3020033212
0200332121
2003321211
0033212111
0332121110
3321211102
3212111020
2121110202
1211102023
2111020230
1110202303
1102023033
1020230333
0202303333
2023033333
0230333332
2303333323
3033333230
0333332301
3333323010
3333230102
3332301020
3323010203
3230102033
2301020333
3010203332
0102033321
1020333213
0203332133
2033321333
0333213331
3332133313
3321333131
3213331313
2133313133
1333131330
3331313301
3313133011
3131330110
1313301101
3133011010
1330110101
3301101010
3011010101
0110101010
1101010101
1010101010
0101010101
1010101010
0101010101
1010101010
0101010101
1010101010
0101010101
1010101010
0101010101
1010101010
0101010101
1010101010
0101010101
1010101010
0101010101
1010101010
0101010101
1010101010
0101010101
1010101010
0101010101
1010101010
0101010101
1010101010
0101010101
1010101010
0101010101
1010101010
0101010101
1010101010
0101010101
1010101010
0101010101
1010101010
0101010101
1010101010
0101010101
1010101010
0101010101
1010101010
0101010101
1010101010
0101010101
1010101010
0101010101
1010101010
0101010101
1010101010
0101010101
1010101010
0101010101
1010101010
0101010101
1010101010
0101010101
1010101010
0101010101
1010101010
0101010101
1010101010
0101010100
1010101002
0101010023
1010100232
0101002323
1010023232
0100232320
1002323201
0023232013
0232320133
2323201331
3232013313
2320133133
3201331332
2013313323
0133133230
1331332303
3313323033
3133230330
1332303300
3323033001
3230330011
2303300113
3033001132
0330011320
3300113200
3001132000
0011320000
0113200001
1132000010
1320000100
3200001000
2000010000
0000100000
0001000001
0010000010
0100000100
1000001000
0000010000
0000100001
0001000010
0010000101
0100001010
1000010100
0000101000
0001010003
0010100031
0101000313
1010003132
0100031323
1000313232
0003132323
0031323233
0313232330
3132323301
1323233012
3232330123
2323301232
3233012320
2330123203
3301232031
3012320310
0123203102
1232031023
2320310233
3203102332
2031023322
0310233222
3102332222
1023322222
0233222222
2332222222
3322222222
3222222222
2222222222
2222222222
2222222222
2222222221
2222222212
2222222122
2222221222
2222212220
2222122202
2221222021
2212220213
2122202131
1222021313
2220213132
2202131321
2021313213
0213132133
2131321330
1313213300
3132133002
1321330023
3213300231
2133002311
1330023113
3300231131
3002311311
0023113110
0231131102
2311311021
3113110213
1131102131
1311021311
3110213113
1102131133
1021311331
0213113311
2131133110
1311331100
3113311003
1133110033
1331100331
3311003311
3110033110
1100331102
1003311022
0033110220
0331102202
3311022022
3110220220
1102202200
1022022001
0220220013
2202200132
2022001321
0220013211
2200132113
2001321133
0013211330
0132113302
1321133020
3211330200
2113302000
1133020002
1330200020
3302000200
3020002002
0200020020
2000200200
0002002002
0020020022
0200200221
2002002211
0020022113
0200221133
2002211330
0022113300
0221133003
2211330033
2113300333
1133003332
1330033321
3300333210
3003332100
0033321000
0333210001
3332100010
3321000103
3210001032
2100010322
1000103220
0001032200
0010322002
0103220022
1032200220
0322002200
3220022002
2200220023
2002200230
0022002301
0220023013
2200230130
2002301302
0023013021
0230130211
2301302113
3013021131
0130211312
1302113120
3021131202
0211312023
2113120233
1131202332
1312023321
3120233210
1202332103
2023321033
0233210332
2332103322
3321033222
3210332222
2103322220
1033222200
0332222002
3322220021
3222200213
2222002133
2220021333
2200213330
2002133303
0021333031
0213330310
2133303103
1333031030
3330310303
3303103030
3031030303
0310303030
3103030303
1030303033
0303030333
3030303333
0303033333
3030333331
0303333313
3033333130
0333331300
3333313000
3333130000
3331300001
3313000010
3130000100
1300001002
3000010020
0000100202
0001002020
0010020200
0100202003
1002020031
0020200311
0202003111
2020031110
0200311101
2003111011
0031110113
0311101133
3111011332
1110113320
1101133202
1011332021
0113320211
1133202113
1332021133
3320211330
3202113300
2021133000
0211330000
2113300001
1133000010
1330000102
3300001023
3000010232
0000102320
0001023203
0010232032
0102320321
1023203213
0232032132
2320321322
3203213222
2032132222
0321322220
3213222200
2132222000
1322220000
3222200003
2222000030
2220000303
2200003033
2000030332
0000303322
0003033221
0030332212
0303322121
3033221213
0332212131
3322121313
3221213132
2212131321
2121313212
1213132121
2131321213
1313212130
3132121302
1321213021
3212130212
2121302121
1213021211
2130212113
1302121132
3021211321
0212113212
2121132121
1211321211
2113212111
1132121113
1321211131
3212111311
2121113112
1211131120
2111311201
1113112011
1131120111
1311201111
3112011111
1120111112
1201111121
2011111211
0111112111
1111121111
1111211110
1112111101
1121111010
1211110101
2111101011
1111010111
1110101112
1101011123
1010111231
0101112313
1011123133
0111231332
1112313321
1123133210
1231332101
2313321012
3133210122
1332101222
3321012221
3210122211
2101222113
1012221132
0122211323
1222113233
2221132331
2211323312
2113233120
1132331201
1323312011
3233120113
2331201133
3312011332
3120113322
1201133220
2011332200
0113322002
1133220021
1332200210
3322002100
3220021000
2200210000
2002100000
0021000002
0210000022
2100000221
1000002213
0000022130
0000221302
0002213021
0022130210
0221302100
2213021000
2130210000
1302100002
3021000020
0210000200
2100002002
1000020020
0000200202
0002002022
0020020222
0200202222
2002022220
0020222202
0202222020
2022220202
0222202022
2222020220
2220202200
2202022002
2020220023
0202200231
2022002311
0220023110
2200231102
2002311022
0023110220
0231102200
2311022000
3110220000
1102200003
1022000032
0220000323
2200003231
2000032310
0000323102
0003231021
0032310210
0323102102
3231021021
2310210213
3102102132
1021021321
0210213212
2102132120
1021321201
0213212010
2132120102
1321201021
3212010212
2120102121
1201021211
2010212111
0102121112
1021211122
0212111221
2121112210
1211122101
2111221010
1112210101
1122101013
1221010132
2210101321
2101013211
1010132111
0101321111
1013211111
0132111113
1321111132
3211111321
2111113213
1111132131
1111321312
1113213121
1132131211
1321312113
3213121131
2131211311
1312113111
3121131112
1211311122
2113111222
1131112222
1311122221
3111222212
1112222121
1122221210
1222212103
2222121032
2221210323
2212103232
2121032322
1210323222
2103232220
1032322200
0323222001
3232220011
2322200110
3222001102
2220011020
2200110203
2001102032
0011020321
0110203213
1102032130
1020321302
0203213020
2032130202
0321302020
3213020201
2130202011
1302020111
3020201113
0202011133
2020111331
0201113312
2011133122
0111331220
1113312203
1133122033
1331220331
3312203310
3122033101
1220331011
2203310113
2033101132
0331011323
3310113232
3101132321
1011323211
0113232113
1132321131
1323211313
3232113131
2321131313
3211313131
2113131313
1131313131
1313131311
3131313110
1313131101
3131311012
1313110121
3131101211
1311012110
3110121102
1101211021
1012110210
0121102102
1211021021
2110210211
1102102110
1021021102
0210211021
2102110213
1021102131
0211021310
2110213101
1102131011
1021310113
0213101133
2131011331
1310113310
3101133100
1011331000
0113310000
1133100001
1331000010
3310000103
3100001033
1000010331
0000103311
0001033110
0010331103
0103311032
1033110321
0331103212
3311032121
3110321213
1103212132
1032121320
0321213202
3212132020
2121320203
1213202033
2132020330
1320203303
3202033033
2020330333
0203303330
2033033303
0330333033
3303330333
3033303333
0333033332
3330333323
3303333230
3033332300
0333323002
3333230022
3332300220
3323002202
3230022020
2300220202
3002202022
0022020223
0220202233
2202022333
2020223332
0202233320
2022333200
0223332003
2233320031
2333200313
3332003133
3320031331
3200313313
2003133133
0031331333
0313313330
3133133300
1331333000
3313330000
3133300000
1333000000
3330000000
3300000000
3000000000
0000000000
0000000000
0000000000
0000000000
0000000000
0000000003
0000000031
0000000313
0000003131
0000031311
0000313111
0003131113
0031311133
0313111333
3131113333
1311133333
3111333330
1113333300
1133333000
1333330000
3333300000
3333000000
3330000001
3300000010
3000000100
0000001000
0000010000
