2122112030
1221120300
2211203003
2112030032
1120300322
1203003222
2030032222
0300322222
3003222222
0032222223
0322222233
3222222331
2222223312
2222233122
2222331222
2223312222
2233122223
2331222231
3312222313
3122223131
1222231313
2222313132
2223131321
2231313213
2313132132
3131321321
1313213210
3132132100
1321321001
3213210011
2132100111
1321001111
3210011112
2100111122
1001111222
0011112220
0111122200
1111222001
1112220011
1122200111
1222001111
2220011113
2200111131
2001111310
0011113102
0111131021
1111310213
1113102130
1131021303
1310213033
3102130331
1021303312
0213033121
2130331212
1303312121
3033121211
0331212113
3312121132
3121211321
1212113210
2121132102
1211321020
2113210202
1132102022
1321020220
3210202200
2102022002
1020220020
0202200202
2022002021
0220020211
2200202113
2002021132
0020211322
0202113221
2021132212
0211322122
2113221223
1132212232
1322122322
3221223220
2212232201
2122322013
1223220133
2232201331
2322013312
3220133123
2201331232
2013312322
0133123223
1331232232
3312322321
3123223211
1232232110
2322321103
3223211031
2232110312
2321103121
3211031213
2110312133
1103121333
1031213333
0312133331
3121333311
1213333112
2133331121
1333311212
3333112123
3331121231
3311212313
3112123130
1121231301
1212313012
2123130121
1231301211
2313012111
3130121112
1301211122
3012111222
0121112220
1211122203
2111222031
1112220313
1122203132
1222031321
2220313213
2203132132
2031321321
0313213213
3132132132
1321321321
3213213213
2132132132
1321321320
3213213201
2132132011
1321320111
3213201111
2132011113
1320111133
3201111331
2011113312
0111133122
1111331220
1113312200
1133122001
1331220011
3312200112
3122001120
1220011200
2200112001
2001120011
0011200111
0112001113
1120011132
1200111322
2001113221
0011132211
0111322112
1113221122
1132211221
1322112211
3221122111
2211221112
2112211120
1122111200
1221112002
2211120021
2111200212
1112002121
1120021212
1200212123
2002121232
0021212322
0212123220
2121232203
1212322031
2123220312
1232203121
2322031213
3220312132
2203121322
2031213223
0312132233
3121322331
1213223313
2132233132
1322331322
3223313220
2233132203
2331322033
3313220332
3132203321
1322033210
3220332103
2203321031
2033210311
0332103111
3321031113
3210311133
2103111333
1031113332
0311133321
3111333213
1113332131
1133321311
1333213112
3332131122
3321311221
3213112213
2131122133
1311221331
3112213313
1122133132
1221331322
2213313222
2133132222
1331322223
3313222231
3132222311
1322223111
3222231113
2222311133
2223111331
2231113311
2311133113
3111331131
1113311311
1133113111
1331131112
3311311122
3113111222
1131112222
1311122223
3111222231
1112222310
1122223101
1222231011
2222310111
2223101111
2231011112
2310111122
3101111220
1011112201
0111122013
1111220131
1112201313
1122013132
1220131322
2201313221
2013132213
0131322131
1313221311
3132213110
1322131100
3221311001
2213110012
2131100121
1311001211
3110012111
1100121110
1001211102
0012111022
0121110221
1211102211
2111022111
1110221110
1102211100
1022111002
0221110021
2211100211
2111002111
1110021112
1100211122
1002111220
0021112201
0211122012
2111220121
1112201213
1122012132
1220121323
2201213231
2012132311
0121323110
1213231102
2132311022
1323110222
3231102223
2311022232
3110222321
1102223213
1022232132
0222321320
2223213200
2232132000
2321320002
3213200022
2132000221
1320002212
3200022122
2000221222
0002212223
0022122231
0221222312
2212223122
2122231223
1222312232
2223122321
2231223212
2312232123
3122321230
1223212300
2232123000
2321230001
3212300013
2123000131
1230001311
2300013112
3000131122
0001311221
0013112212
0131122121
1311221212
3112212121
1122121211
1221212110
2212121100
2121211002
1212110021
2121100210
1211002100
2110021003
1100210033
1002100332
0021003322
0210033223
2100332232
1003322321
0033223213
0332232132
3322321322
3223213220
2232132200
2321322003
3213220033
2132200332
1322003322
3220033222
2200332221
2003322212
0033222120
0332221202
3322212022
3222120220
2221202202
2212022022
2120220221
1202202212
2022022120
0220221203
2202212031
2022120311
0221203113
2212031132
2120311322
1203113220
2031132202
0311322022
3113220222
1132202221
1322022213
3220222132
2202221321
2022213212
0222132123
2221321232
2213212322
2132123222
1321232222
3212322221
2123222211
1232222111
2322221111
3222211111
2222111111
2221111112
2211111120
2111111200
1111112002
1111120020
1111200200
1112002002
1120020021
1200200213
2002002133
0020021333
0200213333
2002133333
0021333331
0213333312
2133333122
1333331222
3333312222
3333122222
3331222222
3312222221
3122222210
1222222103
2222221032
2222210321
2222103213
2221032131
2210321311
2103213110
1032131102
0321311023
3213110233
2131102331
1311023312
3110233120
1102331203
1023312031
0233120313
2331203131
3312031310
3120313102
1203131021
2031310212
0313102120
3131021202
1310212021
3102120213
1021202132
0212021323
2120213233
1202132331
2021323310
0213233102
2132331021
1323310213
3233102132
2331021322
3310213223
3102132232
1021322322
0213223220
2132232203
1322322031
3223220311
2232203110
2322031103
3220311031
2203110310
2031103101
0311031012
3110310122
1103101221
1031012212
0310122120
3101221200
1012212002
0122120022
1221200220
2212002201
2120022012
1200220121
2002201211
0022012113
0220121132
2201211321
2012113212
0121132122
1211321220
2113212203
1132122030
1321220301
3212203012
2122030121
1220301213
2203012133
2030121332
0301213320
3012133203
0121332032
1213320321
2133203211
1332032111
3320321112
3203211120
2032111202
0321112020
3211120200
2111202002
1112020020
1120200200
1202002002
2020020022
0200200221
2002002210
0020022103
0200221031
2002210311
0022103112
0221031120
2210311202
2103112022
1031120222
0311202222
3112022222
1120222222
1202222221
2022222211
0222222112
2222221122
2222211222
2222112220
2221122200
2211222002
2112220022
1122200221
1222002210
2220022102
2200221022
2002210223
0022102233
0221022332
2210223323
2102233231
1022332310
0223323102
2233231021
2332310210
3323102102
3231021021
2310210213
3102102130
1021021303
0210213031
2102130311
1021303112
0213031120
2130311202
1303112021
3031120211
0311202113
3112021131
1120211312
1202113121
2021131210
0211312102
2113121021
1131210211
1312102111
3121021111
1210211112
2102111123
1021111231
0211112313
2111123132
1111231321
1112313213
1123132133
1231321333
2313213333
3132133333
1321333331
3213333310
2133333102
1333331020
3333310203
3333102031
3331020313
3310203133
3102031331
1020313312
0203133122
2031331222
0313312220
3133122201
1331222011
3312220112
3122201122
1222011223
2220112231
2201122310
2011223101
0112231010
1122310102
1223101021
2231010213
2310102131
3101021311
1010213113
0102131133
1021311332
0213113322
2131133220
1311332202
3113322023
1133220231
1332202311
3322023111
3220231113
2202311132
2023111320
0231113201
2311132011
3111320110
1113201100
1132011001
1320110010
3201100101
2011001010
0110010101
1100101011
1001010110
0010101103
0101011031
1010110311
0101103111
1011031113
0110311130
1103111301
1031113011
0311130110
3111301101
1113011011
1130110111
1301101112
3011011122
0110111223
1101112232
1011122321
0111223213
1112232133
1122321333
1223213333
2232133330
2321333301
3213333010
2133330103
1333301032
3333010322
3330103220
3301032200
3010322003
0103220031
1032200313
0322003132
3220031320
2200313201
2003132011
0031320113
0313201132
3132011322
1320113220
3201132201
2011322010
0113220100
1132201003
1322010032
3220100320
2201003200
2010032000
0100320002
1003200020
0032000203
0320002033
3200020331
2000203310
0002033103
0020331033
0203310333
2033103331
0331033311
3310333113
3103331133
1033311333
0333113331
3331133311
3311333113
3113331132
1133311323
1333113231
3331132313
3311323131
3113231310
1132313103
1323131031
3231310312
2313103121
3131031210
1310312102
3103121021
1031210211
0312102112
3121021120
1210211203
2102112030
1021120303
0211203032
2112030322
1120303222
1203032221
2030322213
0303222132
3032221322
0322213220
3222132200
2221322003
2213220032
2132200321
1322003210
3220032102
2200321021
2003210213
0032102133
0321021333
3210213332
2102133320
1021333201
0213332013
2133320133
1333201331
3332013311
3320133111
3201331111
2013311113
0133111132
1331111323
3311113232
3111132320
1111323202
1113232021
1132320213
1323202132
3232021322
2320213220
3202132202
2021322023
0213220230
2132202303
1322023033
3220230331
2202303313
2023033131
0230331311
2303313111
3033131111
0331311111
3313111113
3131111131
1311111313
3111113132
1111131321
1111313210
1113132103
1131321032
1313210320
3132103202
1321032021
3210320211
2103202113
1032021132
0320211322
3202113221
2021132210
0211322100
2113221001
1132210011
1322100112
3221001120
2210011200
2100112002
1001120023
0011200233
0112002332
1120023322
1200233223
2002332231
0023322311
0233223113
2332231132
3322311322
3223113221
2231132212
2311322121
3113221211
1132212112
1322121123
3221211232
2212112323
2121123232
1211232321
2112323211
1123232111
1232321113
2323211131
3232111311
2321113112
3211131120
2111311202
1113112022
1131120220
1311202200
3112022002
1120220021
1202200211
2022002113
0220021131
2200211313
2002113131
0021131310
0211313102
2113131020
1131310203
1313102032
3131020322
1310203220
3102032201
1020322011
0203220113
2032201132
0322011321
3220113213
2201132132
2011321322
0113213220
1132132203
1321322032
3213220322
2132203222
1322032221
3220322211
2203222113
2032221132
0322211320
3222113200
2221132002
2211320021
2113200213
1132002132
1320021320
3200213202
2002132021
0021320212
0213202121
2132021213
1320212131
3202121311
2021213110
0212131102
2121311022
1213110222
2131102220
1311022201
3110222010
1102220103
1022201032
0222010321
2220103211
2201032111
2010321110
0103211102
1032111020
0321110202
3211102022
2111020223
1110202233
1102022331
1020223311
0202233113
2022331133
0223311331
2233113311
2331133113
3311331131
3113311311
1133113113
1331131131
3311311311
3113113113
1131131131
1311311310
3113113100
1131131003
1311310030
3113100301
1131003013
1310030133
3100301331
1003013312
0030133122
0301331221
3013312211
0133122110
1331221100
3312211001
3122110013
1221100131
2211001311
2110013110
1100131100
1001311002
0013110021
0131100210
1311002101
3110021010
1100210101
1002101011
0021010110
0210101103
2101011031
1010110311
0101103113
1011031132
0110311320
1103113202
1031132021
0311320211
3113202111
1132021111
1320211113
3202111132
2021111322
0211113220
2111132203
1111322032
1113220320
1132203202
1322032022
3220320220
2203202202
2032022021
0320220210
3202202102
2022021021
0220210210
2202102102
2021021023
0210210232
2102102320
1021023202
0210232021
2102320210
1023202101
0232021013
2320210132
3202101321
2021013210
0210132100
2101321000
1013210001
0132100013
1321000132
3210001322
2100013221
1000132213
0001322132
0013221323
0132213231
1322132313
3221323131
2213231313
2132313132
1323131323
3231313232
2313132321
3131323210
1313232101
3132321010
1323210102
3232101020
2321010201
3210102010
2101020103
1010201031
0102010313
1020103132
0201031321
2010313210
0103132103
1031321031
0313210311
3132103111
1321031113
3210311131
2103111310
1031113102
0311131022
3111310220
1113102200
1131022002
1310220020
3102200203
1022002030
0220020301
2200203012
2002030123
0020301231
0203012312
2030123121
0301231211
3012312111
0123121110
1231211102
2312111021
3121110213
1211102132
2111021321
1110213213
1102132130
1021321301
0213213011
2132130111
1321301111
3213011110
2130111101
1301111010
3011110100
0111101001
1111010012
1110100120
1101001202
1010012022
0100120221
1001202213
0012022132
0120221322
1202213223
2022132230
0221322302
2213223020
2132230202
1322302020
3223020202
2230202020
2302020203
3020202033
0202020331
2020203313
0202033131
2020331311
0203313113
2033131132
0331311322
3313113223
3131132231
1311322311
3113223111
1132231111
1322311110
3223111101
2231111010
2311110101
3111101011
1111010110
1110101102
1101011022
1010110221
0101102210
1011022100
0110221002
1102210021
1022100210
0221002103
2210021032
2100210322
1002103223
0021032233
0210322332
2103223322
1032233220
0322332201
3223322010
2233220102
2332201023
3322010230
3220102301
2201023013
2010230130
0102301301
1023013010
0230130100
2301301002
3013010022
0130100220
1301002200
3010022002
0100220020
1002200200
0022002003
0220020033
2200200332
2002003322
0020033222
0200332221
2003322212
0033222121
0332221211
3322212111
3222121110
2221211102
2212111020
2121110202
1211102020
2111020200
1110202001
1102020011
1020200111
0202001113
2020011133
0200111333
2001113331
0011133311
0111333112
1113331120
1133311202
1333112023
3331120232
3311202322
3112023221
1120232211
1202322111
2023221113
0232211132
2322111322
3221113220
2211132200
2111322003
1113220030
1132200301
1322003010
3220030103
2200301031
2003010313
0030103131
0301031310
3010313100
0103131002
1031310023
0313100232
3131002322
1310023220
3100232200
1002322000
0023220001
0232200011
2322000112
3220001120
2200011200
2000112002
0001120021
0011200213
0112002133
1120021332
1200213323
2002133231
0021332313
0213323132
2133231321
1332313212
3323132122
3231321223
2313212232
3132122322
1321223220
3212232201
2122322013
1223220133
2232201331
2322013313
3220133133
2201331333
2013313332
0133133321
1331333211
3313332111
3133321113
1333211132
3332111320
3321113200
3211132002
2111320020
1113200200
1132002003
1320020033
3200200332
2002003321
0020033210
0200332102
2003321023
0033210232
0332102320
3321023200
3210232002
2102320022
1023200220
0232002200
2320022001
3200220013
2002200130
0022001301
0220013013
2200130131
2001301311
0013013111
0130131112
1301311122
3013111221
0131112213
1311122131
3111221311
1112213110
1122131100
1221311002
2213110020
2131100203
1311002032
3110020322
1100203221
1002032211
0020322113
0203221133
2032211332
0322113321
3221133210
2211332102
2113321020
1133210202
1332102021
3321020213
3210202131
2102021313
1020213133
0202131333
2021313331
0213133310
2131333101
1313331013
3133310133
1333101332
3331013321
3310133213
3101332132
1013321322
0133213220
1332132200
3321322003
3213220032
2132200322
1322003222
3220032220
2200322201
2003222010
0032220102
0322201023
3222010233
2220102331
2201023313
2010233131
0102331311
1023313110
0233131102
2331311021
3313110213
3131102133
1311021332
3110213322
1102133221
1021332211
0213322112
2133221122
1332211222
3322112221
3221122211
2211222113
2112221132
1122211321
1222113212
2221132120
2211321201
2113212013
1132120133
1321201331
3212013311
2120133110
1201331101
2013311011
0133110112
1331101122
3311011222
3110112220
1101122201
1011222013
0112220132
1122201323
1222013232
2220132321
2201323211
2013232111
0132321110
1323211102
3232111022
2321110222
3211102220
2111022202
1110222020
1102220200
1022202002
0222020020
2220200203
2202002032
2020020320
0200203202
2002032020
0020320202
0203202021
2032020211
0320202110
3202021102
2020211021
0202110213
2021102132
0211021323
2110213232
1102132321
1021323211
0213232111
2132321112
1323211120
3232111201
2321112011
3211120111
2111201113
1112011131
1120111311
1201113111
2011131113
0111311132
1113111321
1131113213
1311132132
3111321322
1113213220
1132132203
1321322033
3213220333
2132203333
1322033330
3220333301
2203333013
2033330132
0333301321
3333013211
3330132110
3301321101
3013211013
0132110133
1321101333
3211013332
2110133320
1101333200
1013332000
0133320000
1333200001
3332000012
3320000122
3200001221
2000012213
0000122133
0001221331
0012213313
0122133132
1221331323
2213313232
2133132322
1331323221
3313232213
3132322132
1323221322
3232213220
2322132201
3221322011
2213220111
2132201110
1322011100
3220111002
2201110022
2011100221
0111002211
1110022111
1100221110
1002211102
0022111023
0221110231
2211102313
2111023133
1110231332
1102313321
1023133211
0231332111
2313321111
3133211111
1332111111
3321111110
3211111101
2111111013
1111110131
1111101311
1111013111
1110131111
1101311112
1013111122
0131111223
1311112232
3111122322
1111223221
1112232210
1122322102
1223221022
2232210223
2322102231
3221022310
2210223102
2102231022
1022310220
0223102201
2231022013
2310220131
3102201313
1022013132
0220131320
2201313200
2013132002
0131320022
1313200220
3132002203
1320022032
3200220321
2002203211
0022032113
0220321132
2203211322
2032113223
0321132233
3211322331
2113223311
1132233110
1322331102
3223311020
2233110200
2331102001
3311020011
3110200110
1102001103
1020011031
0200110311
2001103110
0011031102
0110311022
1103110221
1031102211
0311022112
3110221123
1102211232
1022112321
0221123211
2211232111
2112321113
1123211132
1232111321
2321113213
3211132132
2111321321
1113213213
1132132131
1321321310
3213213102
2132131021
1321310210
3213102101
2131021011
1310210110
3102101101
1021011013
0210110132
2101101320
1011013203
0110132030
1101320301
1013203011
0132030111
1320301111
3203011111
2030111110
0301111101
3011111013
0111110133
1111101331
1111013313
1110133132
1101331320
1013313200
0133132000
1331320002
3313200023
3132000232
1320002321
3200023213
2000232130
0002321301
0023213012
0232130122
2321301223
3213012232
2130122320
1301223201
3012232011
0122320110
1223201102
2232011021
2320110212
3201102121
2011021211
0110212110
1102121101
1021211010
0212110103
2121101033
1211010331
2110103311
1101033111
1010331113
0103311132
1033111321
0331113210
3311132101
3111321011
1113210113
1132101130
1321011303
3210113032
2101130320
1011303200
0113032002
1130320020
1303200200
3032002001
0320020013
3200200131
2002001313
0020013131
0200131311
2001313110
0013131103
0131311032
1313110323
3131103232
1311032320
3110323202
1103232021
1032320213
0323202131
3232021311
2320213112
3202131120
2021311200
0213112003
2131120032
1311200323
3112003231
1120032311
1200323113
2003231132
0032311322
0323113221
3231132213
2311322131
3113221310
1132213103
1322131031
3221310311
2213103112
2131031123
1310311232
3103112322
1031123220
0311232202
3112322023
1123220231
1232202313
2322023133
3220231332
2202313321
2023133212
0231332120
2313321202
3133212022
1332120220
3321202200
3212022000
2120220003
1202200032
2022000323
0220003230
2200032303
2000323031
0003230311
0032303113
0323031133
3230311332
2303113322
3031133223
0311332232
3113322321
1133223213
1332232130
3322321302
3223213023
2232130232
2321302322
3213023220
2130232202
1302322020
3023220200
0232202001
2322020010
3220200100
2202001000
2020010000
0200100001
2001000011
0010000112
0100001122
1000011222
0000112220
0001122200
0011222002
0112220022
1122200220
1222002200
2220022001
2200220010
2002200100
0022001000
0220010002
2200100021
2001000211
0010002112
0100021120
1000211200
0002112001
0021120010
0211200102
2112001023
1120010231
1200102313
2001023132
0010231322
0102313221
1023132210
0231322103
2313221032
3132210323
1322103232
3221032322
2210323221
2103232211
1032322110
0323221101
3232211011
2322110110
3221101100
2211011003
2110110032
1101100320
1011003200
0110032002
1100320022
1003200221
0032002213
0320022133
3200221332
2002213320
0022133202
0221332021
2213320211
2133202113
1332021130
3320211303
3202113032
2021130322
0211303221
2113032210
1130322102
1303221023
3032210232
0322102322
3221023220
2210232201
2102322012
1023220122
0232201223
2322012232
3220122321
2201223213
2012232132
0122321321
1223213211
2232132110
2321321101
3213211013
2132110132
1321101321
3211013213
2110132132
1101321322
1013213220
0132132203
1321322032
3213220323
2132203232
1322032322
3220323221
2203232213
2032322132
0323221320
3232213201
2322132010
3221320102
2213201022
2132010223
1320102233
3201022331
2010223313
0102233132
1022331322
0223313221
2233132213
2331322132
3313221321
3132213210
1322132102
3221321020
2213210203
2132102033
1321020332
3210203323
2102033232
1020332322
0203323221
2033232211
0332322113
3323221132
3232211322
2322113223
3221132232
2211322322
2113223222
1132232222
1322322220
3223222201
2232222010
2322220100
3222201002
2222010022
2220100220
2201002203
2010022031
0100220311
1002203110
0022031102
0220311020
2203110202
2031102021
0311020211
3110202110
1102021101
1020211012
0202110122
2021101223
0211012232
2110122322
1101223221
1012232211
0122322113
1223221133
2232211333
2322113332
3221133320
2211333201
2113332010
1133320100
1333201001
3332010010
3320100103
3201001031
2010010313
0100103131
1001031310
0010313100
0103131003
1031310031
0313100310
3131003102
1310031021
3100310211
1003102113
0031021132
0310211322
3102113220
1021132201
0211322013
2113220132
1132201321
1322013213
3220132130
2201321301
2013213011
0132130113
1321301130
3213011300
2130113001
1301130011
3011300112
0113001123
1130011231
1300112310
3001123102
0011231023
0112310232
1123102322
1231023220
2310232202
3102322020
1023220200
0232202002
2322020020
3220200201
2202002010
2020020100
0200201000
2002010002
0020100023
0201000231
2010002311
0100023111
1000231111
0002311111
0023111111
0231111112
2311111120
3111111202
1111112021
1111120211
1111202111
1112021110
1120211102
1202111020
2021110200
0211102001
2111020011
1110200111
1102001110
1020011100
0200111000
2001110003
0011100031
0111000310
1110003100
1100031002
1000310020
0003100200
0031002000
0310020003
3100200030
1002000303
0020003030
0200030303
2000303033
0003030333
0030303332
0303033320
3030333202
0303332020
3033320202
0333202020
3332020200
3320202000
3202020001
2020200013
0202000133
2020001331
0200013311
2000133110
0001331101
0013311010
0133110100
1331101002
3311010022
3110100220
1101002200
1010022001
0100220011
1002200111
0022001110
0220011100
2200111000
2001110001
0011100010
0111000102
1110001022
1100010222
1000102222
0001022222
0010222220
0102222200
1022222000
0222220002
2222200021
2222000211
2220002111
2200021110
2000211101
0002111011
0021110110
0211101100
2111011002
1110110020
1101100202
1011002022
0110020221
1100202210
1002022102
0020221023
0202210232
2022102323
0221023231
2210232310
2102323101
1023231011
0232310113
2323101133
3231011333
2310113332
3101133320
1011333201
0113332011
1133320111
1333201113
3332011130
3320111301
3201113010
2011130102
0111301021
1113010210
1130102101
1301021010
3010210101
0102101013
1021010132
0210101322
2101013221
1010132213
0101322131
1013221313
0132213133
1322131331
3221313310
2213133101
2131331011
1313310110
3133101101
1331011012
3310110123
3101101232
1011012323
0110123232
1101232322
1012323222
0123232222
1232322221
2323222213
3232222130
2322221302
3222213023
2222130232
2221302322
2213023222
2130232221
1302322211
3023222111
0232221111
2322211110
3222111103
2221111032
2211110322
2111103223
1111032231
1110322311
1103223111
1032231110
0322311101
3223111010
2231110101
2311101010
3111010100
1110101002
1101010021
1010100211
0101002111
1010021110
0100211102
1002111023
0021110232
0211102321
2111023210
1110232100
1102321001
1023210010
0232100100
2321001003
3210010032
2100100321
1001003211
0010032113
0100321130
1003211301
0032113010
0321130102
3211301022
2113010220
1130102200
1301022001
3010220013
0102200131
1022001313
0220013130
2200131300
2001313001
0013130011
0131300113
1313001132
3130011320
1300113202
3001132021
0011320212
0113202123
1132021232
1320212321
3202123213
2021232133
0212321332
2123213323
1232133232
2321332322
3213323222
2133232222
1332322220
3323222202
3232222021
2322220212
3222202120
2222021202
2220212022
2202120222
2021202222
0212022221
2120222211
1202222111
2022221111
0222211113
2222111132
2221111320
2211113200
2111132002
1111320022
1113200222
1132002221
1320022210
3200222103
2002221031
0022210311
0222103110
2221031100
2210311000
2103110001
1031100011
0311000113
3110001132
1100011322
1000113220
0001132200
0011322002
0113220022
1132200223
1322002233
3220022331
2200223311
2002233110
0022331102
0223311021
2233110211
2331102110
3311021101
3110211011
1102110112
1021101120
0211011201
2110112010
1101120101
1011201011
0112010113
1120101130
1201011301
2010113010
0101130102
1011301021
0113010210
1130102103
1301021031
3010210313
0102103131
1021031310
0210313102
2103131022
1031310221
0313102213
3131022130
1310221303
3102213032
1022130322
0221303221
2213032212
2130322121
1303221210
3032212102
0322121021
3221210211
2212102112
2121021122
1210211221
2102112212
1021122122
0211221222
2112212221
1122122212
1221222121
2212221212
2122212122
1222121222
2221212222
2212122222
2121222220
1212222201
2122222012
1222220122
2222201220
2222012202
2220122021
2201220211
2012202111
0122021111
1220211110
2202111103
2021111032
0211110320
2111103203
1111032032
1110320321
1103203212
1032032122
0320321223
3203212231
2032122311
0321223111
3212231110
2122311103
1223111032
2231110322
2311103223
3111032232
1110322323
1103223232
1032232323
0322323231
3223232312
2232323122
2323231223
3232312231
2323122311
3231223113
2312231132
3122311322
1223113222
2231132221
2311322210
3113222103
1132221031
1322210313
3222103133
2221031331
2210313311
2103133110
1031331101
0313311011
3133110113
1331101132
3311011322
3110113220
1101132202
1011322020
0113220200
1132202002
1322020022
3220200220
2202002203
2020022032
0200220320
2002203201
0022032010
0220320101
2203201012
2032010121
0320101213
3201012132
2010121323
0101213230
1012132301
0121323010
1213230103
2132301031
1323010311
3230103113
2301031132
3010311322
0103113223
1031132232
0311322322
3113223222
1132232221
1322322211
3223222110
2232221102
2322211021
3222110210
2221102102
2211021022
2110210222
1102102221
1021022212
0210222120
2102221200
1022212002
0222120020
2221200203
2212002032
2120020321
1200203210
2002032103
0020321032
0203210321
2032103211
0321032111
3210321111
2103211110
1032111102
0321111021
3211110210
2111102101
1111021012
1110210120
1102101200
1021012001
0210120011
2101200112
1012001122
0120011223
1200112233
2001122332
0011223320
0112233203
1122332033
1223320331
2233203310
2332033102
3320331020
3203310200
2033102000
0331020002
3310200023
3102000231
1020002313
0200023132
2000231321
0002313210
0023132103
0231321033
2313210332
3132103322
1321033221
3210332212
2103322120
1033221202
0332212020
3322120200
3221202001
2212020010
2120200100
1202001001
2020010012
0200100123
2001001232
0010012320
0100123203
1001232030
0012320302
0123203020
1232030202
2320302022
3203020220
2030202202
0302022022
3020220220
0202202202
2022022020
0220220203
2202202032
2022020321
0220203212
2202032121
2020321212
0203212123
2032121232
0321212320
3212123200
2121232001
1212320010
2123200102
1232001020
2320010200
3200102002
2001020021
0010200212
0102002123
1020021232
0200212321
2002123210
0021232101
0212321012
2123210120
1232101202
2321012023
3210120232
2101202322
1012023222
0120232221
1202322210
2023222102
0232221022
2322210220
3222102202
2221022022
2210220222
2102202222
1022022222
0220222221
2202222212
2022222122
0222221223
2222212232
2222122322
2221223220
2212232202
2122322022
1223220222
2232202222
2322022222
3220222221
2202222212
2022222122
0222221220
2222212202
2222122021
2221220211
2212202110
2122021101
1220211011
2202110113
2021101130
0211011301
2110113012
1101130123
1011301233
0113012333
1130123333
1301233333
3012333330
0123333300
1233333002
2333330020
3333300203
3333002032
3330020320
3300203200
3002032002
0020320022
0203200220
2032002203
0320022032
3200220322
2002203223
0022032232
0220322321
2203223210
2032232101
0322321011
3223210113
2232101132
2321011323
3210113232
2101132321
1011323211
0113232111
1132321111
1323211113
3232111132
2321111320
3211113203
2111132031
1111320310
1113203103
1132031033
1320310332
3203103321
2031033212
0310332122
3103321221
1033212211
0332122112
3321221122
3212211221
2122112212
1221122122
2211221223
2112212232
1122122322
1221223223
2212232232
2122322322
1223223221
2232232210
2322322102
3223221020
2232210202
2322102021
3221020213
2210202133
2102021330
1020213303
0202133032
2021330322
0213303222
2133032222
1330322221
3303222211
3032222110
0322221100
3222211002
2222110020
2221100200
2211002000
2110020001
1100200010
1002000101
0020001010
0200010101
2000101011
0001010113
0010101133
0101011331
1010113311
0101133110
1011331101
0113311011
1133110111
1331101110
3311011102
3110111020
1101110202
1011102020
0111020202
1110202022
1102020221
1020202213
0202022130
2020221302
0202213020
2022130202
0221302020
2213020200
2130202003
1302020032
3020200320
0202003201
2020032013
0200320131
2003201311
0032013111
0320131113
3201311132
2013111322
0131113223
1311132231
3111322311
1113223113
1132231131
1322311312
3223113122
2231131222
2311312221
3113122213
1131222131
1312221310
3122213100
1222131001
2221310012
2213100122
2131001221
1310012213
3100122130
1001221301
0012213013
0122130131
1221301313
2213013132
2130131322
1301313220
3013132202
0131322021
1313220211
3132202112
1322021121
3220211210
2202112102
2021121022
0211210223
2112102232
1121022322
1210223221
2102232212
1022322122
0223221220
2232212202
2322122022
3221220223
2212202232
2122022322
1220223221
2202232213
2022322132
0223221322
2232213220
2322132202
3221322023
2213220232
2132202320
1322023201
3220232010
2202320100
2023201001
0232010010
2320100101
3201001011
2010010113
0100101131
1001011311
0010113113
0101131133
1011311332
0113113322
1131133223
1311332232
3113322323
1133223232
1332232322
3322323223
3223232231
2232322311
2323223112
3232231122
2322311220
3223112200
2231122000
2311220002
3112200023
1122000231
1220002313
2200023131
2000231313
0002313133
0023131331
0231313313
2313133132
3131331322
1313313220
3133132202
1331322022
3313220222
3132202221
1322022212
3220222121
2202221212
2022212120
0222121201
2221212011
2212120112
2121201122
1212011220
2120112202
1201122022
2011220221
0112202211
1122022110
1220221101
2202211013
2022110131
0221101311
2211013113
2110131132
1101311321
1013113211
0131132111
1311321111
3113211111
1132111110
1321111102
3211111022
2111110221
1111102211
1111022110
1110221103
1102211032
1022110320
0221103200
2211032002
2110320020
1103200200
1032002002
0320020023
3200200232
2002002322
0020023222
0200232222
2002322222
0023222223
0232222232
2322222322
3222223222
2222232220
2222322202
2223222020
2232220201
2322202011
3222020110
2220201102
2202011020
2020110202
0201102022
2011020222
0110202222
1102022222
1020222222
0202222223
2022222233
0222222331
2222223312
2222233122
2222331220
2223312202
2233122022
2331220222
3312202222
3122022222
1220222221
2202222212
2022222122
0222221221
2222212212
2222122122
2221221222
2212212222
2122122222
1221222222
2212222223
2122222232
1222222323
2222223233
2222232331
2222323311
2223233113
2232331131
2323311311
3233113112
2331131122
3311311221
3113112212
1131122122
1311221220
3112212202
1122122022
1221220220
2212202202
2122022022
1220220221
2202202212
2022022122
0220221220
2202212202
2022122022
0221220220
2212202203
2122022030
1220220303
2202203030
2022030303
0220303030
2203030302
2030303022
0303030223
3030302232
0303022322
3030223221
0302232210
3022322100
0223221003
2232210032
2322100321
3221003210
2210032102
2100321021
1003210212
0032102123
0321021231
3210212310
2102123102
1021231022
0212310221
2123102210
1231022100
2310221003
3102210032
1022100320
0221003201
2210032011
2100320111
1003201112
0032011122
0320111220
3201112202
2011122020
0111220203
1112202032
1122020322
1220203220
2202032203
2020322032
0203220322
2032203222
0322032222
3220322220
2203222202
2032222022
0322220220
3222202201
2222022012
2220220122
2202201220
2022012202
0220122023
2201220232
2012202323
0122023231
1220232311
2202323113
2023231133
0232311331
2323113310
3231133103
2311331031
3113310310
1133103102
1331031021
3310310211
3103102111
1031021110
0310211101
3102111013
1021110132
0211101322
2111013222
1110132221
1101322210
1013222101
0132221013
1322210131
3222101313
2221013131
2210131313
2101313130
1013131303
0131313030
1313130301
3131303011
1313030111
3130301111
1303011110
3030111101
0301111011
3011110113
0111101133
1111011333
1110113332
1101133320
1011333200
0113332000
1133320002
1333200023
3332000232
3320002320
3200023203
2000232032
0002320322
0023203220
0232032202
2320322022
3203220222
2032202223
0322022231
3220222310
2202223101
2022231012
0222310122
2223101222
2231012222
2310122220
3101222202
1012222022
0122220223
1222202232
2222022320
2220223202
2202232021
2022320210
0223202103
2232021031
2320210310
3202103100
2021031002
0210310021
2103100210
1031002103
0310021033
3100210330
1002103301
0021033011
0210330113
2103301131
1033011310
0330113100
3301131001
3011310013
0113100132
1131001323
1310013230
3100132302
1001323023
0013230231
0132302310
1323023101
3230231013
2302310132
3023101321
0231013212
2310132120
3101321202
1013212022
0132120223
1321202232
3212022322
2120223220
1202232201
2022322012
0223220120
2232201203
2322012033
3220120332
2201203321
2012033213
0120332130
1203321301
2033213010
0332130103
3321301032
3213010322
2130103220
1301032201
3010322011
0103220111
1032201111
0322011112
3220111120
2201111202
2011112020
0111120202
1111202023
1112020231
1120202310
1202023101
2020231011
0202310110
2023101103
0231011032
2310110323
3101103231
1011032310
0110323103
1103231031
1032310313
0323103132
3231031323
2310313233
3103132333
1031323331
0313233313
3132333132
1323331323
3233313232
2333132320
3331323201
3313232011
3132320110
1323201101
3232011012
2320110122
3201101222
2011012220
0110122201
1101222011
1012220110
0122201101
1222011010
2220110103
2201101033
2011010332
0110103322
1101033221
1010332213
0103322132
1033221320
0332213202
3322132022
3221320220
2213202203
2132022032
1320220322
3202203222
2022032222
0220322223
2203222231
2032222313
0322223131
3222231311
2222313113
2223131132
2231311321
2313113210
3131132103
1311321033
3113210332
1132103323
1321033232
3210332323
2103323231
1033232311
0332323111
3323231111
3232311111
2323111110
3231111101
2311111011
3111110111
1111101112
1111011122
1110111222
1101112220
1011122202
0111222021
1112220211
1122202111
1222021111
2220211110
2202111101
2021111011
0211110113
2111101132
1111011321
1110113211
1101132113
1011321131
0113211313
1132113131
1321131313
3211313131
2113131313
1131313131
1313131313
3131313131
1313131310
3131313103
1313131031
3131310311
1313103113
3131031131
1310311313
3103113131
1031131311
0311313112
3113131123
1131311233
1313112332
3131123323
1311233232
3112332320
1123323201
1233232011
2332320113
3323201131
3232011313
2320113132
3201131321
2011313213
0113132131
1131321313
1313213131
3132131312
1321313123
3213131232
2131312322
1313123221
3131232213
1312322132
3123221321
1232213211
2322132111
3221321113
2213211132
2132111322
1321113223
3211132232
2111322321
1113223213
1132232131
1322321312
3223213121
2232131213
2321312133
3213121333
2131213331
1312133313
3121333131
1213331313
2133313132
1333131322
3331313221
3313132210
3131322103
1313221031
3132210310
1322103103
3221031032
2210310320
2103103203
1031032033
0310320332
3103203323
1032033232
0320332323
3203323230
2033232301
0332323011
3323230112
3232301121
2323011211
3230112112
2301121122
3011211220
0112112200
1121122002
1211220021
2112200210
1122002101
1220021011
2200210110
2002101102
0021011022
0210110220
2101102202
1011022021
0110220213
1102202130
1022021301
0220213010
2202130100
2021301002
0213010021
2130100211
1301002110
3010021103
0100211032
1002110321
0021103210
0211032102
2110321021
1103210213
1032102132
0321021322
3210213220
2102132202
1021322023
0213220233
2132202332
1322023321
3220233210
2202332102
2023321020
0233210202
2332102021
3321020211
3210202111
2102021111
1020211112
0202111120
2021111202
0211112023
2111120230
1111202301
1112023010
1120230100
1202301002
2023010021
0230100213
2301002132
3010021320
0100213202
1002132021
0021320210
0213202100
2132021002
1320210021
3202100213
2021002131
0210021311
2100213112
1002131121
0021311210
0213112101
2131121011
1311210113
3112101131
1121011311
1210113110
2101131101
1011311011
0113110110
1131101103
1311011031
3110110310
1101103103
1011031032
0110310320
1103103201
1031032011
0310320112
3103201120
1032011201
0320112013
3201120130
2011201301
0112013010
1120130100
1201301001
2013010011
0130100111
1301001111
3010011110
0100111100
1001111001
0011110013
0111100130
1111001301
1110013013
1100130132
1001301321
0013013213
0130132133
1301321331
3013213312
0132133121
1321331211
3213312112
2133121122
1331211221
3312112210
3121122100
1211221002
2112210020
1122100201
1221002011
2210020113
2100201131
1002011313
0020113133
0201131331
2011313311
0113133110
1131331103
1313311031
3133110310
1331103102
3311031021
3110310212
1103102120
1031021201
0310212011
3102120113
1021201131
0212011310
2120113100
1201131002
2011310022
0113100220
1131002202
1310022022
3100220223
1002202232
0022022321
0220223211
2202232111
2022321111
0223211112
2232111122
2321111220
3211112200
2111122002
1111220021
1112200210
1122002101
1220021010
2200210103
2002101031
0021010310
0210103101
2101031011
1010310111
0103101113
1031011131
0310111310
3101113103
1011131031
0111310311
1113103112
1131031120
1310311202
3103112022
1031120223
0311202231
3112022313
1120223132
1202231322
2022313222
0223132221
2231322211
2313222110
3132221103
1322211032
3222110322
2221103223
2211032232
2110322321
1103223211
1032232113
0322321133
3223211333
2232113332
2321133322
3211333220
2113332202
1133322020
1333220200
3332202002
3322020023
3220200232
2202002323
2020023230
0200232301
2002323012
0023230120
0232301200
2323012002
3230120022
2301200222
3012002221
0120022210
1200222102
2002221022
0022210223
0222102232
2221022323
2210223233
2102232332
1022323322
0223233222
2232332223
2323322230
3233222301
2332223010
3322230101
3222301011
2223010111
2230101112
2301011121
3010111211
0101112112
1011121120
0111211203
1112112031
1121120311
1211203111
2112031110
1120311102
1203111021
2031110211
0311102111
3111021111
1110211111
1102111113
1021111132
0211111321
2111113210
1111132100
1111321002
1113210023
1132100232
1321002322
3210023221
2100232213
1002322132
0023221323
0232213230
2322132300
3221323000
2213230002
2132300020
1323000201
3230002012
2300020121
3000201213
0002012132
0020121321
0201213211
2012132112
0121321122
1213211220
2132112202
1321122022
3211220223
2112202232
1122022323
1220223232
2202232323
2022323233
0223232331
2232323313
2323233132
3232331320
2323313200
3233132001
2331320010
3313200102
3132001022
1320010220
3200102203
2001022032
0010220320
0102203200
1022032001
0220320013
2203200132
2032001322
0320013220
3200132203
2001322033
0013220333
0132203331
1322033311
3220333113
2203331131
2033311310
0333113103
3331131032
3311310322
3113103220
1131032202
1310322022
3103220221
1032202213
0322022131
3220221313
2202213132
2022131320
0221313203
2213132031
2131320310
1313203103
3132031031
1320310310
3203103102
2031031021
0310310210
3103102100
1031021000
0310210003
3102100033
1021000331
0210003310
2100033100
1000331001
0003310011
0033100110
0331001101
3310011011
3100110110
1001101102
0011011020
0110110200
1101102001
1011020010
0110200103
1102001031
1020010312
0200103123
2001031231
0010312311
0103123112
1031231121
0312311213
3123112132
1231121321
2311213210
3112132103
1121321033
1213210332
2132103322
1321033221
3210332212
2103322123
1033221231
0332212310
3322123102
3221231021
2212310211
2123102113
1231021132
2310211321
3102113210
1021132102
0211321022
2113210221
1132102211
1321022111
3210221113
2102211132
1022111321
0221113211
2211132112
2111321121
1113211212
1132112120
1321121203
3211212033
2112120333
1121203330
1212033303
2120333031
1203330311
2033303113
0333031132
3330311321
3303113213
3031132132
0311321322
3113213220
1132132202
1321322021
3213220213
2132202131
1322021310
3220213103
2202131032
2021310322
0213103221
2131032212
1310322122
3103221222
1032212220
0322122202
3221222022
2212220221
2122202212
1222022120
2220221201
2202212011
2022120113
0221201131
2212011310
2120113100
1201131002
2011310023
0113100231
1131002311
1310023113
3100231133
1002311331
0023113311
0231133113
2311331131
3113311311
1133113112
1331131122
3311311222
3113112220
1131122202
1311222020
3112220201
1122202013
1222020131
2220201312
2202013120
2020131201
0201312011
2013120113
0131201131
1312011312
3120113121
1201131211
2011312111
0113121112
1131211120
1312111200
3121112001
1211120011
2111200110
1112001102
1120011021
1200110211
2001102110
0011021103
0110211031
1102110311
1021103113
0211031131
2110311310
1103113101
1031131013
0311310132
3113101320
1131013201
1310132011
3101320110
1013201103
0132011032
1320110321
3201103213
2011032132
0110321322
1103213220
1032132201
0321322011
3213220113
2132201131
1322011311
3220113113
2201131131
2011311311
0113113110
1131131103
1311311032
3113110323
1131103232
1311032322
3110323221
1103232213
1032322131
0323221312
3232213122
2322131222
3221312220
2213122201
2131222010
1312220103
3122201031
1222010312
2220103121
2201031211
2010312113
0103121132
1031211323
0312113232
3121132322
1211323221
2113232213
1132322132
1323221323
3232213231
2322132310
3221323102
2213231023
2132310230
1323102301
3231023013
2310230133
3102301330
1023013302
0230133020
2301330202
3013302022
0133020220
1330202200
3302022000
3020220000
0202200003
2022000031
0220000310
2200003103
2000031033
0000310333
0003103331
0031033310
0310333103
3103331031
1033310311
0333103110
3331031101
3310311011
3103110112
1031101122
0311011222
3110112220
1101122201
1011222010
0112220103
1122201033
1222010332
2220103321
2201033213
2010332132
0103321321
1033213211
0332132110
3321321102
3213211022
2132110220
1321102200
3211022001
2110220013
1102200132
1022001321
0220013211
2200132113
2001321131
0013211313
0132113133
1321131332
3211313320
2113133201
1131332011
1313320113
3133201132
1332011323
3320113232
3201132321
2011323210
0113232102
1132321022
1323210221
3232102212
2321022121
3210221210
2102212102
1022121022
0221210223
2212102230
2121022302
1210223020
2102230202
1022302023
0223020232
2230202322
2302023221
3020232211
0202322110
2023221100
0232211002
2322110020
3221100203
2211002033
2110020332
1100203322
1002033222
0020332222
0203322220
2033222201
0332222013
3322220133
3222201333
2222013332
2220133322
2201333221
2013332210
0133322103
1333221032
3332210322
3322103221
3221032211
2210322111
2103221112
1032211121
0322111212
3221112120
2211121201
2111212010
1112120103
1121201033
1212010333
2120103330
1201033301
2010333010
0103330102
1033301020
0333010202
3330102021
3301020211
3010202110
0102021102
1020211023
0202110233
2021102330
0211023301
2110233013
1102330130
1023301301
0233013011
2330130112
3301301120
3013011200
0130112000
1301120002
3011200022
0112000222
1120002220
1200022202
2000222022
0002220221
0022202213
0222022132
2220221323
2202213232
2022132321
0221323211
2213232110
2132321103
1323211032
3232110321
2321103213
3211032132
2110321321
1103213211
1032132113
0321321132
3213211323
2132113231
1321132310
3211323100
2113231002
1132310023
1323100232
3231002322
2310023220
3100232203
1002322032
0023220321
0232203211
2322032111
3220321111
2203211111
2032111111
0321111112
3211111120
2111111200
1111112002
1111120021
1111200211
1112002113
1120021133
1200211331
2002113310
0021133103
0211331032
2113310322
1133103220
1331032202
3310322022
3103220222
1032202221
0322022210
3220222103
2202221031
2022210313
0222103133
2221031331
2210313310
2103133101
1031331011
0313310113
3133101131
1331011311
3310113110
3101131100
1011311000
0113110000
1131100001
1311000010
3110000102
1100001020
1000010201
0000102010
0001020101
0010201010
0102010103
1020101032
0201010322
2010103223
0101032231
1010322311
0103223113
1032231133
0322311333
3223113332
2231133322
2311333220
3113332202
1133322023
1333220230
3332202301
3322023013
3220230132
2202301321
2023013213
0230132132
2301321323
3013213232
0132132322
1321323222
3213232220
2132322202
1323222020
3232220203
2322202030
3222020303
2220203033
2202030333
2020303333
0203033331
2030333311
0303333111
3033331113
0333311133
3333111332
3331113322
3311133220
3111332203
1113322030
1133220301
1332203010
3322030103
3220301032
2203010321
2030103211
0301032110
3010321103
0103211030
1032110301
0321103011
3211030111
2110301111
1103011110
1030111102
0301111021
3011110210
0111102100
1111021000
1110210000
1102100002
1021000021
0210000210
2100002100
1000021001
0000210011
0002100110
0021001102
0210011022
2100110220
1001102200
0011022002
0110220023
1102200233
1022002331
0220023313
2200233130
2002331302
0023313020
0233130202
2331302023
3313020233
3130202333
1302023332
3020233323
0202333231
2023332310
0233323101
2333231011
3332310110
3323101102
3231011021
2310110212
3101102122
1011021220
0110212202
1102122022
1021220220
0212202201
2122022012
1220220122
2202201220
2022012203
0220122032
2201220322
2012203220
0122032201
1220322011
2203220111
2032201110
0322011101
3220111011
2201110112
2011101120
0111011200
1110112002
1101120020
1011200200
0112002001
1120020013
1200200132
2002001321
0020013211
0200132111
2001321113
0013211132
0132111322
1321113220
3211132201
2111322011
1113220111
1132201112
1322011123
3220111230
2201112303
2011123030
0111230301
1112303011
1123030112
1230301122
2303011220
3030112203
0301122030
3011220300
0112203003
1122030032
1220300320
2203003201
2030032011
0300320111
3003201110
0032011102
0320111023
3201110232
2011102321
0111023213
1110232132
1102321322
1023213221
0232132210
2321322100
3213221001
2132210010
1322100103
3221001031
2210010310
2100103102
1001031021
0010310211
0103102113
1031021132
0310211320
3102113200
1021132002
0211320020
2113200201
1132002010
1320020102
3200201020
2002010201
0020102011
0201020111
2010201110
0102011100
1020111001
0201110013
2011100133
0111001333
1110013332
1100133321
1001333211
0013332110
0133321103
1333211031
3332110310
3321103103
3211031033
2110310333
1103103333
1031033332
0310333322
3103333220
1033332200
0333322000
3333220002
3332200022
3322000220
3220002203
2200022033
2000220332
0002203320
0022033200
0220332003
2203320030
2033200301
0332003013
3320030132
3200301321
2003013210
0030132101
0301321011
3013210111
0132101110
1321011102
3210111022
2101110220
1011102203
0111022031
1110220311
1102203110
1022031102
0220311020
2203110203
2031102032
0311020323
3110203232
1102032320
1020323203
0203232031
2032320310
0323203100
3232031001
2320310010
3203100101
2031001010
0310010102
3100101021
1001010213
0010102133
0101021333
1010213332
0102133321
1021333211
0213332110
2133321100
1333211003
3332110030
3321100302
3211003020
2110030200
1100302003
1003020030
0030200303
0302003032
3020030322
0200303222
2003032221
0030322211
0303222110
3032221101
0322211013
3222110131
2221101311
2211013113
2110131132
1101311322
1013113220
0131132200
1311322002
3113220020
1132200202
1322002022
3220020220
2200202200
2002022002
0020220020
0202200202
2022002020
0220020200
2200202000
2002020002
0020200023
0202000232
2020002321
0200023211
2000232111
0002321110
0023211103
0232111032
2321110320
3211103202
2111032022
1110320221
1103202211
1032022111
0320221110
3202211100
2022111000
0221110002
2211100020
2111000201
1110002013
1100020131
1000201311
0002013112
0020131120
0201311200
2013112002
0131120022
1311200222
3112002220
1120022203
1200222031
2002220311
0022203111
0222031113
2220311131
2203111311
2031113113
0311131131
3111311313
1113113132
1131131321
1311313213
3113132130
1131321302
1313213023
3132130232
1321302323
3213023231
2130232313
1302323131
3023231311
0232313113
2323131131
3231311311
2313113110
3131131101
1311311011
3113110110
1131101102
1311011021
3110110210
1101102100
1011021000
0110210002
1102100021
1021000211
0210002110
2100021102
1000211020
0002110200
0021102002
0211020022
2110200220
1102002201
1020022010
0200220102
2002201022
0022010220
0220102202
2201022021
2010220211
0102202111
1022021110
0220211101
2202111013
2021110132
0211101323
2111013231
1110132311
1101323113
1013231132
0132311322
1323113221
3231132211
2311322111
3113221111
1132211113
1322111131
3221111313
2211113132
2111131321
1111313211
1113132110
1131321103
1313211031
3132110311
1321103110
3211031101
2110311011
1103110113
1031101131
0311011311
3110113113
1101131131
1011311310
0113113102
1131131022
1311310221
3113102211
1131022110
1310221102
3102211022
1022110222
0221102223
2211022231
2110222313
1102223132
1022231320
0222313200
2223132002
2231320020
2313200200
3132002002
1320020021
3200200211
2002002112
0020021121
0200211211
2002112110
0021121102
0211211021
2112110213
1121102132
1211021321
2110213210
1102132102
1021321020
0213210202
2132102023
1321020233
3210202331
2102023313
1020233131
0202331313
2023313132
0233131321
2331313213
3313132131
3131321312
1313213120
3132131202
1321312023
3213120232
2131202322
1312023221
3120232212
1202322120
2023221202
0232212020
2322120202
3221202022
2212020220
2120202201
1202022011
2020220110
0202201102
2022011021
0220110213
2201102132
2011021322
0110213220
1102132202
1021322020
0213220200
2132202002
1322020022
3220200223
2202002232
2020022322
0200223220
2002232201
0022322010
0223220103
2232201032
2322010323
3220103232
2201032320
2010323200
0103232003
1032320030
0323200303
3232003033
2320030332
3200303321
2003033211
0030332113
0303321133
3033211331
0332113313
3321133131
3211331313
2113313131
1133131310
1331313102
3313131022
3131310221
1313102211
3131022110
1310221100
3102211001
1022110011
0221100111
2211001110
2110011101
1100111011
1001110111
0011101113
0111011131
1110111310
1101113102
1011131020
0111310202
1113102021
1131020213
1310202130
3102021301
1020213010
0202130101
2021301010
0213010100
2130101000
1301010002
3010100023
0101000233
1010002331
0100023310
1000233103
0002331032
0023310322
0233103220
2331032203
3310322031
3103220311
1032203110
0322031102
3220311020
2203110200
2031102000
0311020001
3110200010
1102000100
1020001000
0200010001
2000100011
0001000111
0010001110
0100011101
1000111011
0001110110
0011101102
0111011023
1110110231
1101102313
1011023130
0110231303
1102313032
1023130322
0231303220
2313032200
3130322001
1303220011
3032200111
0322001110
3220011100
2200111001
2001110012
0011100123
0111001230
1110012303
1100123032
1001230322
0012303221
0123032213
1230322131
2303221311
3032213113
0322131132
3221311322
2213113223
2131132233
1311322333
3113223332
1132233321
1322333210
3223332102
2233321020
2333210202
3332102020
3321020200
3210202000
2102020001
1020200011
0202000111
2020001110
0200011101
2000111011
0001110110
0011101102
0111011020
1110110200
1101102000
1011020002
0110200021
1102000210
1020002101
0200021010
2000210100
0002101003
0021010031
0210100311
2101003113
1010031131
0100311311
1003113111
0031131112
0311311123
3113111232
1131112320
1311123200
3111232002
1112320020
1123200200
1232002002
2320020022
3200200220
2002002203
0020022031
0200220311
2002203110
0022031101
0220311010
2203110103
2031101032
0311010320
3110103201
1101032010
1010320102
0103201022
1032010222
0320102222
3201022222
2010222222
0102222220
1022222201
0222222013
2222220133
2222201332
2222013322
2220133223
2201332231
2013322313
0133223131
1332231313
3322313132
3223131320
2231313202
2313132022
3131320222
1313202220
3132022200
1320222002
3202220021
2022200213
0222002132
2220021323
2200213230
2002132301
0021323013
0213230132
2132301323
1323013231
3230132311
2301323111
3013231110
0132311101
1323111011
3231110111
2311101110
3111011100
1110111001
1101110010
1011100103
0111001032
1110010322
1100103221
1001032210
0010322101
0103221011
1032210113
0322101132
3221011322
2210113221
2101132211
1011322112
0113221120
1132211201
1322112013
3221120133
2211201331
2112013311
1120133110
1201331102
2013311022
0133110223
1331102232
3311022321
3110223211
1102232113
1022321131
0223211313
2232113131
2321131313
3211313132
2113131321
1131313213
1313132133
3131321331
1313213313
3132133130
1321331302
3213313020
2133130200
1331302001
3313020011
3130200113
1302001133
3020011331
0200113313
2001133133
0011331331
0113313312
1133133121
1331331213
3313312132
3133121320
1331213201
3312132012
3121320122
1213201221
2132012211
1320122110
3201221100
2012211001
0122110010
1221100103
2211001032
2110010320
1100103200
1001032002
0010320022
0103200220
1032002201
0320022012
3200220123
2002201232
0022012321
0220123211
2201232113
2012321131
0123211313
1232113131
2321131313
3211313133
2113131331
1131313311
1313133112
3131331122
1313311221
3133112213
1331122132
3311221321
3112213212
1122132123
1221321231
2213212310
2132123101
1321231013
3212310133
2123101331
1231013311
2310133111
3101331112
1013311123
0133111232
1331112323
3311123232
3111232322
1112323221
1123232210
1232322101
2323221011
3232210112
2322101123
3221011231
2210112310
2101123100
1011231001
0112310013
1123100130
1231001303
2310013032
3100130322
1001303221
0013032213
0130322130
1303221301
3032213011
0322130110
3221301102
2213011021
2130110210
1301102100
3011021001
0110210010
1102100102
1021001022
0210010222
2100102221
1001022213
0010222133
0102221332
1022213321
0222133211
2221332113
2213321133
2133211333
1332113332
3321133322
3211333220
2113332202
1133322022
1333220221
3332202211
3322022110
3220221101
2202211010
2022110102
0221101021
2211010213
2110102132
1101021321
1010213211
0102132111
1021321111
0213211113
2132111132
1321111321
3211113210
2111132100
1111321001
1113210010
1132100102
1321001022
3210010223
2100102231
1001022310
0010223103
0102231033
1022310330
0223103303
2231033032
2310330320
3103303202
1033032022
0330320220
3303202201
3032022010
0320220101
3202201011
2022010110
0220101103
2201011032
2010110321
0101103213
1011032132
0110321320
1103213200
1032132002
0321320020
3213200201
2132002011
1320020111
3200201110
2002011102
0020111021
0201110211
2011102113
0111021132
1110211322
1102113220
1021132201
0211322011
2113220111
1132201113
1322011132
3220111320
2201113202
2011132023
0111320231
1113202311
1132023110
1320231102
3202311022
2023110222
0231102222
2311022222
3110222220
1102222200
1022222003
0222220031
2222200311
2222003113
2220031132
2200311322
2003113222
0031132221
0311322211
3113222111
1132221113
1322211133
3222111332
2221113322
2211133220
2111332202
1113322022
1133220220
1332202200
3322022000
3220220002
2202200020
2022000201
0220002010
2200020100
2000201002
0002010023
0020100231
0201002310
2010023103
0100231032
1002310322
0023103223
0231032233
2310322331
3103223311
1032233113
0322331131
3223311311
2233113110
2331131101
3311311011
3113110110
1131101102
1311011020
3110110202
1101102020
1011020201
0110202011
1102020110
1020201100
0202011000
2020110001
0201100012
2011000123
0110001231
1100012310
1000123101
0001231013
0012310131
0123101313
1231013133
2310131331
3101313310
1013133103
0131331033
1313310333
3133103333
1331033332
3310333323
3103333232
1033332321
0333323211
3333232110
3332321100
3323211001
3232110013
2321100133
3211001332
2110013323
1100133233
1001332333
0013323330
0133233302
1332333020
3323330200
3233302002
2333020023
3330200232
3302002321
3020023211
0200232110
2002321101
0023211011
0232110111
2321101110
3211011102
2110111020
1101110202
1011102021
0111020210
1110202101
1102021010
1020210102
0202101023
2021010232
0210102323
2101023233
1010232333
0102323332
1023233321
0232333213
2323332130
3233321301
2333213011
3332130113
3321301132
3213011322
2130113223
1301132233
3011322333
0113223330
1132233302
1322333020
3223330200
2233302000
2333020002
3330200022
3302000223
3020002233
0200022333
2000223332
0002233322
0022333220
0223332202
2233322022
2333220222
3332202222
3322022221
3220222213
2202222131
2022221311
0222213113
2222131132
2221311323
2213113231
2131132312
1311323122
3113231223
1132312231
1323122313
3231223133
2312231333
3122313331
1223133310
2231333102
2313331022
3133310220
1333102202
3331022020
3310220202
3102202022
1022020223
0220202230
2202022300
2020223002
0202230021
2022300210
0223002103
2230021033
2300210332
3002103323
0021033232
0210332320
2103323200
1033232002
0332320022
3323200223
3232002232
2320022322
3200223222
2002232223
0022322232
0223222320
2232223202
2322232021
3222320213
2223202132
2232021320
2320213200
3202132002
2021320022
0213200221
2132002213
1320022130
3200221302
2002213022
0022130223
0221302230
2213022301
2130223013
1302230132
3022301321
0223013212
2230132122
2301321223
3013212233
0132122330
1321223303
3212233032
2122330322
1223303222
2233032222
2330322222
3303222220
3032222203
0322222031
3222220311
2222203113
2222031130
2220311303
2203113032
2031130320
0311303203
3113032033
1130320332
1303203322
3032033223
0320332231
3203322312
2033223122
0332231223
3322312232
3223122320
2231223202
2312232020
3122320202
1223202021
2232020213
2320202133
3202021331
2020213311
0202133113
2021331131
0213311313
2133113130
1331131302
3311313021
3113130213
1131302132
1313021321
3130213213
1302132133
3021321333
0213213331
2132133311
1321333111
3213331110
2133311100
1333111002
3331110021
3311100210
3111002100
1110021002
1100210022
1002100220
0021002201
0210022010
2100220101
1002201011
0022010110
0220101103
2201011033
2010110332
0101103323
1011033231
0110332311
1103323113
1033231133
0332311331
3323113310
3231133102
2311331020
3113310202
1133102021
1331020213
3310202132
3102021322
1020213220
0202132202
2021322021
0213220213
2132202131
1322021313
3220213132
2202131323
2021313232
0213132322
2131323221
1313232211
3132322113
1323221133
3232211330
2322113301
3221133011
2211330113
2113301132
1133011323
1330113231
3301132310
3011323101
0113231013
1132310132
1323101322
3231013220
2310132200
3101322002
1013220021
0132200213
1322002132
3220021322
2200213222
2002132223
0021322231
0213222310
2132223101
1322231010
3222310100
2223101002
2231010020
2310100203
3101002030
1010020302
0100203022
1002030221
0020302210
0203022102
2030221022
0302210222
3022102220
0221022201
2210222010
2102220102
1022201020
0222010200
2220102000
2201020002
2010200022
0102000220
1020002203
0200022032
2000220321
0002203213
0022032132
0220321323
2203213232
2032132321
0321323213
3213232133
2132321333
1323213332
3232133323
2321333233
3213332331
2133323310
1333233100
3332331002
3323310023
3233100232
2331002322
3310023222
3100232221
1002322211
0023222113
0232221130
2322211301
3222113010
2221130102
2211301020
2113010202
1130102020
1301020202
3010202021
0102020211
1020202110
0202021102
2020211023
0202110232
2021102323
0211023232
2110232323
1102323230
1023232301
0232323013
2323230133
3232301332
2323013322
3230133220
2301332200
3013322000
0133220000
1332200000
3322000001
3220000011
2200000113
2000001130
0000011300
0000113000
0001130002
0011300020
0113000201
1130002010
1300020102
3000201021
0002010213
0020102130
0201021300
2010213000
0102130001
1021300010
0213000101
2130001010
1300010100
3000101002
0001010022
0010100223
0101002231
1010022310
0100223101
1002231011
0022310113
0223101133
2231011332
2310113320
3101133203
1011332030
0113320300
1133203002
1332030022
3320300223
3203002232
2030022320
0300223202
3002232022
0022320220
0223202203
2232022032
2320220321
3202203213
2022032133
0220321331
2203213313
2032133133
0321331332
3213313322
2133133222
1331332222
3313322221
3133222213
1332222130
3322221301
3222213013
2222130132
2221301321
2213013213
2130132132
1301321322
3013213222
0132132220
1321322201
3213222010
2132220102
1322201020
3222010203
2220102032
2201020321
2010203213
0102032132
1020321322
0203213222
2032132220
0321322201
3213222010
2132220100
1322201002
3222010022
2220100221
2201002210
2010022103
0100221032
1002210321
0022103211
0221032113
2210321132
2103211321
1032113213
0321132133
3211321331
2113213313
1132133131
1321331313
3213313132
2133131320
1331313202
3313132022
3131320220
1313202200
3132022002
1320220022
3202200223
2022002232
0220022323
2200223232
2002232322
0022323220
0223232201
2232322010
2323220103
3232201033
2322010331
3220103310
2201033100
2010331000
0103310002
1033100023
0331000233
3310002331
3100023313
1000233133
0002331331
0023313312
0233133120
2331331202
3313312023
3133120231
1331202310
3312023100
3120231000
1202310000
2023100003
0231000031
2310000311
3100003111
1000031110
0000311102
0003111022
0031110223
0311102231
3111022310
1110223102
1102231020
1022310203
0223102031
2231020311
2310203110
3102031102
1020311020
0203110202
2031102020
0311020202
3110202023
1102020231
1020202310
0202023102
2020231020
0202310201
2023102010
0231020103
2310201031
3102010313
1020103133
0201031330
2010313303
0103133031
1031330313
0313303130
3133031303
1330313030
3303130303
3031303030
0313030301
3130303011
1303030113
3030301131
0303011310
3030113103
0301131032
3011310321
0113103211
1131032113
1310321133
3103211330
1032113300
0321133002
3211330020
2113300200
1133002000
1330020000
3300200001
3002000011
0020000111
0200001113
2000011131
0000111313
0001113131
0011131311
0111313113
1113131130
1131311300
1313113000
3131130001
1311300010
3113000103
1130001032
1300010320
3000103200
0001032001
0010320010
0103200100
1032001002
0320010020
3200100202
2001002023
0010020232
0100202323
1002023232
0020232320
0202323202
2023232023
0232320233
2323202331
3232023313
2320233131
3202331313
2023313132
0233131321
2331313213
3313132131
3131321311
1313213113
3132131132
1321311322
3213113222
2131132223
1311322233
3113222332
1132223320
1322233202
3222332021
2223320210
2233202101
2332021013
3320210132
3202101322
2021013220
0210132202
2101322023
1013220233
0132202333
1322023331
3220233310
2202333100
2023331002
0233310023
2333100232
3331002320
3310023203
3100232031
1002320310
0023203101
0232031010
2320310103
3203101031
2031010313
0310103133
3101031333
1010313332
0103133320
1031333200
0313332000
3133320000
1333200001
3332000013
3320000133
3200001333
2000013331
0000133311
0001333110
0013331101
0133311013
1333110130
3331101300
3311013003
3110130033
1101300332
1013003320
0130033201
1300332010
3003320101
0033201010
0332010100
3320101002
3201010021
2010100211
0101002110
1010021102
0100211020
1002110203
0021102030
0211020302
2110203023
1102030233
1020302333
0203023331
2030233310
0302333100
3023331000
0233310000
2333100002
3331000020
3310000202
3100002020
1000020202
0000202020
0002020202
0020202022
0202020222
2020202223
0202022232
2020222322
0202223222
2022232222
0222322221
2223222211
2232222113
2322221132
3222211320
2222113202
2221132021
2211320212
2113202120
1132021203
1320212030
3202120302
2021203021
0212030210
2120302101
1203021010
2030210102
0302101021
3021010210
0210102102
2101021022
1010210222
0102102220
1021022202
0210222022
2102220222
1022202221
0222022210
2220222103
2202221033
2022210333
0222103332
2221033321
2210333211
2103332113
1033321133
0333211332
3332113321
3321133210
3211332100
2113321002
1133210021
1332100210
3321002102
3210021021
2100210213
1002102132
0021021320
0210213201
2102132013
1021320133
0213201332
2132013322
1320133222
3201332223
2013322233
0133222331
1332223312
3322233120
3222331203
2223312033
2233120331
2331203311
3312033111
3120331112
1203311122
2033111221
0331112210
3311122103
3111221031
1112210311
1122103111
1221031110
2210311103
2103111030
1031110303
0311103032
3111030322
1110303223
1103032231
1030322311
0303223111
3032231111
0322311111
3223111110
2231111100
2311111000
3111110003
1111100030
1111000301
1110003013
1100030132
1000301321
0003013211
0030132110
0301321102
3013211022
0132110220
1321102200
3211022003
2110220032
1102200320
1022003202
0220032023
2200320232
2003202321
0032023210
0320232102
3202321020
2023210202
0232102021
2321020211
3210202110
2102021102
1020211022
0202110220
2021102200
0211022003
2110220030
1102200300
1022003001
0220030011
2200300111
2003001111
0030011113
0300111132
3001111320
0011113202
0111132020
1111320200
1113202001
1132020013
1320200132
3202001321
2020013213
0200132132
2001321320
0013213200
0132132003
1321320032
3213200322
2132003222
1320032222
3200322221
2003222211
0032222111
0322221110
3222211100
2222111000
2221110000
2211100001
2111000010
1110000100
1100001000
1000010003
0000100030
0001000300
0010003000
0100030001
1000300010
0003000100
0030001000
0300010001
3000100010
0001000100
0010001000
0100010003
1000100030
0001000302
0010003020
0100030202
1000302020
0003020203
0030202032
0302020322
3020203223
0202032230
2020322300
0203223002
2032230023
0322300232
3223002322
2230023221
2300232210
3002322102
0023221023
0232210230
2322102300
3221023001
2210230010
2102300101
1023001010
0230010103
2300101031
3001010310
0010103102
0101031020
1010310202
0103102021
1031020210
0310202101
3102021010
1020210102
0202101020
2021010200
0210102002
2101020021
1010200210
0102002103
1020021030
0200210303
2002103031
0021030310
0210303101
2103031012
1030310121
0303101211
3031012113
0310121132
3101211320
1012113200
0121132001
1211320011
2113200113
1132001131
1320011310
3200113103
2001131030
0011310302
0113103021
1131030210
1310302100
3103021003
1030210033
0302100333
3021003331
0210033313
2100333130
1003331302
0033313021
0333130210
3331302102
3313021022
3130210221
1302102210
3021022100
0210221002
2102210021
1022100213
0221002130
2210021301
2100213011
1002130110
0021301100
0213011002
2130110023
1301100233
3011002332
0110023320
1100233200
1002332003
0023320033
0233200333
2332003333
3320033331
3200333313
2003333130
0033331303
0333313033
3333130333
3331303332
3313033323
3130333232
1303332321
3033323211
0333232112
3332321120
3323211203
3232112031
2321120310
3211203100
2112031000
1120310002
1203100022
2031000222
0310002220
3100022202
1000222022
0002220220
0022202202
0222022020
2220220201
2202202010
2022020103
0220201031
2202010311
2020103110
0201031100
2010311002
0103110023
1031100230
0311002300
3110023003
1100230031
1002300313
0023003133
0230031331
2300313311
3003133113
0031331132
0313311321
3133113213
1331132130
3311321302
3113213023
1132130232
1321302323
3213023233
2130232331
1302323310
3023233103
0232331031
2323310313
3233103132
2331031322
3310313222
3103132221
1031322210
0313222103
3132221031
1322210313
3222103131
2221031311
2210313111
2103131110
1031311101
0313111011
3131110111
1311101111
3111011112
1110111121
1101111210
1011112102
0111121023
1111210231
1112102310
1121023103
1210231032
2102310323
1023103232
0231032320
2310323201
3103232011
1032320113
0323201130
3232011300
2320113003
3201130033
2011300332
0113003323
1130033232
1300332321
3003323210
0033232101
0332321010
3323210102
3232101022
2321010220
3210102200
2101022001
1010220011
0102200111
1022001110
0220011100
2200111002
2001110023
0011100233
0111002331
1110023312
1100233121
1002331213
0023312132
0233121320
2331213200
3312132002
3121320023
1213200230
2132002300
1320023003
3200230031
2002300311
0023003110
0230031103
2300311030
3003110302
0031103021
0311030210
3110302103
1103021033
1030210332
0302103323
3021033232
0210332321
2103323210
1033232103
0332321030
3323210303
3232103032
2321030322
3210303223
2103032233
1030322332
0303223323
3032233231
0322332310
3223323100
2233231000
2332310000
3323100002
3231000023
2310000232
3100002322
1000023222
0000232223
0002322232
0023222320
0232223203
2322232032
3222320322
2223203221
2232032210
2320322100
3203221002
2032210023
0322100231
3221002310
2210023102
2100231022
1002310220
0023102200
0231022001
2310220013
3102200132
1022001320
0220013202
2200132022
2001320220
0013202202
0132022021
1320220211
3202202111
2022021113
0220211132
2202111322
2021113220
0211132202
2111322023
1113220232
1132202321
1322023210
3220232102
2202321020
2023210203
0232102032
2321020322
3210203223
2102032232
1020322321
0203223213
2032232131
0322321313
3223213132
2232131322
2321313222
3213132221
2131322210
1313222100
3132221002
1322210021
3222100210
2221002100
2210021003
2100210033
1002100330
0021003303
0210033032
2100330322
1003303222
0033032220
0330322203
3303222033
3032220333
0322203333
3222033333
2220333332
2203333320
2033333200
0333332001
3333320013
3333200133
3332001332
3320013322
3200133220
2001332203
0013322033
0133220333
1332203333
3322033330
3220333301
2203333010
2033330102
0333301020
3333010202
3330102022
3301020220
3010202200
0102022001
1020220013
0202200133
2022001330
0220013302
2200133023
2001330233
0013302331
0133023311
1330233111
3302331110
3023311103
0233111032
2331110320
3311103200
3111032000
1110320000
1103200001
1032000011
0320000110
3200001100
2000011001
0000110011
0001100110
0011001102
0110011022
1100110221
1001102210
0011022103
0110221031
1102210313
1022103132
0221031323
2210313233
2103132331
1031323311
0313233110
3132331100
1323311003
3233110032
2331100323
3311003231
3110032311
1100323110
1003231101
0032311010
0323110101
3231101011
2311010113
3110101132
1101011323
1010113233
0101132333
1011323330
0113233300
1132333002
1323330023
3233300232
2333002322
3330023223
3300232230
3002322303
0023223032
0232230322
2322303221
3223032213
2230322133
2303221333
3032213330
0322133301
3221333011
2213330113
2133301133
1333011330
3330113303
3301133031
3011330312
0113303122
1133031223
1330312230
3303122302
3031223020
0312230203
3122302033
1223020333
2230203333
2302033333
3020333331
0203333313
2033333131
0333331313
3333313131
3333131310
3331313103
3313131033
3131310331
1313103313
3131033131
1310331313
3103313131
1033131313
0331313132
3313131321
3131313213
1313132133
3131321331
1313213313
3132133131
1321331311
3213313110
2133131103
1331311033
3313110333
3131103331
1311033311
3110333110
1103331103
1033311032
0333110323
3331103231
3311032311
3110323110
1103231102
1032311023
0323110233
3231102333
2311023331
3110233313
1102333133
1023331333
0233313331
2333133311
3331333113
3313331132
3133311322
1333113223
3331132232
3311322322
3113223223
1132232230
1322322302
3223223023
2232230233
2322302332
3223023323
2230233232
2302332321
3023323211
0233232110
2332321100
3323211000
3232110002
2321100021
3211000210
2110002103
1100021031
1000210310
0002103101
0021031013
0210310133
2103101333
1031013332
0310133320
3101333202
1013332020
0133320202
1333202022
3332020222
3320202222
3202022222
2020222222
0202222220
2022222200
0222222000
2222220000
2222200000
2222000002
2220000021
2200000210
2000002103
0000021033
0000210333
0002103333
0021033333
0210333330
2103333300
1033333003
0333330033
3333300332
3333003321
3330033213
3300332133
3003321332
0033213321
0332133213
3321332130
3213321302
2133213023
1332130231
3321302310
3213023101
2130231013
1302310130
3023101300
0231013002
2310130021
3101300210
1013002103
0130021033
1300210331
3002103311
0021033111
0210331110
2103311100
1033111001
0331110012
3311100120
3111001200
1110012000
1100120000
1001200002
0012000021
0120000210
1200002101
2000021013
0000210132
0002101323
0021013230
0210132303
2101323030
1013230303
0132303030
1323030302
3230303020
2303030201
3030302010
0303020103
3030201030
0302010300
3020103000
0201030001
2010300011
0103000111
1030001110
0300011102
3000111021
0001110213
0011102130
0111021300
1110213000
1102130000
1021300001
0213000013
2130000133
1300001333
3000013331
0000133310
0001333103
0013331032
0133310322
1333103223
3331032233
3310322332
3103223321
1032233210
0322332101
3223321011
2233210110
2332101100
3321011001
3210110010
2101100103
1011001032
0110010321
1100103210
1001032100
0010321001
0103210011
1032100113
0321001133
3210011333
2100113331
1001133310
0011333101
0113331013
1133310133
1333101333
3331013332
3310133322
3101333221
1013332213
0133322132
1333221323
3332213232
3322132322
3221323222
2213232220
2132322200
1323222000
3232220002
2322200020
3222000201
2220002012
2200020123
2000201233
0002012332
0020123323
0201233233
2012332332
0123323321
1233233211
2332332111
3323321113
3233211132
2332111323
3321113233
3211132333
2111323332
1113233320
1132333200
1323332002
3233320023
2333200231
3332002310
3320023102
3200231023
2002310231
0023102311
0231023111
2310231110
3102311102
1023111020
0231110203
2311102033
3111020331
1110203310
1102033100
1020331001
0203310012
2033100123
0331001233
3310012331
3100123310
1001233103
0012331031
0123310313
1233103131
2331031313
3310313131
3103131311
1031313113
0313131132
3131311320
1313113202
3131132022
1311320221
3113202210
1132022102
1320221020
3202210203
2022102032
0221020321
2210203211
2102032113
1020321131
0203211312
2032113121
0321131211
3211312111
2113121113
1131211131
1312111310
3121113103
1211131032
2111310322
1113103221
1131032213
1310322130
3103221302
1032213023
0322130233
3221302331
2213023310
2130233102
1302331021
3023310210
0233102101
2331021010
3310210103
3102101031
1021010313
0210103130
2101031303
1010313030
0103130302
1031303020
0313030202
3130302022
1303020221
3030202213
0302022131
3020221313
0202213132
2022131320
0221313203
2213132031
2131320311
1313203111
3132031113
1320311133
3203111331
2031113310
0311133101
3111331013
1113310131
1133101311
1331013111
3310131110
3101311101
1013111010
0131110101
1311101013
3111010133
1110101333
1101013333
1010133331
0101333311
1013333113
0133331133
1333311330
3333113302
3331133021
3311330213
3113302132
1133021320
1330213200
3302132001
3021320013
0213200132
2132001321
1320013211
3200132110
2001321100
0013211000
0132110000
1321100000
3211000001
2110000013
1100000130
1000001300
0000013003
0000130033
0001300333
0013003331
0130033310
1300333103
3003331031
0033310310
0333103102
3331031020
3310310203
3103102030
1031020300
0310203002
3102030022
1020300220
0203002203
2030022032
0300220320
3002203200
0022032000
0220320001
2203200010
2032000102
0320001021
3200010210
2000102100
0001021003
0010210032
0102100320
1021003200
0210032001
2100320013
1003200131
0032001310
0320013103
3200131031
2001310313
0013103131
0131031313
1310313130
3103131300
1031313000
0313130003
3131300030
1313000300
3130003001
1300030013
3000300132
0003001323
0030013230
0300132303
3001323031
0013230310
0132303102
1323031023
3230310230
2303102303
3031023033
0310230332
3102303320
1023033201
0230332013
2303320133
3033201332
0332013321
3320133210
3201332101
2013321011
0133210110
1332101102
3321011022
3210110221
2101102210
1011022101
0110221010
1102210102
1022101020
0221010200
2210102003
2101020030
1010200302
0102003023
1020030231
0200302311
2003023110
0030231100
0302311003
3023110033
0231100330
2311003303
3110033030
1100330303
1003303030
0033030302
0330303021
3303030210
3030302103
0303021033
3030210331
0302103310
3021033103
0210331033
2103310333
1033103330
0331033300
3310333002
3103330023
1033300231
0333002310
3330023103
3300231030
3002310303
0023103032
0231030321
2310303211
3103032110
1030321101
0303211011
3032110111
0321101110
3211011100
2110111000
1101110000
1011100002
0111000022
1110000222
1100002221
1000022211
0000222111
0002221111
0022211110
0222111100
2221111002
2211110021
2111100210
1111002103
1110021031
1100210313
1002103131
0021031311
0210313113
2103131130
1031311301
0313113013
3131130132
1311301323
3113013231
1130132311
1301323113
3013231130
0132311300
1323113000
3231130002
2311300020
3113000202
1130002023
1300020231
3000202310
0002023103
0020231032
0202310323
2023103231
0231032313
2310323132
3103231320
1032313202
0323132022
3231320221
2313202213
3132022131
1320221312
3202213120
2022131203
0221312031
2213120310
2131203103
1312031030
3120310300
1203103000
2031030001
0310300013
3103000131
1030001310
0300013102
3000131020
0001310203
0013102031
0131020310
1310203102
3102031021
1020310210
0203102103
2031021033
0310210333
3102103331
1021033310
0210333103
2103331033
1033310332
0333103322
3331033220
3310332203
3103322032
1033220323
0332203233
3322032333
3220323332
2203233323
2032333233
0323332330
3233323301
2333233011
3332330110
3323301103
3233011033
2330110332
3301103323
3011033233
0110332330
1103323302
1033233023
0332330230
3323302300
3233023001
2330230011
3302300110
3023001100
0230011003
2300110031
3001100310
0011003100
0110031000
1100310001
1003100012
0031000122
0310001222
3100012220
1000122202
0001222021
0012220210
0122202103
1222021032
2220210323
2202103233
2021032331
0210323311
2103233110
1032331103
0323311032
3233110322
2331103222
3311032223
3110322233
1103222332
1032223320
0322233201
3222332013
2223320131
2233201313
2332013133
3320131331
3201313310
2013133103
0131331033
1313310332
3133103323
1331033232
3310332320
3103323203
1033232033
0332320331
3323203310
3232033102
2320331022
3203310222
2033102223
0331022232
3310222322
3102223222
1022232222
0222322220
2223222200
2232222000
2322220000
3222200002
2222000020
2220000203
2200002030
2000020303
0000203031
0002030311
0020303113
0203031133
2030311333
0303113331
3031133311
0311333113
3113331133
1133311333
1333113333
3331133333
3311333333
3113333330
1133333300
1333333000
3333330002
3333300021
3333000213
3330002130
3300021301
3000213010
0002130100
0021301000
0213010000
2130100001
1301000011
3010000110
0100001103
1000011033
0000110330
0001103301
0011033010
0110330103
1103301033
1033010331
0330103313
3301033131
3010331310
0103313102
1033131022
0331310223
3313102233
3131022332
1310223323
3102233232
1022332321
0223323211
2233232113
2332321133
3323211330
3232113301
2321133013
3211330130
2113301301
1133013011
1330130110
3301301102
3013011020
0130110202
1301102020
3011020203
0110202033
1102020332
1020203320
0202033203
2020332033
0203320333
2033203332
0332033323
3320333233
3203332332
2033323322
0333233223
3332332233
3323322331
3233223313
2332233131
3322331313
3223313131
2233131311
2331313110
3313131100
3131311003
1313110032
3131100322
1311003223
3110032231
1100322313
1003223133
0032231331
0322313310
3223133103
2231331033
2313310332
3133103321
1331033213
3310332131
3103321313
1033213133
0332131330
3321313302
3213133023
2131330233
1313302333
3133023333
1330233331
3302333310
3023333103
0233331032
2333310323
3333103230
3331032300
3310323000
3103230003
1032300032
0323000320
3230003203
2300032030
3000320302
0003203023
0032030231
0320302310
3203023100
2030231002
0302310023
3023100231
0231002312
2310023123
3100231230
1002312301
0023123010
0231230100
2312301002
3123010021
1230100211
2301002113
3010021132
0100211323
1002113232
0021132323
0211323230
2113232303
1132323030
1323230303
3232303032
2323030322
3230303220
2303032203
3030322030
0303220300
3032203003
0322030030
3220300300
2203003000
2030030001
0300300010
3003000100
0030001001
0300010013
3000100131
0001001311
0010013110
0100131101
1001311010
0013110101
0131101011
1311010111
3110101110
1101011102
1010111020
0101110200
