2212111002
2121110021
1211100212
2111002122
1110021221
1100212210
1002122102
0021221022
0212210223
2122102232
1221022323
2210223231
2102232311
1022323113
0223231133
2232311332
2323113322
3231133221
2311332210
3113322100
1133221001
1332210010
3322100102
3221001020
2210010202
2100102020
1001020202
0010202021
0102020212
1020202121
0202021212
2020212122
0202121222
2021212220
0212122200
2121222003
1212220033
2122200330
1222003301
2220033010
2200330102
2003301020
0033010203
0330102030
3301020300
3010203001
0102030013
1020300133
0203001332
2030013323
0300133230
3001332300
0013323003
0133230033
1332300332
3323003321
3230033212
2300332122
3003321221
0033212213
0332122132
3321221321
3212213212
2122132121
1221321212
2213212122
2132121221
1321212212
3212122122
2121221221
1212212211
2122122112
1221221121
2212211213
2122112132
1221121322
2211213223
2112132232
1121322321
1213223211
2132232112
1322321121
3223211212
2232112122
2321121222
3211212220
2112122202
1121222022
1212220220
2122202201
1222022013
2220220131
2202201310
2022013102
0220131023
2201310232
2013102322
0131023223
1310232233
3102322333
1023223333
0232233331
2322333312
3223333120
2233331202
2333312021
3333120212
3331202122
3312021221
3120212213
1202122133
2021221331
0212213313
2122133131
1221331311
2213313112
2133131122
1331311223
3313112230
3131122303
1311223033
3112230333
1122303332
1223033322
2230333222
2303332221
3033322211
0333222113
3332221131
3322211312
3222113122
2221131222
2211312222
2113122221
1131222213
1312222131
3122221312
1222213122
2222131222
2221312220
2213122202
2131222021
1312220210
3122202101
1222021012
2220210122
2202101220
2021012201
0210122012
2101220123
1012201233
0122012333
1220123333
2201233332
2012333321
0123333213
1233332131
2333321312
3333213122
3332131220
3321312202
3213122023
2131220230
1312202300
3122023000
1220230002
2202300023
2023000233
0230002331
2300023310
3000233101
0002331013
0023310132
0233101322
2331013220
3310132201
3101322011
1013220113
0132201132
1322011322
3220113220
2201132200
2011322002
0113220020
1132200200
1322002000
3220020003
2200200032
2002000322
0020003220
0200032203
2000322033
0003220333
0032203330
0322033303
3220333031
2203330313
2033303132
0333031321
3330313213
3303132132
3031321323
0313213233
3132132331
1321323310
3213233100
2132331000
1323310003
3233100033
2331000332
3310003320
3100033200
1000332002
0003320020
0033200200
0332002002
3320020023
3200200230
2002002301
0020023010
0200230100
2002301000
0023010000
0230100003
2301000032
3010000323
0100003231
1000032311
0000323113
0003231133
0032311331
0323113310
3231133103
2311331032
3113310321
1133103213
1331032130
3310321303
3103213032
1032130321
0321303210
3213032102
2130321020
1303210200
3032102000
0321020000
3210200003
2102000031
1020000311
0200003113
2000031130
0000311302
0003113020
0031130202
0311302023
3113020232
1130202323
1302023231
3020232311
0202323110
2023231100
0232311003
2323110031
3231100313
2311003132
3110031323
1100313233
1003132333
0031323332
0313233322
3132333220
1323332200
3233322001
2333220013
3332200132
3322001320
3220013203
2200132031
2001320310
0013203100
0132031000
1320310002
3203100020
2031000200
0310002001
3100020011
1000200111
0002001110
0020011103
0200111033
2001110333
0011103331
0111033311
1110333110
1103331101
1033311010
0333110100
3331101000
3311010000
3110100003
1101000032
1010000323
0100003232
1000032320
0000323201
0003232011
0032320110
0323201101
3232011010
2320110103
3201101030
2011010303
0110103033
1101030333
1010303333
0103033332
1030333321
0303333210
3033332100
0333321000
3333210003
3332100033
3321000333
3210003333
2100033332
1000333323
0003333230
0033332303
0333323032
3333230321
3332303213
3323032132
3230321320
2303213200
3032132000
0321320001
3213200013
2132000133
1320001331
3200013313
2000133133
0001331330
0013313300
0133133001
1331330011
3313300110
3133001102
1330011020
3300110200
3001102002
0011020020
0110200200
1102002000
1020020002
0200200022
2002000222
0020002221
0200022211
2000222113
0002221133
0022211331
0222113310
2221133101
2211331010
2113310100
1133101003
1331010032
3310100323
3101003231
1010032311
0100323113
1003231133
0032311333
0323113332
3231133323
2311333232
3113332323
1133323230
1333232300
3332323002
3323230020
3232300200
2323002003
3230020032
2300200320
3002003203
0020032030
0200320303
2003203030
0032030300
0320303001
3203030011
2030300110
0303001100
3030011000
0300110000
3001100002
0011000020
0110000200
1100002002
1000020021
0000200211
0002002113
0020021132
0200211321
2002113210
0021132100
0211321002
2113210022
1132100220
1321002200
3210022002
2100220023
1002200230
0022002301
0220023010
2200230100
2002301002
0023010022
0230100223
2301002233
3010022333
0100223332
1002233322
0022333223
0223332231
2233322310
2333223100
3332231001
3322310013
3223100133
2231001332
2310013323
3100133233
1001332332
0013323320
0133233200
1332332002
3323320020
3233200202
2332002021
3320020213
3200202132
2002021323
0020213233
0202132332
2021323320
0213233200
2132332000
1323320000
3233200003
2332000031
3320000310
3200003101
2000031013
0000310132
0003101320
0031013203
0310132032
3101320321
1013203213
0132032133
1320321333
3203213333
2032133332
0321333320
3213333202
2133332021
1333320213
3333202133
3332021332
3320213320
3202133201
2021332010
0213320101
2133201010
1332010102
3320101022
3201010220
2010102200
0101022003
1010220032
0102200321
1022003210
0220032102
2200321023
2003210233
0032102333
0321023332
3210233321
2102333210
1023332100
0233321000
2333210001
3332100010
3321000102
3210001023
2100010233
1000102330
0001023301
0010233010
0102330102
1023301023
0233010233
2330102333
3301023333
3010233333
0102333331
1023333310
0233333100
2333331000
3333310000
3333100000
3331000003
3310000032
3100000320
1000003200
0000032000
0000320000
0003200000
0032000003
0320000033
3200000331
2000003313
0000033133
0000331331
0003313313
0033133132
0331331320
3313313200
3133132001
1331320011
3313200113
3132001133
1320011333
3200113332
2001133320
0011333200
0113332003
1133320032
1333200320
3332003202
3320032022
3200320220
2003202202
0032022020
0320220201
3202202013
2022020133
0220201331
2202013313
2020133130
0201331303
2013313031
0133130310
1331303103
3313031031
3130310311
1303103110
3031031102
0310311020
3103110202
1031102023
0311020232
3110202323
1102023230
1020232302
0202323022
2023230221
0232302213
2323022130
3230221301
2302213011
3022130112
0221301120
2213011202
2130112020
1301120201
3011202011
0112020112
1120201123
1202011232
2020112323
0201123231
2011232310
0112323100
1123231000
1232310000
2323100002
3231000020
2310000201
3100002013
1000020133
0000201331
0002013312
0020133120
0201331201
2013312010
0133120102
1331201020
3312010203
3120102033
1201020332
2010203320
0102033200
1020332003
0203320031
2033200313
0332003132
3320031322
3200313220
2003132200
0031322000
0313220003
3132200032
1322000321
3220003211
2200032110
2000321101
0003211011
0032110113
0321101133
3211011332
2110113320
1101133200
1011332002
0113320022
1133200220
1332002201
3320022010
3200220102
2002201023
0022010231
0220102313
2201023131
2010231310
0102313102
1023131023
0231310232
2313102323
3131023231
1310232311
3102323110
1023231102
0232311021
2323110213
3231102132
2311021323
3110213231
1102132313
1021323130
0213231300
2132313001
1323130011
3231300113
2313001133
3130011332
1300113322
3001133220
0011332200
0113322003
1133220033
1332200332
3322003323
3220033232
2200332320
2003323202
0033232020
0332320203
3323202031
3232020310
2320203100
3202031003
2020310032
0203100320
2031003200
0310032002
3100320020
1003200200
0032002000
0320020000
3200200001
2002000011
0020000111
0200001110
2000011102
0000111021
0001110210
0011102102
0111021020
1110210201
1102102010
1021020101
0210201010
2102010102
1020101021
0201010211
2010102113
0101021131
1010211312
0102113120
1021131200
0211312000
2113120003
1131200030
1312000300
3120003000
1200030003
2000300031
0003000313
0030003132
0300031323
3000313232
0003132323
0031323230
0313232301
3132323010
1323230103
3232301033
2323010332
3230103320
2301033200
3010332003
0103320033
1033200330
0332003302
3320033020
3200330202
2003302023
0033020231
0330202313
3302023132
3020231320
0202313203
2023132033
0231320331
2313203313
3132033133
1320331331
3203313313
2033133132
0331331320
3313313200
3133132002
1331320020
3313200202
3132002020
1320020201
3200202010
2002020102
0020201023
0202010233
2020102330
0201023300
2010233002
0102330020
1023300202
0233002022
2330020221
3300202211
3002022110
0020221102
0202211020
2022110201
0221102012
2211020120
2110201203
1102012031
1020120312
0201203121
2012031210
0120312102
1203121023
2031210232
0312102323
3121023232
1210232320
2102323202
1023232020
0232320202
2323202020
3232020201
2320202011
3202020110
2020201102
0202011022
2020110220
0201102200
2011022003
0110220033
1102200332
1022003323
0220033233
2200332330
2003323301
0033233010
0332330100
3323301000
3233010003
2330100032
3301000320
3010003201
0100032011
1000320111
0003201111
0032011113
0320111131
3201111310
2011113102
0111131022
1111310222
1113102220
1131022202
1310222021
3102220211
1022202112
0222021122
2220211220
2202112202
2021122020
0211220203
2112202032
1122020320
1220203200
2202032002
2020320021
0203200211
2032002110
0320021102
3200211021
2002110213
0021102133
0211021332
2110213322
1102133220
1021332203
0213322033
2133220331
1332203313
3322033132
3220331321
2203313210
2033132102
0331321020
3313210200
3132102000
1321020000
3210200002
2102000022
1020000221
0200002213
2000022132
0000221321
0002213213
0022132133
0221321332
2213213323
2132133232
1321332320
3213323202
2133232023
1332320233
3323202333
3232023333
2320233331
3202333313
2023333132
0233331320
2333313202
3333132022
3331320220
3313202201
3132022011
1320220113
3202201130
2022011300
0220113001
2201130010
2011300102
0113001020
1130010203
1300102030
3001020303
0010203033
0102030332
1020303320
0203033200
2030332001
0303320010
3033200102
0332001021
3320010210
3200102103
2001021031
0010210310
0102103100
1021031003
0210310032
2103100321
1031003210
0310032102
3100321023
1003210230
0032102300
0321023003
3210230030
2102300300
1023003000
0230030002
2300300020
3003000203
0030002033
0300020333
3000203332
0002033320
0020333200
0203332001
2033320011
0333200111
3332001111
3320011110
3200111103
2001111033
0011110332
0111103320
1111033202
1110332020
1103320200
1033202003
0332020031
3320200310
3202003103
2020031032
0200310321
2003103210
0031032100
0310321001
3103210013
1032100132
0321001320
3210013200
2100132000
1001320002
0013200022
0132000221
1320002210
3200022103
2000221031
0002210311
0022103110
0221031102
2210311020
2103110200
1031102000
0311020000
3110200000
1102000003
1020000032
0200000323
2000003231
0000032310
0000323102
0003231022
0032310222
0323102223
3231022230
2310222303
3102223033
1022230333
0222303331
2223033313
2230333132
2303331323
3033313233
0333132333
3331323331
3313233310
3132333100
1323331000
3233310001
2333100013
3331000133
3310001330
3100013301
1000133010
0001330103
0013301032
0133010323
1330103232
3301032322
3010323220
0103232202
1032322021
0323220211
3232202110
2322021103
3220211032
2202110323
2021103232
0211032322
2110323221
1103232210
1032322101
0323221010
3232210102
2322101020
3221010203
2210102030
2101020303
1010203033
0102030331
1020303310
0203033103
2030331032
0303310321
3033103211
0331032110
3310321102
3103211021
1032110213
0321102131
3211021310
2110213103
1102131033
1021310330
0213103301
2131033010
1310330102
3103301021
1033010210
0330102102
3301021022
3010210220
0102102202
1021022020
0210220202
2102202021
1022020210
0220202102
2202021021
2020210210
0202102102
2021021023
0210210233
2102102333
1021023330
0210233303
2102333033
1023330330
0233303301
2333033013
3330330131
3303301312
3033013121
0330131213
3301312132
3013121320
0131213200
1312132002
3121320020
1213200201
2132002010
1320020102
3200201020
2002010200
0020102003
0201020032
2010200320
0102003200
1020032003
0200320032
2003200323
0032003230
0320032302
3200323020
2003230200
0032302000
0323020000
3230200002
2302000022
3020000221
0200002213
2000022132
0000221322
0002213220
0022132203
0221322033
2213220331
2132203313
1322033131
3220331313
2203313130
2033131300
0331313003
3313130032
3131300322
1313003220
3130032200
1300322002
3003220021
0032200210
0322002100
3220021000
2200210001
2002100010
0021000102
0210001023
2100010231
1000102313
0001023132
0010231322
0102313221
1023132213
0231322133
2313221330
3132213302
1322133021
3221330210
2213302100
2133021002
1330210022
3302100220
3021002202
0210022021
2100220211
1002202110
0022021100
0220211001
2202110010
2021100102
0211001020
2110010200
1100102001
1001020010
0010200102
0102001020
1020010203
0200102032
2001020322
0010203222
0102032221
1020322213
0203222132
2032221320
0322213202
3222132020
2221320202
2213202023
2132020230
1320202300
3202023000
2020230002
0202300020
2023000200
0230002000
2300020001
3000200010
0002000103
0020001032
0200010323
2000103230
0001032300
0010323003
0103230032
1032300320
0323003203
3230032030
2300320302
3003203022
0032030221
0320302210
3203022102
2030221020
0302210203
3022102033
0221020331
2210203311
2102033111
1020331110
0203311102
2033111021
0331110210
3311102101
3111021013
1110210132
1102101320
1021013202
0210132020
2101320200
1013202000
0132020000
1320200000
3202000002
2020000022
0200000223
2000002230
0000022302
0000223020
0002230203
0022302031
0223020313
2230203132
2302031322
3020313220
0203132203
2031322032
0313220321
3132203213
1322032132
3220321320
2203213202
2032132023
0321320231
3213202311
2132023111
1320231113
3202311131
2023111313
0231113132
2311131323
3111313232
1113132322
1131323222
1313232220
3132322202
1323222022
3232220220
2322202200
3222022000
2220220000
2202200000
2022000000
0220000003
2200000032
2000000322
0000003220
0000032200
0000322003
0003220030
0032200300
0322003003
3220030031
2200300310
2003003102
0030031022
0300310220
3003102200
0031022000
0310220002
3102200023
1022000231
0220002313
2200023132
2000231323
0002313232
0023132321
0231323211
2313232111
3132321113
1323211132
3232111320
2321113202
3211132020
2111320200
1113202003
1132020031
1320200311
3202003113
2020031130
0200311302
2003113020
0031130202
0311302021
3113020213
1130202130
1302021301
3020213011
0202130111
2021301110
0213011100
2130111002
1301110020
3011100203
0111002032
1110020323
1100203233
1002032331
0020323311
0203233113
2032331133
0323311332
3233113322
2331133220
3311332203
3113322030
1133220302
1332203021
3322030210
3220302101
2203021013
2030210130
0302101300
3021013000
0210130003
2101300030
1013000302
0130003021
1300030210
3000302102
0003021021
0030210210
0302102103
3021021033
0210210331
2102103310
1021033102
0210331020
2103310200
1033102000
0331020002
3310200023
3102000233
1020002330
0200023300
2000233003
0002330032
0023300320
0233003202
2330032023
3300320232
3003202322
0032023223
0320232233
3202322333
2023223333
0232233331
2322333311
3223333110
2233331100
2333311002
3333110022
3331100221
3311002213
3110022132
1100221322
1002213220
0022132202
0221322020
2213220200
2132202000
1322020002
3220200022
2202000223
2020002233
0200022330
2000223300
0002233001
0022330013
0223300131
2233001311
2330013113
3300131132
3001311320
0013113201
0131132012
1311320122
3113201221
1132012210
1320122101
3201221013
2012210131
0122101311
1221013113
2210131132
2101311320
1013113201
0131132010
1311320102
3113201022
1132010220
1320102202
3201022022
2010220221
0102202210
1022022102
0220221022
2202210220
2022102202
0221022023
2210220231
2102202310
1022023100
0220231002
2202310023
2023100232
0231002321
2310023213
3100232131
1002321310
0023213101
0232131012
2321310121
3213101210
2131012102
1310121021
3101210211
1012102112
0121021121
1210211213
2102112132
1021121323
0211213232
2112132323
1121323233
1213232332
2132323322
1323233220
3232332200
2323322002
3233220023
2332200233
3322002333
3220023331
2200233310
2002333100
0023331000
0233310003
2333100032
3331000320
3310003200
3100032002
1000320023
0003200230
0032002302
0320023020
3200230203
2002302032
0023020322
0230203220
2302032202
3020322022
0203220223
2032202233
0322022331
3220223311
2202233110
2022331102
0223311023
2233110233
2331102331
3311023313
3110233133
1102331333
1023313330
0233133300
2331333000
3313330002
3133300022
1333000220
3330002201
3300022010
3000220101
0002201010
0022010102
0220101020
2201010201
2010102013
0101020133
1010201330
0102013302
1020133023
0201330232
2013302322
0133023221
1330232211
3302322111
3023221111
0232211113
2322111132
3221111320
2211113203
2111132031
1111320311
1113203111
1132031111
1320311110
3203111103
2031111030
0311110300
3111103001
1111030012
1110300123
1103001232
1030012323
0300123233
3001232330
0012323300
0123233003
1232330032
2323300323
3233003232
2330032323
3300323230
3003232300
0032323002
0323230020
3232300202
2323002023
3230020232
2300202320
3002023200
0020232000
0202320002
2023200020
0232000202
2320002020
3200020201
2000202013
0002020133
0020201331
0202013313
2020133131
0201331311
2013313110
0133131100
1331311000
3313110001
3131100011
1311000110
3110001102
1100011021
1000110210
0001102102
0011021020
0110210202
1102102020
1021020201
0210202013
2102020132
1020201320
0202013203
2020132030
0201320303
2013203031
0132030310
1320303100
3203031000
2030310002
0303100020
3031000203
0310002030
3100020300
1000203000
0002030000
0020300003
0203000030
2030000303
0300003033
3000030333
0000303332
0003033322
0030333222
0303332220
3033322200
0333222002
3332220020
3322200201
3222002010
2220020103
2200201030
2002010303
0020103031
0201030310
2010303102
0103031020
1030310202
0303102020
3031020200
0310202000
3102020002
1020200022
0202000222
2020002220
0200022200
2000222002
0002220021
0022200211
0222002113
2220021131
2200211311
2002113111
0021131113
0211311131
2113111310
1131113101
1311131013
3111310133
1113101332
1131013320
1310133200
3101332001
1013320011
0133200110
1332001103
3320011032
3200110323
2001103230
0011032300
0110323001
1103230013
1032300132
0323001320
3230013200
2300132000
3001320003
0013200033
0132000331
1320003313
3200033130
2000331302
0003313022
0033130221
0331302210
3313022101
3130221010
1302210103
3022101030
0221010303
2210103030
2101030301
1010303013
0103030130
1030301301
0303013010
3030130102
0301301020
3013010200
0130102001
1301020011
3010200110
0102001101
1020011010
0200110102
2001101020
0011010203
0110102030
1101020300
1010203001
0102030010
1020300101
0203001010
2030010100
0300101002
3001010021
0010100212
0101002120
1010021200
0100212001
1002120011
0021200111
0212001111
2120011113
1200111133
2001111331
0011113310
0111133101
1111331010
1113310100
1133101000
1331010003
3310100030
3101000300
1010003000
0100030003
1000300033
0003000330
0030003300
0300033000
3000330000
0003300001
0033000012
0330000123
3300001230
3000012300
0000123000
0001230000
0012300002
0123000022
1230000220
2300002202
3000022020
0000220200
0002202001
0022020012
0220200122
2202001221
2020012210
0200122103
2001221032
0012210321
0122103211
1221032113
2210321133
2103211331
1032113310
0321133102
3211331021
2113310211
1133102113
1331021132
3310211320
3102113202
1021132022
0211320220
2113202203
1132022033
1320220333
3202203333
2022033330
0220333303
2203333031
2033330310
0333303100
3333031002
3330310020
3303100200
3031002000
0310020002
3100200021
1002000210
0020002102
0200021020
2000210203
0002102030
0021020303
0210203030
2102030300
1020303001
0203030010
2030300102
0303001023
3030010233
0300102330
3001023303
0010233033
0102330331
1023303311
0233033110
2330331100
3303311000
3033110002
0331100020
3311000201
3110002011
1100020111
1000201111
0002011113
0020111132
0201111320
2011113200
0111132000
1111320000
1113200003
1132000030
1320000301
3200003010
2000030100
0000301000
0003010003
0030100031
0301000310
3010003102
0100031022
1000310222
0003102220
0031022200
0310222001
3102220013
1022200132
0222001320
2220013201
2200132011
2001320110
0013201100
0132011000
1320110003
3201100032
2011000322
0110003220
1100032202
1000322021
0003220211
0032202111
0322021110
3220211100
2202111003
2021110032
0211100322
2111003221
1110032211
1100322110
1003221100
0032211002
0322110023
3221100232
2211002322
2110023223
1100232232
1002322322
0023223222
0232232223
2322322230
3223222303
2232223033
2322230330
3222303301
2223033011
2230330110
2303301102
3033011023
0330110230
3301102300
3011023003
0110230032
1102300322
1023003223
0230032231
2300322313
3003223133
0032231332
0322313320
3223133202
2231332020
2313320200
3133202001
1332020011
3320200110
3202001102
2020011020
0200110201
2001102010
0011020100
0110201000
1102010000
1020100002
0201000022
2010000221
0100002210
1000022102
0000221023
0002210230
0022102300
0221023003
2210230031
2102300313
1023003133
0230031331
2300313310
3003133102
0031331020
0313310200
3133102000
1331020002
3310200020
3102000202
1020002020
0200020202
2000202020
0002020200
0020202000
0202020003
2020200032
0202000323
2020003233
0200032330
2000323300
0003233003
0032330031
0323300311
3233003110
2330031100
3300311003
3003110030
0031100300
0311003002
3110030020
1100300203
1003002031
0030020310
0300203101
3002031013
0020310132
0203101322
2031013222
0310132220
3101322200
1013222000
0132220000
1322200002
3222000020
2220000202
2200002023
2000020231
0000202313
0002023132
0020231323
0202313233
2023132333
0231323333
2313233333
3132333330
1323333301
3233333010
2333330102
3333301021
3333010213
3330102130
3301021300
3010213000
0102130002
1021300021
0213000211
2130002110
1300021100
3000211000
0002110002
0021100021
0211000213
2110002130
1100021303
1000213030
0002130300
0021303002
0213030021
2130300210
1303002100
3030021001
0300210010
3002100102
0021001023
0210010233
2100102333
1001023330
0010233300
0102333002
1023330023
0233300232
2333002320
3330023203
3300232033
3002320333
0023203332
0232033322
2320333220
3203332202
2033322021
0333220213
3332202132
3322021322
3220213220
2202132200
2021322003
0213220033
2132200330
1322003300
3220033000
2200330001
2003300012
0033000123
0330001231
3300012313
3000123132
0001231321
0012313210
0123132100
1231321003
2313210033
3132100331
1321003310
3210033100
2100331000
1003310000
0033100002
0331000021
3310000213
3100002131
1000021313
0000213132
0002131320
0021313200
0213132002
2131320020
1313200200
3132002000
1320020000
3200200000
2002000003
0020000030
0200000302
2000003022
0000030221
0000302213
0003022132
0030221320
0302213202
3022132022
0221320220
2213202202
2132022022
1320220220
3202202200
2022022000
0220220003
2202200031
2022000313
0220003133
2200031331
2000313311
0003133110
0031331101
0313311011
3133110110
1331101100
3311011000
3110110003
1101100032
1011000323
0110003232
1100032323
1000323233
0003232331
0032323313
0323233133
3232331332
2323313321
3233133210
2331332101
3313321013
3133210133
1332101332
3321013320
3210133200
2101332001
1013320011
0133200110
1332001102
3320011023
3200110231
2001102310
0011023102
0110231023
1102310232
1023102322
0231023222
2310232220
3102322200
1023222003
0232220031
2322200311
3222003111
2220031110
2200311102
2003111021
0031110211
0311102111
3111021110
1110211101
1102111011
1021110113
0211101130
2111011301
1110113013
1101130133
1011301332
0113013323
1130133230
1301332301
3013323011
0133230112
1332301120
3323011200
3230112003
2301120033
3011200333
0112003331
1120033310
1200333100
2003331000
0033310003
0333100033
3331000332
3310003320
3100033203
1000332030
0003320302
0033203023
0332030233
3320302332
3203023323
2030233230
0302332302
3023323023
0233230230
2332302302
3323023023
3230230232
2302302322
3023023223
0230232232
2302322320
3023223200
0232232002
2322320020
3223200200
2232002000
2320020001
3200200010
2002000100
0020001000
0200010002
2000100020
0001000200
0010002000
0100020000
1000200000
0002000001
0020000010
0200000100
2000001003
0000010033
0000100331
0001003311
0010033110
0100331100
1003311001
0033110011
0331100110
3311001100
3110011000
1100110003
1001100032
0011000321
0110003211
1100032110
1000321102
0003211023
0032110231
0321102310
3211023102
2110231022
1102310221
1023102210
0231022101
2310221010
3102210103
1022101033
0221010330
2210103302
2101033020
1010330200
0103302000
1033020002
0330200021
3302000211
3020002113
0200021131
2000211310
0002113102
0021131021
0211310213
2113102131
1131021312
1310213121
3102131210
1021312102
0213121023
2131210232
1312102322
3121023220
1210232201
2102322010
1023220101
0232201010
2322010102
3220101020
2201010200
2010102001
0101020011
1010200113
0102001132
1020011321
0200113210
2001132102
0011321021
0113210210
1132102102
1321021020
3210210203
2102102032
1021020321
0210203211
2102032110
1020321100
0203211002
2032110020
0321100200
3211002002
2110020020
1100200200
1002002003
0020020030
0200200300
2002003003
0020030032
0200300320
2003003202
0030032021
0300320211
3003202110
0032021100
0320211000
3202110003
2021100032
0211000320
2110003200
1100032001
1000320010
0003200100
0032001000
0320010003
3200100030
2001000300
0010003002
0100030022
1000300220
0003002200
0030022002
0300220020
3002200202
0022002020
0220020200
2200202002
2002020022
0020200222
0202002221
2020022211
0200222110
2002221102
0022211023
0222110232
2221102320
2211023203
2110232032
1102320321
1023203213
0232032133
2320321333
3203213331
2032133311
0321333111
3213331110
2133311102
1333111020
3331110202
3311102022
3111020220
1110202202
1102022020
1020220200
0202202000
2022020003
0220200033
2202000330
2020003300
0200033001
2000330010
0003300100
0033001000
0330010001
3300100010
3001000103
0010001031
0100010311
1000103111
0001031113
0010311132
0103111322
1031113223
0311132233
3111322333
1113223330
1132233303
1322333033
3223330330
2233303300
2333033000
3330330003
3303300030
3033000300
0330003001
3300030013
3000300132
0003001323
0030013231
0300132311
3001323110
0013231100
0132311002
1323110023
3231100233
2311002331
3110023313
1100233130
1002331300
0023313001
0233130012
2331300120
3313001200
3130012001
1300120011
3001200113
0012001131
0120011310
1200113100
2001131002
0011310022
0113100222
1131002221
1310022211
3100222113
1002221132
0022211323
0222113231
2221132310
2211323102
2113231023
1132310231
1323102311
3231023113
2310231130
3102311302
1023113021
0231130211
2311302111
3113021113
1130211131
1302111310
3021113100
0211131000
2111310002
1113100020
1131000200
1310002000
3100020000
1000200002
0002000020
0020000200
0200002002
2000020023
0000200232
0002002322
0020023220
0200232202
2002322020
0023220202
0232202020
2322020201
3220202013
2202020132
2020201322
0202013220
2020132200
0201322001
2013220013
0132200130
1322001300
3220013002
2200130021
2001300211
0013002110
0130021100
1300211000
3002110003
0021100032
0211000323
2110003231
1100032311
1000323110
0003231100
0032311003
0323110030
3231100302
2311003021
3110030210
1100302101
1003021011
0030210110
0302101100
3021011000
0210110002
2101100020
1011000201
0110002011
1100020113
1000201132
0002011320
0020113200
0201132002
2011320022
0113200222
1132002223
1320022231
3200222313
2002223132
0022231322
0222313223
2223132232
2231322321
2313223213
3132232132
1322321322
3223213220
2232132203
2321322032
3213220322
2132203220
1322032202
3220322020
2203220202
2032202021
0322020210
3220202100
2202021002
2020210022
0202100223
2021002233
0210022333
2100223332
1002233321
0022333211
0223332111
2233321110
2333211101
3332111013
3321110132
3211101320
2111013202
1110132020
1101320202
1013202022
0132020223
1320202231
3202022313
2020223132
0202231320
2022313202
0223132022
2231320220
2313202202
3132022020
1320220202
3202202023
2022020230
0220202301
2202023011
2020230110
0202301102
2023011023
0230110232
2301102323
3011023233
0110232333
1102323331
1023233312
0232333123
2323331233
3233312332
2333123322
3331233223
3312332231
3123322311
1233223111
2332231113
3322311132
3223111320
2231113201
2311132010
3111320101
1113201013
1132010132
1320101320
3201013203
2010132032
0101320320
1013203203
0132032032
1320320320
3203203201
2032032010
0320320103
3203201032
2032010321
0320103210
3201032102
2010321020
0103210200
1032102001
0321020010
3210200102
2102001023
1020010230
0200102301
2001023012
0010230123
0102301231
1023012310
0230123103
2301231033
3012310330
0123103301
1231033013
2310330132
3103301322
1033013220
0330132200
3301322002
3013220021
0132200213
1322002130
3220021300
2200213001
2002130010
0021300101
0213001013
2130010132
1300101321
3001013211
0010132110
0101321102
1013211020
0132110203
1321102030
3211020303
2110203032
1102030321
1020303210
0203032100
2030321000
0303210000
3032100000
0321000001
3210000010
2100000102
1000001022
0000010220
0000102203
0001022031
0010220310
0102203100
1022031002
0220310023
2203100231
2031002310
0310023102
3100231023
1002310232
0023102323
0231023230
2310232303
3102323032
1023230320
0232303201
2323032013
3230320131
2303201310
3032013102
0320131023
3201310233
2013102333
0131023332
1310233323
3102333230
1023332302
0233323021
2333230210
3332302100
3323021002
3230210023
2302100232
3021002320
0210023200
2100232000
1002320000
0023200001
0232000011
2320000111
3200001111
2000011110
0000111100
0001111002
0011110022
0111100220
1111002200
1110022001
1100220013
1002200132
0022001322
0220013223
2200132231
2001322311
0013223110
0132231102
1322311022
3223110222
2231102223
2311022233
3110222331
1102223313
1022233130
0222331300
2223313000
2233130002
2331300022
3313000223
3130002232
1300022321
3000223213
0002232132
0022321322
0223213220
2232132200
2321322002
3213220021
2132200212
1322002122
3220021221
2200212210
2002122101
0021221013
0212210132
2122101320
1221013202
2210132023
2101320232
1013202321
0132023213
1320232133
3202321331
2023213310
0232133100
2321331002
3213310021
2133100210
1331002103
3310021031
3100210311
1002103110
0021031101
0210311013
2103110132
1031101320
0311013202
3110132020
1101320201
1013202010
0132020103
1320201032
3202010322
2020103222
0201032221
2010322213
0103222133
1032221330
0322213302
3222133021
2221330211
2213302110
2133021101
1330211010
3302110103
3021101033
0211010331
2110103310
1101033102
1010331022
0103310220
1033102202
0331022020
3310220201
3102202010
1022020102
0220201020
2202010200
2020102000
0201020003
2010200032
0102000322
1020003220
0200032200
2000322002
0003220020
0032200202
0322002020
3220020202
2200202023
2002020232
0020202320
0202023200
2020232001
0202320013
2023200133
0232001332
2320013320
3200133203
2001332030
0013320301
0133203013
1332030131
3320301310
3203013102
2030131023
0301310230
3013102303
0131023033
1310230333
3102303330
1023033301
0230333010
2303330102
3033301020
0333010200
3330102003
3301020030
3010200301
0102003010
1020030103
0200301033
2003010333
0030103331
0301033310
3010333100
0103331002
1033310023
0333100233
3331002331
3310023311
3100233112
1002331120
0023311200
0233112002
2331120021
3311200212
3112002123
1120021231
1200212310
2002123102
0021231023
0212310231
2123102310
1231023103
2310231033
3102310333
1023103330
0231033301
2310333013
3103330133
1033301333
0333013330
3330133303
3301333033
3013330333
0133303333
1333033331
3330333311
3303333110
3033331100
0333311000
3333110001
3331100011
3311000110
3110001102
1100011022
1000110220
0001102202
0011022020
0110220203
1102202031
1022020311
0220203111
2202031111
2020311110
0203111100
2031111000
0311110000
3111100002
1111000022
1110000220
1100002202
1000022023
0000220232
0002202323
0022023230
0220232303
2202323030
2023230300
0232303000
2323030000
3230300002
2303000021
3030000211
0300002113
3000021132
0000211323
0002113232
0021132321
0211323213
2113232133
1132321331
1323213310
3232133103
2321331031
3213310311
2133103110
1331031101
3310311010
3103110103
1031101033
0311010331
3110103313
1101033133
1010331330
0103313300
1033133002
0331330022
3313300222
3133002220
1330022200
3300222002
3002220023
0022200232
0222002320
2220023202
2200232023
2002320232
0023202321
0232023210
2320232100
3202321000
2023210000
0232100002
2321000023
3210000232
2100002320
1000023201
0000232013
0002320133
0023201331
0232013313
2320133132
3201331320
2013313202
0133132022
1331320222
3313202223
3132022232
1320222320
3202223200
2022232001
0222320010
2223200100
2232001000
2320010000
3200100000
2001000002
0010000020
0100000200
1000002002
0000020020
0000200200
0002002000
0020020003
0200200033
2002000331
0020003310
0200033102
2000331022
0003310222
0033102220
0331022201
3310222010
3102220103
1022201032
0222010320
2220103200
2201032002
2010320020
0103200202
1032002023
0320020231
3200202313
2002023132
0020231320
0202313200
2023132000
0231320003
2313200031
3132000310
1320003102
3200031023
2000310233
0003102332
0031023323
0310233232
3102332322
1023323220
0233232201
2332322010
3323220100
3232201002
2322010021
3220100210
2201002102
2010021023
0100210232
1002102320
0021023201
0210232013
2102320132
1023201321
0232013211
2320132113
3201321131
2013211310
0132113100
1321131003
3211310032
2113100322
1131003220
1310032201
3100322013
1003220133
0032201330
0322013301
3220133011
2201330113
2013301131
0133011313
1330113132
3301131321
3011313213
0113132133
1131321331
1313213310
3132133103
1321331031
3213310312
2133103122
1331031222
3310312220
3103122200
1031222002
0312220022
3122200222
1222002220
2220022200
2200222002
2002220021
0022200211
0222002110
2220021100
2200211002
2002110021
0021100212
0211002121
2110021213
1100212132
1002121320
0021213203
0212132033
2121320331
1213203310
2132033102
1320331023
3203310232
2033102323
0331023232
3310232323
3102323230
1023232301
0232323013
2323230132
3232301322
2323013220
3230132202
2301322023
3013220232
0132202323
1322023231
3220232311
2202323110
2023231102
0232311022
2323110221
3231102213
2311022133
3110221333
1102213332
1022133323
0221333231
2213332311
2133323110
1333231103
3332311031
3323110310
3231103102
2311031021
3110310213
1103102131
1031021310
0310213102
3102131023
1021310232
0213102321
2131023210
1310232102
3102321020
1023210200
0232102000
2321020001
3210200010
2102000100
1020001003
0200010032
2000100320
0001003200
0010032000
0100320000
1003200003
0032000032
0320000320
3200003203
2000032031
0000320313
0003203131
0032031311
0320313112
3203131121
2031311210
0313112101
3131121013
1311210132
3112101321
1121013212
1210132122
2101321222
1013212223
0132122230
1321222300
3212223001
2122230011
1222300111
2223001111
2230011112
2300111122
3001111220
0011112200
0111122003
1111220032
1112200321
1122003211
1220032110
2200321101
2003211010
0032110100
0321101000
3211010000
2110100001
1101000013
1010000131
0100001310
1000013101
0000131012
0001310123
0013101231
0131012313
1310123133
3101231330
1012313300
0123133000
1231330001
2313300010
3133000100
1330001003
3300010031
3000100310
0001003102
0010031023
0100310233
1003102333
0031023331
0310233313
3102333131
1023331311
0233313111
2333131110
3331311103
3313111031
3131110310
1311103101
3111031010
1110310103
1103101031
1031010311
0310103113
3101031131
1010311313
0103113132
1031131323
0311313232
3113132320
1131323200
1313232002
3132320020
1323200201
3232002013
2320020132
3200201320
2002013201
0020132011
0201320110
2013201103
0132011030
1320110302
3201103022
2011030220
0110302200
1103022000
1030220000
0302200001
3022000013
0220000131
2200001313
2000013132
0000131323
0001313231
0013132310
0131323102
1313231020
3132310202
1323102020
3231020202
2310202020
3102020201
1020202010
0202020100
2020201002
0202010023
2020100233
0201002332
2010023320
0100233202
1002332020
0023320200
0233202000
2332020001
3320200010
3202000103
2020001030
0200010301
2000103010
0001030103
0010301033
0103010332
1030103323
0301033233
3010332330
0103323300
1033233001
0332330013
3323300132
3233001320
2330013200
3300132000
3001320000
0013200002
0132000022
1320000221
3200002211
2000022110
0000221103
0002211032
0022110322
0221103222
2211032220
2110322200
1103222000
1032220003
0322200032
3222000320
2220003202
2200032020
2000320201
0003202012
0032020122
0320201223
3202012233
2020122332
0201223323
2012233233
0122332331
1223323310
2233233100
2332331000
3323310002
3233100023
2331000230
3310002300
3100023000
1000230000
0002300003
0023000030
0230000301
2300003010
3000030101
0000301010
0003010101
0030101010
0301010100
3010101003
0101010033
1010100330
0101003302
1010033021
0100330211
1003302110
0033021100
0330211000
3302110000
3021100001
0211000010
2110000100
1100001001
1000010010
0000100102
0001001022
0010010222
0100102220
1001022200
0010222000
0102220000
1022200003
0222000032
2220000321
2200003213
2000032133
0000321332
0003213323
0032133231
0321332310
3213323100
2133231002
1332310020
3323100200
3231002002
2310020021
3100200211
1002002110
0020021102
0200211021
2002110213
0021102131
0211021312
2110213122
1102131222
1021312221
0213122210
2131222102
1312221023
3122210230
1222102303
2221023033
2210230330
2102303300
1023033003
0230330032
2303300320
3033003200
0330032002
3300320023
3003200230
0032002303
0320023032
3200230323
2002303233
0023032331
0230323311
2303233110
3032331102
0323311023
3233110232
2331102322
3311023223
3110232232
1102322320
1023223200
0232232000
2322320000
3223200001
2232000012
2320000123
3200001231
2000012311
0000123110
0001231100
0012311002
0123110022
1231100223
2311002231
3110022310
1100223100
1002231001
0022310013
0223100131
2231001312
2310013122
3100131223
1001312230
0013122302
0131223020
1312230200
3122302002
1223020021
2230200210
2302002102
3020021020
0200210202
2002102022
0021020220
0210202200
2102022001
1020220013
0202200130
2022001300
0220013002
2200130023
2001300233
0013002330
0130023300
1300233000
3002330001
0023300010
0233000101
2330001013
3300010130
3000101303
0001013032
0010130321
0101303213
1013032133
0130321331
1303213311
3032133110
0321331103
3213311033
2133110330
1331103302
3311033022
3110330223
1103302231
1033022313
0330223133
3302231330
3022313303
0223133032
2231330321
2313303210
3133032100
1330321001
3303210011
3032100113
0321001132
3210011322
2100113220
1001132200
0011322003
0113220031
1132200313
1322003132
3220031323
2200313230
2003132300
0031323002
0313230021
3132300210
1323002100
3230021000
2300210002
3002100023
0021000233
0210002333
2100023333
1000233331
0002333311
0023333113
0233331132
2333311322
3333113220
3331132200
3311322002
3113220023
1132200232
1322002320
3220023203
2200232033
2002320330
0023203303
0232033030
2320330300
3203303000
2033030000
0330300000
3303000003
3030000031
0300000313
3000003133
0000031332
0000313320
0003133200
0031332000
0313320003
3133200030
1332000300
3320003000
3200030000
2000300000
0003000000
0030000002
0300000021
3000000210
0000002102
0000021022
0000210220
0002102200
0021022002
0210220022
2102200223
1022002230
0220022300
2200223002
2002230022
0022300221
0223002213
2230022132
2300221323
3002213233
0022132332
0221323322
2213233223
2132332232
1323322321
3233223210
2332232102
3322321020
3223210201
2232102013
2321020133
3210201331
2102013313
1020133131
0201331313
2013313131
0133131311
1331313112
3313131123
3131311232
1313112323
3131123231
1311232313
3112323132
1123231323
1232313233
2323132331
3231323313
2313233131
3132331310
1323313102
3233131020
2331310203
3313102030
3131020300
1310203002
3102030021
1020300213
0203002131
2030021312
0300213120
3002131200
0021312001
0213120010
2131200100
1312001001
3120010011
1200100113
2001001130
0010011303
0100113032
1001130322
0011303222
0113032222
1130322220
1303222202
3032222023
0322220232
3222202322
2222023223
2220232230
2202322300
2023223003
0232230032
2322300323
3223003233
2230032333
2300323333
3003233331
0032333311
0323333110
3233331102
2333311022
3333110223
3331102233
3311022333
3110223332
1102233323
1022333233
0223332331
2233323313
2333233132
3332331320
3323313202
3233132020
2331320201
3313202010
3132020101
1320201011
3202010113
2020101132
0201011320
2010113203
0101132032
1011320320
0113203201
1132032011
1320320113
3203201132
2032011323
0320113233
3201132332
2011323322
0113233220
1132332203
1323322032
3233220320
2332203203
3322032032
3220320323
2203203233
2032032332
0320323320
3203233200
2032332000
0323320003
3233200030
2332000301
3320003010
3200030102
2000301022
0003010220
0030102200
0301022000
3010220000
0102200001
1022000010
0220000101
2200001013
2000010130
0000101302
0001013021
0010130213
0101302133
1013021331
0130213310
1302133102
3021331023
0213310232
2133102320
1331023200
3310232002
3102320022
1023200223
0232002232
2320022320
3200223201
2002232010
0022320103
0223201033
2232010331
2320103313
3201033132
2010331322
0103313220
1033132202
0331322020
3313220200
3132202002
1322020023
3220200231
2202002313
2020023132
0200231321
2002313213
0023132132
0231321323
2313213233
3132132333
1321323333
3213233333
2132333330
1323333300
3233333003
2333330032
3333300322
3333003221
3330032210
3300322102
3003221023
0032210232
0322102323
3221023231
2210232311
2102323110
1023231102
0232311020
2323110202
3231102020
2311020200
3110202002
1102020020
1020200202
0202002020
2020020202
0200202023
2002020233
0020202332
0202023320
2020233202
0202332023
2023320230
0233202302
2332023022
3320230220
3202302202
2023022023
0230220231
2302202311
3022023113
0220231130
2202311302
2023113021
0231130211
2311302111
3113021113
1130211133
1302111333
3021113330
0211133300
2111333001
1113330011
1133300111
1333001110
3330011103
3300111032
3001110321
0011103210
0111032103
1110321033
1103210332
1032103321
0321033213
3210332132
2103321322
1033213223
0332132233
3321322331
3213223312
2132233122
1322331220
3223312202
2233122023
2331220231
3312202313
3122023131
1220231311
2202313110
2023131103
0231311030
2313110302
3131103020
1311030202
3110302022
1103020222
1030202223
0302022230
3020222303
0202223030
2022230302
0222303022
2223030220
2230302200
2303022002
3030220023
0302200233
3022002330
0220023302
2200233020
2002330202
0023302023
0233020231
2330202311
3302023113
3020231131
0202311310
2023113102
0231131020
2311310200
3113102002
1131020020
1310200202
3102002020
1020020202
0200202023
2002020232
0020202320
0202023200
2020232003
0202320032
2023200323
0232003232
2320032320
3200323202
2003232022
0032320220
0323202203
3232022032
2320220320
3202203200
2022032002
0220320020
2203200203
2032002031
0320020313
3200203133
2002031331
0020313311
0203133113
2031331130
0313311302
3133113021
1331130213
3311302133
3113021331
1130213311
1302133110
3021331102
0213311021
2133110210
1331102101
3311021013
3110210133
1102101332
1021013321
0210133213
2101332133
1013321332
0133213322
1332133221
3321332210
3213322102
2133221020
1332210202
3322102023
3221020230
2210202300
2102023002
1020230021
0202300210
2023002100
0230021003
2300210030
3002100301
0021003010
0210030101
2100301011
1003010113
0030101132
0301011320
3010113201
0101132011
1011320113
0113201133
1132011330
1320113301
3201133011
2011330110
0113301102
1133011020
1330110201
3301102010
3011020102
0110201020
1102010202
1020102021
0201020210
2010202102
0102021023
1020210232
0202102323
2021023233
0210232332
2102323322
1023233222
0232332220
2323322201
3233222010
2332220101
3322201010
3222010102
2220101023
2201010232
2010102323
0101023231
1010232313
0102323132
1023231323
0232313231
2323132313
3231323132
2313231320
3132313201
1323132010
3231320100
2313201002
3132010022
1320100221
3201002210
2010022102
0100221021
1002210210
0022102102
0221021022
2210210222
2102102220
1021022201
0210222011
2102220111
1022201112
0222011122
2220111222
2201112223
2011122232
0111222321
1112223211
1122232112
1222321123
2223211232
2232112322
2321123220
3211232200
2112322002
1123220023
1232200232
2322002321
3220023210
2200232101
2002321011
0023210110
0232101103
2321011031
3210110310
2101103102
1011031023
0110310232
1103102320
1031023203
0310232032
3102320320
1023203201
0232032010
2320320102
3203201023
2032010230
0320102300
3201023001
2010230012
0102300120
1023001202
0230012022
2300120223
3001202232
0012022320
0120223203
1202232031
2022320313
0223203133
2232031332
2320313322
3203133223
2031332230
0313322302
3133223020
1332230202
3322302022
3223020220
2230202203
2302022033
3020220331
0202203313
2022033131
0220331310
2203313102
2033131022
0331310220
3313102202
3131022021
1310220210
3102202103
1022021031
0220210310
2202103101
2021031011
0210310113
2103101133
1031011332
0310113322
3101133223
1011332232
0113322320
1133223202
1332232022
3322320220
3223202203
2232022032
2320220321
3202203211
2022032110
0220321100
2203211000
2032110003
0321100032
3211000321
2110003213
1100032131
1000321313
0003213132
0032131322
0321313221
3213132210
2131322102
1313221021
3132210210
1322102103
3221021032
2210210323
2102103233
1021032331
0210323313
2103233131
1032331311
0323313111
3233131110
2331311102
3313111021
3131110210
1311102101
3111021010
1110210102
1102101023
1021010232
0210102321
2101023213
1010232132
0102321321
1023213212
0232132121
2321321210
3213212100
2132121002
1321210020
3212100203
2121002032
1210020321
2100203210
1002032102
0020321021
0203210213
2032102132
0321021321
3210213210
2102132100
1021321000
0213210003
2132100032
1321000321
3210003210
2100032102
1000321022
0003210223
0032102233
0321022331
3210223311
2102233111
1022331110
0223311102
2233111022
2331110220
3311102201
3111022011
1110220111
1102201111
1022011113
0220111133
2201111332
2011113323
0111133232
1111332321
1113323211
1133232110
1332321103
3323211031
3232110311
2321103113
3211031131
2110311311
1103113113
1031131133
0311311331
3113113311
1131133110
1311331100
3113311000
1133110001
1331100010
3311000102
3110001020
1100010201
1000102012
0001020121
0010201212
0102012123
1020121231
0201212310
2012123101
0121231011
1212310110
2123101102
1231011023
2310110231
3101102313
1011023132
0110231320
1102313202
1023132020
0231320200
2313202001
3132020012
1320200120
3202001202
2020012022
0200120222
2001202220
0012022203
0120222033
1202220332
2022203322
0222033221
2220332210
2203322100
2033221002
0332210023
3322100232
3221002320
2210023201
2100232010
1002320100
0023201002
0232010022
2320100220
3201002200
2010022003
0100220033
1002200332
0022003320
0220033203
2200332033
2003320333
0033203331
0332033310
3320333102
3203331020
2033310203
0333102032
3331020320
3310203202
3102032022
1020320220
0203202200
2032022000
0320220003
3202200032
2022000322
0220003222
2200032220
2000322200
0003222001
0032220013
0322200133
3222001332
2220013321
2200133211
2001332113
0013321130
0133211302
1332113020
3321130200
3211302002
2113020020
1130200200
1302002002
3020020020
0200200201
2002002010
0020020102
0200201021
2002010212
0020102120
0201021203
2010212032
0102120320
1021203200
0212032002
2120320020
1203200200
2032002002
0320020020
3200200202
2002002022
0020020220
0200202203
2002022030
0020220303
0202203033
2022030330
0220303303
2203033030
2030330300
0303303003
3033030031
0330300311
3303003111
3030031110
0300311102
3003111020
0031110203
0311102033
3111020331
1110203310
1102033102
1020331022
0203310223
2033102232
0331022320
3310223200
3102232002
1022320021
0223200212
2232002122
2320021221
3200212212
2002122123
0021221231
0212212313
2122123132
1221231322
2212313222
2123132223
1231322230
2313222303
3132223032
1322230320
3222303202
2223032020
2230320202
2303202023
3032020232
0320202320
3202023200
2020232000
0202320001
2023200011
0232000110
2320001100
3200011001
2000110011
0001100113
0011001133
0110011333
1100113331
1001133313
0011333132
0113331320
1133313200
1333132002
3331320020
3313200203
3132002032
1320020322
3200203221
2002032213
0020322131
0203221311
2032213111
0322131110
3221311102
2213111020
2131110202
1311102023
3111020232
1110202320
1102023202
1020232020
0202320203
2023202033
0232020333
2320203333
3202033330
2020333300
0203333001
2033330011
0333300110
3333001101
3330011013
3300110131
3001101310
0011013102
0110131021
1101310210
1013102102
0131021020
1310210202
3102102022
1021020222
0210202221
2102022213
1020222130
0202221301
2022213011
0222130110
2221301103
2213011032
2130110320
1301103200
3011032000
0110320002
1103200020
1032000203
0320002030
3200020300
2000203001
0002030011
0020300113
0203001132
2030011320
0300113203
3001132031
0011320310
0113203100
1132031002
1320310021
3203100213
2031002131
0310021311
3100213112
1002131122
0021311221
0213112210
2131122102
1311221022
3112210220
1122102202
1221022020
2210220203
2102202032
1022020322
0220203221
2202032211
2020322111
0203221110
2032211101
0322111011
3221110113
2211101132
2111011322
1110113220
1101132200
1011322002
0113220021
1132200211
1322002112
3220021123
2200211232
2002112321
0021123213
0211232132
2112321322
1123213220
1232132202
2321322021
3213220210
2132202102
1322021021
3220210210
2202102100
2021021002
0210210022
2102100222
1021002220
0210022200
2100222001
1002220011
0022200110
0222001102
2220011021
2200110211
2001102113
0011021133
0110211331
1102113313
1021133132
0211331322
2113313221
1133132211
1331322110
3313221101
3132211013
1322110131
3221101311
2211013111
2110131111
1101311111
1013111111
0131111111
1311111110
3111111101
1111111013
1111110131
1111101310
1111013103
1110131030
1101310302
1013103021
0131030213
1310302132
3103021320
1030213201
0302132011
3021320111
0213201113
2132011133
1320111332
3201113323
2011133232
0111332321
1113323211
1133232111
1332321111
3323211111
3232111112
2321111120
3211111200
2111112002
1111120020
1111200201
1112002011
1120020111
1200201112
2002011121
0020111211
0201112110
2011121100
0111211000
1112110003
1121100031
1211000311
2110003110
1100031102
1000311020
0003110202
0031102021
0311020210
3110202102
1102021020
1020210200
0202102001
2021020012
0210200121
2102001210
1020012101
0200121011
2001210110
0012101102
0121011022
1210110220
2101102200
1011022001
0110220010
1102200102
1022001021
0220010210
2200102100
2001021003
0010210033
0102100333
1021003333
0210033330
2100333300
1003333001
0033330013
0333300133
3333001331
3330013310
3300133100
3001331000
0013310002
0133100020
1331000200
3310002001
3100020010
1000200103
0002001033
0020010330
0200103300
2001033003
0010330032
0103300320
1033003202
0330032020
3300320200
3003202003
0032020031
0320200311
3202003113
2020031132
0200311323
2003113230
0031132300
0311323002
3113230021
1132300211
1323002112
3230021122
2300211220
3002112200
0021122003
0211220031
2112200311
1122003110
1220031102
2200311021
2003110210
0031102103
0311021032
3110210321
1102103212
1021032123
0210321233
2103212333
1032123331
0321233313
3212333132
2123331321
1233313213
2333132132
3331321320
3313213201
3132132010
1321320100
3213201002
2132010023
1320100233
3201002331
2010023311
0100233110
1002331100
0023311001
0233110011
2331100110
3311001101
3110011010
1100110100
1001101001
0011010011
0110100113
1101001131
1010011311
0100113110
1001131102
0011311020
0113110203
1131102030
1311020302
3110203023
1102030233
1020302331
0203023311
2030233110
0302331101
3023311011
0233110110
2331101102
3311011023
3110110230
1101102300
1011023000
0110230000
1102300000
1023000003
0230000030
2300000300
3000003000
0000030002
0000300020
0003000202
0030002020
0300020201
3000202010
0002020100
0020201002
0202010020
2020100202
0201002023
2010020232
0100202322
1002023222
0020232220
0202322200
2023222002
0232220022
2322200221
3222002211
2220022113
2200221133
2002211331
0022113311
0221133113
2211331131
2113311313
1133113133
1331131333
3311313333
3113133330
1131333300
1313333000
3133330003
1333300031
3333000313
3330003131
3300031311
3000313112
0003131123
0031311231
0313112312
3131123122
1311231221
3112312210
1123122102
1231221022
2312210221
3122102210
1221022100
2210221003
2102210030
1022100302
0221003022
2210030223
2100302232
1003022321
0030223213
0302232131
3022321311
0223213113
2232131131
2321311310
3213113101
2131131010
1311310101
3113101010
1131010102
1310101021
3101010213
1010102132
0101021321
1010213213
0102132131
1021321313
0213213132
2132131322
1321313222
3213132220
2131322202
1313222023
3132220231
1322202313
3222023133
2220231331
2202313310
2023133100
0231331000
2313310000
3133100001
1331000010
3310000102
3100001020
1000010200
0000102002
0001020021
0010200213
0102002133
1020021331
0200213311
2002133110
0021331102
0213311021
2133110211
1331102113
3311021131
3110211310
1102113100
1021131002
0211310020
2113100202
1131002022
1310020220
3100202202
1002022021
0020220213
0202202131
2022021311
0220213113
2202131133
2021311331
0213113310
2131133102
1311331022
3113310223
1133102233
1331022332
3310223323
3102233233
1022332332
0223323320
2233233200
2332332002
3323320021
3233200210
2332002102
3320021020
3200210202
2002102020
0021020200
0210202002
2102020023
1020200233
0202002330
2020023303
0200233032
2002330323
0023303232
0233032320
2330323200
3303232001
3032320011
0323200110
3232001101
2320011010
3200110101
2001101010
0011010100
0110101001
1101010013
1010100133
0101001330
1010013300
0100133001
1001330010
0013300102
0133001022
1330010222
3300102221
3001022211
0010222110
0102221103
1022211031
0222110313
2221103133
2211031330
2110313301
1103133013
1031330133
0313301332
3133013321
1330133211
3301332110
3013321100
0133211002
1332110022
3321100221
3211002210
2110022100
1100221002
1002210020
0022100203
0221002031
2210020313
2100203130
1002031302
0020313020
0203130200
2031302002
0313020022
3130200220
1302002200
3020022001
0200220011
2002200111
0022001111
0220011110
2200111101
2001111010
0011110103
0111101031
1111010313
1110103132
1101031322
1010313220
0103132200
1031322003
0313220031
3132200313
1322003132
3220031322
2200313220
2003132200
0031322003
0313220031
3132200310
1322003102
3220031021
2200310211
2003102113
0031021133
0310211333
3102113333
1021133333
0211333333
2113333331
1133333313
1333333130
3333331300
3333313003
3333130030
3331300302
3313003020
3130030202
1300302020
3003020201
0030202011
0302020111
3020201113
0202011132
2020111320
0201113200
2011132003
0111320031
1113200313
1132003132
1320031320
3200313202
2003132023
0031320231
0313202311
3132023113
1320231131
3202311311
2023113112
0231131120
2311311200
3113112002
1131120020
1311200202
3112002021
1120020211
1200202110
2002021102
0020211021
0202110213
2021102131
0211021310
2110213103
1102131032
1021310323
0213103233
2131032333
1310323332
3103233321
1032333210
0323332101
3233321012
2333210120
3332101201
3321012012
3210120121
2101201211
1012012110
0120121102
1201211021
2012110213
0121102131
1211021311
2110213110
1102131102
1021311021
0213110211
2131102113
1311021131
3110211313
1102113132
1021131321
0211313210
2113132101
1131321010
1313210102
3132101020
1321010200
3210102000
2101020000
1010200003
0102000030
1020000303
0200003031
2000030311
0000303111
0003031110
0030311102
0303111023
3031110232
0311102323
3111023231
1110232311
1102323110
1023231102
0232311023
2323110233
3231102332
2311023321
3110233213
1102332132
1023321320
0233213202
2332132023
3321320231
3213202313
2132023133
1320231333
3202313331
2023133310
0231333100
2313331002
3133310022
1333100222
3331002223
3310022231
3100222311
1002223110
0022231102
0222311021
2223110213
2231102132
2311021322
3110213223
1102132232
1021322321
0213223213
2132232131
1322321312
3223213123
2232131232
2321312323
3213123233
2131232331
1312323310
3123233101
1232331010
2323310101
3233101013
2331010132
3310101321
3101013210
1010132102
0101321021
1013210210
0132102102
1321021023
3210210230
2102102302
1021023020
0210230200
2102302000
1023020001
0230200013
2302000132
3020001322
0200013222
2000132220
0001322202
0013222021
0132220211
1322202110
3222021102
2220211020
2202110203
2021102030
0211020300
2110203000
1102030002
1020300021
0203000211
2030002110
0300021102
3000211021
0002110210
0021102101
0211021011
2110210110
1102101100
1021011001
0210110012
2101100123
1011001231
0110012313
1100123133
1001231331
0012313310
0123133100
1231331000
2313310000
3133100002
1331000022
3310000220
3100002200
1000022002
0000220020
0002200202
0022002021
0220020211
2200202110
2002021101
0020211013
0202110130
2021101302
0211013020
2110130202
1101302022
1013020220
0130202200
1302022003
3020220030
0202200303
2022003031
0220030311
2200303110
2003031103
0030311032
0303110322
3031103223
0311032232
3110322322
1103223223
1032232230
0322322303
3223223031
2232230310
2322303102
3223031022
2230310221
2303102213
3031022133
0310221332
3102213320
1022133201
0221332011
2213320111
2133201113
1332011131
3320111310
3201113100
2011131000
0111310002
1113100020
1131000200
1310002002
3100020023
1000200230
0002002300
0020023003
0200230032
2002300320
0023003203
0230032033
2300320332
3003203323
0032033232
0320332321
3203323210
2033232100
0332321000
3323210000
3232100002
2321000023
3210000233
2100002333
1000023332
0000233321
0002333213
0023332132
0233321320
2333213200
3332132000
3321320000
3213200000
2132000003
1320000030
3200000301
2000003011
0000030112
0000301121
0003011211
0030112113
0301121131
3011211310
0112113101
1121131013
1211310133
2113101333
1131013330
1310133300
3101333001
1013330013
0133300132
1333001320
3330013203
3300132032
3001320323
0013203230
0132032300
1320323003
3203230033
2032300330
0323003301
3230033013
2300330132
3003301320
0033013200
0330132002
3301320020
3013200202
0132002020
1320020201
3200202013
2002020130
0020201301
0202013010
2020130101
0201301010
2013010103
0130101032
1301010323
3010103231
0101032310
1010323103
0103231033
1032310330
0323103303
3231033030
2310330300
3103303000
1033030000
0330300000
3303000001
3030000010
0300000102
3000001020
0000010203
0000102032
0001020321
0010203213
0102032132
1020321320
0203213202
2032132021
0321320213
3213202133
2132021332
1320213323
3202133232
2021332323
0213323232
2133232323
1332323232
3323232320
3232323200
2323232001
3232320012
2323200122
3232001220
2320012201
3200122010
2001220101
0012201013
0122010132
1220101320
2201013200
2010132000
0101320003
1013200030
0132000303
1320003033
3200030333
2000303333
0003033331
0030333313
0303333132
3033331322
0333313222
3333132220
3331322200
3313222003
3132220033
1322200332
3222003321
2220033210
2200332102
2003321022
0033210220
0332102202
3321022022
3210220220
2102202200
1022022000
0220220000
2202200003
2022000032
0220000322
2200003220
2000032203
0000322030
0003220302
0032203023
0322030233
3220302330
2203023302
2030233023
0302330233
3023302330
0233023303
2330233033
3302330331
3023303310
0233033103
2330331032
3303310322
3033103222
0331032223
3310322232
3103222320
1032223203
0322232033
3222320331
2223203312
2232033122
2320331223
3203312231
2033122313
0331223130
3312231303
3122313033
1223130331
2231303310
2313033100
3130331002
1303310020
3033100200
0331002000
3310020002
3100200020
1002000200
0020002002
0200020020
2000200201
0002002013
0020020133
0200201331
2002013313
0020133132
0201331322
2013313220
0133132203
1331322032
3313220323
3132203232
1322032321
3220323210
2203232103
2032321032
0323210320
3232103200
2321032003
3210320033
2103200333
1032003332
0320033320
3200333200
2003332002
0033320023
0333200231
3332002310
3320023100
3200231000
2002310002
0023100022
0231000220
2310002202
3100022020
1000220203
0002202032
0022020323
0220203233
2202032332
2020323323
0203233232
2032332320
0323323201
3233232013
2332320132
3323201322
3232013220
2320132200
3201322002
2013220020
0132200200
1322002000
3220020001
2200200011
2002000110
0020001101
0200011011
2000110110
0001101100
0011011002
0110110022
1101100223
1011002231
0110022311
1100223110
1002231100
0022311000
0223110002
2231100021
2311000212
3110002120
1100021203
1000212031
0002120311
0021203110
0212031102
2120311020
1203110202
2031102020
0311020200
3110202003
1102020031
1020200311
0202003111
2020031110
0200311102
2003111022
0031110220
0311102200
3111022000
1110220000
1102200002
1022000021
0220000213
2200002131
2000021313
0000213133
0002131331
0021313310
0213133100
2131331000
1313310002
3133100022
1331000221
3310002211
3100022113
1000221130
0002211300
0022113000
0221130000
2211300000
2113000003
1130000031
1300000313
3000003132
0000031323
0000313233
0003132332
0031323323
0313233233
3132332332
1323323323
3233233232
2332332320
3323323202
3233232021
2332320211
3323202111
3232021113
2320211133
3202111331
2021113310
0211133101
2111331011
1113310110
1133101100
1331011001
3310110010
3101100103
1011001032
0110010321
1100103211
1001032111
0010321110
0103211100
1032111000
0321110002
3211100020
2111000203
1110002032
1100020320
1000203202
0002032021
0020320213
0203202132
2032021322
0320213220
3202132202
2021322020
0213220200
2132202002
1322020020
3220200203
2202002032
2020020321
0200203213
2002032132
0020321321
0203213210
2032132102
0321321021
3213210213
2132102132
1321021323
3210213232
2102132323
1021323232
0213232322
2132323222
1323232222
3232322221
2323222213
3232222133
2322221331
3222213311
2222133112
2221331123
2213311232
2133112322
1331123223
3311232232
3112322320
1123223200
1232232002
2322320022
3223200220
2232002202
2320022021
3200220213
2002202133
0022021333
0220213331
2202133310
2021333103
0213331031
2133310310
1333103101
3331031013
3310310132
3103101320
1031013201
0310132011
3101320111
1013201110
0132011103
1320111032
3201110320
2011103201
0111032010
1110320101
1103201010
1032010102
0320101022
3201010223
2010102232
0101022321
1010223213
0102232131
1022321311
0223213110
2232131101
2321311011
3213110110
2131101100
1311011003
3110110033
1101100332
1011003323
0110033232
1100332320
1003323203
0033232031
0332320311
3323203113
3232031130
2320311301
3203113010
2031130102
0311301021
3113010211
1130102110
1301021100
3010211002
0102110023
1021100232
0211002321
2110023211
1100232113
1002321132
0023211322
0232113220
2321132201
3211322010
2113220102
1132201020
1322010200
3220102002
2201020020
2010200202
0102002020
1020020200
0200202003
2002020032
0020200322
0202003221
2020032213
0200322132
2003221321
0032213211
0322132111
3221321113
2213211132
2132111321
1321113210
3211132102
2111321020
1113210202
1132102020
1321020203
3210202033
2102020332
1020203322
0202033222
2020332221
0203322210
2033222102
0332221021
3322210213
3222102132
2221021323
2210213232
2102132323
1021323232
0213232320
2132323202
1323232022
3232320221
2323202210
3232022101
2320221010
3202210103
2022101031
0221010313
2210103132
2101031322
1010313223
0103132232
1031322320
0313223203
3132232032
1322320323
3223203232
2232032322
2320323222
3203232220
2032322201
0323222013
3232220132
2322201322
3222013222
2220132223
2201322232
2013222323
0132223233
1322232332
3222323322
2223233220
2232332201
2323322010
3233220102
2332201023
3322010230
3220102303
2201023030
2010230303
0102303031
1023030311
0230303112
2303031123
3030311231
0303112313
3031123130
0311231301
3112313011
1123130112
1231301120
2313011203
3130112032
1301120323
3011203231
0112032312
1120323122
1203231222
2032312220
0323122203
3231222031
2312220313
3122203132
1222031322
2220313220
2203132203
2031322032
0313220321
3132203211
1322032113
3220321130
2203211301
2032113011
0321130113
3211301132
2113011322
1130113223
1301132230
3011322301
0113223010
1132230102
1322301020
3223010200
2230102003
2301020030
3010200303
0102003031
1020030310
0200303101
2003031011
0030310113
0303101130
3031011303
0310113032
3101130322
1011303221
0113032211
1130322110
1303221103
3032211032
0322110320
3221103201
2211032013
2110320132
1103201323
1032013230
0320132302
3201323023
2013230232
0132302320
1323023203
3230232031
2302320311
3023203110
0232031101
2320311010
3203110100
2031101002
0311010020
3110100201
1101002011
1010020111
0100201111
1002011110
0020111100
0201111003
2011110032
0111100320
1111003203
1110032033
1100320330
1003203302
0032033023
0320330233
3203302333
2033023330
0330233300
3302333002
3023330020
0233300200
2333002002
3330020023
3300200232
3002002320
0020023201
0200232011
2002320113
0023201133
0232011333
2320113331
3201133311
2011333110
0113331103
1133311032
1333110321
3331103211
3311032111
3110321110
1103211102
1032111022
0321110222
3211102220
2111022202
1110222021
1102220210
1022202103
0222021031
2220210313
2202103131
2021031310
0210313101
2103131013
1031310131
0313101311
3131013113
1310131132
3101311322
1013113222
0131132223
1311322232
3113222321
1132223213
1322232133
3222321331
2223213311
2232133110
2321331101
3213311010
2133110103
1331101031
3311010311
3110103113
1101031130
1010311301
0103113010
1031130103
0311301030
3113010301
1130103013
1301030130
3010301300
0103013002
1030130023
0301300230
3013002303
0130023033
1300230333
3002303333
0023033330
0230333303
2303333030
3033330300
0333303002
3333030023
3330300230
3303002303
3030023031
0300230310
3002303102
0023031021
0230310211
2303102113
3031021132
0310211322
3102113222
1021132222
0211322222
2113222223
1132222230
1322222303
3222223032
2222230322
2222303222
2223032222
2230322220
2303222202
3032222023
0322220231
3222202311
2222023113
2220231131
2202311313
2023113130
0231131301
2311313011
3113130113
1131301132
1313011323
3130113232
1301132323
3011323232
0113232320
1132323202
1323232022
3232320222
2323202223
3232022231
2320222311
3202223111
2022231113
0222311133
2223111330
2231113300
2311133000
3111330002
1113300022
1133000223
1330002233
3300022333
3000223333
0002233333
0022333333
0223333333
2233333330
2333333303
3333333033
3333330333
3333303330
3333033300
3330333002
3303330023
3033300231
0333002313
3330023131
3300231311
3002313111
0023131113
0231311133
2313111333
3131113332
1311133320
3111333200
1113332000
1133320003
1333200031
3332000313
3320003132
3200031323
2000313231
0003132312
0031323123
0313231232
3132312320
1323123202
3231232021
2312320210
3123202103
1232021030
2320210300
3202103000
2021030000
0210300000
2103000002
1030000023
0300000232
3000002323
0000023233
0000232333
0002323331
0023233310
0232333101
2323331010
3233310103
2333101032
3331010320
3310103202
3101032020
1010320200
0103202003
1032020033
0320200333
3202003330
2020033300
0200333002
2003330023
0033300231
0333002313
3330023130
3300231303
3002313033
0023130333
0231303330
2313033300
3130333000
1303330001
3033300013
0333000131
3330001311
3300013110
3000131101
0001311011
0013110110
0131101101
1311011013
3110110133
1101101332
1011013320
0110133200
1101332001
1013320010
0133200100
1332001002
3320010020
3200100203
2001002032
0010020321
0100203211
1002032110
0020321100
0203211003
2032110033
0321100333
3211003332
2110033323
1100333232
1003332320
0033323203
0333232030
3332320303
3323203030
3232030303
2320303033
3203030332
2030303321
0303033213
3030332131
0303321313
3033213133
0332131332
3321313322
3213133220
2131332202
1313322020
3133220202
1332202020
3322020201
3220202010
2202020102
2020201022
0202010222
2020102223
0201022230
2010222302
0102223020
1022230202
0222302023
2223020232
2230202321
2302023213
3020232133
0202321332
2023213322
0232133221
2321332213
3213322132
2133221322
1332213223
3322132231
3221322313
2213223132
2132231321
1322313211
3223132111
2231321113
2313211133
3132111332
1321113322
3211133221
2111332210
1113322102
1133221022
1332210220
3322102200
3221022002
2210220020
2102200202
1022002020
0220020201
2200202012
2002020122
0020201222
0202012222
2020122223
0201222230
2012222303
0122223031
1222230310
2222303103
2223031032
2230310320
2303103202
3031032023
0310320231
3103202311
1032023110
0320231100
3202311002
2023110022
0231100221
2311002211
3110022110
1100221102
1002211021
0022110210
0221102103
2211021032
2110210320
1102103202
1021032021
0210320213
2103202130
1032021303
0320213030
3202130301
2021303010
0213030100
2130301003
1303010030
3030100300
0301003003
3010030032
0100300321
1003003211
0030032111
0300321113
3003211132
0032111320
0321113201
3211132013
2111320131
1113201310
1132013100
1320131002
3201310020
2013100202
0131002023
1310020232
3100202320
1002023203
0020232030
0202320302
2023203021
0232030213
2320302130
3203021302
2030213023
0302130230
3021302302
0213023023
2130230231
1302302311
3023023113
0230231130
2302311300
3023113003
0231130033
2311300333
3113003332
1130033323
1300333233
3003332333
0033323331
0333233313
3332333133
3323331330
3233313303
2333133030
3331330300
3313303000
3133030000
1330300003
3303000031
3030000313
0300003131
3000031310
0000313103
0003131032
0031310323
0313103230
3131032301
1310323010
3103230103
1032301030
0323010300
3230103000
2301030002
3010300020
0103000201
1030002011
0300020110
3000201100
0002011002
0020110020
0201100202
2011002023
0110020231
1100202310
1002023100
0020231002
0202310023
2023100231
0231002311
2310023113
3100231133
1002311331
0023113310
0231133102
2311331022
3113310222
1133102220
1331022200
3310222000
3102220003
1022200033
0222000332
2220003321
2200033213
2000332133
0003321332
0033213320
0332133202
3321332022
3213320223
2133202231
1332022313
3320223132
3202231323
2022313232
0223132320
2231323203
2313232033
3132320333
1323203332
3232033320
2320333201
3203332013
2033320133
0333201330
3332013300
3320133000
3201330000
2013300003
0133000031
1330000310
3300003102
3000031023
0000310232
0003102322
0031023223
0310232231
3102322310
1023223100
0232231002
2322310022
3223100221
2231002213
2310022131
3100221311
1002213110
0022131102
0221311022
2213110223
2131102233
1311022331
3110223311
1102233110
1022331103
0223311030
2233110301
2331103011
3311030111
3110301110
1103011100
1030111001
0301110010
3011100101
0111001011
1110010110
1100101100
1001011000
0010110001
0101100010
1011000100
0110001001
1100010010
1000100101
0001001011
0010010111
0100101110
1001011103
0010111030
0101110303
1011103033
0111030331
1110303311
1103033111
1030331111
0303311111
3033111112
0331111121
3311111211
3111112111
1111121110
1111211100
1112111002
1121110020
1211100200
2111002000
1110020000
1100200001
1002000011
0020000110
0200001102
2000011020
0000110200
0001102001
0011020010
0110200102
1102001021
1020010211
0200102111
2001021113
0010211133
0102111332
1021113322
0211133220
2111332201
1113322010
1133220100
1332201002
3322010023
3220100231
2201002313
2010023133
0100231332
1002313322
0023133222
0231332223
2313322232
3133222323
1332223231
3322232310
3222323102
2223231023
2232310232
2323102322
3231023220
2310232201
3102322010
1023220101
0232201013
2322010132
3220101320
2201013202
2010132022
0101320220
1013202200
0132022002
1320220023
3202200233
2022002331
0220023310
2200233100
2002331000
0023310002
0233100020
2331000201
3310002010
3100020102
1000201020
0002010203
0020102030
0201020300
2010203003
0102030032
1020300323
0203003233
2030032331
0300323310
3003233100
0032331003
0323310030
3233100303
2331003032
3310030320
3100303200
1003032003
0030320030
0303200303
3032003032
0320030320
3200303200
2003032002
0030320023
0303200233
3032002333
0320023333
3200233333
2002333331
0023333310
0233333100
2333331002
3333310023
3333100232
3331002323
3310023231
3100232311
1002323110
0023231102
0232311022
2323110220
3231102202
2311022020
3110220202
1102202021
1022020211
0220202113
2202021133
2020211331
0202113313
2021133130
0211331300
2113313003
1133130033
1331300331
3313003311
3130033111
1300331111
3003311110
0033111103
0331111030
3311110300
3111103001
1111030013
1110300130
1103001300
1030013000
0300130002
3001300020
0013000200
0130002001
1300020010
3000200100
0002001000
0020010002
0200100023
2001000232
0010002323
0100023233
1000232333
0002323331
0023233313
0232333133
2323331330
3233313303
2333133032
3331330320
3313303201
3133032013
1330320131
3303201313
3032013132
0320131320
3201313200
2013132000
0131320000
1313200002
3132000023
1320000230
3200002300
2000023001
0000230012
0002300121
0023001212
0230012123
2300121233
3001212331
0012123311
0121233113
1212331131
2123311311
1233113113
2331131132
3311311320
3113113201
1131132010
1311320101
3113201011
1132010111
1320101110
3201011100
2010111002
0101110020
1011100203
0111002031
1110020313
1100203131
1002031313
0020313132
0203131320
2031313203
0313132030
3131320303
1313203032
3132030320
1320303200
3203032003
2030320030
0303200303
3032003033
0320030333
3200303331
2003033310
0030333103
0303331032
3033310323
0333103231
3331032313
3310323132
3103231323
1032313230
0323132300
3231323000
2313230003
3132300032
1323000322
3230003223
2300032232
3000322322
0003223220
0032232203
0322322031
3223220313
2232203131
2322031310
3220313101
2203131011
2031310110
0313101102
3131011022
1310110220
3101102200
1011022000
0110220002
1102200022
1022000220
0220002202
2200022021
2000220213
0002202130
0022021303
0220213033
2202130332
2021303321
0213033211
2130332113
1303321133
3033211331
0332113313
3321133133
3211331333
2113313332
1133133320
1331333200
3313332002
3133320023
1333200230
3332002300
3320023003
3200230033
2002300333
0023003333
0230033333
2300333331
3003333311
0033333111
0333331113
3333311133
3333111333
3331113333
3311133332
3111333321
1113333213
1133332131
1333321311
3333213111
3332131113
3321311130
3213111303
2131113033
1311130332
3111303321
1113033213
1130332132
1303321320
3033213200
0332132001
3321320011
3213200110
2132001103
1320011030
3200110303
2001103030
0011030301
0110303013
1103030132
1030301321
0303013213
3030132133
0301321331
3013213310
0132133103
1321331030
3213310300
2133103000
1331030003
3310300030
3103000300
1030003003
0300030033
3000300333
0003003333
0030033332
0300333323
3003333233
0033332333
0333323332
3333233321
3332333213
3323332130
3233321300
2333213000
3332130002
3321300022
3213000220
2130002201
1300022012
3000220120
0002201202
0022012020
0220120200
2201202001
2012020012
0120200123
1202001230
2020012303
0200123033
2001230333
0012303333
0123033333
1230333331
2303333310
3033333103
0333331030
3333310300
3333103002
3331030021
3310300213
3103002131
1030021310
0300213103
3002131033
0021310330
0213103303
2131033031
1310330313
3103303133
1033031332
0330313322
3303133220
3031332201
0313322013
3133220132
1332201323
3322013233
3220132333
2201323330
2013233303
0132333030
1323330302
3233303021
2333030213
3330302132
3303021323
3030213233
0302132332
3021323322
0213233220
2132332202
1323322022
3233220222
2332202220
3322022201
3220222013
2202220130
2022201302
0222013022
2220130223
2201302231
2013022313
0130223133
1302231331
3022313311
0223133111
2231331113
2313311132
3133111322
1331113221
3311132211
3111322111
1113221111
1132211111
1322111111
3221111110
2211111102
2111111023
1111110232
1111102323
1111023232
1110232321
1102323210
1023232100
0232321002
2323210022
3232100222
2321002221
3210022210
2100222102
1002221022
0022210222
0222102222
2221022220
2210222202
2102222020
1022220201
0222202011
2222020113
2220201132
2202011320
2020113203
0201132033
2011320332
0113203323
1132033230
1320332301
3203323010
2033230100
0332301000
3323010002
3230100023
2301000230
3010002303
0100023032
1000230323
0002303233
0023032330
0230323303
2303233030
3032330303
0323303030
3233030300
2330303000
3303030003
3030300032
0303000323
3030003233
0300032332
3000323323
0003233230
0032332301
0323323013
3233230132
2332301323
3323013233
3230132330
2301323300
3013233003
0132330030
1323300301
3233003013
2330030132
3300301321
3003013210
0030132100
0301321000
3013210003
0132100030
1321000300
3210003000
2100030001
1000300013
0003000132
0030001320
