2123222031
1232220311
2322203113
3222031131
2220311313
2203113132
2031131320
0311313201
3113132010
1131320103
1313201031
3132010310
1320103102
3201031023
2010310233
0103102333
1031023330
0310233302
3102333020
1023330200
0233302002
2333020020
3330200202
3302002023
3020020231
0200202310
2002023101
0020231010
0202310102
2023101023
0231010231
2310102310
3101023103
1010231030
0102310303
1023103032
0231030322
2310303221
3103032210
1030322102
0303221021
3032210212
0322102123
3221021232
2210212323
2102123231
1021232312
0212323123
2123231233
1232312331
2323123312
3231233123
2312331231
3123312310
1233123102
2331231023
3312310233
3123102331
1231023312
2310233121
3102331210
1023312103
0233121030
2331210302
3312103022
3121030222
1210302222
2103022220
1030222200
0302222002
3022220022
0222200221
2222002213
2220022132
2200221321
2002213211
0022132110
0221321103
2213211033
2132110332
1321103322
3211033223
2110332233
1103322332
1033223322
0332233221
3322332213
3223322132
2233221320
2332213202
3322132022
3221320221
2213202212
2132022121
1320221210
3202212103
2022121032
0221210321
2212103212
2121032121
1210321212
2103212122
1032121222
0321212221
3212122210
2121222102
1212221023
2122210231
1222102312
2221023123
2210231231
2102312310
1023123101
0231231013
2312310132
3123101323
1231013232
2310132322
3101323221
1013232212
0132322121
1323221212
3232212120
2322121202
3221212023
2212120233
2121202332
1212023323
2120233232
1202332321
2023323210
0233232100
2332321000
3323210003
3232100032
2321000322
3210003220
2100032203
1000322033
0003220333
0032203332
0322033322
3220333221
2203332212
2033322123
0333221232
3332212323
3322123233
3221232332
2212323322
2123233220
1232332200
2323322002
3233220022
2332200220
3322002200
3220022002
2200220023
2002200233
0022002331
0220023312
2200233122
2002331223
0023312233
0233122333
2331223331
3312233311
3122333113
1223331131
2233311310
2333113102
3331131021
3311310212
3113102120
1131021200
1310212003
3102120032
1021200320
0212003200
2120032003
1200320033
2003200332
0032003323
0320033232
3200332323
2003323233
0033232333
0332323331
3323233310
3232333102
2323331022
3233310222
2333102220
3331022200
3310222000
3102220002
1022200022
0222000220
2220002201
2200022010
2000220100
0002201000
0022010002
0220100023
2201000230
2010002300
0100023000
1000230003
0002300033
0023000332
0230003320
2300033202
3000332021
0003320213
0033202132
0332021321
3320213213
3202132131
2021321312
0213213120
2132131202
1321312020
3213120200
2131202003
1312020032
3120200322
1202003220
2020032203
0200322030
2003220303
0032203033
0322030332
3220303320
2203033200
2030332002
0303320022
3033200222
0332002220
3320022203
3200222033
2002220331
0022203312
0222033123
2220331230
2203312300
2033123003
0331230032
3312300323
3123003230
1230032300
2300323003
3003230033
0032300333
0323003331
3230033313
2300333132
3003331323
0033313231
0333132310
3331323103
3313231032
3132310321
1323103210
3231032102
2310321020
3103210200
1032102002
0321020020
3210200200
2102002003
1020020031
0200200313
2002003132
0020031322
0200313220
2003132202
0031322023
0313220232
3132202321
1322023211
3220232111
2202321110
2023211100
0232111003
2321110031
3211100313
2111003132
1110031321
1100313213
1003132133
0031321330
0313213302
3132133020
1321330202
3213302021
2133020213
1330202132
3302021320
3020213203
0202132032
2021320320
0213203200
2132032002
1320320022
3203200220
2032002200
0320022001
3200220011
2002200110
0022001102
0220011023
2200110233
2001102332
0011023321
0110233210
1102332100
1023321001
0233210010
2332100100
3321001000
3210010000
2100100003
1001000032
0010000323
0100003232
1000032320
0000323203
0003232031
0032320310
0323203101
3232031010
2320310103
3203101030
2031010303
0310103033
3101030331
1010303313
0103033132
1030331321
0303313210
3033132100
0331321000
3313210003
3132100033
1321000333
3210003333
2100033332
1000333323
0003333230
0033332303
0333323032
3333230323
3332303233
3323032332
3230323321
2303233210
3032332100
0323321001
3233210013
2332100133
3321001331
3210013313
2100133131
1001331310
0013313102
0133131021
1331310210
3313102100
3131021000
1310210000
3102100000
1021000002
0210000020
2100000200
1000002002
0000020020
0000200200
0002002000
0020020002
0200200020
2002000200
0020002000
0200020000
2000200003
0002000032
0020000323
0200003233
2000032331
0000323311
0003233112
0032331123
0323311232
3233112321
2331123211
3311232111
3112321113
1123211133
1232111333
2321113332
3211133323
2111333232
1113332321
1133323210
1333232100
3332321002
3323210020
3232100201
2321002011
3210020112
2100201120
1002011200
0020112002
0201120023
2011200230
0112002300
1120023001
1200230011
2002300110
0023001102
0230011020
2300110200
3001102002
0011020022
0110200220
1102002202
1020022023
0200220231
2002202313
0022023133
0220231331
2202313310
2023133102
0231331022
2313310220
3133102202
1331022020
3310220202
3102202021
1022020211
0220202110
2202021101
2020211010
0202110102
2021101020
0211010203
2110102033
1101020331
1010203310
0102033100
1020331000
0203310001
2033100013
0331000132
3310001321
3100013213
1000132132
0001321322
0013213223
0132132233
1321322332
3213223320
2132233200
1322332002
3223320022
2233200222
2332002221
3320022213
3200222130
2002221301
0022213013
0222130130
2221301300
2213013000
2130130002
1301300020
3013000203
0130002030
1300020300
3000203003
0002030030
0020300300
0203003000
2030030000
0300300002
3003000021
0030000211
0300002113
3000021133
0000211333
0002113332
0021133320
0211333202
2113332021
1133320213
1333202133
3332021332
3320213320
3202133201
2021332013
0213320131
2133201313
1332013132
3320131322
3201313220
2013132203
0131322032
1313220321
3132203210
1322032100
3220321000
2203210003
2032100033
0321000333
3210003333
2100033333
1000333333
0003333331
0033333311
0333333110
3333331100
3333311002
3333110023
3331100231
3311002310
3110023100
1100231002
1002310020
0023100200
0231002000
2310020000
3100200001
1002000010
0020000101
0200001010
2000010102
0000101023
0001010231
0010102310
0101023102
1010231023
0102310232
1023102322
0231023222
2310232223
3102322233
1023222333
0232223332
2322233320
3222333202
2223332023
2233320231
2333202311
3332023110
3320231101
3202311010
2023110100
0231101003
2311010031
3110100310
1101003100
1010031002
0100310022
1003100220
0031002203
0310022032
3100220323
1002203232
0022032323
0220323233
2203232332
2032323320
0323233203
3232332033
2323320330
3233203300
2332033000
3320330002
3203300020
2033000200
0330002002
3300020020
3000200203
0002002031
0020020310
0200203102
2002031021
0020310211
0203102111
2031021112
0310211123
3102111230
1021112302
0211123023
2111230232
1112302321
1123023210
1230232103
2302321033
3023210332
0232103321
2321033210
3210332100
2103321000
1033210002
0332100022
3321000223
3210002233
2100022330
1000223301
0002233010
0022330102
0223301020
2233010200
2330102000
3301020001
3010200011
0102000112
1020001123
0200011230
2000112300
0001123000
0011230000
0112300000
1123000000
1230000002
2300000022
3000000222
0000002220
0000022203
0000222031
0002220313
0022203133
0222031332
2220313320
2203133200
2031332000
0313320000
3133200002
1332000023
3320000230
3200002300
2000023000
0000230000
0002300001
0023000010
0230000103
2300001033
3000010333
0000103332
0001033320
0010333200
0103332002
1033320023
0333200230
3332002300
3320023001
3200230013
2002300132
0023001322
0230013220
2300132200
3001322001
0013220013
0132200133
1322001333
3220013330
2200133301
2001333013
0013330132
0133301322
1333013220
3330132200
3301322003
3013220031
0132200311
1322003110
3220031100
2200311000
2003110001
0031100011
0311000111
3110001112
1100011120
1000111202
0001112022
0011120221
0111202210
1112022101
1120221010
1202210100
2022101003
0221010033
2210100333
2101003332
1010033321
0100333213
1003332130
0033321300
0333213000
3332130001
3321300013
3213000130
2130001302
1300013023
3000130233
0001302330
0013023301
0130233012
1302330120
3023301202
0233012020
2330120201
3301202013
3012020132
0120201320
1202013201
2020132013
0201320133
2013201331
0132013313
1320133133
3201331332
2013313321
0133133210
1331332102
3313321020
3133210201
1332102010
3321020102
3210201020
2102010200
1020102002
0201020020
2010200200
0102002002
1020020021
0200200210
2002002103
0020021030
0200210302
2002103022
0021030220
0210302200
2103022000
1030220002
0302200020
3022000202
0220002022
2200020221
2000202211
0002022113
0020221131
0202211310
2022113101
0221131011
2211310111
2113101110
1131011103
1310111033
3101110333
1011103333
0111033331
1110333312
1103333123
1033331233
0333312330
3333123300
3331233003
3312330033
3123300332
1233003323
2330033232
3300332323
3003323232
0033232321
0332323211
3323232111
3232321112
2323211120
3232111203
2321112033
3211120331
2111203313
1112033133
1120331331
1203313313
2033133132
0331331320
3313313200
3133132003
1331320032
3313200323
3132003231
1320032310
3200323103
2003231033
0032310333
0323103330
3231033303
2310333033
3103330330
1033303300
0333033000
3330330003
3303300030
3033000300
0330003003
3300030032
3000300320
0003003200
0030032000
0300320002
3003200023
0032000232
0320002322
3200023221
2000232213
0002322131
0023221310
0232213102
2322131022
3221310220
2213102200
2131022000
1310220003
3102200032
1022000320
0220003201
2200032011
2000320112
0003201121
0032011213
0320112131
3201121313
2011213131
0112131311
1121313110
1213131101
2131311013
1313110131
3131101313
1311013132
3110131323
1101313232
1013132320
0131323202
1313232020
3132320200
1323202000
3232020002
2320200020
3202000200
2020002002
0200020020
2000200201
0002002010
0020020101
0200201012
2002010121
0020101213
0201012132
2010121320
0101213200
1012132003
0121320031
1213200311
2132003110
1320031102
3200311020
2003110203
0031102030
0311020303
3110203032
1102030322
1020303220
0203032200
2030322002
0303220021
3032200210
0322002100
3220021003
2200210032
2002100322
0021003223
0210032232
2100322322
1003223222
0032232220
0322322203
3223222031
2232220310
2322203102
3222031020
2220310201
2203102011
2031020110
0310201100
3102011002
1020110021
0201100213
2011002132
0110021320
1100213200
1002132003
0021320032
0213200323
2132003232
1320032320
3200323200
2003232003
0032320033
0323200333
3232003333
2320033331
3200333313
2003333132
0033331320
0333313200
3333132000
3331320001
3313200011
3132000112
1320001121
3200011213
2000112132
0001121320
0011213200
0112132000
1121320002
1213200022
2132000220
1320002201
3200022010
2000220102
0002201022
0022010220
0220102200
2201022002
2010220021
0102200210
1022002100
0220021003
2200210033
2002100333
0021003330
0210033301
2100333011
1003330112
0033301122
0333011222
3330112222
3301122223
3011222231
0112222313
1122223132
1222231320
2222313203
2223132032
2231320322
2313203223
3132032231
1320322311
3203223113
2032231132
0322311322
3223113222
2231132223
2311322232
3113222321
1132223210
1322232103
3222321033
2223210330
2232103301
2321033013
3210330132
2103301320
1033013200
0330132000
3301320001
3013200010
0132000103
1320001031
3200010310
2000103102
0001031021
0010310210
0103102102
1031021020
0310210200
3102102000
1021020001
0210200011
2102000110
1020001100
0200011001
2000110012
0001100123
0011001231
0110012310
1100123100
1001231001
0012310010
0123100101
1231001011
2310010112
3100101121
1001011213
0010112132
0101121321
1011213213
0112132130
1121321300
1213213003
2132130033
1321300331
3213003313
2130033130
1300331300
3003313001
0033130010
0331300103
3313001033
3130010333
1300103330
3001033303
0010333032
0103330321
1033303210
0333032100
3330321002
3303210020
3032100202
0321002020
3210020200
2100202002
1002020021
0020200210
0202002102
2020021020
0200210202
2002102021
0021020210
0210202102
2102021023
1020210230
0202102301
2021023011
0210230113
2102301133
1023011330
0230113300
2301133003
3011330032
0113300320
1133003202
1330032021
3300320210
3003202103
0032021031
0320210313
3202103133
2021031333
0210313332
2103133321
1031333210
0313332102
3133321022
1333210223
3332102233
3321022331
3210223310
2102233100
1022331002
0223310021
2233100210
2331002100
3310021002
3100210020
1002100203
0021002030
0210020303
2100203031
1002030312
0020303121
0203031210
2030312102
0303121020
3031210201
0312102010
3121020102
1210201020
2102010202
1020102023
0201020232
2010202321
0102023210
1020232103
0202321031
2023210310
0232103100
2321031000
3210310002
2103100020
1031000200
0310002000
3100020003
1000200031
0002000310
0020003102
0200031021
2000310210
0003102103
0031021033
0310210332
3102103323
1021033232
0210332322
2103323221
1033232210
0332322100
3323221003
3232210032
2322100323
3221003233
2210032331
2100323311
1003233113
0032331133
0323311333
3233113333
2331133332
3311333323
3113333230
1133332301
1333323011
3333230110
3332301100
3323011000
3230110003
2301100031
3011000313
0110003132
1100031322
1000313220
0003132202
0031322020
0313220201
3132202011
1322020110
3220201100
2202011003
2020110033
0201100333
2011003333
0110033332
1100333320
1003333203
0033332032
0333320320
3333203200
3332032002
3320320020
3203200202
2032002022
0320020220
3200202200
2002022000
0020220001
0202200011
2022000110
0220001103
2200011030
2000110302
0001103020
0011030200
0110302000
1103020001
1030200013
0302000132
3020001320
0200013201
2000132013
0001320133
0013201333
0132013332
1320133320
3201333203
2013332030
0133320300
1333203001
3332030011
3320300110
3203001102
2030011023
0300110230
3001102303
0011023032
0110230320
1102303203
1023032032
0230320320
2303203201
3032032013
0320320131
3203201313
2032013130
0320131300
3201313001
2013130011
0131300111
1313001113
3130011131
1300111310
3001113102
0011131020
0111310200
1113102003
1131020030
1310200303
3102003033
1020030332
0200303320
2003033201
0030332011
0303320111
3033201113
0332011133
3320111333
3201113330
2011133303
0111333032
1113330321
1133303210
1333032100
3330321000
3303210002
3032100023
0321000233
3210002332
2100023321
1000233213
0002332130
0023321300
0233213000
2332130001
3321300013
3213000130
2130001300
1300013003
3000130032
0001300320
0013003202
0130032020
1300320201
3003202012
0032020122
0320201220
3202012202
2020122023
0201220230
2012202301
0122023010
1220230102
2202301020
2023010200
0230102000
2301020002
3010200022
0102000222
1020002223
0200022231
2000222310
0002223100
0022231003
0222310032
2223100320
2231003202
2310032023
3100320232
1003202322
0032023223
0320232233
3202322332
2023223321
0232233213
2322332130
3223321300
2233213000
2332130000
3321300000
3213000001
2130000010
1300000100
3000001000
0000010003
0000100032
0001000320
0010003202
0100032022
1000320220
0003202202
0032022023
0320220231
3202202310
2022023100
0220231002
2202310021
2023100210
0231002101
2310021013
3100210133
1002101333
0021013332
0210133323
2101333233
1013332330
0133323302
1333233021
3332330210
3323302102
3233021020
2330210202
3302102022
3021020220
0210202200
2102022002
1020220020
0202200203
2022002033
0220020331
2200203313
2002033133
0020331331
0203313311
2033133113
0331331133
3313311331
3133113310
1331133102
3311331023
3113310232
1133102323
1331023231
3310232313
3102323133
1023231331
0232313311
2323133111
3231331113
2313311133
3133111333
1331113332
3311133321
3111333210
1113332100
1133321000
1333210000
3332100003
3321000030
3210000300
2100003000
1000030002
0000300020
0003000202
0030002021
0300020211
3000202111
0002021113
0020211131
0202111313
2021113132
0211131320
2111313202
1113132020
1131320200
1313202000
3132020002
1320200022
3202000222
2020002223
0200022231
2000222313
0002223133
0022231332
0222313323
2223133233
2231332331
2313323311
3133233113
1332331131
3323311310
3233113100
2331131000
3311310003
3113100032
1131000320
1310003201
3100032013
1000320133
0003201332
0032013320
0320133203
3201332032
2013320321
0133203211
1332032113
3320321132
3203211323
2032113230
0321132301
3211323013
2113230131
1132301311
1323013110
3230131103
2301311030
3013110300
0131103000
1311030001
3110300010
1103000103
1030001032
0300010321
3000103210
0001032102
0010321020
0103210202
1032102021
0321020210
3210202102
2102021022
1020210222
0202102223
2021022230
0210222301
2102223010
1022230103
0222301031
2223010310
2230103102
2301031022
3010310221
0103102210
1031022102
0310221023
3102210232
1022102323
0221023233
2210232333
2102323333
1023233333
0232333332
2323333320
3233333201
2333332010
3333320100
3333201000
3332010001
3320100010
3201000100
2010001002
0100010021
1000100210
0001002102
0010021023
0100210231
1002102312
0021023122
0210231221
2102312212
1023122123
0231221233
2312212330
3122123300
1221233002
2212330022
2123300220
1233002201
2330022010
3300220100
3002201000
0022010000
0220100003
2201000030
2010000303
0100003033
1000030331
0000303313
0003033132
0030331321
0303313210
3033132100
0331321000
3313210002
3132100023
1321000231
3210002313
2100023130
1000231303
0002313030
0023130300
0231303002
2313030020
3130300202
1303002020
3030020201
0300202010
3002020102
0020201021
0202010210
2020102100
0201021000
2010210000
0102100000
1021000003
0210000031
2100000313
1000003133
0000031333
0000313332
0003133321
0031333211
0313332113
3133321131
1333211311
3332113113
3321131130
3211311300
2113113003
1131130030
1311300300
3113003003
1130030030
1300300303
3003003030
0030030300
0300303001
3003030011
0030300113
0303001132
3030011321
0300113212
3001132123
0011321233
0113212332
1132123323
1321233233
3212332332
2123323320
1233233202
2332332022
3323320223
3233202231
2332022311
3320223110
3202231103
2022311031
0223110312
2231103123
2311031232
3110312320
1103123203
1031232030
0312320302
3123203023
1232030233
2320302331
3203023313
2030233133
0302331333
3023313333
0233133332
2331333322
3313333222
3133332220
1333322201
3333222013
3332220132
3322201322
3222013223
2220132230
2201322301
2013223010
0132230102
1322301020
3223010200
2230102000
2301020000
3010200003
0102000030
1020000300
0200003002
2000030020
0000300201
0003002010
0030020103
0300201033
3002010332
0020103320
0201033202
2010332020
0103320200
1033202003
0332020032
3320200322
3202003220
2020032203
0200322031
2003220310
0032203102
0322031023
3220310233
2203102330
2031023300
0310233003
3102330032
1023300323
0233003232
2330032321
3300323210
3003232100
0032321000
0323210000
3232100002
2321000022
3210000220
2100002200
1000022000
0000220000
0002200003
0022000033
0220000332
2200003321
2000033211
0000332111
0003321110
0033211103
0332111032
3321110322
3211103223
2111032231
1110322313
1103223130
1032231300
0322313000
3223130003
2231300031
2313000311
3130003113
1300031132
3000311320
0003113200
0031132000
0311320000
3113200001
1132000011
1320000113
3200001130
2000011302
0000113021
0001130213
0011302130
0113021303
1130213033
1302130330
3021303301
0213033010
2130330100
1303301000
3033010003
0330100032
3301000322
3010003220
0100032200
1000322002
0003220021
0032200210
0322002103
3220021033
2200210330
2002103300
0021033001
0210330010
2103300103
1033001033
0330010333
3300103330
3001033303
0010333031
0103330311
1033303111
0333031112
3330311120
3303111203
3031112032
0311120320
3111203201
1112032013
1120320132
1203201323
2032013230
0320132303
3201323030
2013230303
0132303031
1323030313
3230303132
2303031320
3030313202
0303132022
3031320221
0313202210
3132022102
1320221020
3202210203
2022102032
0221020323
2210203230
2102032302
1020323020
0203230202
2032302021
0323020210
3230202100
2302021002
3020210020
0202100203
2021002032
0210020321
2100203211
1002032111
0020321110
0203211100
2032111003
0321110031
3211100310
2111003100
1110031000
1100310002
1003100022
0031000221
0310002213
3100022133
1000221332
0002213321
0022133213
0221332131
2213321313
2133213132
1332131320
3321313200
3213132003
2131320033
1313200330
3132003302
1320033021
3200330213
2003302132
0033021320
0330213203
3302132032
3021320321
0213203212
2132032122
1320321220
3203212203
2032122031
0321220310
3212203102
2122031023
1220310231
2203102313
2031023132
0310231320
3102313202
1023132023
0231320233
2313202332
3132023322
1320233223
3202332233
2023322331
0233223310
2332233103
3322331033
3223310332
2233103321
2331033210
3310332101
3103321010
1033210103
0332101030
3321010303
3210103030
2101030301
1010303010
0103030102
1030301023
0303010230
3030102302
0301023020
3010230203
0102302032
1023020322
0230203220
2302032200
3020322000
0203220001
2032200010
0322000101
3220001013
2200010131
2000101311
0001013110
0010131100
0101311000
1013110000
0131100000
1311000000
3110000000
1100000001
1000000012
0000000121
0000001213
0000012132
0000121323
0001213232
0012132323
0121323230
1213232302
2132323020
1323230202
3232302023
2323020231
3230202313
2302023133
3020231333
0202313332
2023133322
0231333221
2313332210
3133322100
1333221000
3332210003
3322100032
3221000321
2210003210
2100032101
1000321013
0003210133
0032101332
0321013320
3210133200
2101332000
1013320001
0133200011
1332000110
3320001102
3200011020
2000110202
0001102020
0011020200
0110202002
1102020020
1020200202
0202002021
2020020210
0200202100
2002021000
0020210000
0202100000
2021000000
0210000000
2100000000
1000000003
0000000033
0000000332
0000003323
0000033231
0000332313
0003323133
0033231332
0332313323
3323133232
3231332320
2313323200
3133232000
1332320002
3323200020
3232000200
2320002002
3200020021
2000200211
0002002110
0020021100
0200211000
2002110000
0021100000
0211000000
2110000000
1100000000
1000000000
0000000000
0000000000
0000000003
0000000032
0000000321
0000003213
0000032132
0000321323
0003213230
0032132301
0321323010
3213230103
2132301032
1323010322
3230103222
2301032221
3010322210
0103222102
1032221023
0322210231
3222102311
2221023110
2210231102
2102311023
1023110231
0231102313
2311023132
3110231323
1102313230
1023132302
0231323021
2313230213
3132302133
1323021331
3230213310
2302133102
3021331020
0213310200
2133102001
1331020011
3310200113
3102001132
1020011320
0200113200
2001132000
0011320001
0113200010
1132000101
1320001012
3200010121
2000101213
0001012133
0010121330
0101213301
1012133013
0121330132
1213301321
2133013210
1330132100
3301321000
3013210002
0132100023
1321000233
3210002331
2100023313
1000233133
0002331332
0023313323
0233133232
2331332322
3313323222
3133232221
1332322210
3323222101
3232221013
2322210133
3222101332
2221013322
2210133220
2101332203
1013322031
0133220313
1332203130
3322031301
3220313013
2203130133
2031301333
0313013333
3130133330
1301333302
3013333023
0133330230
1333302300
3333023002
3330230023
3302300233
3023002331
0230023313
2300233131
3002331310
0023313100
0233131000
2331310002
3313100023
3131000230
1310002303
3100023033
1000230332
0002303320
0023033203
0230332032
2303320320
3033203203
0332032031
3320320311
3203203111
2032031110
0320311100
3203111000
2031110000
0311100000
3111000003
1110000032
1100000323
1000003230
0000032300
0000323003
0003230033
0032300330
0323003300
3230033001
2300330011
3003300110
0033001102
0330011022
3300110223
3001102230
0011022300
0110223002
1102230022
1022300220
0223002202
2230022022
2300220220
3002202202
0022022021
0220220210
2202202102
2022021020
0220210200
2202102002
2021020022
0210200221
2102002213
1020022133
0200221331
2002213310
0022133102
0221331020
2213310203
2133102032
1331020323
3310203233
3102032332
1020323321
0203233211
2032332110
0323321102
3233211022
2332110220
3321102201
3211022013
2110220132
1102201323
1022013233
0220132332
2201323322
2013233220
0132332200
1323322000
3233220000
2332200000
3322000002
3220000021
2200000210
2000002100
0000021003
0000210033
0002100333
0021003331
0210033313
2100333130
1003331300
0033313003
0333130032
3331300321
3313003210
3130032102
1300321022
3003210223
0032102233
0321022333
3210223333
2102233332
1022333320
0223333202
2233332021
2333320211
3333202113
3332021130
3320211300
3202113000
2021130000
0211300003
2113000033
1130000330
1300003300
3000033002
0000330020
0003300200
0033002003
0330020032
3300200321
3002003212
0020032120
0200321200
2003212003
0032120031
0321200310
3212003100
2120031001
1200310010
2003100102
0031001021
0310010210
3100102102
1001021020
0010210200
0102102003
1021020032
0210200322
2102003223
1020032230
0200322303
2003223033
0032230331
0322303310
3223033102
2230331020
2303310202
3033102023
0331020233
3310202331
3102023310
1020233100
0202331000
2023310000
0233100003
2331000033
3310000333
3100003330
1000033300
0000333002
0003330022
0033300223
0333002232
3330022320
3300223200
3002232002
0022320022
0223200220
2232002200
2320022000
3200220000
2002200000
0022000000
0220000000
2200000003
2000000031
0000000311
0000003110
0000031100
0000311003
0003110032
0031100323
0311003231
3110032313
1100323132
1003231320
0032313203
0323132030
3231320301
2313203010
3132030102
1320301023
3203010233
2030102331
0301023311
3010233111
0102331113
1023311131
0233111313
2331113131
3311131310
3111313100
1113131000
1131310003
1313100032
3131000320
1310003200
3100032000
1000320000
0003200000
0032000002
0320000020
3200000200
2000002000
0000020002
0000200020
0002000201
0020002010
0200020103
2000201032
0002010323
0020103233
0201032333
2010323333
0103233332
1032333323
0323333231
3233332313
2333323132
3333231321
3332313211
3323132113
3231321133
2313211333
3132113333
1321133330
3211333301
2113333013
1133330133
1333301331
3333013310
3330133102
3301331020
3013310203
0133102032
1331020320
3310203203
3102032030
1020320301
0203203013
2032030132
0320301320
3203013201
2030132010
0301320101
3013201011
0132010113
1320101131
3201011310
2010113100
0101131003
1011310032
0113100320
1131003200
1310032003
3100320032
1003200320
0032003201
0320032012
3200320122
2003201220
0032012203
0320122031
3201220310
2012203102
0122031020
1220310202
2203102022
2031020220
0310202200
3102022002
1020220022
0202200222
2022002222
0220022223
2200222233
2002222331
0022223311
0222233111
2222331110
2223311103
2233111032
2331110320
3311103202
3111032020
1110320200
1103202000
1032020000
0320200002
3202000022
2020000221
0200002210
2000022102
0000221023
0002210230
0022102301
0221023011
2210230111
2102301112
1023011122
0230111220
2301112200
3011122003
0111220031
1112200310
1122003103
1220031032
2200310320
2003103203
0031032030
0310320300
3103203000
1032030002
0320300023
3203000231
2030002311
0300023110
3000231103
0002311033
0023110332
0231103323
2311033230
3110332300
1103323003
1033230032
0332300320
3323003203
3230032032
2300320322
3003203220
0032032202
0320322020
3203220203
2032202033
0322020332
3220203323
2202033232
2020332320
0203323201
2033232010
0332320101
3323201011
3232010113
2320101133
3201011332
2010113321
0101133213
1011332131
0113321313
1133213132
1332131323
3321313232
3213132323
2131323233
1313232330
3132323301
1323233010
3232330102
2323301020
3233010202
2330102020
3301020202
3010202023
0102020232
1020202320
0202023203
2020232032
0202320323
2023203231
0232032311
2320323110
3203231100
2032311001
0323110011
3231100110
2311001100
3110011000
1100110003
1001100032
0011000320
0110003201
1100032010
1000320100
0003201002
0032010022
0320100220
3201002200
2010022000
0100220001
1002200011
0022000112
0220001120
2200011200
2000112002
0001120020
0011200200
0112002003
1120020031
1200200313
2002003132
0020031320
0200313200
2003132001
0031320013
0313200132
3132001322
1320013220
3200132200
2001322000
0013220001
0132200011
1322000111
3220001110
2200011100
2000111001
0001110010
0011100100
0111001000
1110010003
1100100033
1001000332
0010003323
0100033233
1000332330
0003323300
0033233000
0332330000
3323300003
3233000032
2330000323
3300003233
3000032333
0000323330
0003233300
0032333000
0323330000
3233300001
2333000013
3330000133
3300001331
3000013313
0000133130
0001331300
0013313002
0133130021
1331300212
3313002122
3130021220
1300212201
3002122010
0021220103
0212201031
2122010311
1220103113
2201031133
2010311331
0103113310
1031133103
0311331030
3113310303
1133103033
1331030330
3310303302
3103033020
1030330201
0303302013
3033020131
0330201311
3302013110
3020131102
0201311022
2013110222
0131102221
1311022210
3110222102
1102221021
1022210210
0222102102
2221021020
2210210200
2102102002
1021020021
0210200213
2102002132
1020021323
0200213230
2002132302
0021323021
0213230210
2132302102
1323021020
3230210200
2302102002
3021020023
0210200231
2102002310
1020023101
0200231013
2002310131
0023101313
0231013130
2310131303
3101313031
1013130311
0131303113
1313031131
3130311310
1303113102
3031131020
0311310203
3113102030
1131020303
1310203031
3102030311
1020303113
0203031130
2030311301
0303113010
3031130102
0311301022
3113010223
1130102231
1301022310
3010223100
0102231000
1022310002
0223100021
2231000213
2310002133
3100021331
1000213311
0002133113
0021331130
0213311303
2133113032
1331130320
3311303203
3113032032
1130320323
1303203233
3032032332
0320323320
3203233200
2032332003
0323320030
3233200301
2332003010
3320030102
3200301022
2003010222
0030102220
0301022203
3010222032
0102220323
1022203232
0222032323
2220323231
2203232311
2032323113
0323231131
3232311310
2323113103
3231131033
2311310330
3113103302
1131033022
1310330223
3103302233
1033022331
0330223310
3302233102
3022331021
0223310210
2233102100
2331021000
3310210000
3102100002
1021000020
0210000200
2100002001
1000020010
0000200100
0002001000
0020010002
0200100021
2001000210
0010002102
0100021023
1000210232
0002102321
0021023210
0210232103
2102321033
1023210332
0232103320
2321033201
3210332012
2103320120
1033201200
0332012001
3320120012
3201200120
2012001200
0120012000
1200120002
2001200023
0012000230
0120002302
1200023023
2000230231
0002302311
0023023113
0230231130
2302311302
3023113023
0231130230
2311302302
3113023023
1130230232
1302302320
3023023202
0230232021
2302320211
3023202113
0232021130
2320211300
3202113000
2021130000
0211300000
2113000000
1130000000
1300000002
3000000021
0000000210
0000002102
0000021021
0000210213
0002102131
0021021310
0210213103
2102131033
1021310330
0213103301
2131033011
1310330111
3103301113
1033011132
0330111322
3301113221
3011132210
0111322101
1113221010
1132210100
1322101002
3221010020
2210100200
2101002000
1010020000
0100200002
1002000022
0020000220
0200002200
2000022002
0000220021
0002200210
0022002100
0220021001
2200210010
2002100100
0021001002
0210010021
2100100213
1001002130
0010021300
0100213000
1002130003
0021300031
0213000310
2130003100
1300031000
3000310000
0003100001
0031000010
0310000103
3100001032
1000010322
0000103221
0001032210
0010322100
0103221000
1032210000
0322100003
3221000032
2210000323
2100003232
1000032321
0000323210
0003232102
0032321020
0323210200
3232102002
2321020023
3210200230
2102002302
1020023022
0200230220
2002302202
0023022020
0230220202
2302202020
3022020202
0220202020
2202020200
2020202001
0202020010
2020200102
0202001023
2020010230
0200102300
2001023000
0010230001
0102300011
1023000110
0230001100
2300011001
3000110010
0001100102
0011001020
0110010203
1100102030
1001020300
0010203003
0102030031
1020300312
0203003123
2030031232
0300312321
3003123211
0031232110
0312321100
3123211000
1232110000
2321100002
3211000021
2110000211
1100002111
1000021111
0000211110
0002111103
0021111030
0211110300
2111103003
1111030030
1110300300
1103003000
1030030003
0300300030
3003000303
0030003032
0300030320
3000303202
0003032023
0030320231
0303202310
3032023103
0320231033
3202310331
2023103313
0231033133
2310331331
3103313310
1033133100
0331331000
3313310003
3133100030
1331000301
3310003013
3100030130
1000301303
0003013033
0030130332
0301303322
3013033221
0130332211
1303322110
3033221102
0332211021
3322110211
3221102110
2211021102
2110211021
1102110213
1021102132
0211021320
2110213203
1102132033
1021320333
0213203330
2132033300
1320333000
3203330001
2033300010
0333000102
3330001021
3300010211
3000102111
0001021111
0010211110
0102111103
1021111031
0211110311
2111103110
1111031101
1110311012
1103110122
1031101222
0311012222
3110122222
1101222221
1012222210
0122222101
1222221013
2222210132
2222101322
2221013223
2210132230
2101322302
1013223021
0132230210
1322302103
3223021030
2230210303
2302103030
3021030303
0210303030
2103030300
1030303000
0303030001
3030300010
0303000100
3030001002
0300010023
3000100230
0001002300
0010023003
0100230031
1002300310
0023003100
0230031001
2300310011
3003100110
0031001103
0310011033
3100110332
1001103323
0011033231
0110332311
1103323113
1033231130
0332311301
3323113010
3231130100
2311301002
3113010022
1130100221
1301002211
3010022111
0100221110
1002211100
0022111001
0221110010
2211100103
2111001033
1110010332
1100103320
1001033203
0010332032
0103320322
1033203220
0332032202
3320322020
3203220200
2032202003
0322020030
3220200303
2202003030
2020030303
0200303030
2003030300
0030303000
0303030001
3030300012
0303000121
3030001210
0300012103
3000121031
0001210311
0012103112
0121031121
1210311213
2103112130
1031121300
0311213003
3112130032
1121300322
1213003223
2130032230
1300322302
3003223021
0032230211
0322302110
3223021100
2230211000
2302110002
3021100023
0211000233
2110002331
1100023310
1000233102
0002331023
0023310232
0233102320
2331023201
3310232010
3102320102
1023201020
0232010203
2320102030
3201020300
2010203000
0102030003
1020300031
0203000311
2030003111
0300031111
3000311110
0003111102
0031111021
0311110210
3111102101
1111021010
1110210103
1102101033
1021010333
0210103333
2101033330
1010333300
0103333003
1033330030
0333300303
3333003031
3330030310
3300303100
3003031003
0030310030
0303100301
3031003011
0310030110
3100301100
1003011001
0030110013
0301100133
3011001331
0110013310
1100133103
1001331033
0013310333
0133103332
1331033323
3310333232
3103332320
1033323203
0333232032
3332320323
3323203231
3232032310
2320323100
3203231003
2032310033
0323100331
3231003313
2310033132
3100331321
1003313211
0033132110
0331321101
3313211013
3132110131
1321101311
3211013113
2110131132
1101311320
1013113203
0131132032
1311320322
3113203220
1132032203
1320322033
3203220332
2032203323
0322033233
3220332332
2203323321
2033233210
0332332101
3323321013
3233210131
2332101311
3321013110
3210131103
2101311032
1013110322
0131103220
1311032203
3110322030
1103220300
1032203001
0322030012
3220300121
2203001213
2030012132
0300121320
3001213200
0012132002
0121320022
1213200220
2132002200
1320022000
3200220001
2002200013
0022000131
0220001310
2200013100
2000131002
0001310021
0013100211
0131002113
1310021133
3100211332
1002113322
0021133223
0211332232
2113322320
1133223203
1332232030
3322320301
3223203010
2232030100
2320301001
3203010013
2030100132
0301001323
3010013233
0100132331
1001323310
0013233103
0132331032
1323310320
3233103203
2331032032
3310320320
3103203200
1032032002
0320320022
3203200221
2032002210
0320022100
3200221000
2002210000
0022100000
0221000003
2210000032
2100000321
1000003210
0000032102
0000321021
0003210210
0032102101
0321021010
3210210103
2102101031
1021010311
0210103113
2101031132
1010311320
0103113202
1031132020
0311320202
3113202023
1132020233
1320202333
3202023333
2020233331
0202333313
2023333131
0233331311
2333313111
3333131111
3331311113
3313111131
3131111312
1311113123
3111131231
1111312313
1113123132
1131231323
1312313231
3123132311
1231323110
2313231103
3132311030
1323110302
3231103020
2311030203
3110302031
1103020310
1030203102
0302031023
3020310233
0203102332
2031023322
0310233222
3102332223
1023322233
0233222330
2332223300
3322233001
3222330013
2223300132
2233001322
2330013222
3300132222
3001322220
0013222200
0132222000
1322220000
3222200000
2222000000
2220000000
2200000000
2000000003
0000000032
0000000321
0000003210
0000032103
0000321030
0003210301
0032103011
0321030110
3210301100
2103011000
1030110002
0301100022
3011000223
0110002232
1100022321
1000223210
0002232100
0022321003
0223210031
2232100310
2321003103
3210031031
2100310310
1003103102
0031031020
0310310202
3103102022
1031020220
0310202200
3102022002
1020220022
0202200222
2022002223
0220022231
2200222310
2002223100
0022231002
0222310023
2223100232
2231002322
2310023223
3100232232
1002322320
0023223203
0232232032
2322320320
3223203201
2232032013
2320320133
3203201332
2032013321
0320133213
3201332133
2013321332
0133213322
1332133223
3321332233
3213322331
2133223313
1332233131
3322331310
3223313102
2233131022
2331310222
3313102223
3131022231
1310222313
3102223132
1022231323
0222313233
2223132333
2231323333
2313233332
3132333323
1323333231
3233332310
2333323100
3333231000
3332310000
3323100002
3231000023
2310000231
3100002310
1000023100
0000231000
0002310002
0023100023
0231000232
2310002321
3100023212
1000232123
0002321230
0023212303
0232123031
2321230311
3212303113
2123031131
1230311313
2303113132
3031131322
0311313223
3113132232
1131322321
1313223211
3132232110
1322321101
3223211010
2232110102
2321101020
3211010203
2110102031
1101020310
1010203102
0102031020
1020310200
0203102000
2031020000
0310200000
3102000003
1020000033
0200000331
2000003313
0000033130
0000331300
0003313002
0033130020
0331300200
3313002003
3130020031
1300200311
3002003110
0020031102
0200311022
2003110221
0031102210
0311022100
3110221003
1102210032
1022100321
0221003213
2210032131
2100321310
1003213102
0032131021
0321310212
3213102122
2131021220
1310212202
3102122022
1021220220
0212202200
2122022001
1220220013
2202200133
2022001332
0220013321
2200133211
2001332110
0013321102
0133211020
1332110203
3321102033
3211020333
2110203331
1102033310
1020333102
0203331023
2033310232
0333102322
3331023221
3310232210
3102322102
1023221021
0232210210
2322102102
3221021021
2210210210
2102102100
1021021003
0210210030
2102100302
1021003023
0210030232
2100302322
1003023221
0030232210
0302322100
3023221000
0232210003
2322100030
3221000301
2210003010
2100030100
1000301003
0003010033
0030100331
0301003310
3010033101
0100331012
1003310122
0033101222
0331012220
3310122200
3101222000
1012220003
0122200032
1222000323
2220003233
2200032330
2000323303
0003233032
0032330321
0323303210
3233032100
2330321002
3303210022
3032100221
0321002213
3210022132
2100221323
1002213233
0022132333
0221323333
2213233331
2132333311
1323333111
3233331113
2333311133
3333111331
3331113313
3311133131
3111331313
1113313132
1133131320
1331313202
3313132021
3131320211
1313202110
3132021100
1320211002
3202110020
2021100200
0211002003
2110020031
1100200313
1002003131
0020031310
0200313102
2003131023
0031310232
0313102323
3131023233
1310232331
3102323312
1023233122
0232331223
2323312232
3233122320
2331223202
3312232021
3122320213
1223202133
2232021332
2320213323
3202133233
2021332331
0213323313
2133233131
1332331311
3323313113
3233131131
2331311313
3313113131
3131131313
1311313132
3113131323
1131313231
1313132310
3131323100
1313231000
3132310003
1323100030
3231000303
2310003032
3100030323
1000303231
0003032313
0030323131
0303231310
3032313102
0323131021
3231310210
2313102102
3131021023
1310210231
3102102313
1021023132
0210231321
2102313210
1023132100
0231321000
2313210001
3132100012
1321000120
3210001200
2100012002
1000120020
0001200201
0012002011
0120020110
1200201101
2002011010
0020110100
0201101002
2011010021
0110100213
1101002131
1010021311
0100213110
1002131102
0021311022
0213110222
2131102223
1311022232
3110222322
1102223223
1022232232
0222322322
2223223223
2232232231
2322322313
3223223130
2232231302
2322313022
3223130221
2231302210
2313022102
3130221023
1302210231
3022102311
0221023110
2210231100
2102311002
1023110023
0231100230
2311002302
3110023020
1100230200
1002302001
0023020013
0230200132
2302001320
3020013200
0200132002
2001320020
0013200202
0132002020
1320020201
3200202010
2002020100
0020201001
0202010011
2020100110
0201001103
2010011031
0100110310
1001103102
0011031023
0110310230
1103102302
1031023023
0310230232
3102302320
1023023203
0230232032
2302320320
3023203200
0232032002
2320320020
3203200202
2032002020
0320020201
3200202010
2002020101
0020201013
0202010132
2020101320
0201013201
2010132013
0101320132
1013201321
0132013213
1320132132
3201321321
2013213211
0132132111
1321321111
3213211113
2132111131
1321111310
3211113102
2111131022
1111310220
1113102201
1131022011
1310220110
3102201101
1022011010
0220110100
2201101003
2011010031
0110100310
1101003102
1010031020
0100310200
1003102003
0031020031
0310200311
3102003113
1020031132
0200311320
2003113201
0031132010
0311320103
3113201030
1132010302
1320103021
3201030213
2010302132
0103021320
1030213200
0302132002
3021320021
0213200210
2132002103
1320021031
3200210310
2002103102
0021031020
0210310200
2103102003
1031020032
0310200323
3102003232
1020032320
0200323202
2003232020
0032320202
0323202023
3232020232
2320202320
3202023200
2020232002
0202320021
2023200210
0232002100
2320021002
3200210023
2002100231
0021002310
0210023103
2100231030
1002310301
0023103010
0231030102
2310301022
3103010220
1030102202
0301022020
3010220203
0102202033
1022020331
0220203311
2202033113
2020331131
0203311313
2033113133
0331131333
3311313330
3113133303
1131333033
1313330332
3133303323
1333033231
3330332311
3303323113
3033231131
0332311311
3323113111
3231131110
2311311102
3113111022
1131110220
1311102203
3111022032
1110220320
1102203202
1022032021
0220320213
2203202131
2032021311
0320213113
3202131132
2021311320
0213113200
2131132001
1311320010
3113200101
1132001011
1320010111
3200101110
2001011102
0010111021
0101110210
1011102102
0111021021
1110210212
1102102122
1021021222
0210212220
2102122203
1021222033
0212220330
2122203301
1222033010
2220330103
2203301032
2033010320
0330103200
3301032002
3010320022
0103200220
1032002201
0320022010
3200220102
2002201021
0022010213
0220102133
2201021330
2010213300
0102133000
1021330002
0213300020
2133000200
1330002000
3300020001
3000200013
0002000132
0020001321
0200013210
2000132102
0001321021
0013210210
0132102100
1321021002
3210210020
2102100200
1021002000
0210020003
2100200032
1002000322
0020003221
0200032213
2000322132
0003221321
0032213213
0322132133
3221321333
2213213332
2132133322
1321333220
3213332200
2133322002
1333220021
3332200210
3322002102
3220021023
2200210230
2002102301
0021023013
0210230132
2102301322
1023013220
0230132202
2301322021
3013220210
0132202102
1322021021
3220210210
2202102103
2021021032
0210210322
2102103222
1021032220
0210322201
2103222011
1032220111
0322201110
3222011102
2220111020
2201110200
2011102001
0111020011
1110200113
1102001133
1020011333
0200113331
2001133310
0011333102
0113331021
1133310210
1333102102
3331021022
3310210222
3102102220
1021022201
0210222010
2102220102
1022201021
0222010210
2220102103
2201021032
2010210321
0102103210
1021032103
0210321031
2103210311
1032103111
0321031113
3210311133
2103111331
1031113310
0311133102
3111331021
1113310213
1133102132
1331021320
3310213200
3102132001
1021320010
0213200103
2132001032
1320010323
3200103231
2001032310
0010323101
0103231010
1032310103
0323101030
3231010303
2310103030
3101030302
1010303022
0103030221
1030302210
0303022102
3030221022
0302210220
3022102202
0221022022
2210220220
2102202202
1022022022
0220220221
2202202213
2022022132
0220221323
2202213230
2022132302
0221323020
2213230200
2132302000
1323020000
3230200000
2302000002
3020000020
0200000200
2000002000
0000020003
0000200030
0002000302
0020003021
0200030213
2000302131
0003021310
0030213100
0302131002
3021310022
0213100220
2131002202
1310022020
3100220203
1002202030
0022020300
0220203001
2202030013
2020300131
0203001310
2030013100
0300131003
3001310033
0013100332
0131003323
1310033230
3100332301
1003323012
0033230120
0332301200
3323012001
3230120013
2301200131
3012001311
0120013113
1200131131
2001311311
0013113110
0131131100
1311311000
3113110002
1131100021
1311000211
3110002113
1100021132
1000211320
0002113203
0021132032
0211320321
2113203210
1132032100
1320321000
3203210003
2032100032
0321000322
3210003222
2100032223
1000322231
0003222310
0032223102
0322231021
3222310213
2223102133
2231021333
2310213332
3102133320
1021333203
0213332030
2133320302
1333203022
3332030222
3320302221
3203022210
2030222102
0302221020
3022210202
0222102021
2221020210
2210202101
2102021012
1020210122
0202101220
2021012201
0210122010
2101220100
1012201003
0122010032
1220100322
2201003221
2010032213
0100322133
1003221332
0032213321
0322133210
3221332102
2213321020
2133210202
1332102021
3321020210
3210202102
2102021022
1020210220
0202102200
2021022003
0210220030
2102200302
1022003022
0220030223
2200302231
2003022310
0030223100
0302231003
3022310032
0223100323
2231003231
2310032313
3100323131
1003231311
0032313110
0323131102
3231311021
2313110211
3131102111
1311021111
3110211110
1102111101
1021111011
0211110110
2111101101
1111011010
1110110103
1101101033
1011010333
0110103333
1101033331
1010333313
0103333133
1033331333
0333313331
3333133311
3331333111
3313331110
3133311102
1333111020
3331110201
3311102011
3111020110
1110201102
1102011020
1020110202
0201102021
2011020213
0110202132
1102021320
1020213202
0202132020
2021320200
0213202002
2132020020
1320200200
3202002003
2020020030
0200200301
2002003013
0020030131
0200301310
2003013100
0030131002
0301310020
3013100200
0131002000
1310020002
3100200020
1002000202
0020002023
0200020230
2000202302
0002023022
0020230221
0202302211
2023022111
0230221110
2302211102
3022111021
0221110210
2211102100
2111021003
1110210032
1102100322
1021003222
0210032221
2100322210
1003222103
0032221030
0322210303
3222103031
2221030312
2210303120
2103031200
1030312000
0303120002
3031200023
0312000231
3120002313
1200023133
2000231332
0002313320
0023133200
0231332000
2313320000
3133200000
1332000000
3320000003
3200000031
2000000313
0000003133
0000031333
0000313332
0003133322
0031333223
0313332233
3133322330
1333223301
3332233010
3322330102
3223301020
2233010202
2330102021
3301020210
3010202103
0102021030
1020210300
0202103000
2021030001
0210300013
2103000132
1030001322
0300013220
3000132200
0001322002
0013220023
0132200231
1322002310
3220023102
2200231020
2002310201
0023102011
0231020113
2310201132
3102011320
1020113203
0201132031
2011320313
0113203133
1132031332
1320313320
3203133202
2031332020
0313320201
3133202010
1332020102
3320201021
3202010210
2020102100
0201021000
2010210003
0102100032
1021000323
0210003233
2100032330
1000323303
0003233032
0032330321
0323303211
3233032110
2330321102
3303211021
3032110211
0321102110
3211021100
2110211001
1102110011
1021100111
0211001110
2110011100
1100111003
1001110032
0011100322
0111003220
1110032203
1100322032
1003220321
0032203213
0322032130
3220321300
2203213000
2032130002
0321300020
3213000200
2130002003
1300020031
3000200313
0002003133
0020031331
0200313310
2003133102
0031331022
0313310222
3133102221
1331022210
3310222100
3102221000
1022210002
0222100021
2221000210
2210002102
2100021023
1000210232
0002102320
0021023200
0210232000
2102320000
1023200001
0232000010
2320000100
3200001002
2000010020
0000100202
0001002023
0010020232
0100202320
1002023202
0020232020
0202320200
2023202001
0232020011
2320200111
3202001113
2020011130
0200111303
2001113031
0011130313
0111303133
1113031332
1130313321
1303133212
3031332121
0313321210
3133212100
1332121003
3321210030
3212100300
2121003000
1210030003
2100300032
1003000323
0030003233
0300032331
3000323311
0003233110
0032331101
0323311010
3233110103
2331101031
3311010313
3110103131
1101031310
1010313101
0103131011
1031310110
0313101100
3131011002
1310110022
3101100221
1011002213
0110022133
1100221330
1002213303
0022133033
0221330333
2213303333
2133033331
1330333313
3303333133
3033331330
0333313303
3333133033
3331330331
3313303313
3133033130
1330331303
3303313032
3033130322
0331303220
3313032200
3130322002
1303220020
3032200202
0322002022
3220020221
2200202210
2002022102
0020221023
0202210231
2022102313
0221023131
2210231313
2102313131
1023131311
0231313110
2313131101
3131311010
1313110101
3131101010
1311010100
3110101001
1101010011
1010100111
0101001110
1010011100
0100111000
1001110000
0011100001
0111000010
1110000100
1100001000
1000010002
0000100021
0001000210
0010002102
0100021022
1000210222
0002102221
0021022210
0210222102
2102221020
1022210202
0222102023
2221020233
2210202333
2102023332
1020233322
0202333221
2023332210
0233322103
2333221033
3332210332
3322103321
3221033210
2210332100
2103321002
1033210022
0332100220
3321002200
3210022000
2100220003
1002200031
0022000313
0220003130
2200031301
2000313011
0003130113
0031301131
0313011311
3130113111
1301131111
3011311110
0113111100
1131111001
1311110013
3111100133
1111001333
1110013333
1100133332
1001333321
0013333210
0133332103
1333321031
3333210311
3332103111
3321031111
3210311111
2103111110
1031111102
0311111023
3111110231
1111102312
1111023120
1110231202
1102312021
1023120213
0231202130
2312021300
3120213000
1202130002
2021300023
0213000231
2130002311
1300023113
3000231133
0002311333
0023113331
0231133313
2311333132
3113331323
1133313233
1333132332
3331323322
3313233221
3132332210
1323322103
3233221033
2332210330
3322103300
3221033000
2210330003
2103300031
1033000313
0330003131
3300031311
3000313113
0003131132
0031311323
0313113233
3131132332
1311323323
3113233232
1132332323
1323323231
3233232310
2332323103
3323231031
3232310310
2323103100
3231031002
2310310022
3103100220
1031002202
0310022022
3100220220
1002202200
0022022003
0220220031
2202200313
2022003132
0220031323
2200313231
2003132311
0031323113
0313231133
3132311333
1323113332
3231133323
2311333232
3113332322
1133323221
1333232213
3332322133
3323221331
3232213313
2322133132
3221331322
2213313222
2133132221
1331322213
3313222130
3132221300
1322213000
3222130003
2221300031
2213000310
2130003100
1300031000
3000310002
0003100023
0031000232
0310002320
3100023200
1000232001
0002320013
0023200132
0232001322
2320013221
3200132210
2001322102
0013221023
0132210230
1322102302
3221023023
2210230230
2102302301
1023023010
0230230100
2302301000
3023010002
0230100022
2301000223
3010002233
0100022333
1000223333
0002233331
0022333310
0223333100
2233331002
2333310020
3333100200
3331002001
3310020012
3100200120
1002001201
0020012011
0200120111
2001201110
0012011102
0120111020
1201110202
2011102023
0111020230
1110202303
1102023033
1020230333
0202303333
2023033330
0230333303
2303333031
3033330311
0333303110
3333031101
3330311010
3303110101
3031101012
0311010120
3110101200
1101012003
1010120033
0101200330
1012003301
0120033010
1200330102
2003301020
0033010203
0330102033
3301020331
3010203312
0102033120
1020331201
0203312010
2033120100
0331201001
3312010013
3120100131
1201001310
2010013101
0100131012
1001310123
0013101231
0131012310
1310123103
3101231033
1012310330
0123103303
1231033032
2310330320
3103303200
1033032000
0330320000
3303200001
3032000010
0320000102
3200001020
2000010203
0000102032
0001020321
0010203210
0102032102
1020321020
0203210202
2032102021
0321020213
3210202133
2102021332
1020213323
0202133232
2021332323
0213323232
2133232321
1332323212
3323232120
3232321202
2323212020
3232120202
2321202020
3212020200
2120202001
1202020013
2020200131
0202001313
2020013130
0200131300
2001313000
0013130002
0131300023
1313000230
3130002303
1300023033
3000230333
0002303331
0023033311
0230333110
2303331100
3033311002
0333110022
3331100220
3311002200
3110022003
1100220033
1002200332
0022003321
0220033211
2200332112
2003321122
0033211223
0332112230
3321122302
3211223020
2112230200
1122302000
1223020000
2230200003
2302000032
3020000322
0200003222
2000032223
0000322233
0003222332
0032223323
0322233230
3222332300
2223323002
2233230021
2332300213
3323002130
3230021303
2300213032
3002130320
0021303200
0213032003
2130320032
1303200322
3032003222
0320032223
3200322233
2003222332
0032223323
0322233230
3222332301
2223323010
2233230102
2332301023
3323010231
3230102310
2301023103
3010231033
0102310331
1023103310
0231033100
2310331000
3103310002
1033100020
0331000202
3310002022
3100020222
1000202220
0002022201
0020222010
0202220100
2022201002
0222010023
2220100231
2201002311
2010023113
0100231133
1002311332
0023113320
0231133203
2311332032
3113320320
1133203202
1332032023
3320320230
3203202303
2032023032
0320230320
3202303201
2023032013
0230320133
2303201333
3032013332
0320133320
3201333200
2013332002
0133320023
1333200232
3332002320
3320023200
3200232002
2002320022
0023200222
0232002220
2320022202
3200222020
2002220203
0022202032
0222020323
2220203232
2202032320
2020323203
0203232031
2032320310
0323203100
3232031003
2320310032
3203100322
2031003220
0310032200
3100322002
1003220020
0032200200
0322002000
3220020003
2200200031
2002000310
0020003103
0200031030
2000310302
0003103020
0031030202
0310302022
3103020221
1030202211
0302022111
3020221110
0202211100
2022111002
0221110020
2211100200
2111002002
1110020020
1100200203
1002002031
0020020310
0200203101
2002031012
0020310122
0203101221
2031012213
0310122132
3101221322
1012213222
0122132220
1221322203
2213222031
2132220311
1322203112
3222031120
2220311203
2203112032
2031120322
0311203220
3112032203
1120322033
1203220332
2032203321
0322033213
3220332132
2203321321
2033213213
0332132130
3321321300
3213213000
2132130000
1321300002
3213000020
2130000203
1300002033
3000020333
0000203333
0002033332
0020333320
0203333200
2033332000
0333320003
3333200033
3332000333
3320003332
3200033321
2000333213
0003332133
0033321331
0333213313
3332133131
3321331311
3213313112
2133131122
1331311220
3313112203
3131122033
1311220330
3112203303
1122033033
1220330331
2203303310
2033033101
0330331013
3303310132
3033101320
0331013201
3310132010
3101320103
1013201032
0132010320
1320103201
3201032012
2010320121
0103201213
1032012130
0320121302
3201213020
2012130203
0121302032
1213020320
2130203201
1302032011
3020320113
0203201132
2032011322
0320113220
3201132202
2011322023
0113220232
1132202322
1322023220
3220232203
2202322032
2023220322
0232203223
2322032232
3220322323
2203223231
2032232313
0322323132
3223231320
2232313202
2323132023
3231320232
2313202323
3132023232
1320232322
3202323222
2023232223
0232322231
2323222311
3232223110
2322231101
3222311013
2223110132
2231101323
2311013232
3110132322
1101323223
1013232232
0132322320
1323223202
3232232020
2322320202
3223202020
2232020203
2320202031
3202020313
2020203133
0202031331
2020313310
0203133102
2031331023
0313310233
3133102331
1331023311
3310233111
3102331110
1023311100
0233111000
2331110000
3311100000
3111000000
1110000001
1100000010
1000000100
0000001000
0000010001
0000100013
0001000133
0010001330
0100013300
1000133003
0001330030
0013300301
0133003010
1330030100
3300301001
3003010012
0030100123
0301001231
3010012312
0100123121
1001231213
0012312133
0123121332
1231213323
2312133232
3121332320
1213323203
2133232033
1332320332
3323203323
3232033232
2320332321
3203323210
2033232100
0332321000
3323210001
3232100011
2321000112
3210001120
2100011203
1000112032
0001120321
0011203213
0112032130
1120321300
1203213003
2032130030
0321300301
3213003010
2130030100
1300301001
3003010012
0030100122
0301001220
3010012200
0100122000
1001220003
0012200031
0122000310
1220003102
2200031020
2000310202
0003102020
0031020203
0310202033
3102020330
1020203303
0202033033
2020330333
0203303333
2033033332
0330333321
3303333211
3033332110
0333321103
3333211031
3332110311
3321103112
3211031122
2110311220
1103112200
1031122002
0311220020
3112200200
1122002001
1220020011
2200200110
2002001101
0020011010
0200110100
2001101002
0011010022
0110100221
1101002211
1010022110
0100221103
1002211030
0022110302
0221103023
2211030230
2110302302
1103023023
1030230232
0302302320
3023023201
0230232012
2302320121
3023201212
0232012122
2320121222
3201212220
2012122202
0121222023
1212220232
2122202322
1222023223
2220232233
2202322332
2023223321
0232233213
2322332132
3223321322
2233213220
2332132201
3321322010
3213220102
2132201021
1322010210
3220102103
2201021033
2010210332
0102103321
1021033213
0210332130
2103321301
1033213013
0332130133
3321301330
3213013301
2130133010
1301330102
3013301020
0133010201
1330102013
3301020133
3010201331
0102013310
1020133102
0201331020
2013310200
0133102000
1331020003
3310200033
3102000333
1020003332
0200033320
2000333203
0003332030
0033320301
0333203013
3332030133
3320301330
3203013301
2030133011
0301330113
3013301133
0133011332
1330113321
3301133210
3011332103
0113321030
1133210300
1332103000
3321030002
3210300023
2103000231
1030002310
0300023101
3000231013
0002310132
0023101321
0231013212
2310132122
3101321220
1013212200
0132122001
1321220013
3212200132
2122001322
1220013221
2200132211
2001322110
0013221102
0132211023
1322110233
3221102330
2211023301
2110233010
1102330100
1023301003
0233010032
2330100321
3301003212
3010032121
0100321213
1003212133
0032121333
0321213333
3212133332
2121333322
1213333221
2133332213
1333322131
3333221313
3332213133
3322131330
3221313303
2213133033
2131330332
1313303323
3133033232
1330332323
3303323233
3033232330
0332323301
3323233013
3232330130
2323301303
3233013031
2330130313
3301303130
3013031301
0130313013
1303130130
3031301302
0313013023
3130130230
1301302301
3013023011
0130230113
1302301133
3023011331
0230113313
2301133133
3011331333
0113313332
1133133321
1331333213
3313332133
3133321333
1333213331
3332133313
3321333133
3213331330
2133313303
1333133030
3331330303
3313303033
3133030330
1330303303
3303033033
3030330333
0303303330
3033033300
0330333003
3303330030
3033300303
0333003031
3330030313
3300303132
3003031321
0030313210
0303132102
3031321020
0313210200
3132102000
1321020003
3210200032
2102000321
1020003213
0200032131
2000321313
0003213132
0032131323
0321313232
3213132323
2131323233
1313232330
3132323302
1323233021
3232330210
2323302103
3233021031
2330210313
3302103133
3021031331
0210313310
2103133103
1031331031
0313310310
3133103101
1331031012
3310310122
3103101221
1031012210
0310122102
3101221022
1012210223
0122102233
1221022331
2210223312
2102233120
1022331200
0223312002
2233120020
2331200202
3312002020
3120020200
1200202001
2002020010
0020200103
0202001033
2020010330
0200103300
2001033002
0010330022
0103300222
1033002220
0330022203
3300222030
3002220303
0022203032
0222030323
2220303233
2203032333
2030323330
0303233303
3032333031
0323330310
3233303103
2333031032
3330310321
3303103213
3031032132
0310321323
3103213232
1032132323
0321323230
3213232300
2132323000
1323230000
3232300000
2323000002
3230000023
2300000233
3000002332
0000023320
0000233202
0002332023
0023320230
0233202300
2332023002
3320230020
3202300201
2023002010
0230020103
2300201033
3002010330
0020103301
0201033011
2010330110
0103301102
1033011023
0330110232
3301102320
3011023203
0110232032
1102320323
1023203233
0232032332
2320323321
3203233211
2032332111
0323321110
3233211103
2332111030
3321110302
3211103021
2111030210
1110302102
1103021021
1030210212
0302102120
3021021200
0210212003
2102120031
1021200310
0212003100
2120031000
1200310003
2003100032
0031000321
0310003213
3100032133
1000321333
0003213332
0032133321
0321333213
3213332133
2133321333
1333213330
3332133302
3321333023
3213330233
2133302333
1333023332
3330233322
3302333220
3023332200
0233322003
2333220033
3332200333
3322003330
3220033300
2200333003
2003330033
0033300332
0333003320
3330033203
3300332032
3003320320
0033203203
0332032033
3320320332
3203203322
2032033223
0320332233
3203322332
2033223320
0332233201
3322332011
3223320113
2233201132
2332011322
3320113220
3201132203
2011322032
0113220320
1132203203
1322032032
3220320323
2203203231
2032032310
0320323103
3203231033
2032310330
0323103302
3231033023
2310330230
3103302300
1033023003
0330230032
3302300321
3023003213
0230032133
2300321331
3003213310
0032133101
0321331013
3213310131
2133101311
1331013110
3310131101
3101311013
1013110133
0131101333
1311013333
3110133333
1101333330
1013333301
0133333010
1333330101
3333301010
3333010102
3330101021
3301010210
3010102103
0101021032
1010210321
0102103213
1021032132
0210321320
2103213203
1032132030
0321320300
3213203000
2132030003
1320300030
3203000303
2030003030
0300030301
3000303011
0003030111
0030301111
0303011113
3030111133
0301111330
3011113302
0111133022
1111330220
1113302203
1133022032
1330220322
3302203223
3022032232
0220322323
2203223233
2032232331
0322323313
3223233131
2232331310
2323313101
3233131011
2331310110
3313101100
3131011000
1310110000
3101100002
1011000023
0110000232
1100002323
1000023233
0000232333
0002323332
0023233323
0232333233
2323332330
3233323303
2333233032
3332330320
3323303203
3233032032
2330320321
3303203213
3032032131
0320321313
3203213130
2032131300
0321313003
3213130031
2131300310
1313003100
3130031000
1300310002
3003100022
0031000222
0310002220
3100022203
1000222032
0002220323
0022203233
0222032333
2220323332
2203233322
2032333220
0323332202
3233322022
2333220220
3332202200
3322022001
3220220010
2202200100
2022001000
0220010000
2200100003
2001000030
0010000301
0100003011
1000030111
0000301113
0003011130
0030111303
0301113030
3011130300
0111303002
1113030022
1130300220
1303002202
3030022020
0300220200
3002202000
0022020002
0220200020
2202000200
2020002003
0200020030
2000200300
0002003001
0020030011
0200300113
2003001133
0030011331
0300113310
3001133100
0011331000
0113310000
1133100000
1331000003
3310000032
3100000320
1000003201
0000032010
0000320100
0003201000
0032010000
0320100000
3201000003
2010000031
0100000310
1000003100
0000031000
0000310003
0003100033
0031000333
0310003333
3100033332
1000333323
0003333231
0033332310
0333323103
3333231030
3332310300
3323103000
3231030000
2310300003
3103000033
1030000333
0300003330
3000033302
0000333023
0003330233
0033302332
0333023320
3330233203
3302332033
3023320333
0233203331
2332033311
3320333110
3203331103
2033311032
0333110322
3331103221
3311032210
3110322102
1103221023
1032210232
0322102322
3221023223
2210232233
2102322331
1023223311
0232233111
2322331110
3223311103
2233111030
2331110303
3311103033
3111030333
1110303333
1103033332
1030333322
0303333222
3033332223
0333322231
3333222313
3332223132
3322231322
3222313221
2223132211
2231322111
2313221111
3132211110
1322111101
3221111010
2211110102
2111101020
1111010200
1110102002
1101020023
1010200232
0102002322
1020023221
0200232210
2002322102
0023221022
0232210222
2322102222
3221022222
2210222220
2102222201
1022222013
0222220133
2222201330
2222013302
2220133021
2201330211
2013302111
0133021113
1330211132
3302111320
3021113200
0211132002
2111320021
1113200213
1132002133
1320021330
3200213303
2002133033
0021330333
0213303332
2133033320
1330333202
3303332022
3033320223
0333202232
3332022320
3320223200
3202232003
2022320032
0223200321
2232003211
2320032113
3200321130
2003211303
0032113030
0321130300
3211303002
2113030021
1130300213
1303002131
3030021313
0300213131
3002131311
0021313110
0213131102
2131311021
1313110210
3131102101
1311021010
3110210101
1102101010
1021010101
0210101011
2101010113
1010101132
0101011320
1010113200
0101132000
1011320001
0113200010
1132000101
1320001011
3200010110
2000101102
0001011020
0010110201
0101102013
1011020133
0110201332
1102013320
1020133200
0201332002
2013320023
0133200231
1332002311
3320023110
3200231103
2002311033
0023110333
0231103330
2311033302
3110333020
1103330202
1033302021
0333020210
3330202100
3302021002
3020210020
0202100203
2021002033
0210020333
2100203333
1002033332
0020333322
0203333222
2033332223
0333322231
3333222313
3332223133
3322231333
3222313333
2223133330
2231333302
2313333020
3133330203
1333302030
3333020302
3330203022
3302030221
3020302211
0203022113
2030221132
0302211320
3022113200
0221132000
2211320002
2113200021
1132000211
1320002111
3200021110
2000211103
0002111031
0021110313
0211103133
2111031330
1110313300
1103133000
1031330002
0313300023
3133000231
1330002311
3300023110
3000231103
0002311033
0023110333
0231103330
2311033302
3110333022
1103330222
1033302223
0333022230
3330222303
3302223032
3022230320
0222303203
2223032033
2230320333
2303203332
3032033322
0320333222
3203332223
2033322233
0333222333
3332223330
3322233303
3222333030
2223330301
2233303011
2333030113
3330301132
3303011320
3030113200
0301132000
3011320002
0113200021
1132000211
1320002110
3200021100
2000211002
0002110021
0021100213
0211002133
2110021332
1100213320
1002133202
0021332022
0213320223
2133202231
1332022313
3320223130
3202231303
2022313033
0223130330
2231303300
2313033002
3130330022
1303300222
3033002221
0330022210
3300222100
3002221002
0022210020
0222100203
2221002033
2210020333
2100203332
1002033322
0020333222
0203332222
2033322220
0333222203
3332222030
3322220303
3222203032
2222030323
2220303231
2203032313
2030323130
0303231303
3032313030
0323130303
3231303032
2313030321
3130303213
1303032131
3030321313
0303213131
3032131311
0321313113
3213131130
2131311302
1313113020
3131130203
1311302030
3113020302
1130203022
1302030221
3020302211
0203022113
2030221132
0302211320
3022113200
0221132002
2211320022
2113200221
1132002213
1320022131
3200221310
2002213102
0022131021
0221310213
2213102133
2131021330
1310213300
3102133000
1021330002
0213300023
2133000231
1330002311
3300023110
3000231102
0002311023
0023110233
0231102333
2311023333
3110233332
1102333322
1023333223
0233332232
2333322320
3333223202
3332232022
3322320223
3223202233
2232022333
2320223330
3202233303
2022333030
0223330302
2233303020
2333030202
3330302020
3303020200
3030202003
0302020030
3020200301
0202003011
2020030113
0200301130
2003011301
0030113013
0301130133
3011301330
0113013301
1130133013
1301330131
3013301313
0133013130
1330131301
3301313013
3013130130
0131301301
1313013010
3130130100
1301301002
3013010023
0130100230
1301002302
3010023020
0100230203
1002302030
0023020301
0230203010
2302030101
3020301010
0203010103
2030101033
0301010330
3010103300
0101033000
1010330002
0103300021
1033000211
0330002111
3300021110
3000211103
0002111031
0021110313
0211103133
2111031332
1110313320
1103133200
1031332003
0313320032
3133200323
1332003230
3320032300
3200323000
2003230003
0032300033
0323000330
3230003302
2300033020
3000330202
0003302023
0033020232
0330202320
3302023202
3020232022
0202320220
2023202200
0232022001
2320220013
3202200132
2022001322
0220013222
2200132223
2001322232
0013222320
0132223200
1322232000
3222320000
2223200003
2232000031
2320000313
3200003130
2000031301
0000313013
0003130133
0031301333
0313013331
3130133310
1301333103
3013331030
0133310301
1333103011
3331030113
3310301130
3103011301
1030113010
0301130103
3011301030
0113010303
1130103033
1301030330
3010303303
0103033033
1030330332
0303303322
3033033220
0330332200
3303322001
3033220013
0332200130
3322001300
3220013002
2200130022
2001300221
0013002213
0130022130
1300221300
3002213000
0022130003
0221300032
2213000320
2130003201
1300032013
3000320130
0003201302
0032013021
0320130210
3201302101
2013021010
0130210101
1302101010
3021010100
0210101002
2101010023
1010100230
0101002303
1010023032
0100230323
1002303233
0023032331
0230323311
2303233113
3032331130
0323311303
3233113030
2331130303
3311303033
3113030333
1130303333
1303033330
3030333300
0303333000
3033330001
0333300011
3333000113
3330001133
3300011332
3000113323
0001133233
0011332330
0113323303
1133233030
1332330300
3323303002
3233030021
2330300211
3303002111
3030021110
0300211100
3002111002
0021110022
0211100223
2111002233
1110022332
1100223322
1002233220
0022332201
0223322013
2233220131
2332201313
3322013130
3220131300
2201313000
2013130001
0131300013
1313000132
3130001322
1300013222
3000132223
0001322230
0013222301
0132223012
1322230120
3222301200
2223012001
2230120013
2301200130
3012001300
0120013000
1200130000
2001300002
0013000023
0130000231
1300002310
3000023102
0000231020
0002310201
0023102010
0231020102
2310201023
3102010231
1020102313
0201023131
2010231313
0102313132
1023131321
0231313210
2313132102
3131321023
1313210233
3132102330
1321023303
3210233030
2102330303
1023303033
0233030331
2330303313
3303033132
3030331321
0303313210
3033132103
0331321030
3313210300
3132103003
1321030032
3210300323
2103003230
1030032302
0300323020
3003230201
0032302013
0323020133
3230201333
2302013333
3020133333
0201333332
2013333323
0133333231
1333332311
3333323110
3333231102
3332311022
3323110221
3231102213
2311022130
3110221300
1102213002
1022130021
0221300213
2213002132
2130021323
1300213230
3002132302
0021323020
0213230202
2132302021
1323020213
3230202132
2302021322
3020213223
0202132232
2021322321
0213223211
2132232111
1322321111
3223211110
2232111103
2321111030
3211110303
2111103032
1111030322
1110303220
1103032201
1030322010
0303220102
3032201022
0322010220
3220102202
2201022021
2010220210
0102202100
1022021002
0220210021
2202100210
2021002100
0210021000
2100210000
1002100000
0021000001
0210000013
2100000132
1000001322
0000013220
0000132203
0001322033
0013220332
0132203323
1322033230
3220332303
2203323032
2033230322
0332303221
3323032210
3230322100
2303221002
3032210021
0322100211
3221002113
2210021132
2100211320
1002113200
0021132003
0211320033
2113200331
1132003311
1320033111
3200331113
2003311132
0033111322
0331113221
3311132210
3111322102
1113221022
1132210220
1322102203
3221022030
2210220303
2102203032
1022030322
0220303222
2203032223
2030322232
0303222323
3032223230
0322232301
3222323010
2223230100
2232301001
2323010013
3230100133
2301001332
3010013322
0100133223
1001332230
0013322302
0133223020
1332230203
3322302031
3223020313
2230203130
2302031301
3020313010
0203130100
2031301000
0313010000
3130100001
1301000010
3010000102
0100001020
1000010201
0000102010
0001020102
0010201020
0102010200
1020102001
0201020013
2010200133
0102001333
1020013332
0200133323
2001333230
0013332303
0133323033
1333230330
3332303302
3323033022
3230330220
2303302203
3033022032
0330220321
3302203210
3022032103
0220321032
2203210320
2032103203
0321032030
3210320300
2103203000
1032030000
0320300003
3203000030
2030000301
0300003013
3000030132
0000301323
0003013230
0030132303
0301323032
3013230323
0132303233
1323032333
3230323331
2303233310
3032333103
0323331030
3233310303
2333103033
3331030333
3310303332
3103033321
1030333210
0303332103
3033321030
0333210303
3332103030
3321030302
3210303023
2103030233
1030302330
0303023301
3030233010
0302330102
3023301023
0233010233
2330102332
3301023323
3010233232
0102332321
1023323213
0233232132
2332321323
3323213230
3232132300
2321323003
3213230033
2132300333
1323003331
3230033310
2300333103
3003331030
0033310302
0333103023
3331030231
3310302313
3103023133
1030231332
0302313322
3023133220
0231332202
2313322023
3133220233
1332202331
3322023310
3220233103
2202331032
2023310323
0233103230
2331032300
3310323000
3103230000
1032300001
0323000010
3230000100
2300001000
3000010002
0000100022
0001000220
0010002200
0100022003
1000220033
0002200333
0022003333
0220033331
2200333310
2003333100
0033331000
0333310002
3333100021
3331000210
3310002102
3100021021
1000210210
0002102101
0021021013
0210210132
2102101323
1021013233
0210132333
2101323333
1013233333
0132333330
1323333303
3233333033
2333330333
3333303330
3333033300
3330333003
3303330032
3033300321
0333003210
3330032103
3300321030
3003210300
0032103002
0321030023
3210300231
2103002310
1030023100
0300231002
3002310021
0023100213
0231002133
2310021332
3100213322
1002133222
0021332220
0213322200
2133222003
1332220030
3322200302
3222003020
2220030200
2200302001
2003020011
0030200113
0302001133
3020011333
0200113333
2001133330
0011333303
0113333031
1133330313
1333303130
3333031302
3330313023
3303130232
3031302322
0313023223
3130232232
1302322323
3023223232
0232232323
2322323230
3223232302
2232323022
2323230223
3232302231
2323022310
3230223101
2302231013
3022310130
0223101301
2231013010
2310130103
3101301033
1013010332
0130103321
1301033210
3010332100
0103321001
1033210013
0332100132
3321001323
3210013233
2100132330
1001323301
0013233011
0132330110
1323301103
3233011032
2330110320
3301103203
3011032032
0110320321
1103203213
1032032131
0320321311
3203213110
2032131100
0321311000
3213110003
2131100030
1311000303
3110003032
1100030323
1000303232
0003032321
0030323210
0303232100
3032321003
0323210033
3232100331
2321003313
3210033131
2100331313
1003313131
0033131310
0331313100
3313131001
3131310013
1313100133
3131001332
1310013320
3100133200
1001332000
0013320000
0133200003
1332000032
3320000321
3200003210
2000032102
0000321021
0003210210
0032102102
0321021023
3210210230
2102102301
1021023013
0210230133
2102301331
1023013313
0230133130
2301331300
3013313000
0133130003
1331300030
3313000300
3130003000
1300030000
3000300000
0003000002
0030000020
0300000200
3000002002
0000020020
0000200200
0002002003
0020020033
0200200333
2002003332
0020033323
0200333232
2003332321
0033323211
0333232111
3332321111
3323211111
3232111113
2321111130
3211111300
