1311100310
3111003101
1110031011
1100310112
1003101122
0031011221
0310112212
3101122122
1011221221
0112212212
1122122122
1221221220
2212212202
2122122022
1221220220
2212202202
2122022023
1220220233
2202202332
2022023322
0220233220
2202332202
2023322022
0233220220
2332202202
3322022022
3220220220
2202202202
2022022022
0220220222
2202202221
2022022213
0220222131
2202221311
2022213113
0222131131
2221311310
2213113100
2131131002
1311310022
3113100220
1131002200
1310022002
3100220023
1002200232
0022002321
0220023213
2200232132
2002321321
0023213210
0232132101
2321321011
3213210112
2132101120
1321011202
3210112023
2101120233
1011202332
0112023323
1120233232
1202332322
2023323220
0233232202
2332322021
3323220213
3232202132
2322021320
3220213202
2202132020
2021320203
0213202033
2132020331
1320203311
3202033111
2020331111
0203311112
2033111121
0331111211
3311112112
3111121121
1111211211
1112112112
1121121122
1211211222
2112112220
1121122201
1211222011
2112220112
1122201120
1222011202
2220112020
2201120202
2011202023
0112020231
1120202311
1202023110
2020231102
0202311021
2023110211
0231102112
2311021120
3110211202
1102112021
1021120211
0211202111
2112021111
1120211112
1202111120
2021111202
0211112022
2111120222
1111202221
1112022211
1120222112
1202221121
2022211211
0222112111
2221121112
2211211122
2112111221
1121112212
1211122121
2111221211
1112212111
1122121111
1221211113
2212111133
2121111331
1211113311
2111133111
1111331111
1113311110
1133111102
1331111021
3311110211
3111102112
1111021121
1110211211
1102112111
1021121111
0211211113
2112111133
1121111331
1211113311
2111133112
1111331122
1113311221
1133112212
1331122121
3311221211
3112212112
1122121121
1221211212
2212112121
2121121211
1211212113
2112121132
1121211322
1212113223
2121132231
1211322311
2113223111
1132231113
1322311132
3223111321
2231113211
2311132111
3111321113
1113211131
1132111312
1321113121
3211131211
2111312112
1113121122
1131211222
1312112221
3121122211
1211222111
2112221111
1122211112
1222111121
2221111212
2211112121
2111121213
1111212130
1112121303
1121213033
1212130330
2121303302
1213033021
2130330211
1303302111
3033021112
0330211122
3302111223
3021112231
0211122311
2111223110
1112231102
1122311021
1223110211
2231102111
2311021112
3110211120
1102111202
1021112021
0211120211
2111202110
1112021103
1120211032
1202110322
2021103222
0211032222
2110322221
1103222212
1032222122
0322221222
3222212220
2222122202
2221222021
2212220211
2122202112
1222021121
2220211210
2202112102
2021121023
0211210232
2112102320
1121023202
1210232021
2102320210
1023202101
0232021011
2320210110
3202101103
2021011032
0210110322
2101103220
1011032202
0110322021
1103220213
1032202132
0322021322
3220213221
2202132212
2021322122
0213221221
2132212211
1322122113
3221221132
2212211322
2122113223
1221132232
2211322321
2113223211
1132232112
1322321121
3223211213
2232112132
2321121322
3211213222
2112132222
1121322222
1213222221
2132222213
1322222131
3222221312
2222213123
2222131231
2221312311
2213123113
2131231131
1312311312
3123113121
1231131211
2311312111
3113121113
1131211131
1312111311
3121113113
1211131132
2111311321
1113113211
1131132111
1311321111
3113211111
1132111111
1321111112
3211111122
2111111220
1111112202
1111122021
1111220211
1112202112
1122021121
1220211212
2202112122
2021121222
0211212221
2112122210
1121222101
1212221011
2122210111
1222101110
2221011100
2210111002
2101110023
1011100232
0111002323
1110023232
1100232323
1002323230
0023232301
0232323012
2323230122
3232301222
2323012221
3230122210
2301222101
3012221010
0122210102
1222101020
2221010201
2210102010
2101020103
1010201032
0102010320
1020103200
0201032002
2010320023
0103200233
1032002332
0320023321
3200233212
2002332122
0023321221
0233212213
2332122131
3321221311
3212213111
2122131113
1221311132
2213111321
2131113212
1311132120
3111321202
1113212023
1132120231
1321202311
3212023113
2120231132
1202311320
2023113202
0231132020
2311320201
3113202013
1132020131
1320201310
3202013101
2020131011
0201310113
2013101132
0131011322
1310113220
3101132201
1011322010
0113220103
1132201032
1322010321
3220103213
2201032131
2010321311
0103213112
1032131121
0321311213
3213112130
2131121301
1311213011
3112130113
1121301131
1213011313
2130113130
1301131301
3011313011
0113130110
1131301102
1313011022
3130110222
1301102221
3011022213
0110222132
1102221323
1022213231
0222132310
2221323102
2213231022
2132310223
1323102232
3231022322
2310223223
3102232232
1022322321
0223223210
2232232102
2322321022
3223210222
2232102223
2321022230
3210222300
2102223001
1022230011
0222300113
2223001132
2230011322
2300113220
3001132200
0011322001
0113220013
1132200133
1322001330
3220013301
2200133011
2001330113
0013301130
0133011301
1330113011
3301130113
3011301132
0113011321
1130113211
1301132110
3011321102
0113211021
1132110211
1321102110
3211021100
2110211003
1102110030
1021100301
0211003011
2110030110
1100301102
1003011021
0030110211
0301102113
3011021131
0110211313
1102113131
1021131311
0211313113
2113131133
1131311331
1313113311
3131133113
1311331132
3113311321
1133113210
1331132102
3311321022
3113210220
1132102201
1321022010
3210220103
2102201031
1022010311
0220103110
2201031102
2010311022
0103110220
1031102202
0311022022
3110220223
1102202233
1022022331
0220223310
2202233102
2022331022
0223310222
2233102220
2331022203
3310222030
3102220301
1022203011
0222030113
2220301132
2203011321
2030113213
0301132131
3011321310
0113213103
1132131031
1321310312
3213103121
2131031213
1310312131
3103121310
1031213101
0312131010
3121310100
1213101001
2131010011
1310100110
3101001101
1010011012
0100110123
1001101232
0011012320
0110123202
1101232022
1012320221
0123202210
1232022102
2320221022
3202210223
2022102231
0221022311
2210223111
2102231110
1022311101
0223111013
2231110132
2311101321
3111013210
1110132102
1101321020
1013210202
0132102022
1321020221
3210202213
2102022132
1020221321
0202213212
2022132121
0221321210
2213212103
2132121033
1321210332
3212103323
2121033232
1210332321
2103323212
1033232120
0332321202
3323212022
3232120222
2321202220
3212022201
2120222011
1202220111
2022201110
0222011102
2220111021
2201110213
2011102131
0111021313
1110213133
1102131333
1021313332
0213133320
2131333202
1313332022
3133320220
1333202201
3332022010
3320220100
3202201001
2022010013
0220100130
2201001303
2010013032
0100130321
1001303211
0013032111
0130321113
1303211132
3032111322
0321113221
3211132211
2111322112
1113221123
1132211230
1322112303
3221123033
2211230330
2112303302
1123033020
1230330201
2303302010
3033020100
0330201001
3302010012
3020100122
0201001220
2010012202
0100122020
1001220201
0012202011
0122020111
1220201113
2202011131
2020111313
0201113132
2011131322
0111313220
1113132201
1131322010
1313220100
3132201003
1322010032
3220100323
2201003231
2010032310
0100323101
1003231011
0032310111
0323101111
3231011113
2310111132
3101111321
1011113211
0111132111
1111321111
1113211110
1132111102
1321111022
3211110220
2111102202
1111022022
1110220222
1102202223
1022022233
0220222332
2202223321
2022233212
0222332122
2223321222
2233212220
2332122202
3321222021
3212220213
2122202132
1222021321
2220213210
2202132102
2021321021
0213210213
2132102133
1321021331
3210213312
2102133120
1021331200
0213312002
2133120021
1331200211
3312002113
3120021131
1200211310
2002113101
0021131010
0211310102
2113101020
1131010202
1310102020
3101020203
1010202031
0102020311
1020203113
0202031132
2020311320
0203113200
2031132002
0311320022
3113200222
1132002220
1320022202
3200222022
2002220220
0022202202
0222022023
2220220233
2202202333
2022023333
0220233332
2202333320
2023333203
0233332031
2333320311
3333203112
3332031123
3320311232
3203112322
2031123222
0311232220
3112322200
1123222001
1232220011
2322200111
3222001113
2220011131
2200111310
2001113102
0011131021
0111310213
1113102131
1131021313
1310213132
3102131321
1021313213
0213132133
2131321331
1313213311
3132133110
1321331102
3213311022
2133110220
1331102201
3311022010
3110220102
1102201020
1022010200
0220102003
2201020033
2010200333
0102003333
1020033332
0200333323
2003333232
0033332322
0333323220
3333232200
3332322002
3323220022
3232200220
2322002201
3220022010
2200220103
2002201031
0022010313
0220103133
2201031331
2010313311
0103133112
1031331122
0313311220
3133112200
1331122002
3311220020
3112200202
1122002021
1220020210
2200202100
2002021001
0020210011
0202100110
2021001100
0210011001
2100110013
1001100132
0011001322
0110013221
1100132213
1001322131
0013221311
0132213110
1322131100
3221311003
2213110032
2131100322
1311003220
3110032203
1100322030
1003220303
0032203030
0322030302
3220303020
2203030201
2030302010
0303020102
3030201021
0302010210
3020102100
0201021003
2010210030
0102100302
1021003021
0210030213
2100302131
1003021310
0030213101
0302131012
3021310120
0213101202
2131012021
1310120211
3101202113
1012021132
0120211321
1202113211
2021132111
0211321112
2113211121
1132111211
1321112111
3211121113
2111211132
1112111323
1121113232
1211132321
2111323211
1113232111
1132321111
1323211110
3232111102
2321111021
3211110211
2111102113
1111021132
1110211323
1102113230
1021132300
0211323000
2113230002
1132300020
1323000201
3230002010
2300020100
3000201003
0002010033
0020100330
0201003303
2010033033
0100330332
1003303323
0033033233
0330332332
3303323322
3033233222
0332332222
3323322222
3233222222
2332222220
3322222202
3222222020
2222220202
2222202023
2222020233
2220202331
2202023311
2020233112
0202331120
2023311202
0233112022
2331120220
3311202201
3112022013
1120220132
1202201323
2022013231
0220132310
2201323100
2013231000
0132310003
1323100031
3231000313
2310003133
3100031332
1000313320
0003133201
0031332013
0313320132
3133201322
1332013221
3320132210
3201322103
2013221031
0132210310
1322103103
3221031031
2210310313
2103103132
1031031323
0310313230
3103132301
1031323011
0313230110
3132301102
1323011023
3230110232
2301102322
3011023223
0110232233
1102322332
1023223323
0232233232
2322332321
3223323211
2233232111
2332321112
3323211123
3232111233
2321112332
3211123321
2111233210
1112332100
1123321002
1233210022
2332100222
3321002221
3210022211
2100222112
1002221122
0022211221
0222112213
2221122132
2211221321
2112213211
1122132111
1221321110
2213211101
2132111012
1321110122
3211101220
2111012201
1110122013
1101220132
1012201321
0122013213
1220132132
2201321321
2013213211
0132132110
1321321103
3213211032
2132110320
1321103202
3211032021
2110320210
1103202102
1032021023
0320210232
3202102323
2021023232
0210232321
2102323213
1023232132
0232321321
2323213213
3232132132
2321321322
3213213221
2132132213
1321322132
3213221321
2132213210
1322132101
3221321012
2213210122
2132101222
1321012223
3210122231
2101222311
1012223111
0122231110
1222311100
2223111002
2231110021
2311100210
3111002103
1110021033
1100210331
1002103313
0021033132
0210331320
2103313201
1033132013
0331320132
3313201321
3132013211
1320132113
3201321132
2013211322
0132113221
1321132211
3211322113
2113221132
1132211321
1322113211
3221132113
2211321131
2113211311
1132113110
1321131101
3211311013
2113110133
1131101331
1311013310
3110133100
1101331003
1013310031
0133100310
1331003103
3310031030
3100310302
1003103023
0031030232
0310302322
3103023221
1030232210
0302322103
3023221031
0232210313
2322103132
3221031323
2210313232
2103132320
1031323202
0313232021
3132320213
1323202132
3232021321
2320213210
3202132101
2021321013
0213210132
2132101321
1321013211
3210132111
2101321110
1013211102
0132111021
1321110211
3211102111
2111021113
1110211133
1102111332
1021113323
0211133231
2111332310
1113323101
1133231011
1332310113
3323101130
3231011303
2310113030
3101130300
1011303001
0113030010
1130300101
1303001012
3030010122
0300101220
3001012201
0010122010
0101220101
1012201013
0122010133
1220101333
2201013331
2010133312
0101333120
1013331202
0133312023
1333120231
3331202311
3312023110
3120231103
1202311032
2023110321
0231103211
2311032111
3110321110
1103211100
1032111001
0321110011
3211100111
2111001113
1110011132
1100111320
1001113202
0011132022
0111320222
1113202221
1132022211
1320222112
3202221123
2022211233
0222112330
2221123301
2211233010
2112330101
1123301011
1233010113
2330101133
3301011333
3010113332
0101133322
1011333223
0113332232
1133322321
1333223211
3332232110
3322321102
3223211021
2232110213
2321102132
3211021323
2110213232
1102132323
1021323232
0213232320
2132323201
1323232011
3232320110
2323201101
3232011011
2320110113
3201101132
2011011323
0110113231
1101132311
1011323111
0113231113
1132311130
1323111301
3231113010
2311130100
3111301001
1113010013
1130100130
1301001301
3010013011
0100130113
1001301132
0013011323
0130113231
1301132313
3011323130
0113231301
1132313012
1323130122
3231301220
2313012202
3130122022
1301220223
3012202232
0122022322
1220223222
2202232220
2022322203
0223222031
2232220311
2322203113
3222031132
2220311321
2203113210
2031132101
0311321011
3113210111
1132101113
1321011132
3210111322
2101113223
1011132231
0111322313
1113223132
1132231323
1322313231
3223132311
2231323111
2313231111
3132311113
1323111132
3231111320
2311113200
3111132001
1111320010
1113200100
1132001001
1320010011
3200100110
2001001100
0010011002
0100110020
1001100202
0011002022
0110020223
1100202232
1002022320
0020223201
0202232010
2022320102
0223201021
2232010213
2320102132
3201021320
2010213202
0102132022
1021320220
0213202203
2132022032
1320220322
3202203220
2022032200
0220322001
2203220010
2032200101
0322001010
3220010102
2200101021
2001010212
0010102122
0101021223
1010212232
0102122323
1021223232
0212232320
2122323200
1223232000
2232320000
2323200000
3232000003
2320000032
3200000321
2000003210
0000032102
0000321021
0003210210
0032102100
0321021002
3210210021
2102100211
1021002111
0210021113
2100211132
1002111323
0021113232
0211132321
2111323213
1113232131
1132321312
1323213120
3232131202
2321312023
3213120232
2131202323
1312023232
3120232321
1202323213
2023232130
0232321303
2323213032
3232130322
2321303223
3213032231
2130322313
1303223132
3032231322
0322313222
3223132221
2231322210
2313222103
3132221032
1322210322
3222103220
2221032200
2210322001
2103220010
1032200101
0322001011
3220010113
2200101132
2001011321
0010113212
0101132122
1011321222
0113212221
1132122210
1321222102
3212221023
2122210232
1222102320
2221023202
2210232022
2102320222
1023202221
0232022211
2320222112
3202221123
2022211232
0222112320
2221123201
2211232010
2112320100
1123201002
1232010023
2320100232
3201002321
2010023211
0100232110
1002321100
0023211003
0232110030
2321100303
3211003031
2110030311
1100303110
1003031102
0030311022
0303110220
3031102202
0311022023
3110220233
1102202333
1022023332
0220233321
2202333212
2023332122
0233321222
2333212221
3332122213
3321222132
3212221321
2122213210
1222132100
2221321002
2213210020
2132100200
1321002002
3210020020
2100200203
1002002031
0020020313
0200203133
2002031333
0020313332
0203133322
2031333222
0313332220
3133322202
1333222021
3332220211
3322202113
3222021132
2220211322
2202113221
2021132210
0211322103
2113221033
1132210333
1322103333
3221033333
2210333332
2103333321
1033333210
0333332102
3333321022
3333210220
3332102200
3321022000
3210220002
2102200021
1022000213
0220002133
2200021333
2000213332
0002133320
0021333203
0213332032
2133320322
1333203222
3332032222
3320322220
3203222201
2032222011
0322220111
3222201113
2222011132
2220111321
2201113211
2011132113
0111321131
1113211312
1132113120
1321131200
3211312001
2113120010
1131200101
1312001013
3120010132
1200101321
2001013213
0010132131
0101321311
1013213111
0132131111
1321311113
3213111132
2131111321
1311113210
3111132102
1111321021
1113210211
1132102113
1321021132
3210211320
2102113202
1021132021
0211320210
2113202102
1132021021
1320210213
3202102131
2021021311
0210213112
2102131121
1021311212
0213112123
2131121232
1311212323
3112123233
1121232333
1212323332
2123233320
1232333202
2323332020
3233320201
2333202012
3332020121
3320201213
3202012132
2020121322
0201213220
2012132202
0121322022
1213220220
2132202202
1322022020
3220220203
2202202031
2022020310
0220203101
2202031010
2020310102
0203101022
2031010223
0310102233
3101022330
1010223301
0102233011
1022330113
0223301132
2233011323
2330113230
3301132301
3011323010
0113230103
1132301031
1323010313
3230103131
2301031310
3010313102
0103131021
1031310212
0313102123
3131021232
1310212322
3102123221
1021232211
0212322110
2123221102
1232211020
2322110201
3221102010
2211020102
2110201021
1102010211
1020102113
0201021133
2010211331
0102113311
1021133113
0211331132
2113311320
1133113201
1331132011
3311320113
3113201131
1132011310
1320113102
3201131023
2011310232
0113102323
1131023231
1310232313
3102323133
1023231331
0232313311
2323133110
3231331102
2313311020
3133110200
1331102001
3311020011
3110200113
1102001133
1020011331
0200113312
2001133120
0011331202
0113312023
1133120231
1331202310
3312023103
3120231033
1202310331
2023103312
0231033122
2310331222
3103312222
1033122220
0331222201
3312222012
3122220121
1222201210
2222012103
2220121033
2201210331
2012103313
0121033130
1210331301
2103313010
1033130103
0331301032
3313010320
3130103203
1301032032
3010320322
0103203223
1032032232
0320322321
3203223211
2032232113
0322321130
3223211303
2232113033
2321130331
3211303312
2113033121
1130331213
1303312130
3033121300
0331213001
3312130011
3121300111
1213001113
2130011132
1300111321
3001113210
0011132100
0111321002
1113210022
1132100223
1321002231
3210022313
2100223132
1002231322
0022313222
0223132221
2231322210
2313222103
3132221031
1322210311
3222103112
2221031123
2210311233
2103112332
1031123322
0311233223
3112332233
1123322332
1233223322
2332233222
3322332220
3223322201
2233222013
2332220132
3322201321
3222013212
2220132121
2201321213
2013212131
0132121312
1321213121
3212131213
2121312133
1213121331
2131213310
1312133102
3121331022
1213310220
2133102202
1331022021
3310220213
3102202132
1022021322
0220213222
2202132221
2021322210
0213222102
2132221023
1322210232
3222102322
2221023222
2210232221
2102322213
1023222132
0232221322
2322213221
3222132211
2221322111
2213221113
2132211131
1322111310
3221113103
2211131033
2111310331
1113103310
1131033101
1310331011
3103310112
1033101121
0331011210
3310112100
3101121001
1011210010
0112100101
1121001011
1210010111
2100101110
1001011101
0010111011
0101110113
1011101131
0111011313
1110113132
1101131321
1011313213
0113132133
1131321331
1313213310
3132133103
1321331030
3213310301
2133103010
1331030101
3310301010
3103010101
1030101012
0301010122
3010101223
0101012232
1010122321
0101223211
1012232113
0122321133
1223211332
2232113322
2321133222
3211332220
2113322201
1133222011
1332220110
3322201102
3222011021
2220110213
2201102131
2011021313
0110213133
1102131331
1021313311
0213133112
2131331122
1313311220
3133112200
1331122003
3311220031
3112200311
1122003111
1220031111
2200311110
2003111101
0031111011
0311110110
3111101102
1111011022
1110110221
1101102211
1011022111
0110221113
1102211130
1022111301
0221113013
2211130131
2111301311
1113013110
1130131103
1301311030
3013110302
0131103023
1311030232
3110302322
1103023221
1030232210
0302322100
3023221001
0232210011
2322100112
3221001122
2210011221
2100112211
1001122110
0011221102
0112211020
1122110202
1221102022
2211020220
2110202202
1102022022
1020220221
0202202210
2022022103
0220221032
2202210323
2022103232
0221032321
2210323213
2103232131
1032321310
0323213100
3232131002
2321310020
3213100202
2131002022
1310020222
3100202221
1002022211
0020222113
0202221130
2022211302
0222113021
2221130211
2211302113
2113021132
1130211321
1302113213
3021132130
0211321301
2113213011
1132130111
1321301110
3213011101
2130111013
1301110132
3011101323
0111013232
1110132323
1101323232
1013232321
0132323211
1323232111
3232321110
2323211102
3232111022
2321110222
3211102222
2111022221
1110222210
1102222101
1022221013
0222210132
2222101321
2221013213
2210132132
2101321322
1013213222
0132132222
1321322221
3213222211
2132222111
1322221110
3222211102
2222111022
2221110222
2211102221
2111022211
1110222111
1102221110
1022211101
0222111011
2221110111
2211101110
2111011102
1110111023
1101110232
1011102321
0111023212
1110232123
1102321231
1023212310
0232123100
2321231001
3212310013
2123100132
1231001321
2310013210
3100132102
1001321021
0013210211
0132102110
1321021100
3210211003
2102110033
1021100331
0211003311
2110033113
1100331133
1003311331
0033113312
0331133122
3311331222
3113312222
1133122221
1331222211
3312222110
3122221100
1222211002
2222110020
2221100202
2211002023
2110020232
1100202323
1002023232
0020232323
0202323232
2023232322
0232323220
2323232202
3232322022
2323220220
3232202200
2322022003
3220220032
2202200321
2022003211
0220032112
2200321120
2003211202
0032112023
0321120232
3211202321
2112023213
1120232132
1202321321
2023213210
0232132102
2321321022
3213210222
2132102222
1321022221
3210222213
2102222131
1022221311
0222213111
2222131113
2221311130
2213111302
2131113022
1311130222
3111302220
1113022202
1130222023
1302220230
3022202303
0222023032
2220230323
2202303232
2023032320
0230323200
2303232003
3032320032
0323200320
3232003201
2320032010
3200320102
2003201022
0032010221
0320102210
3201022101
2010221013
0102210132
1022101323
0221013231
2210132313
2101323132
1013231321
0132313211
1323132110
3231321103
2313211032
3132110321
1321103211
3211032110
2110321101
1103211011
1032110111
0321101111
3211011112
2110111120
1101111202
1011112023
0111120232
1111202323
1112023231
1120232310
1202323102
2023231021
0232310211
2323102111
3231021111
2310211110
3102111102
1021111020
0211110200
2111102003
1111020032
1110200322
1102003221
1020032213
0200322131
2003221310
0032213100
0322131000
3221310002
2213100020
2131000201
1310002011
3100020113
1000201132
0002011321
0020113213
0201132133
2011321333
0113213332
1132133322
1321333220
3213332203
2133322031
1333220312
3332203122
3322031220
3220312202
2203122022
2031220221
0312202213
3122022132
1220221320
2202213201
2022132011
0221320110
2213201102
2132011023
1320110232
3201102323
2011023232
0110232323
1102323232
1023232322
0232323221
2323232211
3232322113
2323221132
3232211323
2322113232
3221132321
2211323211
2113232111
1132321110
1323211101
3232111013
2321110130
3211101303
2111013030
1110130300
1101303002
1013030022
0130300220
1303002203
3030022031
0300220311
3002203110
0022031101
0220311011
2203110111
2031101113
0311011133
3110111331
1101113313
1011133132
0111331323
1113313232
1133132323
1331323232
3313232322
3132323221
1323232213
3232322131
2323221312
3232213121
2322131213
3221312132
2213121321
2131213211
1312132111
3121321111
1213211110
2132111102
1321111023
3211110232
2111102322
1111023223
1110232232
1102322323
1023223230
0232232300
2322323000
3223230000
2232300001
2323000011
3230000110
2300001102
3000011020
0000110203
0001102031
0011020313
0110203131
1102031313
1020313131
0203131311
2031313113
0313131130
3131311301
1313113010
3131130103
1311301032
3113010321
1130103211
1301032111
3010321110
0103211103
1032111031
0321110313
3211103132
2111031322
1110313220
1103132200
1031322002
0313220023
3132200233
1322002331
3220023311
2200233111
2002331112
0023311122
0233111220
2331112203
3311122032
3111220320
1112203202
1122032022
1220320220
2203202202
2032022022
0320220222
3202202221
2022022210
0220222101
2202221010
2022210103
0222101032
2221010321
2210103211
2101032110
1010321102
0103211021
1032110211
0321102110
3211021103
2110211032
1102110321
1021103211
0211032111
2110321111
1103211110
1032111103
0321111031
3211110310
2111103100
1111031001
1110310013
1103100132
1031001321
0310013210
3100132101
1001321011
0013210111
0132101110
1321011101
3210111013
2101110131
1011101311
0111013113
1110131132
1101311321
1013113210
0131132103
1311321033
3113210332
1132103320
1321033201
3210332011
2103320113
1033201132
0332011322
3320113220
3201132203
2011322032
0113220320
1132203201
1322032010
3220320102
2203201022
2032010222
0320102222
3201022221
2010222213
0102222132
1022221321
0222213211
2222132111
2221321110
2213211102
2132111021
1321110210
3211102102
2111021020
1110210200
1102102001
1021020010
0210200102
2102001020
1020010202
0200102020
2001020202
0010202021
0102020211
1020202110
0202021102
2020211021
0202110211
2021102111
0211021110
2110211102
1102111023
1021110232
0211102320
2111023201
1110232010
1102320103
1023201031
0232010311
2320103110
3201031102
2010311021
0103110210
1031102103
0311021031
3110210312
1102103123
1021031233
0210312332
2103123321
1031233213
0312332132
3123321323
1233213232
2332132322
3321323223
3213232232
2132322320
1323223202
3232232021
2322320210
3223202103
2232021031
2320210311
3202103113
2021031132
0210311323
2103113233
1031132332
0311323323
3113233233
1132332331
1323323311
3233233113
2332331132
3323311322
3233113223
2331132231
3311322310
3113223103
1132231032
1322310322
3223103223
2231032232
2310322322
3103223223
1032232232
0322322322
3223223223
2232232231
2322322311
3223223111
2232231113
2322311132
3223111322
2231113222
2311132220
3111322203
1113222031
1132220311
1322203113
3222031130
2220311300
2203113003
2031130031
0311300310
3113003100
1130031002
1300310021
3003100212
0031002120
0310021200
3100212002
1002120022
0021200221
0212002212
2120022121
1200221211
2002212110
0022121102
0221211020
2212110200
2121102000
1211020000
2110200003
1102000031
1020000311
0200003112
2000031120
0000311200
0003112000
0031120002
0311200023
3112000230
1120002301
1200023010
2000230101
0002301010
0023010100
0230101003
2301010032
3010100321
0101003212
1010032121
0100321210
1003212102
0032121022
0321210221
3212102213
2121022132
1210221321
2102213213
1022132132
0221321321
2213213210
2132132102
1321321022
3213210220
2132102200
1321022000
3210220001
2102200013
1022000132
0220001320
2200013202
2000132021
0001320213
0013202132
0132021322
1320213223
3202132232
2021322322
0213223220
2132232202
1322322021
3223220211
2232202111
2322021111
3220211113
2202111130
2021111300
0211113001
2111130010
1111300101
1113001011
1130010111
1300101110
3001011102
0010111021
0101110212
1011102122
0111021220
1110212202
1102122021
1021220211
0212202110
2122021103
1220211032
2202110321
2021103211
0211032111
2110321110
1103211100
1032111001
0321110011
3211100110
2111001102
1110011022
1100110221
1001102213
0011022131
0110221310
1102213102
1022131020
0221310203
2213102032
2131020321
1310203212
3102032122
1020321220
0203212203
2032122031
0321220313
3212203133
2122031332
1220313320
2203133200
2031332000
0313320002
3133200020
1332000202
3320002020
3200020201
2000202010
0002020102
0020201020
0202010202
2020102021
0201020213
2010202131
0102021310
1020213102
0202131022
2021310220
0213102200
2131022002
1310220022
3102200223
1022002232
0220022320
2200223200
2002232002
0022320022
0223200223
2232002231
2320022311
3200223113
2002231133
0022311332
0223113322
2231133220
2311332203
3113322031
1133220313
1332203132
3322031322
3220313220
2203132202
2031322021
0313220213
3132202133
1322021333
3220213331
2202133312
2021333122
0213331221
2133312210
1333122101
3331221013
3312210132
3122101323
1221013231
2210132313
2101323130
1013231301
0132313010
1323130100
3231301002
2313010022
3130100222
1301002221
3010022210
0100222103
1002221031
0022210313
0222103132
2221031322
2210313220
2103132203
1031322031
0313220311
3132203111
1322031112
3220311122
2203111220
2031112203
0311122032
3111220322
1112203222
1122032222
1220322220
2203222202
2032222020
0322220200
3222202003
2222020032
2220200323
2202003230
2020032300
0200323000
2003230000
0032300000
0323000003
3230000031
2300000311
3000003111
0000031113
0000311132
0003111323
0031113232
0311132322
3111323221
1113232211
1132322110
1323221103
3232211031
2322110310
3221103100
2211031002
2110310022
1103100223
1031002232
0310022323
3100223233
1002232332
0022323320
0223233202
2232332022
2323320222
3233202220
2332022200
3320222000
3202220000
2022200001
0222000010
2220000101
2200001010
2000010103
0000101031
0001010311
0010103111
0101031111
1010311111
0103111110
1031111100
0311111000
3111110002
1111100021
1111000213
1110002130
1100021300
1000213001
0002130010
0021300100
0213001000
2130010002
1300100020
3001000200
0010002000
0100020003
1000200031
0002000313
0020003133
0200031332
2000313322
0003133220
0031332201
0313322012
3133220120
1332201200
3322012002
3220120021
2201200210
2012002103
0120021030
1200210303
2002103032
0021030323
0210303232
2103032320
1030323203
0303232032
3032320322
0323203221
3232032213
2320322132
3203221322
2032213223
0322132232
3221322323
2213223232
2132232322
1322323222
3223232223
2232322233
2323222331
3232223313
2322233131
3222331311
2223313110
2233131103
2331311030
3313110303
3131103032
1311030323
3110303232
1103032323
1030323231
0303232311
3032323111
0323231112
3232311121
2323111211
3231112113
2311121131
3111211311
1112113113
1121131132
1211311322
2113113222
1131132221
1311322210
3113222103
1132221031
1322210313
3222103132
2221031321
2210313211
2103132113
1031321132
0313211320
3132113201
1321132010
3211320103
2113201031
1132010311
1320103110
3201031101
2010311010
0103110102
1031101023
0311010232
3110102321
1101023210
1010232102
0102321021
1023210213
0232102132
2321021322
3210213223
2102132230
1021322300
0213223001
2132230010
1322300101
3223001010
2230010102
2300101021
3001010213
0010102133
0101021330
1010213303
0102133032
1021330321
0213303211
2133032111
1330321113
3303211130
3032111303
0321113032
3211130322
2111303221
1113032213
1130322132
1303221321
3032213211
0322132113
3221321131
2213211311
2132113113
1321131132
3211311322
2113113220
1131132201
1311322011
3113220110
1132201103
1322011032
3220110323
2201103231
2011032311
0110323112
1103231120
1032311202
0323112020
3231120200
2311202001
3112020010
1120200101
1202001011
2020010112
0200101120
2001011202
0010112022
0101120222
1011202221
0112022212
1120222121
1202221213
2022212133
0222121332
2221213322
2212133222
2121332221
1213322213
2133222131
1332221311
3322213111
3222131110
2221311102
2213111022
2131110220
1311102201
3111022011
1110220113
1102201132
1022011321
0220113213
2201132131
2011321310
0113213100
1132131003
1321310033
3213100332
2131003322
1310033223
3100332232
1003322323
0033223232
0332232323
3322323233
3223232331
2232323310
2323233102
3232331020
2323310203
3233102033
2331020332
3310203321
3102033211
1020332110
0203321100
2033211002
0332110022
3321100222
3211002222
2110022220
1100222203
1002222032
0022220320
0222203202
2222032021
2220320213
2203202130
2032021301
0320213011
3202130113
2021301132
0213011322
2130113220
1301132202
3011322022
0113220220
1132202203
1322022032
3220220323
2202203232
2022032321
0220323212
2203232122
2032321221
0323212213
3232122133
2321221332
3212213323
2122133232
1221332321
2213323210
2133232101
1332321010
3323210102
3232101022
2321010222
3210102220
2101022201
1010222011
0102220113
1022201132
0222011322
2220113221
2201132213
2011322132
0113221321
1132213211
1322132111
3221321112
2213211122
2132111220
1321112200
3211122003
2111220032
1112200323
1122003230
1220032301
2200323013
2003230132
0032301322
0323013223
3230132231
2301322310
3013223100
0132231002
1322310020
3223100202
2231002023
2310020231
3100202311
1002023111
0020231110
0202311100
2023111001
0231110011
2311100110
3111001103
1110011032
1100110323
1001103231
0011032310
0110323100
1103231002
1032310020
0323100203
3231002033
2310020330
3100203301
1002033010
0020330102
0203301020
2033010201
0330102013
3301020133
3010201333
0102013332
1020133322
0201333222
2013332221
0133322213
1333222132
3332221322
3322213221
3222132213
2221322131
2213221312
2132213122
1322131223
3221312233
2213122330
2131223301
1312233013
3122330132
1223301322
2233013220
2330132201
3301322010
3013220103
0132201033
1322010332
3220103320
2201033203
2010332032
0103320320
1033203202
0332032020
3320320201
3203202010
2032020102
0320201020
3202010202
2020102023
0201020230
2010202301
0102023011
1020230110
0202301101
2023011012
0230110121
2301101210
3011012102
0110121020
1101210203
1012102032
0121020322
1210203222
2102032222
1020322222
0203222221
2032222210
0322222100
3222221002
2222210022
2222100223
2221002232
2210022321
2100223211
1002232111
0022321110
0223211103
2232111031
2321110310
3211103100
2111031000
1110310003
1103100032
1031000322
0310003220
3100032203
1000322032
0003220322
0032203221
0322032212
3220322123
2203221233
2032212332
0322123322
3221233220
2212332202
2123322023
1233220231
2332202311
3322023110
3220231103
2202311033
2023110331
0231103313
2311033131
3110331311
1103313112
1033131121
0331311211
3313112112
3131121122
1311211221
3112112212
1121122122
1211221223
2112212233
1122122331
1221223310
2212233101
2122331013
1223310131
2233101310
2331013103
3310131031
3101310310
1013103102
0131031020
1310310202
3103102023
1031020232
0310202320
3102023203
1020232032
0202320323
2023203232
0232032323
2320323232
3203232322
2032323220
0323232202
3232322021
2323220213
3232202130
2322021303
3220213032
2202130322
2021303223
0213032232
2130322323
1303223232
3032232320
0322323201
3223232013
2232320132
2323201323
3232013232
2320132323
3201323232
2013232322
0132323222
1323232220
3232322202
2323222023
3232220233
2322202332
3222023320
2220233203
2202332032
2023320320
0233203201
2332032013
3320320133
3203201333
2032013333
0320133332
3201333322
2013333220
0133332202
1333322021
3333220211
3332202110
3322021100
3220211000
2202110001
2021100011
0211000113
2110001133
1100011330
1000113303
0001133032
0011330320
0113303203
1133032032
1330320322
3303203221
3032032210
0320322103
3203221031
2032210311
0322103111
3221031110
2210311102
2103111021
1031110211
0311102111
3111021112
1110211122
1102111222
1021112220
0211122202
2111222020
1112220203
1122202031
1222020311
2220203111
2202031113
2020311132
0203111320
2031113201
0311132013
3111320133
1113201332
1132013321
1320133213
3201332132
2013321322
0133213220
1332132202
3321322020
3213220200
2132202002
1322020022
3220200222
2202002222
2020022222
0200222220
2002222202
0022222021
0222220212
2222202122
2222021221
2220212213
2202122132
2021221321
0212213211
2122132113
1221321131
2213211310
2132113102
1321131021
3211310211
2113102113
1131021131
1310211311
3102113110
1021131100
0211311003
2113110031
1131100313
1311003132
3110031321
1100313210
1003132101
0031321011
0313210110
3132101103
1321011030
3210110302
2101103020
1011030203
0110302032
1103020323
1030203231
0302032313
3020323130
0203231301
2032313010
0323130103
3231301032
2313010320
3130103203
1301032031
3010320310
0103203103
1032031032
0320310322
3203103223
2031032231
0310322310
3103223100
1032231000
0322310003
3223100032
2231000323
2310003233
3100032332
1000323322
0003233220
0032332203
0323322032
3233220320
2332203203
3322032033
3220320332
2203203320
2032033203
0320332033
3203320331
2033203313
0332033132
3320331320
3203313200
2033132003
0331320032
3313200323
3132003231
1320032312
3200323122
2003231221
0032312211
0323122112
3231221120
2312211202
3122112020
1221120203
2211202033
2112020331
1120203311
1202033112
2020331122
0203311222
2033112220
0331122202
3311222023
3112220233
1122202332
1222023322
2220233223
2202332232
2023322323
0233223231
2332232310
3322323102
3223231020
2232310200
2323102003
3231020033
2310200331
3102003313
1020033131
0200331311
2003313111
0033131112
0331311121
3313111210
3131112103
1311121032
3111210322
1112103221
1121032211
1210322110
2103221102
1032211022
0322110222
3221102220
2211022201
2110222011
1102220111
1022201111
0222011111
2220111110
2201111102
2011111021
0111110212
1111102121
1111021213
1110212133
1102121333
1021213332
0212133323
2121333232
1213332322
2133323223
1333232231
3332322310
3323223103
3232231031
2322310311
3223103110
2231031102
2310311020
3103110200
1031102003
0311020032
3110200320
1102003200
1020032002
0200320020
2003200201
0032002013
0320020133
3200201332
2002013322
0020133222
0201332221
2013322211
0133222111
1332221110
3322211102
3222111021
2221110211
2211102110
2111021102
1110211021
1102110211
1021102111
0211021111
2110211113
1102111133
1021111330
0211113302
2111133020
1111330201
1113302010
1133020102
1330201023
3302010230
3020102301
0201023011
2010230113
0102301133
1023011331
0230113313
2301133130
3011331303
0113313031
1133130312
1331303121
3313031213
3130312131
1303121310
3031213101
0312131013
3121310132
1213101323
2131013233
1310132332
3101323322
1013233220
0132332202
1323322022
3233220220
2332202203
3322022032
3220220320
2202203203
2022032032
0220320320
2203203201
2032032010
0320320103
3203201032
2032010322
0320103222
3201032223
2010322232
0103222320
1032223201
0322232011
3222320113
2223201132
2232011322
2320113223
3201132230
2011322302
0113223020
1132230203
1322302032
3223020321
2230203213
2302032132
3020321320
0203213202
2032132022
0321320220
3213202202
2132022023
1320220230
3202202303
2022023031
0220230313
2202303132
2023031322
0230313223
2303132230
3031322301
0313223011
3132230113
1322301131
3223011310
2230113102
2301131021
3011310210
0113102102
1131021022
1310210222
3102102220
1021022203
0210222033
2102220333
1022203333
0222033333
2220333331
2203333313
2033333132
0333331321
3333313211
3333132111
3331321113
3313211132
3132111320
1321113201
3211132011
2111320111
1113201111
1132011112
1320111121
3201111211
2011112111
0111121111
1111211110
1112111102
1121111022
1211110221
2111102210
1111022101
1110221011
1102210112
1022101122
0221011222
2210112220
2101122202
1011222021
0112220210
1122202101
1222021013
2220210132
2202101321
2021013211
0210132111
2101321110
1013211101
0132111011
1321110112
3211101123
2111011230
1110112302
1101123022
1011230221
0112302210
1123022101
1230221011
2302210112
3022101120
0221011200
2210112002
2101120021
1011200213
0112002131
1120021310
1200213103
2002131031
0021310311
0213103112
2131031121
1310311211
3103112110
1031121102
0311211022
3112110220
1121102202
1211022023
2110220232
1102202322
1022023220
0220232202
2202322022
2023220223
0232202232
2322022322
3220223223
2202232232
2022322320
0223223202
2232232021
2322320213
3223202132
2232021320
2320213201
3202132010
2021320101
0213201013
2132010132
1320101322
3201013222
2010132222
0101322221
1013222213
0132222132
1322221322
3222213220
2222132202
2221322021
2213220211
2132202111
1322021113
3220211131
2202111313
2021113132
0211131320
2111313200
1113132002
1131320020
1313200202
3132002022
1320020220
3200202202
2002022021
0020220211
0202202111
2022021111
0220211111
2202111111
2021111110
0211111102
2111111022
1111110223
1111102231
1111022313
1110223131
1102231311
1022313110
0223131101
2231311013
2313110130
3131101302
1311013021
3110130211
1101302111
1013021111
0130211111
1302111113
3021111131
0211111310
2111113102
1111131020
1111310200
1113102002
1131020022
1310200222
3102002222
1020022221
0200222213
2002222132
0022221322
0222213221
2222132213
2221322131
2213221311
2132213112
1322131120
3221311203
2213112032
2131120323
1311203232
3112032323
1120323233
1203232333
2032323332
0323233320
3232333203
2323332032
3233320322
2333203223
3332032232
3320322320
3203223201
2032232011
0322320113
3223201130
2232011302
2320113022
3201130220
2011302200
0113022003
1130220032
1302200322
3022003222
0220032222
2200322222
2003222221
0032222210
0322222102
3222221021
2222210211
2222102110
2221021100
2210211002
2102110022
1021100222
0211002222
2110022221
1100222213
1002222132
0022221321
0222213210
2222132102
2221321020
2213210202
2132102021
1321020211
3210202113
2102021131
1020211311
0202113111
2021131111
0211311111
2113111110
1131111100
1311111001
3111110010
1111100101
1111001012
1110010120
1100101201
1001012011
0010120113
0101201131
1012011310
0120113102
1201131021
2011310211
0113102111
1131021113
1310211131
3102111313
1021113130
0211131301
2111313010
1113130102
1131301021
1313010212
3130102122
1301021223
3010212230
0102122301
1021223010
0212230102
2122301023
1223010232
2230102320
2301023202
3010232022
0102320220
1023202201
0232022011
2320220111
3202201111
2022011110
0220111101
2201111010
2011110102
0111101023
1111010230
1110102301
1101023011
1010230113
0102301131
1023011313
0230113132
2301131321
3011313211
0113132111
1131321111
1313211113
3132111131
1321111312
3211113120
2111131202
1111312020
1113120201
1131202013
1312020132
3120201320
1202013203
2020132032
0201320322
2013203221
0132032213
1320322130
3203221303
2032213032
0322130323
3221303233
2213032332
2130323321
1303233211
3032332111
0323321111
3233211113
2332111131
3321111313
3211113132
2111131320
1111313201
1113132011
1131320113
1313201132
3132011321
1320113210
3201132102
2011321021
0113210211
1132102111
1321021111
3210211111
2102111110
1021111102
0211111021
2111110211
1111102111
1111021112
1110211120
1102111200
1021112003
0211120030
2111200303
1112003032
1120030323
1200303232
2003032320
0030323200
0303232001
3032320011
0323200110
3232001102
2320011021
3200110211
2001102110
0011021102
0110211020
1102110202
1021102022
0211020223
2110202233
1102022331
1020223312
0202233120
2022331201
0223312011
2233120110
2331201102
3312011020
3120110202
1201102021
2011020213
0110202133
1102021332
1020213323
0202133231
2021332313
0213323131
2133231310
1332313101
3323131011
3231310111
2313101113
3131011133
1310111332
3101113322
1011133220
0111332202
1113322022
1133220222
1332202223
3322022231
3220222311
2202223113
2022231131
0222311313
2223113132
2231131321
2311313211
3113132113
1131321131
1313211313
3132113131
1321131310
3211313103
2113131031
1131310311
1313103112
3131031122
1310311221
3103112211
1031122113
0311221132
3112211321
1122113213
1221132132
2211321322
2113213223
1132132232
1321322321
3213223213
2132232130
1322321301
3223213013
2232130131
2321301313
3213013132
2130131322
1301313220
3013132200
0131322000
1313220002
3132200022
1322000221
3220002211
2200022111
2000221110
0002211100
0022111002
0221110020
2211100201
2111002013
1110020131
1100201313
1002013131
0020131313
0201313131
2013131313
0131313131
1313131311
3131313113
1313131132
3131311322
1313113222
3131132220
1311322200
3113222002
1132220020
1322200200
3222002003
2220020032
2200200322
2002003222
0020032222
0200322223
2003222233
0032222332
0322223323
3222233233
2222332330
2223323300
2233233000
2332330002
3323300020
3233000201
2330002012
3300020123
3000201233
0002012333
0020123333
0201233333
2012333332
0123333321
1233333213
2333332133
3333321333
3333213333
3332133332
3321333322
3213333222
2133332222
1333322222
3333222223
3332222232
3322222321
3222223213
2222232132
2222321323
2223213232
2232132322
2321323220
3213232202
2132322020
1323220200
3232202003
2322020031
3220200311
2202003113
2020031132
0200311320
2003113202
0031132023
0311320230
3113202301
1132023013
1320230133
3202301332
2023013322
0230133221
2301332210
3013322101
0133221011
1332210111
3322101110
3221011102
2210111020
2101110202
1011102022
0111020220
1110202202
1102022022
1020220221
0202202210
2022022101
0220221013
2202210130
2022101301
0221013011
2210130111
2101301111
1013011113
0130111131
1301111310
3011113102
0111131021
1111310211
1113102111
1131021113
1310211130
3102111301
1021113010
0211130101
2111301013
1113010131
1130101311
1301013113
3010131131
0101311311
1013113113
0131131132
1311311321
3113113211
1131132113
1311321133
3113211333
1132113330
1321133302
3211333021
2113330211
1133302111
1333021110
3330211102
3302111021
3021110211
0211102113
2111021133
1110211333
1102113332
1021133320
0211333201
2113332010
1133320100
1333201003
3332010031
3320100313
3201003131
2010031313
0100313130
1003131303
0031313033
0313130330
3131303301
1313033013
3130330132
1303301322
3033013222
0330132220
3301322201
3013222011
0132220110
1322201102
3222011022
2220110220
2201102201
2011022011
0110220111
1102201110
1022011103
0220111031
2201110310
2011103102
0111031020
1110310202
1103102021
1031020212
0310202122
3102021222
1020212222
0202122220
2021222203
0212222031
2122220313
1222203131
2222031311
2220313110
2203131101
2031311011
0313110110
3131101100
1311011002
3110110021
1101100210
1011002101
0110021011
1100210113
1002101133
0021011331
0210113312
2101133120
1011331200
0113312002
1133120020
1331200202
3312002020
3120020201
1200202013
2002020131
0020201311
0202013113
2020131130
0201311301
2013113010
0131130102
1311301021
3113010210
1130102102
1301021020
3010210202
0102102020
1021020200
0210202001
2102020011
1020200111
0202001111
2020011112
0200111120
2001111202
0011112023
0111120230
1111202301
1112023011
1120230113
1202301132
2023011322
0230113222
2301132221
3011322211
0113222113
1132221132
1322211322
3222113220
2221132201
2211322012
2113220123
1132201232
1322012321
3220123211
2201232110
2012321102
0123211023
1232110232
2321102323
3211023232
2110232320
1102323202
1023232022
0232320223
2323202231
3232022310
2320223100
3202231002
2022310023
0223100231
2231002313
2310023132
3100231321
1002313213
0023132132
0231321320
2313213202
3132132022
1321320221
3213202211
2132022111
1320221111
3202211110
2022111101
0221111013
2211110132
2111101323
1111013232
1110132321
1101323211
1013232113
0132321133
1323211331
3232113310
2321133102
3211331020
2113310202
1133102023
1331020230
3310202302
3102023022
1020230220
0202302200
2023022000
0230220002
2302200020
3022000201
0220002011
2200020110
2000201102
0002011020
0020110201
0201102013
2011020133
0110201332
1102013323
1020133232
0201332322
2013323221
0133232213
1332322131
3323221311
3232213111
2322131110
3221311101
2213111011
2131110110
1311101101
3111011011
1110110110
1101101101
1011011010
0110110100
1101101000
1011010002
0110100021
1101000210
1010002102
0100021022
1000210220
0002102203
0021022031
0210220311
2102203111
1022031113
0220311131
2203111313
2031113132
0311131320
3111313203
1113132031
1131320310
1313203101
3132031010
1320310103
3203101032
2031010322
0310103220
3101032202
1010322022
0103220222
1032202221
0322022210
3220222102
2202221021
2022210211
0222102113
2221021132
2210211323
2102113230
1021132302
0211323023
2113230232
1132302321
1323023211
3230232110
2302321102
3023211022
0232110220
2321102200
3211022001
2110220013
1102200133
1022001332
0220013321
2200133211
2001332111
0013321113
0133211130
1332111300
3321113002
3211130020
2111300200
1113002000
1130020001
1300200011
3002000113
0020001133
0200011331
2000113311
0001133110
0011331102
0113311022
1133110221
1331102213
3311022132
3110221321
1102213213
1022132131
0221321310
2213213100
2132131000
1321310003
3213100031
2131000311
1310003113
3100031132
1000311320
0003113200
0031132002
0311320023
3113200232
1132002322
1320023223
3200232233
2002322332
0023223320
0232233202
2322332022
3223320222
2233202222
2332022221
3320222211
3202222113
2022221132
0222211322
2222113221
2221132210
2211322103
2113221032
1132210322
1322103221
3221032213
2210322132
2103221322
1032213221
0322132213
3221322130
2213221302
2132213020
1322130200
3221302002
2213020020
2130200202
1302002022
3020020221
0200202210
2002022102
0020221021
0202210210
2022102101
0221021010
2210210101
2102101011
1021010112
0210101122
2101011220
1010112201
0101122010
1011220102
0112201023
1122010232
1220102323
2201023231
2010232310
0102323102
1023231023
0232310232
2323102322
3231023220
2310232203
3102322031
1023220310
0232203103
2322031030
3220310302
2203103020
2031030200
0310302001
3103020011
1030200111
0302001113
3020011132
0200111321
2001113211
0011132111
0111321113
1113211132
1132111321
1321113211
3211132110
2111321100
1113211000
1132110001
1321100013
3211000130
2110001303
1100013032
1000130320
0001303202
0013032022
0130320221
1303202213
3032022131
0320221313
3202213130
2022131303
0221313032
2213130322
2131303220
1313032203
3130322032
1303220323
3032203231
0322032310
3220323101
2203231010
2032310102
0323101021
3231010211
2310102113
3101021133
1010211330
0102113303
1021133031
0211330313
2113303131
1133031313
1330313133
3303131331
3031313310
0313133101
3131331011
1313310113
3133101130
1331011300
3310113002
3101130022
1011300221
0113002213
1130022132
1300221323
3002213231
0022132310
0221323101
2213231011
2132310113
1323101132
3231011322
2310113221
3101132213
1011322131
0113221313
1132213131
1322131310
3221313103
2213131033
2131310333
1313103331
3131033311
1310333110
3103331100
1033311001
0333110013
3331100131
3311001312
3110013123
1100131233
1001312333
0013123333
0131233330
1312333300
3123333000
1233330002
2333300022
3333000220
3330002201
3300022013
3000220132
0002201320
0022013202
0220132022
2201320222
2013202220
0132022200
1320222002
3202220021
2022200213
0222002131
2220021310
2200213102
2002131021
0021310211
0213102113
2131021130
1310211300
3102113000
1021130000
0211300002
2113000022
1130000220
1300002203
3000022030
0000220302
0002203020
0022030202
0220302022
2203020221
2030202211
0302022111
3020221111
0202211110
2022111100
0221111002
2211110022
2111100222
1111002220
1110022200
1100222003
1002220030
0022200303
0222003031
2220030313
2200303133
2003031332
0030313320
0303133202
3031332020
0313320200
3133202001
1332020012
3320200120
3202001202
2020012020
0200120203
2001202030
0012020302
0120203021
1202030211
2020302111
0203021110
2030211103
0302111033
3021110332
0211103322
2111033222
1110332220
1103322200
1033222000
0332220001
3322200013
3222000133
2220001332
2200013323
2000133231
0001332313
0013323131
0133231313
1332313132
3323131320
3231313202
2313132020
3131320201
1313202010
3132020101
1320201013
3202010132
2020101321
0201013210
2010132103
0101321031
1013210311
0132103111
1321031110
3210311102
2103111022
1031110220
0311102202
3111022022
1110220220
1102202202
1022022020
0220220202
2202202022
2022020220
0220202202
2202022021
2020220210
0202202102
2022021021
0220210210
2202102103
2021021033
0210210330
2102103302
1021033021
0210330210
2103302103
1033021031
0330210311
3302103113
3021031132
0210311320
2103113201
1031132011
0311320110
3113201100
1132011003
1320110031
3201100311
2011003113
0110031133
1100311332
1003113323
0031133230
0311332301
3113323010
1133230102
1332301020
3323010202
3230102023
2301020232
3010202323
0102023233
1020232330
0202323301
2023233013
0232330133
2323301333
3233013332
2330133323
3301333233
3013332333
0133323333
1333233332
3332333323
3323333233
3233332333
2333323333
3333233333
3332333330
3323333301
3233333013
2333330133
3333301332
3333013323
3330133233
3301332333
3013323333
0133233333
1332333333
3323333333
3233333330
2333333300
3333333000
3333330000
3333300001
3333000010
3330000103
3300001032
3000010320
0000103200
0001032000
0010320003
0103200030
1032000300
0320003002
3200030022
2000300220
0003002200
0030022002
0300220021
3002200213
0022002132
0220021320
2200213200
