2202222212
2022222120
0222221202
2222212021
2222120213
2221202132
2212021321
2120213212
1202132120
2021321202
0213212021
2132120212
1321202121
3212021212
2120212121
1202121213
2021212133
0212121332
2121213321
1212133213
2121332131
1213321311
2133213111
1332131110
3321311100
3213111003
2131110031
1311100310
3111003101
1110031010
1100310102
1003101022
0031010220
0310102202
3101022020
1010220200
0102202002
1022020022
0220200220
2202002202
2020022022
0200220220
2002202202
0022022022
0220220220
2202202202
2022022022
0220220220
2202202202
2022022022
0220220220
2202202202
2022022022
0220220220
2202202202
2022022022
0220220222
2202202221
2022022213
0220222132
2202221321
2022213212
0222132123
2221321232
2213212320
2132123202
1321232022
3212320220
2123202200
1232022002
2320220023
3202200230
2022002303
0220023030
2200230300
2002303002
0023030020
0230300200
2303002003
3030020032
0300200320
3002003200
0020032002
0200320023
2003200233
0032002332
0320023323
3200233232
2002332322
0023323220
0233232202
2332322021
3323220213
3232202132
2322021320
3220213202
2202132020
2021320203
0213202033
2132020331
1320203313
3202033131
2020331311
0203313113
2033131131
0331311311
3313113111
3131131113
1311311132
3113111320
1131113202
1311132020
3111320203
1113202031
1132020312
1320203121
3202031210
2020312102
0203121020
2031210202
0312102020
3121020201
1210202011
2102020110
1020201102
0202011022
2020110220
0201102202
2011022020
0110220203
1102202033
1022020332
0220203321
2202033211
2020332111
0203321111
2033211111
0332111111
3321111112
3211111122
2111111221
1111112210
1111122102
1111221021
1112210211
1122102112
1221021121
2210211212
2102112121
1021121212
0211212121
2112121211
1121212111
1212121111
2121211113
1212111133
2121111331
1211113311
2111133111
1111331113
1113311132
1133111322
1331113222
3311132222
3111322220
1113222201
1132222011
1322220111
3222201113
2222011133
2220111333
2201113331
2011133313
0111333132
1113331322
1133313223
1333132230
3331322301
3313223011
3132230112
1322301121
3223011212
2230112121
2301121212
3011212121
0112121211
1121212111
1212121110
2121211102
1212111021
2121110211
1211102111
2111021111
1110211111
1102111113
1021111131
0211111311
2111113111
1111131111
1111311113
1113111132
1131111322
1311113221
3111132212
1111322122
1113221221
1132212212
1322122121
3221221211
2212212111
2122121111
1221211112
2212111121
2121111212
1211112121
2111121211
1111212111
1112121112
1121211122
1212111221
2121112212
1211122121
2111221211
1112212111
1122121113
1221211131
2212111312
2121113121
1211131213
2111312132
1113121321
1131213211
1312132112
3121321122
1213211222
2132112223
1321122231
3211222311
2112223110
1122231102
1222311021
2223110211
2231102112
2311021122
3110211220
1102112202
1021122021
0211220211
2112202110
1122021103
1220211032
2202110322
2021103222
0211032222
2110322221
1103222211
1032222112
0322221122
3222211220
2222112202
2221122021
2211220211
2112202112
1122021121
1220211210
2202112102
2021121023
0211210232
2112102320
1121023202
1210232021
2102320210
1023202101
0232021011
2320210110
3202101103
2021011032
0210110322
2101103220
1011032202
0110322021
1103220213
1032202132
0322021322
3220213221
2202132212
2021322122
0213221221
2132212211
1322122113
3221221132
2212211322
2122113223
1221132232
2211322321
2113223211
1132232112
1322321121
3223211213
2232112132
2321121322
3211213222
2112132222
1121322222
1213222221
2132222213
1322222132
3222221322
2222213223
2222132231
2221322311
2213223113
2132231131
1322311312
3223113121
2231131211
2311312111
3113121113
1131211131
1312111311
3121113113
1211131132
2111311321
1113113211
1131132111
1311321111
3113211111
1132111111
1321111112
3211111121
2111111210
1111112102
1111121021
1111210211
1112102112
1121021121
1210211212
2102112122
1021121222
0211212221
2112122210
1121222101
1212221011
2122210111
1222101110
2221011100
2210111002
2101110023
1011100232
0111002323
1110023232
1100232321
1002323210
0023232101
0232321011
2323210112
3232101122
2321011221
3210112210
2101122101
1011221010
0112210102
1122101020
1221010201
2210102010
2101020103
1010201032
0102010320
1020103200
0201032002
2010320021
0103200213
1032002132
0320021321
3200213212
2002132120
0021321201
0213212013
2132120131
1321201311
3212013111
2120131110
1201311102
2013111021
0131110211
1311102110
3111021102
1110211023
1102110231
1021102311
0211023113
2110231132
1102311320
1023113202
0231132020
2311320201
3113202011
1132020111
1320201110
3202011101
2020111011
0201110113
2011101132
0111011322
1110113220
1101132201
1011322010
0113220103
1132201032
1322010321
3220103213
2201032131
2010321311
0103213112
1032131121
0321311211
3213112110
2131121101
1311211011
3112110113
1121101131
1211011313
2110113130
1101131301
1011313011
0113130110
1131301102
1313011022
3130110222
1301102221
3011022213
0110222132
1102221323
1022213231
0222132310
2221323102
2213231022
2132310223
1323102232
3231022322
2310223223
3102232232
1022322321
0223223210
2232232102
2322321022
3223210222
2232102223
2321022230
3210222300
2102223001
1022230011
0222300113
2223001132
2230011322
2300113220
3001132200
0011322001
0113220013
1132200131
1322001310
3220013101
2200131011
2001310113
0013101130
0131011301
1310113011
3101130113
1011301132
0113011321
1130113211
1301132111
3011321112
0113211121
1132111211
1321112110
3211121100
2111211003
1112110032
1121100321
1211003211
2110032110
1100321102
1003211021
0032110211
0321102113
3211021131
2110211313
1102113131
1021131311
0211313113
2113131133
1131311333
1313113331
3131133313
1311333132
3113331321
1133313210
1333132102
3331321022
3313210220
3132102201
1321022010
3210220103
2102201031
1022010311
0220103110
2201031102
2010311022
0103110220
1031102202
0311022022
3110220223
1102202232
1022022321
0220223210
2202232102
2022321022
0223210222
2232102221
2321022213
3210222130
2102221303
1022213032
0222130323
2221303232
2213032321
2130323213
1303232131
3032321310
0323213103
3232131033
2321310332
3213103321
2131033213
1310332131
3103321310
1033213101
0332131010
3321310100
3213101001
2131010011
1310100112
3101001120
1010011202
0100112023
1001120232
0011202320
0112023202
1120232022
1202320221
2023202210
0232022102
2320221020
3202210203
2022102031
0221020311
2210203111
2102031112
1020311121
0203111213
2031112132
0311121321
3111213210
1112132102
1121321020
1213210202
2132102022
1321020221
3210202213
2102022132
1020221320
0202213202
2022132022
0221320220
2213202203
2132022033
1320220332
3202203323
2022033232
0220332321
2203323212
2033232120
0332321202
3323212022
3232120221
2321202210
3212022101
2120221011
1202210111
2022101110
0221011102
2210111021
2101110213
1011102131
0111021313
1110213133
1102131333
1021313332
0213133320
2131333202
1313332022
3133320220
1333202201
3332022010
3320220102
3202201021
2022010213
0220102130
2201021303
2010213032
0102130321
1021303211
0213032111
2130321113
1303211132
3032111322
0321113221
3211132211
2111322112
1113221123
1132211232
1322112321
3221123213
2211232133
2112321332
1123213320
1232133201
2321332010
3213320100
2133201003
1332010032
3320100322
3201003220
2010032202
0100322020
1003220201
0032202011
0322020113
3220201132
2202011321
2020113213
0201132132
2011321322
0113213220
1132132201
1321322010
3213220100
2132201003
1322010032
3220100321
2201003211
2010032110
0100321101
1003211011
0032110111
0321101111
3211011113
2110111132
1101111321
1011113211
0111132110
1111321101
1113211010
1132110102
1321101022
3211010222
2110102222
1101022221
1010222211
0102222113
1022221131
0222211311
2222113111
2221131111
2211311110
2113111102
1131111020
1311110200
3111102002
1111020022
1110200222
1102002221
1020022213
0200222132
2002221321
0022213212
0222132120
2221321202
2213212020
2132120202
1321202021
3212020213
2120202130
1202021301
2020213010
0202130102
2021301021
0213010213
2130102130
1301021300
3010213002
0102130020
1021300200
0213002002
2130020021
1300200211
3002002113
0020021131
0200211310
2002113101
0021131010
0211310102
2113101020
1131010202
1310102020
3101020203
1010202031
0102020311
1020203113
0202031132
2020311320
0203113200
2031132000
0311320002
3113200022
1132000220
1320002202
3200022022
2000220222
0002202222
0022022223
0220222231
2202222313
2022223133
0222231332
2222313320
2223133203
2231332031
2313320311
3133203110
1332031102
3320311021
3203110212
2031102122
0311021220
3110212200
1102122001
1021220011
0212200111
2122001111
1220011111
2200111110
2001111102
0011111021
0111110213
1111102131
1111021313
1110213132
1102131321
1021313211
0213132110
2131321101
1313211011
3132110110
1321101102
3211011022
2110110220
1101102201
1011022010
0110220101
1102201012
1022010122
0220101223
2201012233
2010122333
0101223333
1012233330
0122333303
1223333032
2233330322
2333303222
3333032220
3330322202
3303222022
3032220220
0322202201
3222022010
2220220103
2202201031
2022010313
0220103133
2201031331
2010313311
0103133110
1031331101
0313311010
3133110100
1331101002
3311010020
3110100200
1101002003
1010020030
0100200300
1002003001
0020030011
0200300110
2003001102
0030011021
0300110213
3001102132
0011021322
0110213221
1102132213
1021322132
0213221321
2132213211
1322132110
3221321103
2213211032
2132110321
1321103210
3211032102
2110321020
1103210203
1032102030
0321020302
3210203020
2102030201
1020302010
0203020102
2030201021
0302010210
3020102101
0201021011
2010210111
0102101112
1021011123
0210111233
2101112331
1011123312
0111233120
1112331202
1123312022
1233120222
2331202221
3312022211
3120222113
1202221132
2022211321
0222113210
2221132100
2211321001
2113210011
1132100111
1321001111
3210011113
2100111132
1001111323
0011113233
0111132331
1111323313
1113233131
1132331311
1323313110
3233131102
2331311021
3313110213
3131102133
1311021332
3110213323
1102133230
1021332300
0213323000
2133230002
1332300021
3323000211
3230002113
2300021131
3000211311
0002113111
0021131110
0211311101
2113111013
1131110132
1311101321
3111013213
1110132132
1101321322
1013213222
0132132222
1321322220
3213222202
2132222020
1322220200
3222202000
2222020002
2220200023
2202000233
2020002333
0200023333
2000233332
0002333320
0023333202
0233332022
2333320220
3333202201
3332022013
3320220132
3202201323
2022013231
0220132310
2201323102
2013231020
0132310201
1323102011
3231020113
2310201133
3102011332
1020113320
0201133201
2011332010
0113320101
1133201012
1332010121
3320101210
3201012101
2010121011
0101210112
1012101123
0121011233
1210112333
2101123332
1011233323
0112333232
1123332321
1233323211
2333232110
3332321102
3323211023
3232110232
2321102322
3211023221
2110232213
1102322132
1023221323
0232213232
2322132321
3221323211
2213232111
2132321112
1323211121
3232111213
2321112132
3211121321
2111213210
1112132100
1121321002
1213210022
2132100222
1321002221
3210022211
2100222112
1002221122
0022211221
0222112213
2221122132
2211221321
2112213211
1122132111
1221321110
2213211101
2132111013
1321110132
3211101320
2111013201
1110132013
1101320132
1013201321
0132013213
1320132132
3201321321
2013213211
0132132110
1321321103
3213211032
2132110320
1321103202
3211032021
2110320210
1103202102
1032021023
0320210232
3202102323
2021023232
0210232321
2102323213
1023232132
0232321321
2323213211
3232132112
2321321122
3213211221
2132112213
1321122132
3211221321
2112213210
1122132101
1221321012
2213210122
2132101222
1321012221
3210122211
2101222111
1012221111
0122211110
1222111100
2221111002
2211110021
2111100210
1111002101
1110021013
1100210131
1002101313
0021013132
0210131320
2101313201
1013132013
0131320132
1313201321
3132013211
1320132113
3201321132
2013211322
0132113221
1321132211
3211322113
2113221132
1132211321
1322113211
3221132113
2211321131
2113211311
1132113110
1321131101
3211311013
2113110133
1131101331
1311013310
3110133100
1101331001
1013310011
0133100110
1331001101
3310011010
3100110102
1001101023
0011010232
0110102322
1101023221
1010232210
0102322103
1023221031
0232210313
2322103132
3221031323
2210313232
2103132320
1031323202
0313232021
3132320213
1323202132
3232021321
2320213210
3202132103
2021321033
0213210332
2132103321
1321033211
3210332111
2103321110
1033211102
0332111021
3321110211
3211102111
2111021113
1110211132
1102111322
1021113223
0211132231
2111322310
1113223101
1132231011
1322310113
3223101130
2231011303
2310113030
3101130300
1011303001
0113030010
1130300101
1303001010
3030010102
0300101020
3001010201
0010102010
0101020101
1010201011
0102010113
1020101133
0201011331
2010113312
0101133120
1011331202
0113312023
1133120231
1331202311
3312023110
3120231103
1202311032
2023110321
0231103211
2311032111
3110321110
1103211100
1032111001
0321110011
3211100111
2111001113
1110011132
1100111320
1001113202
0011132022
0111320222
1113202221
1132022211
1320222112
3202221123
2022211233
0222112330
2221123303
2211233030
2112330301
1123303010
1233030103
2330301033
3303010333
3030103332
0301033322
3010333223
0103332232
1033322321
0333223211
3332232110
3322321102
3223211021
2232110213
2321102132
3211021323
2110213232
1102132323
1021323232
0213232320
2132323201
1323232013
3232320132
2323201321
3232013211
2320132113
3201321132
2013211323
0132113231
1321132311
3211323111
2113231113
1132311130
1323111301
3231113010
2311130100
3111301003
1113010033
1130100330
1301003301
3010033011
0100330113
1003301132
0033011323
0330113231
3301132313
3011323130
0113231301
1132313012
1323130122
3231301220
2313012203
3130122032
1301220323
3012203230
0122032302
1220323022
2203230220
2032302203
0323022031
3230220311
2302203113
3022031132
0220311321
2203113210
2031132101
0311321011
3113210111
1132101113
1321011132
3210111322
2101113223
1011132231
0111322313
1113223132
1132231321
1322313211
3223132111
2231321113
2313211131
3132111313
1321113132
3211131321
2111313210
1113132101
1131321010
1313210100
3132101001
1321010011
3210100110
2101001100
1010011002
0100110020
1001100202
0011002022
0110020223
1100202232
1002022320
0020223201
0202232010
2022320102
0223201021
2232010211
2320102112
3201021120
2010211202
0102112022
1021120220
0211202203
2112022032
1120220322
1202203220
2022032200
0220322001
2203220010
2032200101
0322001010
3220010102
2200101021
2001010212
0010102123
0101021233
1010212332
0102123323
1021233232
0212332320
2123323202
1233232020
2332320200
3323202002
3232020023
2320200232
3202002321
2020023210
0200232102
2002321021
0023210210
0232102100
2321021002
3210210021
2102100211
1021002111
0210021113
2100211132
1002111323
0021113232
0211132321
2111323211
1113232111
1132321112
1323211120
3232111202
2321112023
3211120232
2111202323
1112023232
1120232321
1202323213
2023232130
0232321303
2323213032
3232130322
2321303223
3213032231
2130322313
1303223132
3032231322
0322313222
3223132221
2231322210
2313222103
3132221032
1322210322
3222103220
2221032202
2210322021
2103220210
1032202101
0322021011
3220210113
2202101132
2021011321
0210113212
2101132122
1011321222
0113212220
1132122202
1321222022
3212220223
2122202232
1222022320
2220223202
2202232022
2022320222
0223202221
2232022213
2320222132
3202221323
2022213231
0222132310
2221323101
2213231011
2132310110
1323101102
3231011021
2310110212
3101102121
1011021211
0110212110
1102121100
1021211001
0212110010
2121100103
1211001031
2110010311
1100103110
1001031102
0010311022
0103110220
1031102202
0311022023
3110220233
1102202333
1022023332
0220233321
2202333213
2023332132
0233321322
2333213221
3332132213
3321322132
3213221321
2132213210
1322132100
3221321002
2213210020
2132100200
1321002002
3210020020
2100200203
1002002031
0020020313
0200203133
2002031333
0020313332
0203133322
2031333222
0313332220
3133322202
1333222021
3332220211
3322202113
3222021130
2220211302
2202113021
2021130210
0211302103
2113021033
1130210333
1302103331
3021033313
0210333132
2103331321
1033313213
0333132132
3331321322
3313213220
3132132202
1321322020
3213220202
2132202023
1322020233
3220202333
2202023333
2020233332
0202333320
2023333203
0233332032
2333320322
3333203222
3332032222
3320322220
3203222201
2032222011
0322220111
3222201110
2222011102
2220111021
2201110211
2011102113
0111021131
1110211311
1102113110
1021131100
0211311001
2113110010
1131100103
1311001033
3110010332
1100103321
1001033211
0010332111
0103321111
1033211111
0332111111
3321111113
3211111131
2111111311
1111113110
1111131102
1111311021
1113110211
1131102110
1311021102
3110211020
1102110202
1021102021
0211020210
2110202102
1102021021
1020210213
0202102131
2021021311
0210213112
2102131120
1021311202
0213112023
2131120232
1311202323
3112023233
1120232333
1202323332
2023233320
0232333202
2323332020
3233320202
2333202023
3332020231
3320202313
3202023132
2020231322
0202313220
2023132202
0231322022
2313220220
3132202202
1322022020
3220220203
2202202031
2022020310
0220203101
2202031010
2020310102
0203101022
2031010223
0310102233
3101022330
1010223301
0102233011
1022330113
0223301130
2233011303
2330113030
3301130301
3011303010
0113030103
1130301031
1303010313
3030103131
0301031310
3010313102
0103131021
1031310210
0313102103
3131021032
1310210322
3102103221
1021032211
0210322110
2103221102
1032211020
0322110201
3221102010
2211020102
2110201023
1102010231
1020102313
0201023132
2010231321
0102313211
1023132113
0231321132
2313211320
3132113201
1321132011
3211320113
2113201131
1132011310
1320113102
3201131023
2011310232
0113102323
1131023233
1310232333
3102323333
1023233331
0232333311
2323333110
3233331102
2333311020
3333110200
3331102001
3311020011
3110200113
1102001133
1020011331
0200113310
2001133100
0011331002
0113310023
1133100230
1331002300
3310023003
3100230031
1002300311
0023003112
0230031122
2300311222
3003112222
0031122220
0311222201
3112222012
1122220120
1222201202
2222012023
2220120233
2201202331
2012023313
0120233131
1202331311
2023313110
0233131103
2331311032
3313110320
3131103203
1311032032
3110320322
1103203223
1032032232
0320322321
3203223211
2032232113
0322321130
3223211301
2232113013
2321130131
3211301310
2113013101
1130131013
1301310132
3013101320
0131013201
1310132011
3101320111
1013201113
0132011132
1320111321
3201113210
2011132100
0111321002
1113210022
1132100222
1321002221
3210022213
2100222132
1002221322
0022213222
0222132221
2221322210
2213222103
2132221031
1322210310
3222103102
2221031021
2210310213
2103102132
1031021322
0310213221
3102132213
1021322132
0213221322
2132213222
1322132222
3221322221
2213222213
2132222132
1322221321
3222213212
2222132121
2221321213
2213212131
2132121312
1321213121
3212131213
2121312130
1213121301
2131213012
1312130122
3121301222
1213012220
2130122202
1301222021
3012220213
0122202132
1222021322
2220213222
2202132221
2021322210
0213222102
2132221021
1322210212
3222102122
2221021222
2210212221
2102122213
1021222132
0212221322
2122213223
1222132233
2221322331
2213223313
2132233131
1322331310
3223313103
2233131031
2331310311
3313103110
3131031101
1310311011
3103110112
1031101120
0311011200
3110112000
1101120001
1011200012
0112000121
1120001211
1200012111
2000121112
0001211121
0012111211
0121112113
1211121133
2111211333
1112113332
1121133321
1211333213
2113332133
1133321331
1333213312
3332133123
3321331231
3213312311
2133123110
1331231101
3312311010
3123110101
1231101012
2311010122
3110101223
1101012232
1010122321
0101223211
1012232111
0122321113
1223211132
2232111322
2321113222
3211132220
2111322201
1113222011
1132220110
1322201102
3222011021
2220110213
2201102133
2011021333
0110213333
1102133331
1021333311
0213333112
2133331122
1333311220
3333112200
3331122001
3311220011
3112200111
1122001112
1220011121
2200111210
2001112101
0011121011
0111210110
1112101102
1121011022
1210110221
2101102213
1011022131
0110221313
1102213132
1022131321
0221313213
2213132131
2131321311
1313213110
3132131101
1321311010
3213110101
2131101010
1311010102
3110101021
1101010211
1010102110
0101021100
1010211001
0102110011
1021100112
0211001122
2110011221
1100112211
1001122110
0011221102
0112211020
1122110202
1221102020
2211020200
2110202001
1102020012
1020200120
0202001202
2020012023
0200120232
2001202323
0012023232
0120232323
1202323230
2023232302
0232323022
2323230223
3232302232
2323022320
3230223202
2302232020
3022320200
0223202001
2232020011
2320200113
3202001130
2020011302
0200113022
2001130221
0011302213
0113022132
1130221321
1302213213
3022132130
0221321301
2213213013
2132130131
1321301310
3213013101
2130131013
1301310130
3013101303
0131013032
1310130323
3101303232
1013032321
0130323211
1303232111
3032321110
0323211103
3232111032
2321110322
3211103222
2111032221
1110322210
1103222101
1032221013
0322210132
3222101321
2221013213
2210132132
2101321322
1013213222
0132132222
1321322223
3213222231
2132222311
1322223110
3222231102
2222311022
2223110220
2231102201
2311022011
3110220111
1102201110
1022011101
0220111011
2201110111
2011101110
0111011102
1110111023
1101110232
1011102323
0111023232
1110232323
1102323231
1023232310
0232323100
2323231001
3232310013
2323100132
3231001321
2310013210
3100132102
1001321021
0013210211
0132102110
1321021102
3210211023
2102110233
1021102331
0211023311
2110233113
1102331133
1023311331
0233113312
2331133122
3311331222
3113312222
1133122221
1331222211
3312222110
3122221102
1222211022
2222110220
2221102202
2211022023
2110220232
1102202321
1022023212
0220232123
2202321232
2023212322
0232123220
2321232202
3212322022
2123220220
1232202200
2322022003
3220220032
2202200321
2022003211
0220032112
2200321120
2003211202
0032112023
0321120230
3211202301
2112023013
1120230132
1202301321
2023013210
0230132102
2301321022
3013210222
0132102222
1321022221
3210222213
2102222133
1022221331
0222213311
2222133111
2221331110
2213311102
2133111022
1331110222
3311102220
3111022202
1110222023
1102220230
1022202303
0222023032
2220230323
2202303232
2023032322
0230323220
2303232203
3032322032
0323220322
3232203221
2322032210
3220322102
2203221022
2032210221
0322102210
3221022101
2210221013
2102210132
1022101323
0221013231
2210132313
2101323130
1013231301
0132313011
1323130110
3231301103
2313011032
3130110321
1301103211
3011032110
0110321103
1103211031
1032110311
0321103111
3211031112
2110311120
1103111202
1031112023
0311120232
3111202323
1112023231
1120232310
1202323102
2023231021
0232310211
2323102111
3231021111
2310211110
3102111102
1021111020
0211110200
2111102003
1111020032
1110200322
1102003221
1020032213
0200322131
2003221310
0032213102
0322131023
3221310232
2213102320
2131023201
1310232011
3102320113
1023201132
0232011321
2320113213
3201132133
2011321333
0113213332
1132133322
1321333220
3213332203
2133322031
1333220312
3332203122
3322031220
3220312202
2203122022
2031220221
0312202213
3122022132
1220221320
2202213201
2022132011
0221320110
2213201102
2132011023
1320110232
3201102323
2011023232
0110232323
1102323232
1023232322
0232323221
2323232211
3232322113
2323221132
3232211323
2322113232
3221132321
2211323211
2113232111
1132321110
1323211101
3232111013
2321110130
3211101301
2111013010
1110130100
1101301002
1013010022
0130100220
1301002201
3010022013
0100220131
1002201313
0022013131
0220131311
2201313111
2013131113
0131311130
1313111301
3131113013
1311130132
3111301323
1113013232
1130132323
1301323232
3013232322
0132323221
1323232213
3232322131
2323221312
3232213121
2322131213
3221312132
2213121321
2131213211
1312132111
3121321111
1213211110
2132111102
1321111021
3211110212
2111102122
1111021223
1110212232
1102122323
1021223232
0212232320
2122323200
1223232000
2232320001
2323200011
3232000113
2320001132
3200011320
2000113201
0001132011
0011320113
0113201131
1132011313
1320113131
3201131311
2011313113
0113131130
1131311303
1313113030
3131130303
1311303032
3113030321
1130303211
1303032111
3030321110
0303211103
3032111031
0321110313
3211103132
2111031322
1110313220
1103132200
1031322002
0313220023
3132200233
1322002333
3220023331
2200233311
2002333110
0023331102
0233311020
2333110203
3331102032
3311020320
3110203202
1102032022
1020320220
0203202202
2032022022
0320220222
3202202221
2022022210
0220222101
2202221010
2022210103
0222101032
2221010321
2210103211
2101032110
1010321102
0103211021
1032110213
0321102132
3211021323
2110213232
1102132321
1021323211
0213232111
2132321111
1323211110
3232111103
2321111031
3211110310
2111103100
1111031001
1110310013
1103100132
1031001321
0310013210
3100132101
1001321010
0013210101
0132101010
1321010101
3210101013
2101010131
1010101311
0101013113
1010131132
0101311321
1013113212
0131132123
1311321232
3113212322
1132123220
1321232201
3212322011
2123220113
1232201132
2322011322
3220113220
2201132203
2011322032
0113220320
1132203201
1322032010
3220320100
2203201002
2032010022
0320100222
3201002221
2010022213
0100222132
1002221321
0022213211
0222132111
2221321111
2213211112
2132111121
1321111213
3211112132
2111121320
1111213202
1112132021
1121320210
1213202102
2132021020
1320210202
3202102020
2021020202
0210202021
2102020211
1020202110
0202021102
2020211021
0202110211
2021102111
0211021113
2110211131
1102111313
1021113132
0211131321
2111313211
1113132112
1131321123
1313211230
3132112301
1321123010
3211230103
2112301031
1123010310
1230103103
2301031031
3010310311
0103103111
1031031113
0310311132
3103111321
1031113211
0311132112
3111321123
1113211232
1132112322
1321123223
3211232232
2112322322
1123223222
1232232221
2322322210
3223222101
2232221013
2322210131
3222101313
2221013132
2210131321
2101313213
1013132132
0131321322
1313213223
3132132231
1321322312
3213223123
2132231232
1322312321
3223123213
2231232131
2312321313
3123213133
1232131332
2321313322
3213133222
2131332222
1313322221
3133222213
1332222132
3322221322
3222213223
2222132231
2221322312
2213223121
2132231213
1322312132
3223121322
2231213222
2312132220
3121322203
1213222031
2132220311
1322203113
3222031130
2220311300
2203113003
2031130033
0311300330
3113003300
1130033002
1300330021
3003300212
0033002120
0330021200
3300212002
3002120022
0021200221
0212002210
2120022102
1200221021
2002210210
0022102102
0221021020
2210210200
2102102000
1021020000
0210200003
2102000031
1020000311
0200003112
2000031122
0000311220
0003112200
0031122002
0311220023
3112200230
1122002301
1220023010
2200230101
2002301012
0023010120
0230101203
2301012032
3010120321
0101203212
1012032122
0120321220
1203212202
2032122022
0321220221
3212202213
2122022132
1220221323
2202213233
2022132332
0221323321
2213233210
2132332102
1323321022
3233210220
2332102200
3321022000
3210220001
2102200010
1022000102
0220001020
2200010202
2000102021
0001020213
0010202132
0102021322
1020213223
0202132232
2021322322
0213223220
2132232202
1322322021
3223220211
2232202112
2322021121
3220211213
2202112132
2021121320
0211213201
2112132010
1121320101
1213201011
2132010110
1320101100
3201011002
2010110023
0101100232
1011002322
0110023220
1100232202
1002322021
0023220212
0232202120
2322021203
3220212032
2202120321
2021203211
0212032111
2120321110
1203211100
2032111001
0321110011
3211100110
2111001102
1110011022
1100110221
1001102213
0011022131
0110221310
1102213102
1022131020
0221310203
2213102032
2131020321
1310203212
3102032122
1020321220
0203212203
2032122033
0321220331
3212203313
2122033132
1220331320
2203313200
2033132000
0331320002
3313200020
3132000202
1320002020
3200020201
2000202010
0002020102
0020201020
0202010200
2020102001
0201020013
2010200130
0102001300
1020013002
0200130022
2001300220
0013002200
0130022002
1300220022
3002200223
0022002232
0220022320
2200223200
2002232002
0022320022
0223200223
2232002232
2320022321
3200223213
2002232133
0022321332
0223213322
2232133220
2321332203
3213322031
2133220313
1332203132
3322031322
3220313220
2203132202
2031322021
0313220212
3132202123
1322021233
3220212333
2202123332
2021233322
0212333221
2123332210
1233322101
2333221010
3332210102
3322101023
3221010231
2210102313
2101023130
1010231301
0102313010
1023130100
0231301002
2313010022
3130100222
1301002221
3010022210
0100222103
1002221031
0022210313
0222103132
2221031322
2210313220
2103132203
1031322031
0313220311
3132203111
1322031113
3220311132
2203111320
2031113203
0311132032
3111320322
1113203222
1132032222
1320322220
3203222202
2032222020
0322220200
3222202003
2222020032
2220200323
2202003232
2020032320
0200323200
2003232000
0032320000
0323200003
3232000031
2320000311
3200003111
2000031110
0000311102
0003111023
0031110232
0311102322
3111023221
1110232211
1102322110
1023221103
0232211031
2322110310
3221103100
2211031000
2110310002
1103100023
1031000232
0310002323
3100023233
1000232332
0002323320
0023233202
0232332022
2323320222
3233202220
2332022200
3320222000
3202220000
2022200001
0222000010
2220000101
2200001010
2000010103
0000101031
0001010311
0010103111
0101031111
1010311111
0103111110
1031111100
0311111000
3111110002
1111100021
1111000211
1110002110
1100021100
1000211001
0002110010
0021100100
0211001000
2110010002
1100100020
1001000200
0010002000
0100020003
1000200031
0002000313
0020003133
0200031332
2000313322
0003133220
0031332201
0313322012
3133220120
1332201200
3322012002
3220120021
2201200210
2012002103
0120021030
1200210301
2002103012
0021030123
0210301232
2103012320
1030123203
0301232032
3012320322
0123203221
1232032213
2320322132
3203221322
2032213223
0322132232
3221322323
2213223232
2132232322
1322323222
3223232221
2232322213
2323222131
3232221312
2322213121
3222131211
2221312110
2213121103
2131211030
1312110303
3121103032
1211030323
2110303231
1103032313
1030323131
0303231311
3032313111
0323131112
3231311121
2313111211
3131112113
1311121131
3111211311
1112113113
1121131132
1211311322
2113113222
1131132221
1311322210
3113222103
1132221031
1322210313
3222103132
2221031321
2210313211
2103132113
1031321132
0313211320
3132113201
1321132010
3211320103
2113201031
1132010311
1320103110
3201031101
2010311010
0103110102
1031101023
0311010232
3110102321
1101023210
1010232102
0102321021
1023210213
0232102132
2321021322
3210213223
2102132232
1021322320
0213223201
2132232010
1322320101
3223201010
2232010102
2320101021
3201010213
2010102133
0101021330
1010213303
0102133032
1021330321
0213303211
2133032111
1330321113
3303211130
3032111303
0321113032
3211130322
2111303221
1113032213
1130322132
1303221321
3032213211
0322132113
3221321131
2213211311
2132113113
1321131130
3211311302
2113113020
1131130201
1311302011
3113020110
1130201103
1302011032
3020110323
0201103233
2011032331
0110323312
1103233122
1032331222
0323312220
3233122200
2331222001
3312220010
3122200101
1222001011
2220010112
2200101120
2001011202
0010112022
0101120222
1011202221
0112022212
1120222121
1202221211
2022212113
0222121132
2221211322
2212113222
2121132221
1211322213
2113222131
1132221313
1322213131
3222131310
2221313102
2213131022
2131310220
1313102201
3131022011
1310220113
3102201132
1022011321
0220113213
2201132131
2011321310
0113213100
1132131001
1321310013
3213100132
2131001322
1310013223
3100132232
1001322323
0013223232
0132232323
1322323230
3223232301
2232323010
2323230102
3232301020
2323010203
3230102031
2301020312
3010203121
0102031211
1020312110
0203121100
2031211002
0312110022
3121100222
1211002222
2110022220
1100222203
1002222032
0022220320
0222203202
2222032021
2220320213
2203202130
2032021301
0320213011
3202130113
2021301132
0213011322
2130113220
1301132202
3011322022
0113220220
1132202203
1322022032
3220220323
2202203232
2022032321
0220323212
2203232122
2032321221
0323212213
3232122133
2321221332
3212213323
2122133232
1221332321
2213323210
2133232101
1332321010
3323210102
3232101022
2321010222
3210102220
2101022201
1010222011
0102220113
1022201132
0222011322
2220113221
2201132213
2011322132
0113221321
1132213210
1322132101
3221321012
2213210122
2132101220
1321012200
3210122001
2101220012
1012200123
0122001232
1220012321
2200123213
2001232132
0012321322
0123213223
1232132231
2321322310
3213223100
2132231002
1322310020
3223100202
2231002023
2310020231
3100202311
1002023111
0020231110
0202311100
2023111001
0231110011
2311100110
3111001103
1110011032
1100110323
1001103231
0011032310
0110323100
1103231002
1032310020
0323100203
3231002033
2310020330
3100203301
1002033010
0020330102
0203301020
2033010201
0330102013
3301020133
3010201331
0102013312
1020133122
0201331222
2013312221
0133122213
1331222132
3312221322
3122213221
1222132213
2221322131
2213221312
2132213121
1322131211
3221312113
2213121132
2131211321
1312113213
3121132132
1211321322
2113213220
1132132201
1321322010
3213220103
2132201033
1322010332
3220103320
2201033203
2010332032
0103320320
1033203202
0332032020
3320320201
3203202010
2032020102
0320201020
3202010202
2020102023
0201020230
2010202303
0102023031
1020230310
0202303103
2023031032
0230310321
2303103213
3031032132
0310321320
3103213203
1032132032
0321320322
3213203222
2132032222
1320322222
3203222221
2032222210
0322222100
3222221002
2222210022
2222100223
2221002230
2210022301
2100223011
1002230111
0022301110
0223011103
2230111031
2301110310
3011103100
0111031002
1110310023
1103100232
1031002322
0310023220
3100232203
1002322032
0023220322
0232203221
2322032210
3220322103
2203221033
2032210332
0322103322
3221033220
2210332202
2103322023
1033220231
0332202311
3322023110
3220231103
2202311033
2023110331
0231103313
2311033133
3110331331
1103313312
1033133121
0331331211
3313312112
3133121122
1331211221
3312112212
3121122122
1211221223
2112212233
1122122331
1221223310
2212233101
2122331011
1223310111
2233101110
2331011101
3310111011
3101110110
1011101102
0111011020
1110110202
1101102023
1011020232
0110202320
1102023203
1020232032
0202320323
2023203232
0232032323
2320323232
3203232322
2032323220
0323232202
3232322021
2323220213
3232202130
2322021303
3220213032
2202130322
2021303223
0213032232
2130322323
1303223232
3032232320
0322323201
3223232010
2232320102
2323201023
3232010232
2320102323
3201023232
2010232322
0102323222
1023232220
0232322202
2323222021
3232220213
2322202132
3222021320
2220213203
2202132032
2021320320
0213203201
2132032013
1320320133
3203201333
2032013333
0320133332
3201333322
2013333222
0133332222
1333322221
3333222211
3332222110
3322221100
3222211000
2222110001
2221100011
2211000113
2110001133
1100011330
1000113301
0001133012
0011330120
0113301203
1133012032
1330120322
3301203222
3012032220
0120322203
1203222031
2032220311
0322203111
3222031110
2220311102
2203111021
2031110211
0311102111
3111021112
1110211122
1102111222
1021112220
0211122202
2111222020
1112220203
1122202031
1222020311
2220203111
2202031113
2020311132
0203111320
2031113201
0311132011
3111320113
1113201132
1132011323
1320113233
3201132332
2011323322
0113233220
1132332202
1323322020
3233220200
2332202002
3322020022
3220200222
2202002222
2020022222
0200222220
2002222202
0022222021
0222220212
2222202122
2222021221
2220212213
2202122132
2021221321
0212213211
2122132111
1221321111
2213211110
2132111102
1321111021
3211110211
2111102111
1111021111
1110211111
1102111110
1021111100
0211111003
2111110031
1111100313
1111003132
1110031321
1100313210
1003132101
0031321011
0313210110
3132101103
1321011031
3210110312
2101103120
1011031203
0110312032
1103120323
1031203231
0312032313
3120323130
1203231301
2032313010
0323130103
3231301032
2313010320
3130103203
1301032031
3010320310
0103203103
1032031032
0320310322
3203103223
2031032231
0310322310
3103223100
1032231000
0322310003
3223100032
2231000323
2310003233
3100032332
1000323322
0003233220
0032332203
0323322032
3233220320
2332203203
3322032033
3220320332
2203203320
2032033201
0320332013
3203320131
2033201313
0332013132
3320131320
3201313200
2013132003
0131320032
1313200323
3132003231
1320032312
3200323122
2003231221
0032312211
0323122110
3231221100
2312211002
3122110022
1221100223
2211002233
2110022333
1100223331
1002233312
0022333122
0223331222
2233312220
2333122202
3331222023
3312220233
3122202332
1222023322
2220233223
2202332232
2023322322
0233223221
2332232211
3322322112
3223221120
2232211200
2322112003
3221120033
2211200333
2112003333
1120033331
1200333311
2003333111
0033331112
0333311123
3333111230
3331112303
3311123032
3111230322
1112303221
1123032211
1230322110
2303221102
3032211022
0322110222
3221102220
2211022203
2110222031
1102220311
1022203113
0222031131
2220311310
2203113102
2031131021
0311310212
3113102123
1131021233
1310212333
3102123333
1021233332
0212333323
2123333230
1233332302
2333323023
3333230233
3332302330
3323023303
3230233030
2302330301
3023303010
0233030102
2330301020
3303010200
3030102003
0301020032
3010200320
0102003202
1020032022
0200320220
2003202201
0032022013
0320220133
3202201332
2022013322
0220133222
2201332221
2013322211
0133222111
1332221110
3322211102
3222111021
2221110211
2211102110
2111021102
1110211021
1102110211
1021102111
0211021111
2110211113
1102111133
1021111332
0211113322
2111133220
1111332203
1113322030
1133220302
1332203021
3322030210
3220302101
2203021011
2030210113
0302101133
3021011331
0210113313
2101133130
1011331301
0113313011
1133130112
1331301121
3313011213
3130112131
1301121310
3011213101
0112131013
1121310132
1213101321
2131013213
1310132132
3101321322
1013213220
0132132202
1321322022
3213220220
2132202203
1322022032
3220220320
2202203203
2022032032
0220320320
2203203201
2032032010
0320320103
3203201032
2032010322
0320103222
3201032222
2010322222
0103222220
1032222201
0322222011
3222220113
2222201132
2222011322
2220113223
2201132232
2011322322
0113223220
1132232203
1322322032
3223220321
2232203213
2322032132
3220321320
2203213200
2032132002
0321320020
3213200202
2132002023
1320020230
3200202303
2002023031
0020230313
0202303132
2023031322
0230313223
2303132230
3031322301
0313223011
3132230111
1322301111
3223011110
2230111102
2301111021
3011110210
0111102102
1111021022
1110210222
1102102221
1021022213
0210222133
2102221333
1022213333
0222133333
2221333331
2213333313
2133333132
1333331321
3333313211
3333132111
3331321110
3313211102
3132111020
1321110201
3211102011
2111020111
1110201113
1102011132
1020111321
0201113211
2011132111
0111321111
1113211110
1132111102
1321111022
3211110223
2111102232
1111022321
1110223213
1102232132
1022321322
0223213222
2232132222
2321322222
3213222221
2132222210
1322222101
3222221010
2222210102
2222101021
2221010213
2210102131
2101021310
1010213101
0102131011
1021310110
0213101101
2131011010
1310110102
3101101022
1011010221
0110102210
1101022103
1010221031
0102210312
1022103121
0221031210
2210312102
2103121021
1031210213
0312102131
3121021310
1210213103
2102131031
1021310311
0213103110
2131031101
1310311011
3103110110
1031101102
0311011022
3110110220
1101102202
1011022023
0110220232
1102202322
1022023223
0220232232
2202322322
2023223223
0232232232
2322322322
3223223223
2232232232
2322322322
3223223223
2232232232
2322322320
3223223201
2232232011
2322320113
3223201132
2232011320
2320113201
3201132010
2011320101
0113201013
1132010132
1320101322
3201013222
2010132222
0101322221
1013222213
0132222132
1322221322
3222213220
2222132202
2221322021
2213220211
2132202111
1322021113
3220211131
2202111313
2021113132
0211131320
2111313200
1113132002
1131320022
1313200222
3132002222
1320022220
3200222202
2002222021
0022220211
0222202111
2222021111
2220211111
2202111111
2021111110
0211111102
2111111022
1111110223
1111102231
1111022313
1110223131
1102231311
1022313110
0223131101
2231311013
2313110132
3131101322
1311013221
3110132211
1101322111
1013221111
0132211111
1322111113
3221111131
2211111310
2111113102
1111131020
1111310200
1113102002
1131020022
1310200222
3102002222
1020022221
0200222213
2002222132
0022221322
0222213221
2222132213
2221322131
2213221311
2132213112
1322131120
3221311203
2213112032
2131120323
1311203232
3112032323
1120323233
1203232333
2032323332
0323233320
3232333203
2323332032
3233320322
2333203223
3332032232
3320322320
3203223201
2032232011
0322320113
3223201132
2232011322
2320113222
3201132220
2011322200
0113222003
1132220032
1322200322
3222003222
2220032222
2200322222
2003222221
0032222210
0322222102
3222221021
2222210211
2222102110
2221021100
2210211002
2102110022
1021100222
0211002222
2110022221
1100222213
1002222132
0022221321
0222213210
2222132100
2221321000
2213210002
2132100021
1321000211
3210002113
2100021131
1000211311
0002113111
0021131113
0211311131
2113111313
1131113130
1311131301
3111313010
1113130103
1131301032
1313010320
3130103201
1301032011
3010320111
0103201111
1032011110
0320111102
3201111021
2011110211
0111102111
1111021113
1110211131
1102111313
1021113130
0211131301
2111313010
1113130102
1131301021
1313010212
3130102122
1301021223
3010212230
0102122301
1021223010
0212230102
2122301023
1223010232
2230102320
2301023202
3010232022
0102320220
1023202203
0232022031
2320220311
3202203113
2022031130
0220311301
2203113010
2031130103
0311301033
3113010330
1130103301
1301033011
3010330111
0103301111
1033011113
0330111132
3301111321
3011113211
0111132111
1111321111
1113211111
1132111113
1321111132
3211111320
2111113200
1111132000
1111320001
1113200013
1132000132
1320001320
3200013201
2000132012
0001320122
0013201221
0132012213
1320122130
3201221303
2012213032
0122130323
1221303233
2213032332
2130323321
1303233211
3032332111
0323321111
3233211113
2332111131
3321111313
3211113132
2111131320
1111313201
1113132011
1131320113
1313201132
3132011321
1320113210
3201132102
2011321021
0113210213
1132102131
1321021311
3210213111
2102131110
1021311102
0213111021
2131110211
1311102113
3111021132
1110211320
1102113200
1021132003
0211320030
2113200303
1132003032
1320030323
3200303232
2003032320
0030323200
0303232001
3032320011
0323200110
3232001102
2320011021
3200110211
2001102110
0011021102
0110211020
1102110203
1021102032
0211020323
2110203233
1102032331
1020323312
0203233122
2032331221
0323312210
3233122100
2331221001
3312210010
3122100102
1221001021
2210010211
2100102113
1001021131
0010211311
0102113111
1021131111
0211311113
2113111132
1131111323
1311113231
3111132311
1111323111
1113231113
1132311132
1323111322
3231113220
2311132200
3111322002
1113220022
1132200221
1322002211
3220022111
2200221111
2002211110
0022111103
0221111032
2211110321
2111103211
1111032113
1110321131
1103211311
1032113113
0321131132
3211311321
2113113211
1131132111
1311321112
3113211120
1132111201
1321112011
3211120113
2111201132
1112011321
1120113213
1201132132
2011321322
0113213223
1132132232
1321322321
3213223213
2132232130
1322321301
3223213012
2232130123
2321301233
3213012332
2130123322
1301233220
3012332200
0123322000
1233220002
2332200022
3322000221
3220002211
2200022111
2000221110
0002211100
0022111002
0221110020
2211100201
2111002013
1110020131
1100201313
1002013131
0020131313
0201313131
2013131313
0131313131
1313131311
3131313113
1313131132
3131311322
1313113222
3131132220
1311322200
3113222002
1132220020
1322200200
3222002003
2220020032
2200200322
2002003222
0020032222
0200322223
2003222233
0032222332
0322223323
3222233231
2222332310
2223323100
2233231000
2332310002
3323100020
3231000201
2310002012
3100020123
1000201233
0002012333
0020123333
0201233333
2012333332
0123333321
1233333211
2333332113
3333321133
3333211333
3332113332
3321133322
3211333222
2113332222
1133322222
1333222223
3332222232
3322222321
3222223213
2222232132
2222321323
2223213232
2232132322
2321323220
3213232202
2132322020
1323220200
3232202001
2322020011
3220200111
2202001113
2020011132
0200111320
2001113202
0011132023
0111320230
1113202301
1132023013
1320230133
3202301332
2023013322
0230133221
2301332210
3013322101
0133221011
1332210111
3322101110
3221011102
2210111022
2101110222
1011102222
0111022220
1110222202
1102222022
1022220222
0222202222
2222022221
2220222213
2202222132
2022221321
0222213211
2222132111
2221321111
2213211113
2132111131
1321111310
3211113102
2111131021
1111310211
1113102111
1131021111
1310211110
3102111101
1021111011
0211110111
2111101113
1111011131
1110111311
1101113113
1011131131
0111311311
1113113113
1131131131
1311311311
3113113111
1131131113
1311311133
3113111331
1131113310
1311133102
3111331023
1113310231
1133102311
1331023110
3310231102
3102311021
1023110211
0231102113
2311021133
3110211333
1102113332
1021133320
0211333201
2113332010
1133320100
1333201001
3332010011
3320100113
3201001131
2010011313
0100113130
1001131303
0011313033
0113130330
1131303303
1313033033
3130330332
1303303322
3033033222
0330332220
3303322201
3033222011
0332220110
3322201102
3222011022
2220110220
2201102201
2011022011
0110220111
1102201110
1022011103
0220111031
2201110310
2011103102
0111031023
1110310232
1103102321
1031023212
0310232122
3102321222
1023212222
0232122222
2321222223
3212222231
2122222313
1222223131
2222231311
2222313110
2223131101
2231311011
2313110111
3131101110
1311011102
3110111021
1101110210
1011102101
0111021011
1110210113
1102101133
1021011333
0210113332
2101133320
1011333200
0113332002
1133320022
1333200222
3332002220
3320022201
3200222011
2002220111
0022201111
0222011113
2220111130
2201111301
2011113012
0111130122
1111301221
1113012210
1130122102
1301221020
3012210202
0122102020
1221020200
2210202001
2102020011
1020200111
0202001113
2020011132
0200111320
2001113202
0011132023
0111320230
1113202301
1132023011
1320230113
3202301132
2023011322
0230113222
2301132221
3011322211
0113222113
1132221132
1322211322
3222113220
2221132203
2211322032
2113220323
1132203232
1322032321
3220323211
2203232110
2032321102
0323211023
3232110230
2321102303
3211023032
2110230320
1102303200
1023032001
0230320011
2303200110
3032001102
0320011020
3200110203
2001102032
0011020322
0110203221
1102032211
1020322110
0203221103
2032211032
0322110323
3221103231
2211032311
2110323111
1103231113
1032311133
0323111332
3231113320
2311133202
3111332022
1113320221
1133202211
1332022111
3320221113
3202211132
2022111320
0221113203
2211132032
2111320323
1113203232
1132032321
1320323211
3203232113
2032321132
0323211320
3232113201
2321132013
3211320133
2113201331
1132013311
1320133110
3201331102
2013311021
0133110211
1331102111
3311021110
3110211103
1102111031
1021110310
0211103101
2111031011
1110310110
1103101101
1031011010
0310110100
3101101002
1011010022
0110100223
1101002232
1010022322
0100223222
1002232222
0022322222
0223222220
2232222202
2322222022
3222220222
2222202220
2222022201
2220222011
2202220113
2022201131
0222011311
2220113112
2201131120
2011311200
0113112001
1131120010
1311200103
3112001030
1120010303
1200103031
2001030311
0010303110
0103031102
1030311022
0303110222
3031102222
0311022220
3110222202
1102222021
1022220213
0222202133
2222021332
2220213321
2202133211
2021332110
0213321103
2133211030
1332110301
3321103011
3211030110
2110301102
1103011022
1030110220
0301102200
3011022001
0110220011
1102200113
1022001132
0220011323
2200113231
2001132311
0011323113
0113231130
1132311300
1323113002
3231130022
2311300220
3113002200
1130022001
1300220013
3002200133
0022001333
0220013331
2200133313
2001333133
0013331333
0133313333
1333133331
3331333313
3313333132
3133331321
1333313213
3333132133
3331321332
3313213320
3132133202
1321332021
3213320213
2133202130
1332021301
3320213011
3202130111
2021301110
0213011102
2130111023
1301110232
3011102322
0111023221
1110232213
1102322132
1023221320
0232213202
2322132020
3221320202
2213202022
2132020222
1320202222
3202022221
2020222211
0202222111
2022221110
0222211102
2222111020
2221110202
2211102023
2111020232
1110202322
1102023223
1020232233
0202322332
2023223322
0232233220
2322332200
3223322002
2233220020
2332200202
3322002022
3220020222
2200202222
2002022221
0020222210
0202222102
2022221021
0222210210
2222102101
2221021013
2210210132
2102101322
1021013222
0210132222
2101322220
1013222202
0132222020
1322220201
3222202011
2222020113
2220201132
2202011323
2020113232
0201132321
2011323211
0113232110
1132321101
1323211011
3232110110
2321101102
3211011020
2110110201
1101102013
1011020131
0110201311
1102013110
1020131102
0201311022
2013110222
0131102223
1311022231
3110222311
1102223110
1022231100
0222311003
2223110032
2231100322
2311003220
3110032203
1100322032
1003220321
0032203211
0322032110
3220321101
2203211010
2032110102
0321101021
3211010211
2110102110
1101021103
1010211030
0102110302
1021103023
0211030233
2110302332
1103023321
1030233211
0302332113
3023321131
0233211310
2332113101
3321131011
3211310110
2113101102
1131011020
1310110200
3101102002
1011020021
0110200210
1102002102
1020021021
0200210210
2002102102
0021021021
0210210211
2102102111
1021021110
0210211102
2102111021
1021110211
0211102113
2111021130
1110211302
1102113021
1021130210
0211302101
2113021013
1130210133
1302101333
3021013330
0210133301
2101333013
1013330133
0133301331
1333013311
3330133110
3301331102
3013311020
0133110203
1331102031
3311020311
3110203113
1102031131
1020311310
0203113102
2031131023
0311310230
3113102301
1131023013
1310230133
3102301330
1023013300
0230133002
2301330022
3013300220
0133002203
1330022031
3300220313
3002203132
0022031322
0220313222
2203132222
2031322220
0313222200
3132222002
1322220021
3222200213
2222002132
2220021322
2200213221
2002132211
0021322113
0213221130
2132211302
1322113022
3221130220
2211302200
2113022002
1130220022
1302200222
3022002220
0220022200
2200222002
2002220020
0022200202
0222002022
2220020221
2200202211
2002022111
0020221111
0202211110
2022111100
0221111000
2211110002
2111100022
1111000220
1110002200
1100022003
1000220030
0002200303
0022003031
0220030313
2200303130
2003031300
0030313002
0303130020
3031300200
0313002001
3130020010
1300200100
3002001002
0020010020
0200100202
2001002021
0010020210
0100202100
1002021001
0020210011
0202100111
2021001110
0210011103
2100111033
1001110331
0011103310
0111033102
1110331020
1103310201
1033102010
0331020101
3310201013
3102010132
1020101322
0201013221
2010132211
0101322113
1013221133
0132211332
1322113320
3221133202
2211332020
2113320201
1133202011
1332020113
3320201133
3202011331
2020113313
0201133132
2011331321
0113313213
1133132130
1331321301
3313213011
3132130111
1321301111
3213011111
2130111111
1301111110
3011111102
0111111022
1111110220
1111102202
1111022021
1110220210
1102202100
1022021002
0220210022
2202100222
2021002220
0210022202
2100222021
1002220210
0022202102
0222021021
2220210210
2202102102
2021021023
0210210230
2102102302
1021023021
0210230210
2102302103
1023021031
0230210311
2302103110
3021031102
0210311020
2103110202
1031102021
0311020211
3110202110
1102021100
1020211003
0202110031
2021100311
0211003113
2110031133
1100311332
1003113323
0031133230
0311332301
3113323010
1133230102
1332301020
3323010202
3230102023
2301020232
3010202321
0102023213
1020232133
0202321333
2023213333
0232133333
2321333333
3213333332
2133333323
1333333233
3333332333
3333323333
3333233332
3332333323
3323333233
3233332333
2333323333
3333233333
3332333330
3323333301
3233333013
2333330133
3333301333
3333013332
3330133323
3301333233
3013332332
0133323323
1333233233
3332332333
3323323333
3233233333
2332333333
3323333330
3233333300
2333333000
3333330000
3333300002
3333000020
3330000203
3300002030
3000020300
0000203000
0002030000
0020300003
0203000030
2030000300
0300003000
3000030002
0000300020
0003000201
0030002011
0300020111
3000201110
0002011102
0020111022
0201110222
2011102220
0111022202
1110222020
1102220202
1022202023
0222020232
2220202322
2202023222
