0220000000
2200000000
2000000000
0000000001
0000000011
0000000110
0000001100
0000011001
0000110011
0001100111
0011001110
0110011101
1100111010
1001110102
0011101020
0111010202
1110102022
1101020223
1010202232
0102022322
1020223223
0202232232
2022322320
0223223201
2232232013
2322320133
3223201333
2232013333
2320133333
3201333333
2013333333
0133333333
1333333333
3333333333
3333333333
3333333330
3333333300
3333333002
3333330022
3333300220
3333002200
3330022002
3300220023
3002200232
0022002320
0220023200
2200232000
2002320002
0023200022
0232000220
2320002202
3200022023
2000220233
0002202332
0022023320
0220233200
2202332000
2023320000
0233200002
2332000023
3320000233
3200002330
2000023302
0000233022
0002330223
0023302230
0233022302
2330223021
3302230211
3022302110
0223021100
2230211002
2302110020
3021100200
0211002002
2110020023
1100200232
1002002323
0020023232
0200232322
2002323220
0023232202
0232322022
2323220222
3232202220
2322022200
3220222002
2202220021
2022200213
0222002132
2220021322
2200213223
2002132232
0021322322
0213223222
2132232220
1322322200
3223222001
2232220010
2322200103
3222001033
2220010333
2200103333
2001033333
0010333332
0103333320
1033333200
0333332002
3333320020
3333200203
3332002033
3320020332
3200203321
2002033213
0020332132
0203321323
2033213232
0332132323
3321323232
3213232322
2132323220
1323232200
3232322000
2323220003
3232200030
2322000300
3220003001
2200030013
2000300131
0003001311
0030013110
0300131101
3001311013
0013110133
0131101331
1311013313
3110133133
1101331330
1013313302
0133133023
1331330231
3313302313
3133023130
1330231302
3302313020
3023130200
0231302001
2313020010
3130200103
1302001033
3020010330
0200103303
2001033032
0010330321
0103303212
1033032121
0330321210
3303212102
3032121022
0321210222
3212102222
2121022222
1210222223
2102222233
1022222332
0222223321
2222233210
2222332100
2223321003
2233210032
2332100320
3321003203
3210032030
2100320300
1003203000
0032030000
0320300001
3203000010
2030000100
0300001003
3000010032
0000100322
0001003222
0010032221
0100322211
1003222110
0032221101
0322211010
3222110103
2221101033
2211010333
2110103333
1101033333
1010333333
0103333332
1033333323
0333333231
3333332311
3333323111
3333231113
3332311132
3323111321
3231113213
2311132132
3111321322
1113213223
1132132233
1321322331
3213223312
2132233122
1322331220
3223312200
2233122003
2331220032
3312200322
3122003222
1220032222
2200322223
2003222233
0032222333
0322223331
3222233313
2222333131
2223331313
2233313133
2333131332
3331313322
3313133223
3131332233
1313322333
3133223331
1332233313
3322333132
3223331323
2233313231
2333132313
3331323132
3313231322
3132313221
1323132211
3231322110
2313221100
3132211002
1322110021
3221100212
2211002122
2110021223
1100212233
1002122331
0021223313
0212233130
2122331301
1223313013
2233130130
2331301301
3313013011
3130130111
1301301110
3013011100
0130111002
1301110023
3011100230
0111002303
1110023032
1100230321
1002303210
0023032101
0230321010
2303210102
3032101022
0321010222
3210102220
2101022201
1010222011
0102220112
1022201120
0222011203
2220112030
2201120303
2011203032
0112030320
1120303200
1203032000
2030320001
0303200013
3032000132
0320001321
3200013210
2000132102
0001321021
0013210211
0132102112
1321021121
3210211211
2102112111
1021121113
0211211131
2112111310
1121113100
1211131002
2111310023
1113100231
1131002311
1310023110
3100231102
1002311020
0023110200
0231102000
2311020000
3110200001
1102000011
1020000110
0200001103
2000011031
0000110311
0001103110
0011031102
0110311020
1103110201
1031102010
0311020101
3110201011
1102010111
1020101113
0201011131
2010111311
0101113112
1011131123
0111311233
1113112332
1131123322
1311233221
3112332213
1123322131
1233221313
2332213130
3322131303
3221313032
2213130320
2131303202
1313032021
3130320210
1303202103
3032021033
0320210332
3202103323
2021033231
0210332310
2103323102
1033231022
0332310223
3323102233
3231022332
2310223323
3102233232
1022332321
0223323210
2233232102
2332321022
3323210222
3232102221
2321022210
3210222100
2102221003
1022210033
0222100333
2221003332
2210033322
2100333220
1003332202
0033322020
0333220203
3332202031
3322020310
3220203101
2202031010
2020310103
0203101030
2031010301
0310103011
3101030113
1010301130
0103011301
1030113011
0301130110
3011301102
0113011021
1130110210
1301102102
3011021020
0110210203
1102102032
1021020323
0210203232
2102032322
1020323220
0203232203
2032322030
0323220301
3232203010
2322030103
3220301031
2203010311
2030103113
0301031133
3010311333
0103113331
1031133313
0311333131
3113331310
1133313100
1333131000
3331310002
3313100020
3131000201
1310002010
3100020103
1000201031
0002010310
0020103102
0201031020
2010310202
0103102020
1031020200
0310202002
3102020023
1020200231
0202002311
2020023110
0200231102
2002311022
0023110222
0231102220
2311022203
3110222030
1102220303
1022203032
0222030323
2220303232
2203032323
2030323233
0303232330
3032323300
0323233003
3232330030
2323300302
3233003021
2330030211
3300302110
3003021100
0030211002
0302110020
3021100200
0211002003
2110020031
1100200310
1002003101
0020031010
0200310103
2003101032
0031010321
0310103212
3101032121
1010321211
0103212110
1032121103
0321211033
3212110333
2121103332
1211033321
2110333210
1103332101
1033321011
0333210113
3332101132
3321011320
3210113200
2101132001
1011320010
0113200102
1132001021
1320010211
3200102113
2001021131
0010211313
0102113133
1021131332
0211313320
2113133203
1131332031
1313320310
3133203103
1332031033
3320310331
3203103312
2031033123
0310331232
3103312322
1033123222
0331232220
3312322201
3123222010
1232220101
2322201010
3222010102
2220101021
2201010213
2010102131
0101021313
1010213130
0102131303
1021313032
0213130320
2131303202
1313032022
3130320220
1303202202
3032022020
0320220200
3202202002
2022020023
0220200230
2202002303
2020023032
0200230321
2002303210
0023032101
0230321013
2303210132
3032101322
0321013221
3210132213
2101322132
1013221323
0132213231
1322132311
3221323113
2213231130
2132311302
1323113020
3231130201
2311302010
3113020100
1130201003
1302010032
3020100321
0201003213
2010032132
0100321320
1003213203
0032132031
0321320311
3213203111
2132031110
1320311102
3203111023
2031110232
0311102322
3111023220
1110232202
1102322020
1023220201
0232202012
2322020123
3220201232
2202012322
2020123222
0201232222
2012322221
0123222213
1232222132
2322221321
3222213210
2222132102
2221321022
2213210220
2132102200
1321022001
3210220013
2102200132
1022001322
0220013222
2200132221
2001322210
0013222103
0132221032
1322210323
3222103233
2221032332
2210323320
2103233200
1032332002
0323320021
3233200213
2332002130
3320021300
3200213001
2002130010
0021300102
0213001020
2130010202
1300102020
3001020203
0010202031
0102020313
1020203133
0202031330
2020313300
0203133000
2031330000
0313300002
3133000022
1330000223
3300002230
3000022302
0000223023
0002230232
0022302323
0223023232
2230232320
2302323203
3023232033
0232320330
2323203303
3232033030
2320330302
3203303020
2033030202
0330302020
3303020202
3030202022
0302020220
3020202200
0202022001
2020220011
0202200111
2022001111
0220011111
2200111110
2001111102
0011111021
0111110213
1111102132
1111021323
1110213232
1102132321
1021323213
0213232133
2132321331
1323213311
3232133110
2321331100
3213311002
2133110020
1331100202
3311002020
3110020201
1100202013
1002020130
0020201303
0202013030
2020130301
0201303010
2013030103
0130301033
1303010332
3030103322
0301033220
3010332200
0103322000
1033220002
0332200021
3322000213
3220002130
2200021303
2000213031
0002130313
0021303133
0213031331
2130313311
1303133110
3031331103
0313311030
3133110300
1331103002
3311030023
3110300230
1103002303
1030023030
0300230300
3002303001
0023030013
0230300133
2303001332
3030013321
0300133210
3001332100
0013321000
0133210000
1332100001
3321000013
3210000130
2100001303
1000013030
0000130301
0001303010
0013030102
0130301020
1303010202
3030102020
0301020203
3010202031
0102020310
1020203102
0202031021
2020310210
0203102102
2031021021
0310210211
3102102110
1021021103
0210211031
2102110312
1021103121
0211031211
2110312112
1103121123
1031211230
0312112302
3121123022
1211230220
2112302200
1123022001
1230220013
2302200132
3022001321
0220013211
2200132111
2001321113
0013211132
0132111320
1321113201
3211132013
2111320132
1113201321
1132013210
1320132102
3201321021
2013210211
0132102110
1321021100
3210211000
2102110003
1021100031
0211000313
2110003132
1100031321
1000313211
0003132111
0031321110
0313211101
3132111010
1321110103
3211101030
2111010300
1110103003
1101030030
1010300300
0103003001
1030030011
0300300110
3003001101
0030011013
0300110132
3001101321
0011013213
0110132132
1101321322
1013213222
0132132222
1321322220
3213222202
2132222020
1322220200
3222202002
2222020021
2220200210
2202002100
2020021000
0200210000
2002100002
0021000022
0210000222
2100002220
1000022202
0000222021
0002220213
0022202132
0222021323
2220213231
2202132310
2021323100
0213231000
2132310003
1323100030
3231000303
2310003033
3100030332
1000303320
0003033201
0030332010
0303320100
3033201002
0332010023
3320100230
3201002301
2010023010
0100230100
1002301003
0023010031
0230100313
2301003132
3010031323
0100313232
1003132321
0031323211
0313232110
3132321102
1323211021
3232110210
2321102102
3211021021
2110210213
1102102132
1021021323
0210213231
2102132311
1021323110
0213231100
2132311002
1323110022
3231100223
2311002232
3110022321
1100223210
1002232100
0022321000
0223210002
2232100022
2321000220
3210002202
2100022022
1000220220
0002202201
0022022010
0220220101
2202201011
2022010111
0220101110
2201011100
2010111001
0101110010
1011100102
0111001020
1110010201
1100102013
1001020132
0010201323
0102013233
1020132332
0201323321
2013233211
0132332110
1323321103
3233211032
2332110320
3321103202
3211032021
2110320210
1103202102
1032021023
0320210232
3202102323
2021023232
0210232321
2102323210
1023232102
0232321021
2323210210
3232102102
2321021022
3210210221
2102102213
1021022132
0210221323
2102213230
1022132301
0221323010
2213230102
2132301022
1323010220
3230102201
2301022011
3010220111
0102201110
1022011100
0220111002
2201110021
2011100210
0111002103
1110021033
1100210331
1002103311
0021033112
0210331120
2103311203
1033112033
0331120332
3311203321
3112033211
1120332113
1203321132
2033211322
0332113221
3321132211
3211322113
2113221132
1132211321
1322113211
3221132113
2211321131
2113211311
1132113110
1321131101
3211311013
2113110133
1131101331
1311013310
3110133100
1101331001
1013310011
0133100110
1331001101
3310011010
3100110102
1001101023
0011010232
0110102322
1101023221
1010232210
0102322103
1023221030
0232210303
2322103032
3221030323
2210303232
2103032320
1030323200
0303232001
3032320013
0323200132
3232001321
2320013210
3200132101
2001321013
0013210132
0132101323
1321013231
3210132311
2101323110
1013231101
0132311010
1323110102
3231101023
2311010233
3110102330
1101023300
1010233003
0102330032
1023300320
0233003200
2330032001
3300320013
3003200130
0032001301
0320013010
3200130100
2001301003
0013010031
0130100311
1301003110
3010031102
0100311020
1003110203
0031102030
0311020301
3110203013
1102030133
1020301333
0203013333
2030133332
0301333320
3013333200
0133332000
1333320003
3333200033
3332000330
3320003303
3200033032
2000330321
0003303210
0033032101
0330321010
3303210100
3032101001
0321010011
3210100111
2101001110
1010011100
0100111000
1001110003
0011100032
0111000322
1110003220
1100032201
1000322012
0003220121
0032201213
0322012130
3220121301
2201213014
2012130140
0121301401
1213014013
2130140133
1301401333
3014013332
0140133322
1401333220
4013332202
0133322021
1333220210
3332202100
3322021001
3220210013
2202100133
2021001332
0210013323
2100133232
1001332323
0013323231
0133232311
1332323111
3323231113
3232311131
2323111310
3231113103
2311131033
3111310332
1113103321
1131033211
1310332111
3103321113
1033211133
0332111330
3321113303
3211133030
2111330300
1113303003
1133030033
1330300330
3303003301
3030033013
0300330133
3003301332
0033013322
0330133221
3301332213
3013322134
0133221344
1332213442
3322134421
3221344210
2213442102
2134421022
1344210223
3442102230
4421022302
4210223022
2102230221
1022302213
0223022131
2230221313
2302213133
3022131332
0221313321
2213133210
2131332101
1313321013
3133210131
1332101313
3321013132
3210131322
2101313223
1013132232
0131322323
1313223232
3132232323
1322323231
3223232311
2232323113
2323231131
3232311310
2323113102
3231131020
2311310200
3113102001
1131020010
1310200102
3102001023
1020010231
0200102310
2001023100
0010231002
0102310020
1023100200
0231002002
2310020023
3100200232
1002002320
0020023202
0200232021
2002320210
0023202102
0232021022
2320210222
3202102222
2021022223
0210222230
2102222301
1022223011
0222230110
2222301101
2223011010
2230110101
2301101010
3011010102
0110101020
1101010200
1010102000
0101020003
1010200032
0102000323
1020003232
0200032320
2000323202
0003232020
0032320200
0323202000
3232020003
2320200032
3202000323
2020003232
0200032320
2000323201
0003232010
0032320102
0323201023
3232010233
2320102331
3201023311
2010233113
0102331132
1023311323
0233113231
2331132311
3311323110
3113231102
1132311020
1323110200
3231102002
2311020023
3110200231
1102002313
1020023132
0200231321
2002313213
0023132130
0231321303
2313213032
3132130322
1321303223
3213032233
2130322333
1303223330
3032233302
0322333022
3223330220
2233302200
2333022003
3330220032
3302200322
3022003220
0220032203
2200322033
2003220333
0032203331
0322033311
3220333113
2203331132
2033311320
0333113200
3331132000
3311320002
3113200022
1132000221
1320002212
3200022123
2000221233
0002212331
0022123312
0221233122
2212331222
2123312221
1233122213
2331222132
3312221323
3122213231
1222132310
2221323100
2213231003
2132310032
1323100321
3231003211
2310032113
3100321131
1003211313
0032113130
0321131300
3211313001
2113130010
1131300103
1313001031
3130010311
1300103110
3001031101
0010311011
0103110110
1031101101
0311011013
3110110133
1101101333
1011013330
0110133301
1101333013
1013330132
0133301322
1333013221
3330132213
3301322132
3013221323
0132213230
1322132301
3221323011
2213230110
2132301100
1323011002
3230110020
2301100203
3011002031
0110020313
1100203133
1002031333
0020313332
0203133322
2031333221
0313332210
3133322102
1333221023
3332210233
3322102333
3221023330
2210233302
2102333021
1023330211
0233302113
2333021133
3330211333
3302113331
3021133313
0211333132
2113331320
1133313200
1333132000
3331320002
3313200020
3132000202
1320002020
3200020201
2000202011
0002020113
0020201133
0202011333
2020113332
0201133321
2011333210
0113332102
1133321022
1333210220
3332102202
3321022020
3210220203
2102202031
1022020311
0220203113
2202031132
2020311321
0203113211
2031132110
0311321101
3113211010
1132110100
1321101000
3211010003
2110100030
1101000301
1010003011
0100030111
1000301111
0003011110
0030111101
0301111011
3011110111
0111101111
1111011113
1110111130
1101111301
1011113010
0111130100
1111301001
1113010011
1130100113
1301001132
3010011320
0100113200
1001132001
0011320010
0113200102
1132001021
1320010213
3200102133
2001021332
0010213320
0102133200
1021332002
0213320023
2133200230
1332002303
3320023033
3200230333
2002303332
0023033323
0230333232
2303332321
3033323210
0333232103
3332321031
3323210313
3232103132
2321031320
3210313200
2103132000
1031320002
0313200020
3132000203
1320002033
3200020333
2000203330
0002033300
0020333001
0203330010
2033300102
0333001022
3330010222
3300102223
3001022233
0010222333
0102223331
1022233313
0222333130
2223331303
2233313030
2333130301
3331303010
3313030103
3130301033
1303010332
3030103320
0301033200
3010332003
0103320031
1033200311
0332003113
3320031132
3200311322
2003113221
0031132211
0311322110
3113221102
1132211020
1322110202
3221102020
2211020201
2110202013
1102020131
1020201313
0202013131
2020131313
0201313133
2013131332
0131313322
1313133220
3131332201
1313322011
3133220113
1332201132
3322011320
3220113202
2201132021
2011320211
0113202111
1132021113
1320211133
3202111333
2021113331
0211133311
2111333110
1113331102
1133311020
1333110200
3331102003
3311020031
3110200313
1102003133
1020031331
0200313310
2003133102
0031331022
0313310223
3133102232
1331022320
3310223203
3102232031
1022320311
0223203112
2232031120
2320311202
3203112022
2031120222
0311202221
3112022212
1120222122
1202221222
2022212221
0222122210
2221222101
2212221013
2122210133
1222101333
2221013330
2210133301
2101333010
1013330100
0133301003
1333010032
3330100322
3301003220
3010032202
0100322021
1003220213
0032202133
0322021330
3220213303
2202133033
2021330331
0213303312
2133033121
1330331213
3303312130
3033121300
0331213001
3312130010
3121300101
1213001013
2130010132
1300101321
3001013210
0010132100
0101321000
1013210000
0132100001
1321000011
3210000113
2100001131
1000011310
0000113100
0001131001
0011310010
0113100103
1131001030
1310010303
3100103031
1001030310
0010303103
0103031032
1030310322
0303103223
3031032233
0310322332
3103223322
1032233222
0322332221
3223322211
2233222113
2332221130
3322211301
3222113012
2221130123
2211301233
2113012331
1130123310
1301233101
3012331013
0123310132
1233101321
2331013210
3310132100
3101321002
1013210020
0132100202
1321002022
3210020223
2100202231
1002022310
0020223102
0202231023
2022310230
0223102302
2231023023
2310230232
3102302322
1023023221
0230232210
2302322103
3023221032
0232210322
2322103223
3221032231
2210322311
2103223113
1032231133
0322311330
3223113303
2231133031
2311330311
3113303110
1133031101
1330311011
3303110110
3031101101
0311011010
3110110100
1101101003
1011010031
0110100311
1101003111
1010031110
0100311100
1003111001
0031110011
0311100113
3111001133
1110011333
1100113332
1001133321
0011333213
0113332133
1133321331
1333213310
3332133103
3321331031
3213310311
2133103110
1331031100
3310311000
3103110000
1031100003
0311000032
3110000323
1100003233
1000032331
0000323311
0003233113
0032331133
0323311332
3233113322
2331133222
3311332222
3113322221
1133222212
1332222120
3322221201
3222212010
2222120103
2221201031
2212010313
2120103133
1201031331
2010313310
0103133102
1031331020
0313310200
3133102000
1331020001
3310200011
3102000111
1020001113
0200011131
2000111312
0001113120
0011131201
0111312010
1113120102
1131201020
1312010200
3120102002
1201020021
2010200213
0102002130
1020021303
0200213033
2002130331
0021303311
0213033110
2130331101
1303311010
3033110100
0331101003
3311010032
3110100320
1101003201
1010032010
0100320100
1003201001
0032010010
0320100100
3201001003
2010010033
0100100331
1001003312
0010033121
0100331211
1003312113
0033121132
0331211320
3312113202
3121132021
1211320210
2113202100
1132021003
1320210032
3202100323
2021003232
0210032320
2100323203
1003232031
0032320313
0323203131
3232031311
2320313110
3203131100
2031311002
0313110022
3131100221
1311002211
3110022110
1100221100
1002211002
0022110023
0221100233
2211002333
2110023332
1100233323
1002333233
0023332330
0233323303
2333233033
3332330331
3323303313
3233033131
2330331313
3303313132
3033131323
0331313232
3313132321
3131323213
1313232131
3132321311
1323213111
3232131110
2321311102
3213111022
2131110222
1311102220
3111022201
1110222010
1102220103
1022201033
0222010332
2220103323
2201033233
2010332332
0103323322
1033233222
0332332222
3323322220
3233222201
2332222011
3322220110
3222201102
2222011022
2220110222
2201102220
2011022200
0110222000
1102220000
1022200001
0222000013
2220000131
2200001310
2000013102
0000131023
0001310232
0013102323
0131023232
1310232323
3102323232
1023232323
0232323231
2323232311
3232323113
2323231132
3232311321
2323113210
3231132102
2311321023
3113210232
1132102322
1321023221
3210232213
2102322133
1023221333
0232213331
2322133313
3221333131
2213331311
2133313112
1333131123
3331311232
3313112322
3131123222
1311232220
3112322200
1123222002
1232220022
2322200220
3222002200
2220022003
2200220032
2002200321
0022003210
0220032103
2200321033
2003210332
0032103320
0321033202
3210332020
2103320200
1033202003
0332020033
3320200332
3202003321
2020033210
0200332100
2003321003
0033210032
0332100323
3321003233
3210032331
2100323313
1003233132
0032331322
0323313220
3233132203
2331322032
3313220322
3132203222
1322032222
3220322220
2203222203
2032222030
0322220303
3222203031
2222030311
2220303112
2203031120
2030311202
0303112020
3031120200
0311202003
3112020030
1120200303
1202003032
2020030323
0200303231
2003032310
0030323100
0303231003
3032310032
0323100322
3231003222
2310032220
3100322201
1003222010
0032220101
0322201012
3222010121
2220101213
2201012132
2010121321
0101213213
1012132133
0121321333
1213213330
2132133301
1321333010
3213330103
2133301032
1333010323
3330103231
3301032310
3010323103
0103231031
1032310311
0323103110
3231031102
2310311020
3103110200
1031102003
0311020032
3110200321
1102003210
1020032103
0200321032
2003210321
0032103211
0321032113
3210321131
2103211310
1032113100
0321131000
3211310000
2113100003
1131000032
1310000322
3100003222
1000032220
0000322201
0003222013
0032220132
0322201320
3222013200
2220132003
2201320031
2013200313
0132003133
1320031332
3200313321
2003133213
0031332130
0313321303
3133213032
1332130322
3321303220
3213032203
2130322031
1303220312
3032203122
0322031220
3220312202
2203122022
2031220221
0312202210
3122022102
1220221020
2202210201
2022102011
0221020110
2210201102
2102011023
1020110232
0201102323
2011023230
0110232303
1102323030
1023230302
0232303021
2323030213
3230302133
2303021332
3030213323
0302133232
3021332321
0213323211
2133232111
1332321110
3323211103
3232111033
2321110330
3211103301
2111033014
1110330140
1103301400
1033014002
0330140020
3301400203
3014002032
0140020322
1400203220
4002032201
0020322013
0203220133
2032201333
0322013331
3220133311
2201333113
2013331132
0133311321
1333113212
3331132123
3311321232
3113212322
1132123220
1321232202
3212322021
2123220212
1232202122
2322021223
3220212232
2202122323
2021223231
0212232311
2122323111
1223231110
2232311102
2323111023
3231110232
2311102322
3111023223
1110232232
1102322323
1023223232
0232232320
2322323200
3223232002
2232320021
2323200213
3232002133
2320021332
3200213320
2002133203
0021332032
0213320322
2133203221
1332032213
3320322131
3203221313
2032213133
0322131333
3221313331
2213133313
2131333133
1313331330
3133313301
1333133011
3331330113
3313301132
3133011323
1330113233
3301132333
3011323332
0113233322
1132333220
1323332200
3233322002
2333220023
3332200230
3322002301
3220023011
2200230111
2002301113
0023011132
0230111320
2301113203
3011132032
0111320320
1113203200
1132032002
1320320020
3203200201
2032002010
0320020100
3200201003
2002010032
0020100323
0201003231
2010032313
0100323132
1003231323
0032313231
0323132310
3231323102
2313231021
3132310213
1323102131
3231021313
2310213132
3102131323
1021313231
0213132311
2131323110
1313231102
3132311023
1323110231
3231102310
2311023100
3110231001
1102310013
1023100132
0231001323
2310013230
3100132301
1001323011
0013230111
0132301113
1323011133
3230111333
2301113331
3011133310
0111333103
1113331032
1133310323
1333103232
3331032321
3310323210
3103232102
1032321023
0323210230
3232102301
2321023012
3210230122
2102301222
1023012220
0230122203
2301222032
3012220320
0122203200
1222032003
2220320033
2203200333
2032003332
0320033322
3200333221
2003332213
0033322132
0333221321
3332213211
3322132111
3221321113
2213211132
2132111323
1321113232
3211132322
2111323220
1113232203
1132322031
1323220310
3232203102
2322031020
3220310200
2203102002
2031020021
0310200211
3102002111
1020021110
0200211102
2002111021
0021110211
0211102110
2111021103
1110211032
1102110321
1021103213
0211032130
2110321302
1103213023
1032130233
0321302331
3213023310
2130233100
1302331003
3023310031
0233100310
2331003103
3310031033
3100310332
1003103321
0031033210
0310332102
3103321022
1033210223
0332102232
3321022323
3210223232
2102232322
1022323223
0223232232
2232322322
2323223222
3232232223
2322322232
3223222321
2232223213
2322232132
3222321321
2223213211
2232132111
2321321113
3213211133
2132111332
1321113321
3211133211
2111332111
1113321113
1133211132
1332111321
3321113213
3211132133
2111321331
1113213313
1132133132
1321331323
3213313233
2133132332
1331323321
3313233213
3132332133
1323321331
3233213313
2332133131
3321331310
3213313101
2133131013
1331310130
3313101303
3131013033
1310130330
3101303303
1013033033
0130330333
1303303332
3033033321
0330333210
3303332103
3033321031
0333210310
3332103102
3321031023
3210310231
2103102312
1031023120
0310231201
3102312012
1023120122
0231201220
2312012200
3120122002
1201220021
2012200210
0122002102
1220021021
2200210210
2002102100
0021021002
0210210020
2102100202
1021002020
0210020202
2100202022
1002020220
0020202200
0202022000
2020220001
0202200010
2022000103
0220001030
2200010301
2000103011
0001030110
0010301103
0103011032
1030110320
0301103202
3011032022
0110320221
1103202212
1032022123
0320221231
3202212313
2022123133
0221231331
2212313313
2123133132
1231331321
2313313210
3133132100
1331321002
3313210020
3132100200
1321002000
3210020001
2100200013
1002000132
0020001320
0200013202
2000132023
0001320233
0013202330
0132023302
1320233023
3202330232
2023302322
0233023220
2330232202
3302322021
3023220211
0232202113
2322021133
3220211333
2202113332
2021133320
0211333201
2113332011
1133320111
1333201111
3332011112
3320111120
3201111202
2011112023
0111120232
1111202322
1112023220
1120232202
1202322021
2023220213
0232202131
2322021313
3220213133
2202131331
2021313311
0213133110
2131331100
1313311000
3133110001
1331100011
3311000110
3110001102
1100011022
1000110221
0001102213
0011022131
0110221310
1102213102
1022131020
0221310203
2213102032
2131020321
1310203212
3102032123
1020321230
0203212303
2032123033
0321230331
3212303313
2123033131
1230331310
2303313100
3033131002
0331310022
3313100220
3131002202
1310022020
3100220201
1002202010
0022020102
0220201020
2202010200
2020102001
0201020013
2010200132
0102001320
1020013200
0200132000
2001320000
0013200000
0132000000
1320000002
3200000023
2000000231
0000002310
0000023100
0000231002
0002310022
0023100223
0231002233
2310022333
3100223333
1002233332
0022333322
0223333222
2233332222
2333322223
3333222231
3332222310
3322223102
3222231022
2222310223
2223102232
2231022321
2310223211
3102232113
1022321133
0223211333
2232113332
2321133322
3211333220
2113332200
1133322001
1333220010
3332200102
3322001023
3220010232
2200102323
2001023230
0010232303
0102323030
1023230300
0232303002
2323030022
3230300222
2303002223
3030022232
0300222323
3002223232
0022232323
0222323232
2223232322
2232323220
2323232203
3232322033
2323220331
3232203311
2322033110
3220331102
2203311020
2033110203
0331102032
3311020322
3110203220
1102032202
1020322020
0203220202
2032202020
0322020200
3220202003
2202020032
2020200323
0202003232
2020032320
0200323200
2003232002
0032320024
0323200240
3232002403
2320024031
3200240311
2002403110
0024031102
0240311023
2403110230
4031102302
0311023021
3110230213
1102302130
1023021303
0230213031
2302130310
3021303100
0213031000
2130310002
1303100023
3031000231
0310002311
3100023113
1000231132
0002311320
0023113202
0231132022
2311320222
3113202220
1132022200
1320222000
3202220000
2022200001
0222000010
2220000101
2200001013
2000010133
0000101331
0001013310
0010133101
0101331011
1013310113
0133101130
1331011300
3310113000
3101130002
1011300021
0113000211
1130002110
1300021100
3000211001
0002110010
0021100100
0211001002
2110010022
1100100220
1001002202
0010022020
0100220203
1002202033
0022020333
0220203333
2202033332
2020333322
0203333220
2033332203
0333322032
3333220320
3332203202
3322032022
3220320221
2203202210
2032022103
0320221030
3202210303
2022103032
0221030323
2210303233
2103032330
1030323303
0303233032
3032330322
0323303221
3233032210
2330322102
3303221022
3032210223
0322102232
3221022323
2210223230
2102232302
1022323022
0223230221
2232302210
2323022102
3230221021
2302210211
3022102111
0221021113
2210211133
2102111330
1021113301
0211133012
2111330123
1113301231
1133012313
1330123131
3301231313
3012313131
0123131312
1231313122
2313131221
3131312213
1313122132
3131221323
1312213233
3122132332
1221323322
2213233222
2132332220
1323322200
3233222003
2332220031
3322200313
3222003132
2220031321
2200313211
2003132113
0031321131
0313211310
3132113101
1321131011
3211310113
2113101131
1131011311
1310113110
3101131101
1011311010
0113110102
1131101023
1311010232
3110102321
1101023210
1010232102
0102321021
1023210213
0232102133
2321021332
3210213323
2102133232
1021332320
0213323201
2133232013
1332320131
3323201310
3232013102
2320131021
3201310213
2013102131
0131021310
1310213103
3102131032
1021310321
0213103211
2131032110
1310321103
3103211030
1032110303
0321103032
3211030322
2110303221
1103032213
1030322132
0303221321
3032213211
0322132113
3221321133
2213211331
2132113313
1321133132
3211331322
2113313220
1133132203
1331322033
3313220330
3132203301
1322033012
3220330123
2203301232
2033012321
0330123212
3301232122
3012321222
0123212220
1232122202
2321222020
3212220200
2122202003
1222020030
2220200300
2202003002
2020030022
0200300220
2003002201
0030022011
0300220112
3002201121
0022011210
0220112103
2201121033
2011210332
0112103322
1121033220
1210332203
2103322031
1033220311
0332203111
3322031110
3220311100
2203111002
2031110020
0311100201
3111002011
1110020113
1100201131
1002011311
0020113113
0201131131
2011311310
0113113100
1131131001
1311310013
3113100132
1131001322
1310013223
3100132232
1001322323
0013223232
0132232323
1322323232
3223232321
2232323210
2323232102
3232321020
2323210203
3232102030
2321020302
3210203021
2102030213
1020302130
0203021300
2030213002
0302130022
3021300222
0213002221
2130022210
1300222103
3002221032
0022210320
0222103202
2221032021
2210320213
2103202130
1032021303
0320213031
3202130313
2021303132
0213031322
2130313220
1303132202
3031322022
0313220220
3132202203
1322022032
3220220323
2202203231
2022032311
0220323112
2203231123
2032311233
0323112333
3231123332
2311233322
3112333223
1123332233
1233322331
2333223310
3332233101
3322331011
3223310112
2233101122
2331011222
3310112220
3101122201
1011222013
0112220133
1122201332
1222013322
2220133221
2201332213
2013322132
0133221321
1332213211
3322132111
3221321112
2213211122
2132111220
1321112200
3211122003
2111220032
1112200323
1122003231
1220032311
2200323113
2003231132
0032311322
0323113223
3231132232
2311322320
3113223200
1132232002
1322320020
3223200202
2232002021
2320020211
3200202111
2002021110
0020211100
0202111000
2021110003
0211100031
2111000310
1110003103
1100031032
1000310323
0003103232
0031032320
0310323200
3103232002
1032320020
0323200203
3232002033
2320020330
3200203301
2002033010
0020330102
0203301020
2033010203
0330102033
3301020333
3010203333
0102033332
1020333322
0203333222
2033332223
0333322233
3333222332
3332223322
3322233221
3222332211
2223322111
2233221112
2332211120
3322111201
3221112013
2211120132
2111201323
1112013233
1120132332
1201323322
2013233220
0132332201
1323322010
3233220103
2332201033
3322010332
3220103320
2201033203
2010332032
0103320320
1033203200
0332032000
3320320001
3203200010
2032000102
0320001020
3200010200
2000102003
0001020030
0010200303
0102003031
1020030310
0200303101
2003031012
0030310121
0303101213
3031012132
0310121320
3101213203
1012132032
0121320322
1213203220
2132032202
1320322022
3203220222
2032202220
0322022200
3220222002
2202220022
2022200223
0222002232
2220022321
2200223211
2002232113
0022321130
0223211303
2232113031
2321130310
3211303100
2113031002
1130310023
1303100232
3031002322
0310023220
3100232203
1002322032
0023220322
0232203221
2322032213
3220322133
2203221333
2032213330
0322133302
3221333020
2213330202
2133302023
1333020231
3330202311
3302023110
3020231103
0202311031
2023110313
0231103133
2311031332
3110313321
1103133212
1031332121
0313321210
3133212102
1332121020
3321210201
3212102012
2121020120
1210201203
2102012033
1020120333
0201203330
2012033301
0120333013
1203330131
2033301310
0333013103
3330131031
3301310310
3013103100
0131031000
1310310002
3103100023
1031000232
0310002320
3100023201
1000232012
0002320123
0023201232
0232012323
2320123232
3201232322
2012323220
0123232202
1232322021
2323220213
3232202130
2322021303
3220213032
2202130322
2021303223
0213032232
2130322323
1303223233
3032232330
0322323301
3223233013
2232330132
2323301323
3233013233
2330132333
3301323332
3013233322
0132333222
1323332220
3233322200
2333222001
3332220013
3322200132
3222001320
2220013203
2200132032
2001320320
0013203201
0132032013
1320320133
3203201333
2032013333
0320133332
3201333322
2013333223
0133332232
1333322321
3333223210
3332232100
3322321000
3223210002
2232100021
2321000211
3210002113
2100021133
1000211330
0002113303
0021133032
0211330320
2113303203
1133032032
1330320322
3303203223
3032032230
0320322303
3203223031
2032230311
0322303111
3223031110
2230311102
2303111021
3031110211
0311102111
3111021112
1110211122
1102111222
1021112220
0211122202
2111222020
1112220203
1122202033
1222020331
2220203311
2202033113
2020331132
0203311320
2033113203
0331132031
3311320313
3113203133
1132031333
1320313333
3203133332
2031333322
0313333220
3133332200
1333322000
3333220000
3332200000
3322000002
3220000022
2200000220
2000002202
0000022020
0000220202
0002202020
0022020202
0220202020
2202020203
2020202033
0202020332
2020203321
0202033211
2020332111
0203321111
2033211110
0332111102
3321111021
3211110211
2111102113
1111021131
1110211311
1102113111
1021131110
0211311103
2113111030
1131110303
1311103032
3111030321
1110303210
1103032101
1030321011
0303210110
3032101103
0321011033
3210110332
2101103320
1011033201
0110332012
1103320123
1033201231
0332012313
3320123130
3201231303
2012313030
0123130303
1231303032
2313030320
3130303203
1303032033
3030320330
0303203303
3032033032
0320330322
3203303223
2033032233
0330322330
3303223300
3032233000
0322330003
3223300032
2233000321
2330003213
3300032132
3000321322
0003213220
0032132203
0321322032
3213220320
2132203203
1322032033
3220320332
2203203320
2032033201
0320332013
3203320131
2033201310
0332013102
3320131020
3201310200
2013102003
0131020032
1310200321
3102003211
1020032112
0200321122
2003211221
0032112211
0321122113
3211221130
2112211300
1122113002
1221130023
2211300233
2113002331
1130023311
1300233112
3002331120
0023311202
0233112020
2331120200
3311202003
3112020033
1120200332
1202003322
2020033223
0200332231
2003322310
0033223101
0332231013
3322310132
3223101320
2231013202
2310132023
3101320233
1013202331
0132023314
1320233140
3202331401
2023314011
0233140112
2331401121
3314011210
3140112103
1401121032
4011210322
0112103221
1121032213
1210322130
2103221302
1032213022
0322130222
3221302220
2213022203
2130222031
1302220311
3022203113
0222031131
2220311310
2203113102
2031131020
0311310202
3113102022
1131020223
1310202233
3102022333
1020223332
0202233323
2022333232
0223332322
2233323223
2333232233
3332322330
3323223303
3232233033
2322330331
3223303310
2233033102
2330331020
3303310200
3033102003
0331020032
3310200320
3102003203
1020032032
0200320320
2003203200
0032032000
0320320000
3203200002
2032000020
0320000203
3200002032
2000020322
0000203222
0002032223
0020322231
0203222313
2032223133
0322231332
3222313321
2223133211
2231332110
2313321102
3133211021
1332110211
3321102111
3211021111
2110211110
1102111103
1021111030
0211110302
2111103020
1111030201
1110302010
1103020102
1030201021
0302010210
3020102101
0201021013
2010210133
0102101333
1021013331
0210133313
2101333130
1013331303
0133313031
1333130312
3331303121
3313031210
3130312101
1303121013
3031210133
0312101333
3121013332
1210133321
2101333213
1013332132
0133321322
1333213220
3332132202
3321322022
3213220220
2132202200
1322022002
3220220020
2202200200
2022002002
0220020020
2200200201
2002002010
0020020103
0200201032
2002010321
0020103210
0201032100
2010321002
0103210020
1032100201
0321002013
3210020133
2100201332
1002013322
0020133223
0201332232
2013322322
0133223220
1332232203
3322322032
3223220321
2232203210
2322032102
3220321020
2203210200
2032102002
0321020020
3210200200
2102002003
1020020030
0200200301
2002003011
0020030113
0200301133
2003011332
0030113323
0301133231
3011332311
0113323111
1133231111
1332311111
3323111110
3231111103
2311111031
3111110310
1111103102
1111031022
1110310222
1103102220
1031022203
0310222033
3102220333
1022203333
0222033333
2220333331
2203333310
2033333102
0333331023
3333310232
3333102322
3331023223
3310232232
3102322320
1023223200
0232232000
2322320001
3223200010
2232000103
2320001031
3200010310
2000103102
0001031021
0010310213
0103102132
1031021320
0310213201
3102132013
1021320130
0213201303
2132013031
1320130312
3201303120
2013031203
0130312031
1303120313
3031203130
0312031302
3120313022
1203130220
2031302203
0313022032
3130220323
1302203231
3022032311
0220323113
2203231133
2032311331
0323113310
3231133101
2311331010
3113310100
1133101002
1331010020
3310100200
3101002000
1010020003
0100200032
1002000323
0020003233
0200032331
2000323313
0003233130
0032331302
0323313020
3233130202
2331302020
3313020201
3130202013
1302020131
3020201310
0202013100
2020131003
0201310033
2013100332
0131003322
1310033220
3100332203
1003322032
0033220321
0332203210
3322032102
3220321020
2203210200
2032102002
0321020023
3210200232
2102002322
1020023223
0200232233
2002322332
0023223320
0232233202
2322332022
3223320220
2233202202
2332022023
3320220231
3202202313
2022023131
0220231311
2202313113
2023131131
0231311310
2313113100
3131131003
1311310030
3113100301
1131003011
1310030111
3100301110
1003011103
0030111030
0301110301
3011103013
0111030133
1110301332
1103013322
1030133222
0301332222
3013322221
0133222211
1332222110
3322221101
3222211011
2222110111
2221101111
2211011113
2110111133
1101111333
1011113331
0111133313
1111333132
1113331320
1133313200
1333132002
3331320020
3313200202
3132002023
1320020231
3200202310
2002023102
0020231020
0202310200
2023102000
0231020002
2310200023
3102000230
1020002303
0200023031
2000230311
0002303111
0023031111
0230311110
2303111101
3031111013
0311110132
3111101320
1111013203
1110132032
1101320323
1013203232
0132032321
1320323212
3203232123
2032321232
0323212320
3232123202
2321232022
3212320220
2123202200
1232022002
2320220020
3202200201
2022002013
0220020130
2200201303
2002013032
0020130321
0201303210
2013032102
0130321021
1303210210
3032102100
0321021002
3210210021
2102100210
1021002100
0210021000
2100210002
1002100021
0021000210
0210002102
2100021022
1000210222
0002102221
0021022210
0210222102
2102221020
1022210200
0222102003
2221020033
2210200331
2102003310
1020033102
0200331021
2003310210
0033102101
0331021011
3310210113
3102101133
1021011333
0210113332
2101133321
1011333210
0113332102
1133321023
1333210231
3332102310
3321023101
3210231011
2102310113
1023101132
0231011320
2310113203
3101132033
1011320331
0113203313
1132033133
1320331333
3203313333
2033133331
0331333313
3313333133
3133331331
1333313310
3333133102
3331331021
3313310212
3133102121
1331021213
3310212130
3102121303
1021213030
0212130302
2121303023
1213030232
2130302320
1303023200
3030232002
0302320020
3023200203
0232002031
2320020311
3200203111
2002031110
0020311101
0203111012
2031110120
0311101202
3111012023
1110120232
1101202321
1012023212
0120232123
1202321231
2023212310
0232123100
2321231003
3212310033
2123100330
1231003300
2310033003
3100330032
1003300320
0033003200
0330032000
3300320000
3003200002
0032000022
0320000220
3200002202
2000022020
0000220200
0002202003
0022020031
0220200311
2202003113
2020031132
0200311320
2003113203
0031132030
0311320300
3113203003
1132030030
1320300300
3203003002
2030030020
0300300202
3003002021
0030020213
0300202130
3002021301
0020213012
0202130121
2021301213
0213012130
2130121301
1301213010
3012130104
0121301041
1213010410
2130104103
1301041033
3010410330
0104103300
1041033002
0410330021
4103300213
1033002133
0330021332
3300213322
3002133221
0021332213
0213322131
2133221313
1332213131
3322131310
3221313103
2213131030
2131310301
1313103011
3131030110
1310301102
3103011020
1030110202
0301102023
3011020230
0110202303
1102023032
1020230323
0202303230
2023032300
0230323000
2303230003
3032300031
0323000310
3230003100
2300031001
3000310011
0003100110
0031001102
0310011020
3100110200
1001102000
0011020000
0110200001
1102000010
1020000100
0200001001
2000010011
0000100113
0001001133
0010011331
0100113311
1001133110
0011331101
0113311011
1133110111
1331101110
3311011100
3110111001
1101110010
1011100100
0111001000
1110010000
1100100000
1001000001
0010000011
0100000113
1000001130
0000011301
0000113012
0001130120
0011301203
0113012033
1130120330
1301203301
3012033011
0120330110
1203301102
2033011022
0330110220
3301102203
3011022031
0110220313
1102203130
1022031301
0220313010
2203130101
2031301013
0313010130
3130101302
1301013020
3010130200
0101302000
1013020000
0130200002
1302000021
3020000210
0200002100
2000021000
0000210000
0002100000
0021000000
0210000002
2100000022
1000000221
0000002210
0000022101
0000221010
0002210103
0022101032
0221010322
2210103222
2101032221
1010322210
0103222100
1032221000
0322210000
3222100000
2221000003
2210000032
2100000322
1000003222
0000032221
0000322213
0003222133
0032221332
0322213323
3222133231
2221332310
2213323100
2133231002
1332310022
3323100220
3231002200
2310022001
3100220011
1002200110
0022001100
0220011000
2200110002
2001100020
0011000200
0110002003
1100020032
1000200321
0002003210
0020032103
0200321033
2003210331
0032103313
0321033130
3210331303
2103313032
1033130323
0331303232
3313032320
3130323202
1303232023
3032320233
0323202333
3232023331
2320233310
3202333101
2023331011
0233310110
2333101102
3331011023
3310110232
3101102321
1011023210
0110232102
1102321023
1023210232
0232102322
2321023220
3210232200
2102322000
1023220000
0232200003
2322000031
3220000311
2200003110
2000031102
0000311020
0003110202
0031102023
0311020230
3110202301
1102023011
1020230113
0202301132
2023011320
0230113201
2301132010
3011320101
0113201011
1132010110
1320101103
3201011032
2010110321
0101103210
1011032102
0110321023
1103210232
1032102323
0321023231
3210232311
2102323111
1023231113
0232311132
2323111321
3231113212
2311132123
3111321231
1113212313
1132123130
1321231302
3212313021
2123130211
1231302111
2313021113
3130211133
1302111333
3021113330
0211133301
2111333011
1113330110
1133301101
1333011010
3330110102
3301101022
3011010221
0110102213
1101022133
1010221333
0102213333
1022133332
0221333320
2213333201
2133332010
1333320100
3333201001
3332010011
3320100113
3201001133
2010011333
0100113330
1001133301
0011333013
0113330130
1133301303
1333013033
3330130332
3301303322
3013033220
0130332200
1303322001
3033220011
0332200110
3322001100
3220011002
2200110020
2001100200
0011002000
0110020000
1100200003
1002000031
0020000311
0200003113
2000031130
0000311300
0003113002
0031130023
0311300232
3113002321
1130023210
1300232100
3002321003
0023210031
0232100311
2321003110
3210031102
2100311021
1003110210
0031102102
0311021020
3110210200
1102102003
1021020033
0210200331
2102003313
1020033133
0200331333
2003313332
0033133321
0331333211
3313332110
3133321101
1333211011
3332110113
3321101131
3211011311
2110113110
1101131103
1011311033
0113110332
1131103323
1311033233
3110332331
1103323311
1033233113
0332331131
3323311311
3233113113
2331131132
3311311321
3113113213
1131132132
1311321321
3113213213
1132132130
1321321301
3213213011
2132130110
1321301100
3213011003
2130110032
1301100322
3011003221
0110032213
1100322133
1003221333
0032213331
0322133311
3221333113
2213331131
2133311311
1333113110
3331131100
3311311001
3113110011
1131100111
1311001111
3110011110
1100111100
1001111001
0011110010
0111100102
1111001021
1110010210
1100102102
1001021020
0010210202
0102102020
1021020200
0210202001
2102020011
1020200113
0202001132
2020011322
0200113220
2001132202
0011322023
0113220230
1132202303
1322023033
3220230333
2202303330
2023033302
0230333022
2303330220
3033302201
0333022013
3330220132
3302201323
3022013231
0220132310
2201323102
2013231020
0132310200
1323102003
3231020031
2310200310
3102003102
1020031023
0200310231
2003102310
0031023101
0310231013
3102310133
1023101332
0231013323
2310133233
3101332331
1013323311
0133233110
1332331100
3323311002
3233110022
2331100220
3311002201
3110022013
1100220133
1002201333
0022013332
0220133321
2201333210
2013332103
0133321030
1333210300
3332103000
3321030000
3210300000
2103000001
1030000013
0300000130
3000001303
0000013033
0000130333
0001303331
0013033313
0130333131
1303331310
3033313103
0333131032
3331310320
3313103201
3131032011
1310320110
3103201102
1032011023
0320110231
3201102310
2011023100
0110231000
1102310003
1023100033
0231000332
2310003320
3100033201
1000332013
0003320133
0033201333
0332013333
3320133330
3201333301
2013333010
0133330100
1333301003
3333010031
3330100310
3301003100
3010031002
0100310020
1003100201
0031002010
0310020101
3100201011
1002010113
0020101131
0201011310
2010113102
0101131022
1011310220
0113102203
1131022030
1310220301
3102203010
1022030100
0220301000
2203010001
2030100011
0301000111
3010001110
0100011102
1000111023
0001110232
0011102320
0111023200
1110232003
1102320033
1023200330
0232003301
2320033011
3200330111
2003301110
0033011103
0330111032
3301110321
3011103210
0111032103
1110321032
1103210320
1032103203
0321032032
3210320320
2103203200
1032032001
0320320010
3203200101
2032001012
0320010122
3200101223
2001012233
0010122330
0101223300
1012233000
0122330002
1223300021
2233000211
2330002113
3300021133
3000211330
0002113300
0021133003
0211330032
2113300322
1133003223
1330032231
3300322311
3003223113
0032231133
0322311333
3223113333
2231133330
2311333300
3113333002
1133330022
1333300221
3333002211
3330022111
3300221110
3002211102
0022111023
0221110230
2211102302
2111023022
1110230222
1102302223
1023022233
0230222332
2302223323
3022233233
0222332333
2223323331
2233233313
2332333131
3323331313
3233313131
2333131310
3331313103
3313131032
3131310323
1313103231
3131032313
1310323131
3103231311
1032313113
0323131130
3231311302
2313113021
3131130213
1311302131
3113021313
1130213133
1302131332
3021313320
0213133202
2131332022
1313320220
3133202200
1332022000
3320220002
3202200020
2022000200
0220002002
2200020020
2000200203
0002002032
0020020322
0200203223
2002032232
0020322322
0203223222
2032232221
0322322210
3223222101
2232221010
2322210103
3222101033
2221010333
2210103332
2101033322
1010333220
0103332203
1033322031
0333220313
3332203130
3322031301
3220313013
2203130132
2031301321
0313013210
3130132100
1301321003
3013210030
0132100302
1321003020
3210030200
2100302003
1003020030
0030200302
0302003021
3020030210
0200302103
2003021032
0030210322
0302103221
3021032213
0210322133
2103221333
1032213333
0322133330
3221333301
2213333013
2133330131
1333301311
3333013111
3330131113
3301311131
3013111313
0131113133
1311131330
3111313303
1113133033
1131330333
1313303330
3133033300
1330333003
3303330030
3033300301
0333003013
3330030132
3300301322
3003013221
0030132210
0301322100
3013221003
0132210030
1322100302
3221003021
2210030210
2100302100
1003021002
0030210020
0302100203
3021002033
0210020333
2100203333
1002033331
0020333311
0203333111
2033331113
0333311133
3333111333
3331113332
3311133321
3111333213
1113332130
1133321301
1333213013
3332130132
3321301321
3213013211
2130132111
1301321113
3013211130
0132111300
1321113002
3211130020
2111300203
1113002032
1130020323
1300203232
3002032321
0020323213
0203232132
2032321323
0323213233
3232132332
2321323320
3213233200
2132332000
1323320002
3233200023
2332000233
3320002333
3200023333
2000233332
0002333322
0023333222
0233332222
2333322223
3333222231
3332222311
3322223110
3222231100
2222311002
2223110023
2231100230
2311002303
3110023032
1100230322
1002303220
0023032203
0230322033
2303220333
3032203333
0322033333
3220333332
2203333323
2033333233
0333332333
3333323332
3333233322
3332333221
3323332213
3233322132
2333221322
3332213220
3322132203
3221322033
2213220332
2132203321
1322033210
3220332100
2203321002
2033210023
0332100233
3321002333
3210023333
2100233332
1002333322
0023333223
0233332231
2333322310
3333223102
3332231023
3322310230
3223102303
2231023030
2310230302
3102303023
1023030230
0230302301
2303023013
3030230130
0302301302
3023013023
0230130230
2301302300
3013023003
0130230033
1302300330
3023003300
0230033000
2300330001
3003300010
0033000103
0330001030
3300010303
3000103033
0001030330
0010303302
0103033023
1030330233
0303302332
3033023322
0330233221
3302332213
3023322131
0233221310
2332213102
3322131020
3221310200
2213102003
2131020033
1310200333
3102003333
1020033332
0200333321
2003333210
0033332100
0333321001
3333210010
3332100101
3321001013
3210010130
2100101300
1001013002
0010130023
0101300230
1013002303
0130023030
1300230303
3002303033
0023030333
0230303331
2303033311
3030333110
0303331103
3033311031
0333110310
3331103101
3311031011
3110310111
1103101111
1031011110
0310111101
3101111010
1011110103
0111101030
1111010303
1110103031
1101030310
1010303102
0103031020
1030310203
0303102032
3031020322
0310203221
3102032212
1020322122
0203221220
2032212201
0322122010
3221220102
2212201023
2122010230
1220102302
2201023023
2010230233
0102302333
1023023333
0230233330
2302333300
3023333000
0233330003
2333300030
3333000300
3330003000
3300030000
3000300000
0003000002
0030000020
0300000202
3000002022
0000020223
0000202233
0002022333
0020223330
0202233300
2022333003
0223330030
2233300303
2333003031
3330030311
3300303113
3003031132
0030311321
0303113210
3031132100
0311321000
3113210001
1132100013
1321000133
3210001332
2100013320
1000133200
0001332002
0013320023
0133200231
1332002313
3320023132
3200231321
2002313211
0023132111
0231321110
2313211103
3132111033
1321110333
3211103331
2111033313
1110333132
1103331322
1033313222
0333132221
3331322213
3313222130
3132221303
1322213030
3222130300
2221303002
2213030022
2130300221
1303002210
3030022101
0300221013
3002210130
0022101301
0221013010
2210130103
2101301031
1013010313
0130103132
1301031323
3010313232
0103132320
1031323201
0313232010
3132320103
1323201033
3232010331
2320103311
3201033113
2010331131
0103311313
1033113132
0331131320
3311313203
3113132033
1131320331
1313203310
3132033100
1320331002
3203310021
2033100210
0331002102
3310021021
3100210213
1002102131
0021021310
0210213102
2102131021
1021310213
0213102132
2131021321
1310213211
3102132110
1021321103
0213211033
2132110333
1321103332
3211033322
2110333222
1103332223
1033322230
0333222301
3332223013
3322230133
3222301331
2223013310
2230133102
2301331021
3013310210
0133102102
1331021020
3310210200
3102102003
1021020032
0210200322
2102003220
1020032202
0200322023
2003220232
0032202321
0322023213
3220232131
2202321313
2023213133
0232131333
2321313333
3213133330
2131333301
1313333013
3133330133
1333301331
3333013313
3330133131
3301331310
3013313101
0133131011
1331310110
3313101101
3131011010
1310110101
3101101011
1011010113
0110101132
1101011323
1010113230
0101132302
1011323023
0113230231
1132302311
1323023111
3230231113
2302311132
3023111321
0231113213
2311132133
3111321333
1113213333
1132133330
1321333300
3213333003
2133330032
1333300323
3333003231
3330032313
3300323133
3003231332
0032313322
0323133222
3231332221
2313322213
3133222133
1332221331
3322213310
3222133100
2221331002
2213310020
2133100203
1331002030
3310020300
3100203002
1002030020
0020300202
0203002022
2030020222
0300202223
3002022231
0020222310
0202223100
2022231002
0222310021
2223100213
2231002130
2310021301
3100213013
1002130130
0021301302
0213013020
2130130200
1301302002
3013020022
0130200222
1302002221
3020022211
0200222113
2002221132
0022211320
0222113200
2221132000
2211320000
2113200000
1132000001
1320000013
3200000132
2000001321
0000013210
0000132100
0001321002
0013210023
0132100233
1321002332
3210023322
2100233220
1002332200
0023322003
0233220033
2332200332
3322003323
3220033230
2200332300
2003323003
0033230030
0332300301
3323003010
3230030103
2300301033
3003010330
0030103300
0301033002
3010330020
0103300200
1033002002
0330020020
3300200202
3002002023
0020020232
0200202320
2002023200
0020232000
0202320000
2023200001
0232000010
2320000103
3200001032
2000010320
0000103203
0001032033
0010320333
0103203333
1032033333
0320333332
3203333322
2033333220
0333332200
3333322000
3333220003
3332200033
3322000333
3220003333
2200033330
2000333303
0003333033
0033330330
0333303303
3333033033
3330330332
3303303321
3033033213
0330332133
3303321330
3033213300
0332133000
3321330001
3213300010
2133000102
1330001020
3300010203
3000102030
0001020303
0010203033
0102030331
1020303313
0203033133
2030331331
0303313310
3033133100
0331331001
3313310011
3133100113
1331001133
3310011330
3100113302
1001133022
0011330222
0113302223
1133022232
1330222322
3302223222
3022232220
0222322201
2223222013
2232220130
2322201300
3222013003
2220130030
2201300303
2013003032
0130030321
1300303211
3003032112
0030321123
0303211233
3032112330
0321123303
3211233031
2112330312
1123303121
1233031210
2330312100
3303121000
3031210002
0312100023
3121000230
1210002302
2100023020
1000230200
0002302000
0023020000
0230200000
2302000000
3020000003
0200000030
2000000300
0000003003
0000030033
0000300333
0003003330
0030033303
0300333030
3003330303
0033303033
0333030333
3330303333
3303033333
3030333333
0303333331
3033333310
0333333100
3333331001
3333310010
3333100100
3331001002
3310010022
3100100223
1001002230
0010022303
0100223031
1002230313
0022303133
0223031330
2230313302
2303133020
3031330200
0313302001
3133020010
1330200100
3302001000
3020010002
0200100020
2001000200
0010002000
0100020002
1000200023
0002000233
0020002333
0200023333
2000233331
0002333311
0023333113
0233331133
2333311330
3333113302
3331133023
3311330232
3113302320
1133023201
1330232010
3302320100
3023201000
0232010003
2320100033
3201000330
2010003302
0100033023
1000330233
0003302333
0033023333
0330233332
3302333321
3023333211
0233332112
2333321123
3333211232
3332112322
3321123223
3211232231
2112322313
1123223133
1232231333
2322313330
3223133300
2231333000
2313330000
3133300003
1333000033
3330000330
3300003301
3000033010
0000330100
0003301002
0033010020
0330100200
3301002002
3010020023
0100200233
1002002333
0020023331
0200233313
2002333130
0023331302
0233313020
2333130200
3331302002
3313020020
3130200202
1302002021
3020020213
0200202130
2002021302
0020213023
0202130233
2021302332
0213023320
2130233202
1302332022
3023320220
0233202200
2332022001
3320220011
3202200110
2022001100
0220011000
2200110000
2001100001
0011000010
0110000100
1100001003
1000010033
0000100332
0001003323
0010033230
0100332303
1003323033
0033230333
0332303330
3323033302
3230333023
2303330233
3033302333
0333023330
3330233302
3302333023
3023330233
0233302333
2333023330
3330233302
3302333023
3023330232
0233302320
2333023203
3330232033
3302320331
3023203313
0232033130
2320331300
3203313003
2033130033
0331300331
3313003310
3130033102
1300331020
3003310200
0033102000
0331020002
3310200022
3102000222
1020002220
0200022200
2000222003
0002220030
0022200303
0222003030
2220030303
2200303033
2003030333
0030303332
0303033322
3030333220
0303332203
3033322033
0333220332
3332203322
3322033220
3220332200
2203322000
2033220002
0332200023
3322000230
3220002302
2200023023
2000230233
0002302332
0023023320
0230233203
2302332030
3023320303
0233203030
2332030303
3320303033
3203030330
2030303303
0303033030
3030330303
0303303032
3033030320
0330303203
3303032031
3030320313
0303203133
3032031333
0320313332
3203133320
2031333201
0313332010
3133320101
1333201010
3332010101
3320101011
3201010110
2010101101
0101011011
1010110110
0101101100
1011011002
0110110020
1101100202
1011002023
0110020230
1100202301
1002023013
0020230132
0202301320
2023013201
0230132010
2301320100
3013201000
0132010000
1320100000
3201000002
2010000021
0100000210
1000002103
0000021031
0000210313
0002103130
0021031300
0210313001
2103130010
1031300103
0313001032
3130010323
1300103233
3001032332
0010323321
0103233213
1032332133
0323321333
3233213330
2332133302
3321333020
3213330202
2133302020
1333020201
3330202010
3302020100
3020201003
0202010030
2020100302
0201003023
2010030230
0100302302
1003023020
0030230200
0302302002
3023020023
0230200233
2302002330
3020023302
0200233023
2002330233
0023302333
0233023331
2330233313
3302333131
3023331310
0233313100
2333131003
3331310030
3313100302
3131003022
1310030221
3100302210
1003022101
0030221010
0302210102
3022101023
0221010230
2210102303
2101023032
1010230321
0102303211
1023032113
0230321131
2303211311
3032113113
0321131133
3211311333
2113113332
1131133323
1311333232
3113332323
1133323233
1333232333
3332323333
3323233333
3232333332
2323333320
3233333200
2333332000
3333320000
3333200000
3332000000
3320000000
3200000000
2000000000
0000000003
0000000033
0000000330
0000003300
0000033002
0000330020
0003300200
0033002000
0330020002
3300200023
3002000232
0020002320
0200023200
2000232000
0002320002
0023200021
0232000213
2320002132
3200021321
2000213210
0002132101
0021321010
0213210101
2132101010
1321010103
3210101032
2101010321
1010103211
0101032113
1010321131
0103211311
1032113110
0321131100
3211311003
2113110030
1131100303
1311003030
3110030303
1100303032
1003030320
0030303200
0303032000
3030320002
0303200022
3032000222
0320002221
3200022210
2000222102
0002221020
0022210201
0222102013
2221020132
2210201320
2102013203
1020132030
0201320302
2013203023
0132030232
1320302320
3203023202
2030232023
0302320232
3023202321
0232023211
2320232110
3202321100
2023211003
0232110033
2321100332
3211003323
2110033230
1100332302
1003323020
0033230203
0332302033
3323020333
3230203331
2302033313
3020333130
0203331300
2033313002
0333130020
3331300200
3313002001
3130020011
1300200113
3002001133
0020011332
0200113321
2001133213
0011332133
0113321333
1133213333
1332133330
3321333300
3213333002
2133330020
1333300200
3333002003
3330020032
3300200322
3002003222
0020032223
0200322231
2003222311
0032223110
0322231102
3222311021
2223110210
2231102103
2311021033
3110210330
1102103300
1021033003
0210330032
2103300322
1033003220
0330032202
3300322022
3003220221
0032202210
0322022100
3220221000
2202210003
2022100030
0221000303
2210003030
2100030303
1000303032
0003030323
0030303233
0303032333
3030323332
0303233320
3032333200
0323332002
3233320023
2333200232
3332002321
3320023210
3200232103
2002321030
0023210303
0232103030
2321030301
3210303010
2103030103
1030301030
0303010303
3030103030
0301030303
3010303030
0103030303
1030303032
0303030323
3030303231
0303032313
3030323133
0303231331
3032313313
0323133130
3231331300
2313313000
3133130003
1331300031
3313000310
3130003103
1300031030
3000310302
0003103022
0031030220
0310302202
3103022021
1030220211
0302202110
3022021102
0220211020
2202110202
2021102020
0211020201
2110202010
1102020103
1020201030
0202010300
2020103001
0201030013
2010300132
0103001320
1030013200
0300132003
3001320030
0013200300
0132003002
1320030020
3200300203
2003002033
0030020332
0300203323
3002033231
0020332310
0203323102
2033231020
0332310200
3323102000
3231020003
2310200032
3102000322
1020003223
0200032232
2000322322
0003223222
0032232223
0322322232
3223222320
2232223200
2322232003
3222320033
2223200331
2232003313
2320033133
3200331332
2003313320
0033133203
0331332030
3313320303
3133203033
1332030331
3320303313
3203033132
2030331321
0303313210
3033132103
0331321030
3313210300
3132103001
1321030013
3210300133
2103001333
1030013331
0300133313
3001333131
0013331313
0133313131
1333131310
3331313103
3313131032
3131310321
1313103210
3131032102
1310321023
3103210231
1032102310
0321023100
3210231000
2102310002
1023100021
0231000213
2310002130
3100021302
1000213020
0002130202
0021302021
0213020210
2130202100
1302021000
3020210000
0202100000
2021000000
0210000003
2100000032
1000000323
0000003232
0000032321
0000323210
0003232100
0032321000
0323210000
3232100001
2321000010
3210000102
2100001023
1000010230
0000102301
0001023010
0010230102
0102301020
1023010200
0230102003
2301020033
3010200330
0102003301
1020033013
0200330131
2003301310
0033013103
0330131033
3301310332
3013103323
0131033230
1310332300
3103323003
1033230033
0332300333
3323003330
3230033303
2300333032
3003330320
0033303200
0333032002
3330320021
3303200210
3032002100
0320021001
3200210010
2002100103
0021001030
0210010300
2100103000
1001030002
0010300022
0103000220
1030002200
0300022001
3000220013
0002200133
0022001333
0220013333
2200133333
2001333331
0013333310
0133333103
1333331033
3333310330
3333103300
3331033002
3310330021
3103300210
1033002101
0330021010
3300210102
3002101020
0021010203
0210102033
2101020330
1010203300
0102033000
1020330002
0203300022
2033000222
0330002223
3300022232
3000222321
0002223213
0022232133
0222321330
2223213300
2232133003
2321330033
3213300333
2133003333
1330033333
3300333333
3003333330
0033333301
0333333013
3333330131
3333301313
3333013131
3330131313
3301313132
3013131320
0131313200
1313132000
3131320002
1313200020
3132000200
1320002003
3200020033
2000200330
0002003300
0020033003
0200330031
2003300311
0033003110
0330031103
3300311030
3003110300
0031103003
0311030031
3110300310
1103003100
1030031003
0300310032
3003100321
0031003211
0310032110
3100321102
1003211021
0032110210
0321102103
3211021033
2110210332
1102103322
1021033223
0210332231
2103322311
1033223113
0332231131
3322311313
3223113133
2231131330
2311313300
3113133000
1131330002
1313300021
3133000213
1330002132
3300021320
3000213203
0002132033
0021320333
0213203332
2132033323
1320333233
3203332330
2033323301
0333233011
3332330113
3323301133
3233011331
2330113311
3301133110
3011331102
0113311020
1133110203
1331102033
3311020332
3110203323
1102033230
1020332301
0203323013
2033230133
0332301331
3323013311
3230133111
2301331111
3013311113
0133111132
1331111323
3311113233
3111132333
1111323333
1113233330
1132333300
1323333003
3233330033
2333300332
3333003320
3330033200
3300332002
3003320023
0033200231
0332002313
3320023133
3200231333
2002313331
0023133311
0231333113
2313331131
3133311310
1333113100
3331131003
3311310032
3113100320
1131003200
1310032003
3100320033
1003200330
0032003300
0320033001
3200330013
2003300133
0033001332
0330013323
3300133230
3001332300
0013323001
0133230013
1332300130
3323001303
3230013033
2300130332
3001303321
0013033213
0130332130
1303321303
3033213033
0332130330
3321303303
3213033032
2130330323
1303303231
3033032313
0330323130
3303231300
3032313001
0323130010
3231300103
2313001032
3130010321
1300103213
3001032132
0010321323
0103213230
1032132303
0321323030
3213230303
2132303030
1323030300
3230303000
2303030000
3030300000
0303000003
3030000030
0300000300
3000003003
0000030033
0000300332
0003003322
0030033223
0300332230
3003322303
0033223032
0332230323
3322303231
3223032313
2230323131
2303231313
3032313133
0323131330
3231313300
2313133002
3131330023
1313300232
3133002320
1330023200
3300232001
3002320011
0023200113
0232001130
2320011302
3200113023
2001130232
0011302320
0113023201
1130232010
1302320103
3023201031
0232010313
2320103130
3201031300
2010313002
0103130023
1031300232
0313002320
3130023200
1300232003
3002320031
0023200311
0232003111
2320031110
3200311100
2003111002
0031110020
0311100201
3111002013
1110020132
1100201323
1002013230
0020132303
0201323033
2013230333
0132303331
1323033313
3230333132
2303331323
3033313232
0333132322
3331323223
3313232230
3132322303
1323223032
3232230323
2322303233
3223032332
2230323322
2303233220
3032332200
0323322003
3233220032
2332200322
3322003220
3220032200
2200322002
2003220020
0032200202
0322002023
3220020230
2200202300
2002023001
0020230010
0202300103
2023001032
0230010323
2300103231
3001032313
0010323132
0103231320
1032313200
0323132000
3231320003
2313200032
3132000323
1320003230
3200032303
2000323033
0003230330
0032303302
0323033020
3230330203
2303302033
3033020332
0330203320
3302033202
3020332022
0203320220
2033202200
0332022002
3320220022
3202200223
2022002233
0220022331
2200223311
2002233113
0022331132
0223311323
2233113230
2331132300
3311323003
3113230033
1132300331
1323003310
3230033101
2300331013
3003310130
0033101303
0331013031
3310130313
3101303131
1013031311
0130313111
1303131110
3031311103
0313111033
3131110333
1311103331
3111033310
1110333103
1103331032
1033310323
0333103232
3331032323
3310323231
3103232310
1032323101
0323231010
3232310100
2323101003
3231010033
2310100332
3101003323
1010033230
0100332302
1003323020
0033230203
0332302031
3323020313
3230203130
2302031303
3020313033
0203130330
2031303303
0313033030
3130330301
1303303010
3033030101
0330301013
3303010132
3030101321
0301013213
3010132130
0101321300
1013213000
0132130001
1321300013
3213000133
2130001333
1300013333
3000133333
0001333332
0013333323
0133333233
1333332333
3333323330
3333233303
3332333033
3323330333
3233303332
2333033323
3330333230
3303332300
3033323001
0333230011
3332300113
3323001133
3230011331
2300113310
3001133101
0011331013
0113310133
1133101330
1331013302
3310133022
3101330221
1013302210
0133022100
1330221000
3302210001
3022100011
0221000110
2210001102
2100011023
1000110232
0001102321
0011023213
0110232133
1102321331
1023213310
0232133101
2321331010
3213310100
2133101000
1331010002
3310100021
3101000210
1010002100
0100021001
1000210010
0002100100
0021001003
0210010033
2100100333
1001003330
0010033303
0100333033
1003330332
0033303320
0333033200
3330332003
3303320031
3033200313
0332003130
3320031303
3200313032
2003130323
0031303230
0313032301
3130323011
1303230113
3032301131
0323011310
3230113100
2301131000
3011310003
0113100032
1131000322
1310003222
3100032223
1000322233
0003222330
0032223300
0322233001
3222330013
2223300133
2233001330
2330013301
3300133010
3001330102
0013301020
0133010200
1330102003
3301020032
3010200321
0102003210
1020032101
0200321011
2003210111
0032101111
0321011110
3210111100
2101111000
1011110003
0111100033
1111000333
1110003332
1100033322
1000333222
0003332220
0033322201
0333222011
3332220111
3322201110
3222011103
2220111032
2201110320
2011103201
0111032013
1110320131
1103201311
1032013111
0320131110
3201311103
2013111030
0131110302
1311103020
3111030203
1110302033
1103020332
1030203320
0302033200
3020332000
0203320003
2033200033
0332000333
3320003332
3200033322
2000333221
0003332210
0033322100
0333221003
3332210033
3322100333
3221003333
2210033332
2100333323
1003333232
0033332321
0333323211
3333232111
3332321110
3323211103
3232111033
2321110333
3211103331
2111033310
1110333100
1103331000
1033310002
0333100021
3331000213
3310002130
3100021301
1000213011
0002130110
0021301103
0213011032
2130110321
1301103211
3011032110
0110321100
1103211001
1032110010
0321100103
3211001030
2110010301
1100103013
1001030132
0010301321
0103013213
1030132132
0301321323
3013213232
0132132322
1321323223
3213232231
2132322310
1323223101
3232231010
2322310103
3223101032
2231010322
2310103223
3101032233
1010322333
0103223333
1032233330
0322333300
3223333003
2233330033
2333300333
3333003332
3330033321
3300333210
3003332100
0033321003
0333210030
3332100303
3321003033
3210030331
2100303311
1003033113
0030331133
0303311332
3033113323
0331133231
3311332310
3113323102
1133231020
1332310203
3323102033
3231020331
2310203311
3102033113
1020331130
0203311301
2033113010
0331130100
3311301002
3113010022
1130100220
1301002200
3010022000
0100220002
1002200020
0022000201
0220002010
2200020102
2000201023
0002010232
0020102322
0201023222
2010232222
0102322220
1023222200
0232222000
2322220003
3222200033
2222000330
2220003300
2200033001
2000330010
0003300102
0033001020
0330010202
3300102023
3001020231
0010202310
0102023102
1020231022
0202310220
2023102202
0231022023
2310220233
3102202330
1022023300
0220233003
2202330031
2023300311
0233003111
2330031110
3300311103
3003111033
0031110331
0311103311
3111033110
1110331103
1103311033
1033110332
0331103321
3311033213
3110332133
1103321333
1033213333
0332133333
3321333333
3213333330
2133333301
1333333013
3333330131
3333301310
3333013101
3330131011
3301310110
3013101102
0131011023
1310110232
3101102320
1011023203
0110232031
1102320310
1023203103
0232031033
2320310331
3203103313
2031033132
0310331323
3103313233
1033132333
0331323331
3313233313
3132333132
1323331323
3233313233
2333132331
3331323310
3313233103
3132331033
1323310333
3233103330
2331033302
3310333023
3103330230
1033302300
0333023002
3330230022
3302300220
3023002200
0230022000
2300220003
3002200030
0022000303
0220003031
2200030313
2000303131
0003031313
0030313132
0303131320
3031313200
0313132000
3131320001
1313200010
3132000100
1320001002
3200010023
2000100232
0001002320
0010023201
0100232013
1002320131
0023201310
0232013100
2320131003
3201310030
2013100302
0131003022
1310030223
3100302231
1003022310
0030223101
0302231010
3022310100
0223101002
2231010023
2310100233
3101002332
1010023323
0100233231
1002332313
0023323133
0233231332
2332313322
3323133223
3231332231
2313322313
3133223133
1332231333
3322313333
3223133333
2231333331
2313333313
3133333130
1333331300
3333313000
3333130003
3331300031
3313000310
3130003103
1300031033
3000310331
0003103313
0031033130
0310331300
3103313000
1033130003
0331300030
3313000300
3130003000
1300030003
3000300030
0003000301
0030003013
0300030132
3000301323
0003013232
0030132320
0301323203
3013232033
0132320330
1323203301
3232033010
2320330100
3203301001
2033010013
0330100130
3301001303
3010013033
0100130331
1001303313
0013033130
0130331303
1303313033
3033130333
0331303331
3313033313
3130333133
1303331331
3033313311
0333133113
3331331131
3313311313
3133113133
1331131333
3311313333
3113133331
1131333310
1313333100
3133331003
1333310031
3333100310
3331003100
3310031000
3100310003
1003100033
0031000333
0310003332
3100033320
1000333200
0003332000
0033320000
0333200002
3332000020
3320000200
3200002000
2000020002
0000200023
0002000230
0020002302
0200023022
2000230220
0002302203
0023022030
0230220300
2302203003
3022030032
0220300320
2203003200
2030032000
0300320003
3003200032
0032000322
0320003220
3200032202
2000322020
0003220203
0032202032
0322020321
3220203213
2202032130
2020321300
0203213001
2032130012
0321300123
3213001233
2130012330
1300123302
3001233023
0012330232
0123302321
1233023210
2330232101
3302321013
3023210132
0232101323
2321013233
3210132333
2101323333
1013233331
0132333313
1323333132
3233331320
2333313203
3333132032
3331320323
3313203231
3132032313
