0233013213
2330132130
3301321300
3013213000
0132130003
1321300033
3213000333
2130003333
1300033331
3000333313
0003333131
0033331313
0333313131
3333131313
3331313130
3313131302
3131313023
1313130231
3131302310
1313023101
3130231013
1302310131
3023101310
0231013102
2310131023
3101310232
1013102323
0131023233
1310232331
3102323313
1023233131
0232331310
2323313102
3233131021
2331310213
3313102133
3131021331
1310213313
3102133133
1021331332
0213313323
2133133233
1331332331
3313323313
3133233133
1332331331
3323313313
3233133131
2331331311
3313313113
3133131132
1331311322
3313113223
3131132231
1311322311
3113223111
1132231113
1322311133
3223111333
2231113333
2311133332
3111333322
1113333220
1133332201
1333322010
3333220103
3332201031
3322010313
3220103132
2201031321
2010313211
0103132111
1031321110
0313211100
3132111003
1321110032
3211100322
2111003221
1110032213
1100322131
1003221310
0032213100
0322131003
3221310031
2213100311
2131003113
1310031131
3100311313
1003113130
0031131300
0311313003
3113130033
1131300331
1313003311
3130033113
1300331131
3003311311
0033113113
0331131133
3311311333
3113113330
1131133300
1311333001
3113330013
1133300131
1333001311
3330013112
3300131121
3001311211
0013112113
0131121131
1311211311
3112113111
1121131110
1211311103
2113111032
1131110322
1311103221
3111032213
1110322132
1103221322
1032213221
0322132210
3221322102
2213221022
2132210220
1322102200
3221022002
2210220023
2102200231
1022002311
0220023110
2200231102
2002311021
0023110211
0231102111
2311021113
3110211130
1102111303
1021113031
0211130313
2111303131
1113031313
1130313131
1303131311
3031313111
0313131111
3131311113
1313111132
3131111321
1311113213
3111132131
1111321310
1113213102
1132131021
1321310212
3213102120
2131021203
1310212033
3102120332
1021203322
0212033221
2120332213
1203322132
2033221323
0332213230
3322132300
3221323002
2213230022
2132300223
1323002232
3230022321
2300223212
3002232123
0022321231
0223212310
2232123103
2321231033
3212310332
2123103322
1231033221
2310332210
3103322103
1033221030
0332210303
3322103031
3221030313
2210303132
2103031320
1030313200
0303132001
3031320010
0313200100
3132001001
1320010013
3200100133
2001001330
0010013302
0100133022
1001330222
0013302220
0133022203
1330222031
3302220311
3022203112
0222031120
2220311202
2203112023
2031120233
0311202333
3112023330
1120233303
1202333030
2023330301
0233303010
2333030101
3330301011
3303010110
3030101102
0301011023
3010110232
0101102320
1011023202
0110232020
1102320201
1023202010
0232020100
2320201002
3202010020
2020100202
0201002020
2010020202
0100202023
1002020231
0020202311
0202023111
2020231110
0202311102
2023111020
0231110200
2311102001
3111020010
1110200100
1102001002
1020010023
0200100230
2001002303
0010023033
0100230332
1002303321
0023033210
0230332102
2303321021
3033210211
0332102110
3321021102
3210211020
2102110203
1021102030
0211020303
2110203032
1102030322
1020303222
0203032222
2030322222
0303222220
3032222203
0322222030
3222220301
2222203010
2222030102
2220301020
2203010200
2030102000
0301020003
3010200030
0102000300
1020003002
0200030021
2000300210
0003002103
0030021033
0300210333
3002103332
0021033322
0210333220
2103332203
1033322033
0333220330
3332203301
3322033010
3220330101
2203301010
2033010100
0330101002
3301010020
3010100200
0101002001
1010020011
0100200113
1002001133
0020011330
0200113303
2001133032
0011330321
0113303211
1133032113
1330321130
3303211303
3032113032
0321130320
3211303203
2113032032
1130320321
1303203211
3032032110
0320321102
3203211022
2032110220
0321102203
3211022033
2110220332
1102203321
1022033213
0220332133
2203321333
2033213333
0332133330
3321333300
3213333003
2133330032
1333300320
3333003203
3330032033
3300320333
3003203333
0032033333
0320333330
3203333300
2033333000
0333330001
3333300013
3333000130
3330001302
3300013020
3000130201
0001302013
0013020132
0130201323
1302013233
3020132331
0201323310
2013233102
0132331022
1323310220
3233102201
2331022010
3310220102
3102201023
1022010233
0220102332
2201023323
2010233233
0102332333
1023323333
0233233333
2332333330
3323333300
3233333000
2333330002
3333300021
3333000213
3330002133
3300021330
3000213302
0002133022
0021330222
0213302223
2133022231
1330222310
3302223103
3022231033
0222310333
2223103332
2231033323
2310333230
3103332302
1033323022
0333230220
3332302200
3323022000
3230220003
2302200032
3022000323
0220003233
2200032331
2000323313
0003233130
0032331302
0323313020
3233130202
2331302023
3313020232
3130202322
1302023222
3020232220
0202322201
2023222013
0232220132
2322201322
3222013220
2220132201
2201322011
2013220113
0132201130
1322011301
3220113013
2201130132
2011301321
0113013213
1130132131
1301321313
3013213133
0132131333
1321313333
3213133333
2131333333
1313333333
3133333333
1333333333
3333333333
3333333333
3333333333
3333333333
3333333333
3333333333
3333333330
3333333303
3333333031
3333330313
3333303131
3333031313
3330313131
3303131313
3031313133
0313131333
3131313333
1313133333
3131333332
1313333321
3133333210
1333332102
3333321023
3333210233
3332102331
3321023313
3210233133
2102331332
1023313322
0233133222
2331332220
3313322203
3133222031
1332220312
3322203120
3222031200
2220312001
2203120013
2031200132
0312001320
3120013202
1200132023
2001320233
0013202333
0132023332
1320233322
3202333220
2023332200
0233322003
2333220033
3332200332
3322003320
3220033203
2200332031
2003320310
0033203100
0332031002
3320310022
3203100220
2031002200
0310022001
3100220011
1002200111
0022001110
0220011103
2200111033
2001110333
0011103331
0111033311
1110333110
1103331101
1033311010
0333110100
3331101000
3311010002
3110100023
1101000232
1010002321
0100023212
1000232120
0002321203
0023212031
0232120310
2321203101
3212031010
2120310103
1203101030
2031010303
0310103033
3101030333
1010303333
0103033332
1030333321
0303333210
3033332100
0333321000
3333210003
3332100033
3321000333
3210003333
2100033332
1000333323
0003333230
0033332303
0333323032
3333230321
3332303213
3323032132
3230321320
2303213200
3032132000
0321320001
3213200013
2132000133
1320001331
3200013313
2000133133
0001331330
0013313300
0133133001
1331330011
3313300110
3133001102
1330011020
3300110200
3001102002
0011020020
0110200200
1102002000
1020020002
0200200022
2002000223
0020002231
0200022311
2000223110
0002231103
0022311031
0223110310
2231103100
2311031000
3110310000
1103100003
1031000032
0310000323
3100003231
1000032311
0000323113
0003231133
0032311333
0323113332
3231133323
2311333232
3113332323
1133323230
1333232303
3332323032
3323230320
3232303200
2323032003
3230320031
2303200310
3032003102
0320031020
3200310203
2003102030
0031020300
0310203001
3102030011
1020300110
0203001100
2030011000
0300110000
3001100002
0011000022
0110000220
1100002202
1000022021
0000220211
0002202113
0022021132
0220211321
2202113210
2021132100
0211321002
2113210020
1132100200
1321002000
3210020002
2100200023
1002000230
0020002301
0200023010
2000230100
0002301002
0023010022
0230100223
2301002233
3010022333
0100223330
1002233302
0022333021
0223330211
2233302110
2333021100
3330211001
3302110013
3021100133
0211001332
2110013323
1100133233
1001332332
0013323320
0133233200
1332332002
3323320020
3233200200
2332002001
3320020013
3200200130
2002001303
0020013033
0200130332
2001303320
0013033200
0130332000
1303320002
3033200023
0332000231
3320002310
3200023101
2000231013
0002310132
0023101320
0231013203
2310132032
3101320321
1013203213
0132032133
1320321333
3203213333
2032133332
0321333320
3213333202
2133332021
1333320213
3333202133
3332021332
3320213320
3202133201
2021332010
0213320101
2133201010
1332010102
3320101022
3201010220
2010102200
0101022003
1010220030
0102200301
1022003010
0220030102
2200301023
2003010233
0030102333
0301023332
3010233321
0102333210
1023332100
0233321000
2333210001
3332100010
3321000100
3210001001
2100010013
1000100132
0001001323
0010013233
0100132333
1001323333
0013233333
0132333331
1323333311
3233333110
2333331100
3333311000
3333110000
3331100000
3311000002
3110000020
1100000200
1000002002
0000020020
0000200200
0002002003
0020020030
0200200300
2002003003
0020030033
0200300333
2003003333
0030033333
0300333331
3003333313
0033333132
0333331320
3333313200
3333132001
3331320010
3313200103
3132001032
1320010323
3200103232
2001032320
0010323200
0103232003
1032320032
0323200320
3232003200
2320032002
3200320020
2003200202
0032002022
0320020221
3200202213
2002022133
0020221331
0202213313
2022133130
0221331303
2213313031
2133130310
1331303103
3313031030
3130310301
1303103010
3031030102
0310301020
3103010202
1030102023
0301020232
3010202323
0102023232
1020232322
0202323222
2023232221
0232322213
2323222130
3232221301
2322213011
3222130112
2221301120
2213011200
2130112000
1301120001
3011200011
0112000112
1120001123
1200011232
2000112323
0001123231
0011232310
0112323100
1123231000
1232310000
2323100002
3231000020
2310000201
3100002013
1000020133
0000201332
0002013322
0020133222
0201332221
2013322210
0133222102
1332221022
3322210221
3222102210
2221022102
2210221020
2102210200
1022102003
0221020031
2210200313
2102003132
1020031320
0200313200
2003132002
0031320020
0313200203
3132002032
1320020321
3200203211
2002032112
0020321121
0203211211
2032112113
0321121133
3211211332
2112113320
1121133200
1211332002
2113320022
1133200220
1332002201
3320022010
3200220102
2002201023
0022010231
0220102313
2201023133
2010231330
0102313302
1023133023
0231330232
2313302323
3133023231
1330232311
3302323110
3023231102
0232311021
2323110213
3231102132
2311021323
3110213231
1102132313
1021323130
0213231300
2132313001
1323130011
3231300113
2313001133
3130011332
1300113322
3001133220
0011332200
0113322003
1133220033
1332200332
3322003323
3220033232
2200332320
2003323202
0033232020
0332320203
3323202031
3232020310
2320203102
3202031023
2020310232
0203102320
2031023200
0310232002
3102320020
1023200200
0232002000
2320020000
3200200000
2002000001
0020000010
0200000100
2000001002
0000010021
0000100210
0001002102
0010021020
0100210201
1002102010
0021020101
0210201010
2102010102
1020101021
0201010211
2010102113
0101021131
1010211312
0102113120
1021131200
0211312000
2113120000
1131200000
1312000000
3120000000
1200000003
2000000031
0000000313
0000003132
0000031323
0000313231
0003132313
0031323130
0313231301
3132313010
1323130103
3231301033
2313010332
3130103320
1301033200
3010332001
0103320013
1033200130
0332001302
3320013020
3200130203
2001302033
0013020331
0130203313
1302033132
3020331320
0203313203
2033132033
0331320331
3313203313
3132033133
1320331331
3203313313
2033133132
0331331320
3313313200
3133132002
1331320020
3313200203
3132002030
1320020301
3200203010
2002030102
0020301023
0203010233
2030102330
0301023300
3010233003
0102330030
1023300300
0233003002
2330030021
3300300211
3003002113
0030021132
0300211320
3002113203
0021132032
0211320320
2113203203
1132032033
1320320332
3203203321
2032033210
0320332102
3203321023
2033210232
0332102323
3321023232
3210232320
2102323201
1023232010
0232320102
2323201020
3232010202
2320102021
3201020210
2010202102
0102021023
1020210233
0202102332
2021023323
0210233233
2102332330
1023323302
0233233020
2332330200
3323302002
3233020023
2330200231
3302002310
3020023101
0200231011
2002310111
0023101111
0231011113
2310111131
3101111310
1011113100
0111131002
1111310022
1113100220
1131002202
1310022021
3100220213
1002202132
0022021322
0220213220
2202132201
2021322010
0213220103
2132201032
1322010320
3220103202
2201032022
2010320221
0103202211
1032022110
0320221100
3202211003
2022110033
0221100333
2211003332
2110033321
1100333210
1003332103
0033321033
0333210331
3332103313
3321033132
3210331321
2103313210
1033132100
0331321001
3313210011
3132100110
1321001100
3210011002
2100110022
1001100221
0011002213
0110022132
1100221321
1002213213
0022132133
0221321332
2213213323
2132133232
1321332320
3213323202
2133232023
1332320233
3323202333
3232023333
2320233331
3202333313
2023333132
0233331320
2333313202
3333132022
3331320220
3313202201
3132022010
1320220103
3202201030
2022010300
0220103001
2201030010
2010300100
0103001000
1030010001
0300100011
3001000111
0010001113
0100011132
1000111320
0001113200
0011132001
0111320010
1113200103
1132001031
1320010310
3200103103
2001031031
0010310310
0103103100
1031031003
0310310032
3103100321
1031003210
0310032102
3100321023
1003210232
0032102320
0321023203
3210232030
2102320300
1023203000
0232030002
2320300020
3203000203
2030002033
0300020333
3000203332
0002033320
0020333200
0203332001
2033320011
0333200111
3332001113
3320011130
3200111303
2001113033
0011130332
0111303320
1113033202
1130332020
1303320200
3033202003
0332020031
3320200310
3202003103
2020031032
0200310321
2003103210
0031032100
0310321001
3103210013
1032100132
0321001320
3210013200
2100132000
1001320002
0013200022
0132000221
1320002210
3200022103
2000221031
0002210311
0022103110
0221031102
2210311020
2103110200
1031102000
0311020000
3110200000
1102000003
1020000032
0200000323
2000003231
0000032310
0000323102
0003231022
0032310222
0323102223
3231022230
2310222303
3102223033
1022230333
0222303331
2223033313
2230333132
2303331323
3033313233
0333132333
3331323331
3313233310
3132333102
1323331020
3233310201
2333102013
3331020133
3310201333
3102013331
1020133310
0201333103
2013331032
0133310323
1333103232
3331032322
3310323220
3103232202
1032322021
0323220211
3232202110
2322021103
3220211032
2202110323
2021103232
0211032322
2110323221
1103232210
1032322101
0323221010
3232210102
2322101020
3221010203
2210102030
2101020303
1010203033
0102030331
1020303310
0203033103
2030331032
0303310321
3033103211
0331032110
3310321102
3103211021
1032110213
0321102131
3211021310
2110213103
1102131033
1021310330
0213103301
2131033010
1310330102
3103301021
1033010210
0330102103
3301021032
3010210320
0102103202
1021032020
0210320200
2103202001
1032020010
0320200102
3202001023
2020010230
0200102302
2001023021
0010230213
0102302133
1023021330
0230213303
2302133033
3021330330
0213303301
2133033013
1330330131
3303301310
3033013101
0330131013
3301310132
3013101320
0131013200
1310132002
3101320020
1013200201
0132002010
1320020102
3200201020
2002010200
0020102003
0201020032
2010200320
0102003200
1020032003
0200320032
2003200323
0032003230
0320032302
3200323020
2003230200
0032302000
0323020000
3230200002
2302000022
3020000221
0200002213
2000022132
0000221320
0002213200
0022132003
0221320033
2213200331
2132003313
1320033132
3200331323
2003313230
0033132300
0331323003
3313230030
3132300300
1323003000
3230030000
2300300002
3003000021
0030000210
0300002100
3000021000
0000210001
0002100010
0021000102
0210001023
2100010231
1000102313
0001023132
0010231322
0102313221
1023132213
0231322133
2313221330
3132213302
1322133021
3221330210
2213302100
2133021000
1330210002
3302100020
3021000202
0210002021
2100020211
1000202110
0002021100
0020211001
0202110010
2021100102
0211001020
2110010202
1100102021
1001020210
0010202102
0102021020
1020210203
0202102032
2021020322
0210203222
2102032221
1020322213
0203222132
2032221320
0322213200
3222132000
2221320002
2213200023
2132000230
1320002300
3200023000
2000230002
0002300020
0023000200
0230002000
2300020001
3000200010
0002000103
0020001032
0200010323
2000103230
0001032300
0010323003
0103230032
1032300320
0323003201
3230032010
2300320102
3003201022
0032010221
0320102210
3201022102
2010221020
0102210203
1022102033
0221020331
2210203311
2102033111
1020331110
0203311102
2033111021
0331110210
3311102101
3111021013
1110210132
1102101320
1021013202
0210132020
2101320200
1013202000
0132020000
1320200000
3202000002
2020000022
0200000223
2000002230
0000022302
0000223020
0002230203
0022302033
0223020331
2230203313
2302033130
3020331300
0203313003
2033130032
0331300321
3313003213
3130032132
1300321320
3003213203
0032132033
0321320331
3213203313
2132033131
1320331313
3203313131
2033131313
0331313132
3313131323
3131313232
1313132322
3131323222
1313232220
3132322202
1323222020
3232220200
2322202000
3222020000
2220200000
2202000000
2020000000
0200000003
2000000032
0000000321
0000003210
0000032100
0000321003
0003210030
0032100300
0321003003
3210030032
2100300320
1003003202
0030032020
0300320200
3003202000
0032020000
0320200002
3202000023
2020000231
0200002313
2000023132
0000231323
0002313232
0023132321
0231323211
2313232113
3132321133
1323211332
3232113320
2321133202
3211332022
2113320220
1133202203
1332022033
3320220331
3202203313
2022033132
0220331322
2203313220
2033132202
0331322021
3313220213
3132202130
1322021301
3220213011
2202130111
2021301110
0213011100
2130111000
1301110000
3011100003
0111000032
1110000323
1100003233
1000032331
0000323311
0003233113
0032331133
0323311332
3233113322
2331133220
3311332203
3113322030
1133220300
1332203001
3322030010
3220300101
2203001013
2030010130
0300101300
3001013000
0010130003
0101300030
1013000302
0130003021
1300030210
3000302102
0003021021
0030210210
0302102103
3021021033
0210210331
2102103312
1021033122
0210331220
2103312200
1033122000
0331220002
3312200023
3122000233
1220002330
2200023300
2000233003
0002330032
0023300320
0233003202
2330032023
3300320232
3003202322
0032023223
0320232233
3202322333
2023223333
0232233331
2322333311
3223333110
2233331102
2333311020
3333110200
3331102001
3311020013
3110200132
1102001322
1020013223
0200132232
2001322320
0013223202
0132232020
1322320203
3223202032
2232020323
2320203233
3202032330
2020323300
0203233001
2032330013
0323300133
3233001331
2330013313
3300133132
3001331320
0013313201
0133132010
1331320102
3313201023
3132010232
1320102321
3201023210
2010232103
0102321031
1023210313
0232103132
2321031320
3210313201
2103132010
1031320100
0313201002
3132010020
1320100202
3201002022
2010020221
0100202210
1002022102
0020221022
0202210221
2022102210
0221022103
2210221031
2102210310
1022103100
0221031000
2210310003
2103100032
1031000321
0310003213
3100032132
1000321320
0003213200
0032132002
0321320021
3213200210
2132002102
1320021021
3200210213
2002102132
0021021323
0210213233
2102132332
1021323321
0213233212
2132332123
1323321233
3233212330
2332123302
3321233020
3212330200
2123302002
1233020023
2330200233
3302002333
3020023331
0200233310
2002333100
0023331000
0233310003
2333100032
3331000320
3310003200
3100032002
1000320023
0003200230
0032002302
0320023020
3200230203
2002302032
0023020322
0230203220
2302032203
3020322032
0203220323
2032203232
0322032323
3220323231
2203232310
2032323102
0323231023
3232310230
2323102300
3231023003
2310230033
3102300331
1023003310
0230033100
2300331000
3003310002
0033100020
0331000200
3310002000
3100020000
1000200001
0002000010
0020000102
0200001020
2000010201
0000102013
0001020133
0010201332
0102013322
1020133223
0201332230
2013322300
0133223001
1332230011
3322300113
3223001131
2230011313
2300113132
3001131320
0011313203
0113132031
1131320311
1313203111
3132031111
1320311110
3203111103
2031111031
0311110310
3111103103
1111031032
1110310321
1103103213
1031032132
0310321323
3103213230
1032132300
0321323003
3213230032
2132300323
1323003232
3230032323
2300323230
3003232300
0032323000
0323230000
3232300002
2323000023
3230000232
2300002320
3000023200
0000232000
0002320002
0023200020
0232000202
2320002020
3200020201
2000202013
0002020133
0020201331
0202013313
2020133131
0201331311
2013313110
0133131100
1331311000
3313110001
3131100011
1311000110
3110001102
1100011023
1000110230
0001102300
0011023000
0110230002
1102300020
1023000200
0230002001
2300020010
3000200100
0002001003
0020010030
0200100303
2001003031
0010030310
0100303100
1003031000
0030310002
0303100020
3031000203
0310002030
3100020300
1000203000
0002030000
0020300003
0203000030
2030000303
0300003033
3000030333
0000303332
0003033322
0030333222
0303332220
3033322200
0333222000
3332220000
3322200001
3222000010
2220000103
2200001030
2000010303
0000103031
0001030310
0010303102
0103031020
1030310202
0303102020
3031020200
0310202000
3102020002
1020200022
0202000222
2020002220
0200022200
2000222002
0002220021
0022200211
0222002113
2220021131
2200211311
2002113111
0021131113
0211311131
2113111310
1131113101
1311131013
3111310133
1113101332
1131013320
1310133200
3101332001
1013320011
0133200110
1332001103
3320011030
3200110303
2001103032
0011030320
0110303201
1103032013
1030320132
0303201320
3032013200
0320132000
3201320003
2013200033
0132000330
1320003303
3200033030
2000330302
0003303022
0033030223
0330302230
3303022301
3030223010
0302230103
3022301033
0223010333
2230103330
2301033303
3010333033
0103330332
1033303321
0333033210
3330332102
3303321020
3033210200
0332102001
3321020011
3210200110
2102001101
1020011010
0200110102
2001101020
0011010201
0110102012
1101020120
1010201201
0102012010
1020120101
0201201010
2012010100
0120101002
1201010020
2010100200
0101002001
1010020010
0100200102
1002001021
0020010211
0200102111
2001021113
0010211133
0102111331
1021113310
0211133101
2111331010
1113310100
1133101000
1331010003
3310100030
3101000300
1010003000
0100030003
1000300033
0003000330
0030003300
0300033000
3000330002
0003300021
0033000212
0330002123
3300021230
3000212300
0002123000
0021230000
0212300002
2123000022
1230000220
2300002202
3000022020
0000220200
0002202002
0022020023
0220200230
2202002301
2020023010
0200230103
2002301032
0023010321
0230103211
2301032113
3010321133
0103211333
1032113330
0321133303
3211333031
2113330311
1133303113
1333031132
3330311320
3303113202
3031132022
0311320220
3113202203
1132022033
1320220333
3202203333
2022033330
0220333303
2203333031
2033330310
0333303100
3333031002
3330310020
3303100200
3031002000
0310020002
3100200021
1002000210
0020002102
0200021020
2000210203
0002102033
0021020333
0210203330
2102033300
1020333001
0203330011
2033300110
0333001103
3330011033
3300110332
3001103323
0011033233
0110332331
1103323310
1033233100
0332331000
3323310000
3233100002
2331000020
3310000201
3100002013
1000020131
0000201311
0002013113
0020131132
0201311320
2013113200
0131132000
1311320000
3113200003
1132000030
1320000303
3200003030
2000030300
0000303000
0003030003
0030300031
0303000310
3030003102
0300031022
3000310222
0003102220
0031022200
0310222003
3102220033
1022200332
0222003320
2220033201
2200332011
2003320110
0033201100
0332011000
3320110003
3201100032
2011000322
0110003220
1100032202
1000322021
0003220210
0032202100
0322021000
3220210000
2202100003
2021000032
0210000320
2100003201
1000032011
0000320110
0003201100
0032011002
0320110023
3201100232
2011002320
0110023203
1100232032
1002320322
0023203222
0232032223
2320322230
3203222303
2032223033
0322230330
3222303301
2223033011
2230330110
2303301102
3033011023
0330110230
3301102300
3011023001
0110230012
1102300122
1023001223
0230012231
2300122310
3001223102
0012231022
0122310220
1223102200
2231022000
2310220000
3102200003
1022000032
0220000320
2200003200
2000032000
0000320001
0003200010
0032000100
0320001000
3200010000
2000100000
0001000000
0010000003
0100000030
1000000300
0000003003
0000030032
0000300320
0003003203
0030032031
0300320313
3003203133
0032031331
0320313310
3203133102
2031331022
0313310220
3133102200
1331022002
3310220020
3102200202
1022002020
0220020200
2200202000
2002020000
0020200001
0202000013
2020000132
0200001321
2000013213
0000132130
0001321300
0013213003
0132130031
1321300311
3213003110
2130031102
1300311023
3003110230
0031102302
0311023022
3110230222
1102302223
1023022231
0230222310
2302223101
3022231013
0222310132
2223101322
2231013222
2310132220
3101322200
1013222000
0132220000
1322200000
3222000000
2220000002
2200000023
2000000231
0000002313
0000023132
0000231321
0002313213
0023132133
0231321333
2313213331
3132133310
1321333101
3213331010
2133310102
1333101021
3331010210
3310102100
3101021000
1010210000
0102100002
1021000021
0210000211
2100002110
1000021102
0000211020
0002110201
0021102011
0211020113
2110201130
1102011303
1020113030
0201130300
2011303002
0113030021
1130300210
1303002100
3030021001
0300210010
3002100102
0021001023
0210010230
2100102303
1001023030
0010230300
0102303002
1023030023
0230300232
2303002320
3030023203
0300232033
3002320333
0023203332
0232033322
2320333220
3203332202
2033322020
0333220203
3332202030
3322020302
3220203020
2202030200
2020302003
0203020033
2030200330
0302003300
3020033002
0200330023
2003300232
0033002323
0330023231
3300232313
3002323130
0023231303
0232313030
2323130300
3231303003
2313030033
3130300331
1303003310
3030033100
0300331000
3003310003
0033100032
0331000321
3310003210
3100032101
1000321011
0003210113
0032101130
0321011300
3210113002
2101130020
1011300200
0113002000
1130020000
1300200000
3002000003
0020000030
0200000302
2000003022
0000030221
0000302213
0003022132
0030221320
0302213202
3022132022
0221320220
2213202202
2132022022
1320220220
3202202200
2022022002
0220220022
2202200221
2022002213
0220022133
2200221331
2002213313
0022133130
0221331301
2213313011
2133130112
1331301123
3313011230
3130112303
1301123032
3011230321
0112303212
1123032121
1230321213
2303212131
3032121311
0321213113
3212131132
2121311321
1213113210
2131132102
1311321023
3113210233
1132102332
1321023320
3210233200
2102332001
1023320011
0233200110
2332001102
3320011023
3200110231
2001102310
0011023102
0110231023
1102310230
1023102302
0231023020
2310230200
3102302000
1023020003
0230200031
2302000311
3020003110
0200031100
2000311002
0003110021
0031100213
0311002131
3110021310
1100213101
1002131011
0021310113
0213101130
2131011301
1310113013
3101130131
1011301310
0113013103
1130131032
1301310321
3013103213
0131032132
1310321320
3103213200
1032132001
0321320013
3213200133
2132001331
1320013310
3200133100
2001331000
0013310003
0133100033
1331000332
3310003320
3100033203
1000332030
0003320300
0033203003
0332030033
3320300333
3203003333
2030033330
0300333302
3003333023
0033330230
0333302302
3333023021
3330230210
3302302102
3023021023
0230210232
2302102320
3021023200
0210232002
2102320020
1023200200
0232002000
2320020001
3200200010
2002000100
0020001000
0200010002
2000100020
0001000200
0010002000
0100020000
1000200000
0002000001
0020000010
0200000100
2000001003
0000010033
0000100331
0001003313
0010033132
0100331320
1003313201
0033132011
0331320110
3313201100
3132011002
1320110021
3201100210
2011002101
0110021011
1100210113
1002101132
0021011323
0210113231
2101132310
1011323102
0113231022
1132310221
1323102210
3231022101
2310221010
3102210103
1022101033
0221010330
2210103302
2101033020
1010330200
0103302000
1033020002
0330200021
3302000211
3020002113
0200021131
2000211311
0002113110
0021131101
0211311013
2113110131
1131101310
1311013102
3110131020
1101310202
1013102021
0131020210
1310202102
3102021020
1020210201
0202102011
2021020111
0210201110
2102011102
1020111020
0201110200
2011102001
0111020011
1110200110
1102001102
1020011021
0200110210
2001102101
0011021011
0110210113
1102101132
1021011320
0210113200
2101132002
1011320021
0113200213
1132002130
1320021300
3200213002
2002130020
0021300200
0213002002
2130020022
1300200220
3002002202
0020022021
0200220212
2002202122
0022021220
0220212202
2202122023
2021220232
0212202320
2122023200
1220232001
2202320010
2023200100
0232001002
2320010023
3200100230
2001002300
0010023002
0100230020
1002300200
0023002000
0230020002
2300200020
3002000202
0020002020
0200020200
2000202001
0002020013
0020200132
0202001321
2020013211
0200132110
2001321102
0013211023
0132110232
1321102320
3211023203
2110232032
1102320321
1023203213
0232032133
2320321333
3203213331
2032133311
0321333111
3213331110
2133311102
1333111020
3331110200
3311102002
3111020020
1110200200
1102002000
1020020000
0200200000
2002000003
0020000033
0200000330
2000003300
0000033001
0000330010
0003300100
0033001002
0330010021
3300100210
3001002101
0010021010
0100210102
1002101020
0021010201
0210102012
2101020122
1010201223
0102012231
1020122311
0201223110
2012231100
0122311002
1223110023
2231100232
2311002320
3110023201
1100232011
1002320111
0023201111
0232011112
2320111120
3201111200
2011112002
0111120022
1111200222
1112002221
1120022211
1200222113
2002221132
0022211323
0222113231
2221132310
2211323100
2113231002
1132310021
1323100211
3231002113
2310021130
3100211302
1002113021
0021130211
0211302111
2113021113
1130211131
1302111310
3021113102
0211131020
2111310202
1113102020
1131020200
1310202000
3102020000
1020200002
0202000020
2020000200
0200002000
2000020003
0000200030
0002000302
0020003020
0200030202
2000302020
0003020200
0030202000
0302020001
3020200013
0202000133
2020001332
0200013320
2000133200
0001332000
0013320001
0133200010
1332000100
3320001002
3200010021
2000100210
0001002100
0010021000
0100210000
1002100003
0021000032
0210000321
2100003211
1000032113
0000321132
0003211320
0032113203
0321132030
3211320300
2113203001
1132030010
1320300101
3203001011
2030010110
0300101100
3001011002
0010110022
0101100220
1011002200
0110022001
1100220013
1002200131
0022001310
0220013100
2200131002
2001310022
0013100220
0131002203
1310022031
3100220313
1002203132
0022031322
0220313223
2203132232
2031322321
0313223213
3132232132
1322321322
3223213222
2232132223
2321322232
3213222322
2132223220
1322232202
3222322020
2223220200
2232202001
2322020010
3220200102
2202001023
2020010232
0200102323
2001023233
0010232333
0102323332
1023233323
0232333231
2323332311
3233323110
2333231101
3332311012
3323110122
3231101220
2311012200
3110122000
1101220002
1012200020
0122000203
1220002031
2200020313
2000203132
0002031320
0020313202
0203132022
2031320220
0313202202
3132022020
1320220202
3202202023
2022020230
0220202301
2202023011
2020230110
0202301102
2023011023
0230110232
2301102323
3011023233
0110232333
1102323331
1023233310
0232333101
2323331013
3233310132
2333101322
3331013223
3310132230
3101322301
1013223011
0132230111
1322301112
3223011120
2230111201
2301112010
3011120101
0111201013
1112010132
1120101320
1201013203
2010132033
0101320330
1013203303
0132033032
1320330320
3203303201
2033032010
0330320101
3303201013
3032010131
0320101310
3201013102
2010131020
0101310200
1013102001
0131020010
1310200102
3102001021
1020010212
0200102123
2001021231
0010212313
0102123131
1021231310
0212313102
2123131023
1231310230
2313102301
3131023013
1310230132
3102301322
1023013220
0230132203
2301322032
3013220321
0132203213
1322032130
3220321300
2203213001
2032130010
0321300101
3213001013
2130010132
1300101323
3001013231
0010132310
0101323102
1013231020
0132310203
1323102031
3231020313
2310203132
3102031321
1020313210
0203132100
2031321000
0313210000
3132100000
1321000001
3210000010
2100000102
1000001022
0000010222
0000102223
0001022231
0010222310
0102223100
1022231003
0222310033
2223100331
2231003310
2310033102
3100331023
1003310232
0033102323
0331023233
3310232333
3102323332
1023233320
0232333201
2323332011
3233320111
2333201110
3332011102
3320111023
3201110233
2011102333
0111023332
1110233323
1102333230
1023332302
0233323021
2333230210
3332302100
3323021002
3230210023
2302100232
3021002320
0210023200
2100232000
1002320000
0023200001
0232000010
2320000101
3200001011
2000010110
0000101100
0001011002
0010110022
0101100220
1011002200
0110022001
1100220013
1002200133
0022001332
0220013323
2200133231
2001332311
0013323112
0133231123
1332311232
3323112322
3231123223
2311232233
3112322331
1123223313
1232233130
2322331300
3223313000
2233130002
2331300020
3313000203
3130002032
1300020321
3000203213
0002032132
0020321322
0203213220
2032132200
0321322002
3213220023
2132200232
1322002321
3220023211
2200232110
2002321101
0023211010
0232110102
2321101020
3211010200
2110102003
1101020032
1010200321
0102003213
1020032131
0200321313
2003213130
0032131300
0321313002
3213130021
2131300210
1313002103
3130021031
1300210311
3002103110
0021031103
0210311031
2103110312
1031103120
0311031202
3110312020
1103120201
1031202010
0312020101
3120201012
1202010120
2020101202
0201012021
2010120213
0101202133
1012021330
0120213300
1202133001
2021330011
0213300110
2133001101
1330011010
3300110103
3001101032
0011010321
0110103211
1101032110
1010321102
0103211020
1032110202
0321102020
3211020201
2110202010
1102020102
1020201023
0202010230
2020102302
0201023020
2010230200
0102302000
1023020003
0230200032
2302000322
3020003220
0200032200
2000322002
0003220022
0032200222
0322002220
3220022202
2200222023
2002220232
0022202320
0222023200
2220232001
2202320013
2023200132
0232001322
2320013220
3200132203
2001322030
0013220301
0132203013
1322030131
3220301310
2203013100
2030131003
0301310030
3013100303
0131003033
1310030333
3100303332
1003033321
0030333210
0303332102
3033321020
0333210200
3332102003
3321020030
3210200301
2102003010
1020030103
0200301033
2003010333
0030103331
0301033310
3010333102
0103331022
1033310223
0333102233
3331022333
3310223331
3102233310
1022333100
0223331000
2233310002
2333100021
3331000212
3310002123
3100021231
1000212310
0002123102
0021231023
0212310231
2123102310
1231023103
2310231033
3102310333
1023103332
0231033321
2310333213
3103332133
1033321333
0333213330
3332133303
3321333033
3213330333
2133303333
1333033331
3330333310
3303333100
3033331000
0333310000
3333100001
3331000011
3310000110
3100001100
1000011002
0000110020
0001100200
0011002002
0110020023
1100200231
1002002311
0020023111
0200231111
2002311113
0023111130
0231111300
2311113000
3111130003
1111300032
1113000320
1130003202
1300032023
3000320232
0003202323
0032023232
0320232321
3202323210
2023232100
0232321001
2323210010
3232100102
2321001021
3210010211
2100102113
1001021131
0010211313
0102113130
1021131301
0211313013
2113130131
1131301310
1313013101
3130131013
1301310131
3013101313
0131013131
1310131313
3101313131
1013131311
0131313113
1313131131
3131311310
1313113100
3131131001
1311310013
3113100131
1131001311
1310013113
3100131133
1001311330
0013113301
0131133012
1311330122
3113301222
1133012220
1330122202
3301222021
3012220213
0122202132
1222021320
2220213202
2202132020
2021320201
0213202011
2132020110
1320201100
3202011002
2020110023
0201100232
2011002323
0110023232
1100232320
1002323201
0023232013
0232320133
2323201331
3232013313
2320133132
3201331320
2013313200
0133132002
1331320022
3313200223
3132002230
1320022300
3200223000
2002230002
0022300020
0223000200
2230002000
2300020000
3000200003
0002000031
0020000312
0200003122
2000031222
0000312223
0003122230
0031222301
0312223010
3122230103
1222301032
2223010320
2230103200
2301032002
3010320020
0103200202
1032002023
0320020231
3200202313
2002023132
0020231320
0202313200
2023132000
0231320003
2313200031
3132000310
1320003102
3200031023
2000310231
0003102310
0031023101
0310231012
3102310123
1023101230
0231012301
2310123010
3101230102
1012301022
0123010221
1230102210
2301022102
3010221023
0102210233
1022102330
0221023301
2210233013
2102330132
1023301321
0233013211
2330132112
3301321121
3013211210
0132112100
1321121003
3211210032
2112100322
1121003220
1210032201
2100322013
1003220133
0032201332
0322013321
3220133211
2201332113
2013321132
0133211323
1332113232
3321132321
3211323213
2113232133
1132321331
1323213312
3232133123
2321331231
3213312310
2133123102
1331231021
3312310210
3123102100
1231021002
2310210022
3102100223
1021002230
0210022300
2100223002
1002230021
0022300211
0223002110
2230021102
2300211022
3002110223
0021102232
0211022321
2110223211
1102232110
1022321100
0223211001
2232110010
2321100101
3211001011
2110010113
1100101133
1001011332
0010113323
0101133232
1011332323
0113323232
1133232321
1332323213
3323232132
3232321322
2323213220
3232132202
2321322023
3213220232
2132202323
1322023231
3220232313
2202323132
2023231322
0232313222
2323132221
3231322211
2313222113
3132221133
1322211332
3222113323
2221133231
2211332311
2113323110
1133231103
1332311031
3323110310
3231103103
2311031031
3110310313
1103103131
1031031310
0310313102
3103131023
1031310230
0313102301
3131023010
1310230102
3102301020
1023010200
0230102002
2301020021
3010200210
0102002100
1020021003
0200210032
2002100320
0021003200
0210032000
2100320002
1003200023
0032000232
0320002320
3200023200
2000232002
0002320022
0023200221
0232002210
2320022102
3200221021
2002210210
0022102101
0221021011
2210210113
2102101131
1021011310
0210113100
2101131002
1011310023
0113100230
1131002300
1310023000
3100230001
1002300011
0023000113
0230001132
2300011322
3000113220
0001132202
0011322023
0113220233
1132202331
1322023311
3220233110
2202331101
2023311010
0233110100
2331101000
3311010002
3110100021
1101000213
1010002131
0100021310
1000213103
0002131030
0021310303
0213103031
2131030313
1310303133
3103031330
1030313300
0303133000
3031330001
0313300010
3133000100
1330001003
3300010031
3000100310
0001003102
0010031023
0100310233
1003102333
0031023331
0310233313
3102333131
1023331311
0233313111
2333131112
3331311123
3313111232
3131112320
1311123202
3111232022
1112320223
1123202231
1232022310
2320223103
3202231031
2022310313
0223103130
2231031303
2310313030
3103130300
1031303000
0313030000
3130300000
1303000001
3030000013
0300000132
3000001320
0000013201
0000132011
0001320112
0013201123
0132011230
1320112302
3201123020
2011230200
0112302000
1123020000
1230200000
2302000001
3020000013
0200000131
2000001313
0000013132
0000131323
0001313231
0013132310
0131323102
1313231020
3132310202
1323102022
3231020220
2310202200
3102022001
1020220012
0202200120
2022001201
0220012013
2200120133
2001201332
0012013320
0120133202
1201332020
2013320200
0133202002
1332020021
3320200210
3202002103
2020021030
0200210301
2002103010
0021030103
0210301033
2103010331
1030103313
0301033131
3010331310
0103313102
1033131021
0331310213
3313102130
3131021300
1310213000
3102130000
1021300000
0213000002
2130000022
1300000221
3000002210
0000022102
0000221023
0002210232
0022102322
0221023220
2210232200
2102322000
1023220000
0232200003
2322000032
3220000320
2200003202
2000032020
0000320201
0003202011
0032020110
0320201103
3202011033
2020110332
0201103323
2011033233
0110332331
1103323310
1033233100
0332331000
3323310002
3233100023
2331000233
3310002331
3100023310
1000233102
0002331023
0023310230
0233102301
2331023010
3310230103
3102301030
1023010301
0230103010
2301030100
3010301001
0103010013
1030100130
0301001302
3010013021
0100130211
1001302110
0013021100
0130211000
1302110000
3021100003
0211000030
2110000300
1100003001
1000030012
0000300122
0003001220
0030012202
0300122022
3001220220
0012202200
0122022000
1220220003
2202200032
2022000321
0220003213
2200032133
2000321332
0003213323
0032133231
0321332310
3213323102
2133231022
1332310220
3323102200
3231022002
2310220021
3102200211
1022002110
0220021102
2200211021
2002110213
0021102131
0211021310
2110213102
1102131022
1021310221
0213102210
2131022102
1310221023
3102210230
1022102303
0221023033
2210230330
2102303300
1023033003
0230330032
2303300320
3033003202
0330032022
3300320223
3003202230
0032022303
0320223032
3202230323
2022303233
0223032331
2230323311
2303233110
3032331102
0323311021
3233110212
2331102122
3311021223
3110212232
1102122320
1021223200
0212232000
2122320000
1223200001
2232000013
2320000133
3200001331
2000013311
0000133110
0001331102
0013311022
0133110222
1331102220
3311022201
3110222010
1102220103
1022201031
0222010312
2220103120
2201031202
2010312020
0103120203
1031202030
0312020302
3120203020
1202030200
2020302000
0203020001
2030200010
0302000102
3020001020
0200010202
2000102022
0001020222
0010202223
0102022231
1020222313
0202223130
2022231300
0222313002
2223130022
2231300223
2313002230
3130022300
1300223002
3002230021
0022300210
0223002101
2230021011
2300210112
3002101123
0021011232
0210112321
2101123213
1011232133
0112321331
1123213311
1232133112
2321331123
3213311233
2133112332
1331123322
3311233220
3112332203
1123322031
1233220313
2332203133
3322031333
3220313333
2203133332
2031333321
0313333210
3133332102
1333321021
3333210211
3332102113
3321021132
3210211320
2102113200
1021132002
0211320023
2113200231
1132002313
1320023132
3200231323
2002313230
0023132300
0231323002
2313230021
3132300210
1323002100
3230021000
2300210002
3002100023
0021000232
0210002320
2100023203
1000232033
0002320330
0023203303
0232033030
2320330300
3203303003
2033030030
0330300300
3303003000
3030030003
0300300030
3003000303
0030003031
0300030313
3000303133
0003031332
0030313320
0303133200
3031332000
0313320003
3133200032
1332000320
3320003200
3200032002
2000320020
0003200200
0032002002
0320020021
3200200210
2002002102
0020021022
0200210220
2002102202
0021022022
0210220222
2102202221
1022022210
0220222100
2202221002
2022210022
0222100221
2221002213
2210022132
2100221323
1002213233
0022132332
0221323322
2213233223
2132332230
1323322301
3233223010
2332230102
3322301020
3223010201
2230102013
2301020133
3010201331
0102013313
1020133131
0201331313
2013313131
0133131311
1331313110
3313131103
3131311032
1313110323
3131103231
1311032313
3110323132
1103231323
1032313233
0323132331
3231323313
2313233131
3132331310
1323313102
3233131020
2331310203
3313102031
3131020310
1310203103
3102031031
1020310313
0203103133
2031031332
0310313320
3103133200
1031332001
0313320010
3133200100
1332001003
3320010031
3200100313
2001003130
0010031303
0100313032
1003130320
0031303202
0313032020
3130320200
1303202002
3032020023
0320200232
3202002322
2020023223
0200232230
2002322300
0023223003
0232230030
2322300303
3223003033
2230030333
2300303333
3003033333
0030333331
0303333310
3033333102
0333331022
3333310223
3333102233
3331022333
3310223332
3102233323
1022333233
0223332331
2233323313
2333233132
3332331320
3323313202
3233132020
2331320201
3313202010
3132020101
1320201011
3202010113
2020101132
0201011320
2010113203
0101132032
1011320320
0113203201
1132032011
1320320113
3203201132
2032011323
0320113233
3201132332
2011323322
0113233220
1132332203
1323322032
3233220320
2332203203
3322032032
3220320323
2203203233
2032032332
0320323320
3203233200
2032332000
0323320003
3233200030
2332000301
3320003010
3200030102
2000301022
0003010220
0030102200
0301022000
3010220000
0102200003
1022000030
0220000301
2200003013
2000030130
0000301302
0003013021
0030130213
0301302133
3013021331
0130213312
1302133122
3021331223
0213312232
2133122320
1331223200
3312232002
3122320022
1223200223
2232002232
2320022320
3200223203
2002232032
0022320323
0223203230
2232032300
2320323003
3203230032
2032300322
0323003220
3230032202
2300322020
3003220200
0032202002
0322020023
3220200231
2202002313
2020023132
0200231321
2002313213
0023132132
0231321323
2313213233
3132132333
1321323333
3213233333
2132333330
1323333300
3233333003
2333330032
3333300322
3333003220
3330032200
3300322002
3003220023
0032200232
0322002323
3220023231
2200232311
2002323110
0023231102
0232311020
2323110202
3231102020
2311020200
3110202002
1102020020
1020200202
0202002020
2020020202
0200202023
2002020233
0020202331
0202023310
2020233100
0202331003
2023310030
0233100302
2331003022
3310030220
3100302202
1003022021
0030220211
0302202111
3022021113
0220211130
2202111302
2021113021
0211130211
2111302111
1113021113
1130211133
1302111333
3021113330
0211133300
2111333001
1113330011
1133300111
1333001110
3330011103
3300111032
3001110321
0011103210
0111032103
1110321031
1103210312
1032103121
0321031213
3210312132
2103121322
1031213221
0312132213
3121322131
1213221312
2132213122
1322131221
3221312212
2213122123
2131221233
1312212333
3122123333
1221233331
2212333310
2123333103
1233331030
2333310302
3333103020
3331030202
3310302022
3103020220
1030202203
0302022031
3020220313
0202203130
2022031302
0220313022
2203130220
2031302200
0313022000
3130220003
1302200033
3022000330
0220003302
2200033020
2000330200
0003302003
0033020031
0330200311
3302003113
3020031131
0200311310
2003113102
0031131020
0311310200
3113102002
1131020022
1310200222
3102002220
1020022202
0200222023
2002220232
0022202320
0222023203
2220232033
2202320331
2023203313
0232033130
2320331302
3203313023
2033130232
0331302320
3313023202
3130232022
1302320220
3023202203
0232022032
2320220320
3202203200
2022032002
0220320020
2203200203
2032002031
0320020313
3200203133
2002031331
0020313311
0203133111
2031331113
0313311132
3133111321
1331113213
3311132133
3111321331
1113213311
1132133110
1321331102
3213311021
2133110210
1331102101
3311021013
3110210133
1102101330
1021013301
0210133013
2101330133
1013301330
0133013302
1330133021
3301330210
3013302102
0133021020
1330210202
3302102023
3021020231
0210202310
2102023102
1020231021
0202310210
2023102102
0231021023
2310210232
3102102321
1021023211
0210232112
2102321123
1023211232
0232112320
2321123201
3211232010
2112320101
1123201010
1232010100
2320101002
3201010022
2010100223
0101002231
1010022312
0100223122
1002231223
0022312231
0223122310
2231223102
2312231020
3122310202
1223102020
2231020200
2310202000
3102020002
1020200021
0202000210
2020002102
0200021020
2000210202
0002102022
0021020222
0210202222
2102022222
1020222221
0202222211
2022222111
0222221113
2222211130
2222111302
2221113021
2211130212
2111302121
1113021211
1130212110
1302121103
3021211032
0212110322
2121103220
1211032200
2110322002
1103220022
1032200220
0322002203
3220022030
2200220302
2002203021
0022030210
0220302103
2203021031
2030210310
0302103102
3021031023
0210310232
2103102320
1031023201
0310232013
3102320132
1023201321
0232013210
2320132100
3201321003
2013210030
0132100300
1321003003
3210030032
2100300320
1003003202
0030032022
0300320223
3003202232
0032022320
0320223203
3202232031
2022320313
0223203133
2232031332
2320313322
3203133223
2031332231
0313322312
3133223120
1332231202
3322312022
3223120221
2231202210
2312022103
3120221031
1202210313
2022103131
0221031310
2210313102
2103131022
1031310220
0313102202
3131022021
1310220210
3102202103
1022021031
0220210310
2202103101
2021031013
0210310133
2103101333
1031013330
0310133302
3101333023
1013330232
0133302320
1333023202
3330232022
3302320220
3023202201
0232022011
2320220111
3202201110
2022011100
0220111000
2201110000
2011100003
0111000030
1110000301
1100003013
1000030131
0000301313
0003013132
0030131322
0301313221
3013132210
0131322102
1313221021
3132210210
1322102103
3221021032
2210210323
2102103233
1021032331
0210323313
2103233131
1032331313
0323313133
3233131331
2331313310
3313133101
3131331010
1313310102
3133101023
1331010230
3310102301
3101023010
1010230102
0102301023
1023010232
0230102321
2301023213
3010232130
0102321303
1023213031
0232130311
2321303110
3213031100
2130311002
1303110022
3031100221
0311002213
3110022131
1100221310
1002213100
0022131001
0221310013
2213100132
2131001321
1310013212
3100132120
1001321200
0013212003
0132120032
1321200321
3212003210
2120032102
1200321020
2003210201
0032102013
0321020131
3210201311
2102013111
1020131110
0201311102
2013111022
0131110220
1311102203
3111022031
1110220311
1102203111
1022031113
0220311133
2203111332
2031113321
0311133213
3111332133
1113321330
1133213300
1332133003
3321330031
3213300311
2133003113
1330031133
3300311331
3003113311
0031133110
0311331100
3113311000
1133110001
1331100010
3311000100
3110001000
1100010001
1000100012
0001000120
0010001202
0100012023
1000120231
0001202310
0012023102
0120231021
1202310210
2023102102
0231021023
2310210231
3102102313
1021023132
0210231320
2102313202
1023132020
0231320200
2313202001
3132020012
1320200120
3202001202
2020012022
0200120220
2001202203
0012022032
0120220320
1202203203
2022032033
0220320333
2203203333
2032033331
0320333313
3203333130
2033331300
0333313002
3333130023
3331300232
3313002320
3130023201
1300232010
3002320100
0023201002
0232010022
2320100220
3201002200
2010022003
0100220033
1002200332
0022003322
0220033223
2200332233
2003322333
0033223331
0332233310
3322333102
3223331020
2233310203
2333102032
3331020320
3310203203
3102032032
1020320320
0203203200
2032032000
0320320003
3203200032
2032000322
0320003222
3200032220
2000322200
0003222001
0032220013
0322200133
3222001332
2220013321
2200133211
2001332113
0013321130
0133211302
1332113020
3321130200
3211302002
2113020020
1130200203
1302002032
3020020320
0200203203
2002032032
0020320320
0203203203
2032032031
0320320310
3203203100
2032031002
0320310020
3203100200
2031002002
0310020020
3100200202
1002002022
0020020220
0200202201
2002022010
0020220102
0202201023
2022010230
0220102303
2201023030
2010230302
0102303023
1023030231
0230302311
2303023111
3030231110
0302311102
3023111020
0231110203
2311102033
3111020331
1110203310
1102033102
1020331022
0203310223
2033102232
0331022320
3310223200
3102232002
1022320023
0223200232
2232002322
2320023221
3200232210
2002322103
0023221031
0232210313
2322103132
3221031322
2210313220
2103132203
1031322030
0313220303
3132203032
1322030320
3220303202
2203032020
2030320202
0303202023
3032020232
0320202320
3202023200
2020232000
0202320001
2023200010
0232000100
2320001000
3200010001
2000100011
0001000113
0010001133
0100011333
1000113331
0001133312
0011333122
0113331220
1133312200
1333122002
3331220020
3312200201
3122002013
1220020132
2200201321
2002013213
0020132131
0201321310
2013213101
0132131010
1321310102
3213101020
2131010202
1310102023
3101020232
1010202320
0102023201
1020232010
0202320103
2023201033
0232010333
2320103333
3201033330
2010333300
0103333001
1033330011
0333300110
3333001101
3330011011
3300110111
3001101110
0011011102
0110111021
1101110210
1011102102
0111021020
1110210200
1102102000
1021020002
0210200021
2102000213
1020002130
0200021301
2000213011
0002130110
0021301103
0213011032
2130110320
1301103200
3011032000
0110320002
1103200020
1032000203
0320002030
3200020300
2000203001
0002030011
0020300113
0203001132
2030011320
0300113203
3001132030
0011320300
0113203000
1132030002
1320300021
3203000213
2030002131
0300021311
3000213110
0002131100
0021311001
0213110010
2131100102
1311001022
3110010220
1100102200
1001022000
0010220003
0102200032
1022000322
0220003221
2200032213
2000322131
0003221310
0032213101
0322131011
3221310113
2213101132
2131011322
1310113220
3101132200
1011322002
0113220021
1132200213
1322002132
3220021323
2200213232
2002132321
0021323213
0213232132
2132321322
1323213220
3232132202
2321322021
3213220210
2132202102
1322021021
3220210210
2202102103
2021021032
0210210322
2102103222
1021032220
0210322200
2103222001
1032220011
0322200110
3222001102
2220011021
2200110211
2001102113
0011021133
0110211331
1102113313
1021133132
0211331323
2113313231
1133132311
1331323110
3313231101
3132311013
1323110131
3231101311
2311013111
3110131111
1101311113
1013111133
0131111331
1311113311
3111133111
1111331113
1113311133
1133111332
1331113323
3311133230
3111332302
1113323021
1133230213
1332302132
3323021320
3230213201
2302132011
3021320111
0213201113
2132011131
1320111312
3201113123
2011131232
0111312321
1113123211
1131232111
1312321111
3123211112
1232111122
2321111220
3211112200
2111122002
1111220020
1112200201
1122002011
1220020113
2200201130
2002011301
0020113011
0201130110
2011301100
0113011000
1130110003
1301100031
3011000311
0110003110
1100031102
1000311020
0003110200
0031102002
0311020020
3110200200
1102002000
1020020000
0200200001
2002000010
0020000103
0200001030
2000010303
0000103031
0001030310
0010303102
0103031022
1030310220
0303102200
3031022001
0310220010
3102200102
1022001021
0220010210
2200102100
2001021003
0010210033
0102100333
1021003333
0210033330
2100333300
1003333001
0033330013
0333300133
3333001331
3330013310
3300133102
3001331020
0013310202
0133102020
1331020200
3310202001
3102020010
1020200103
0202001033
2020010330
0200103300
2001033003
0010330030
0103300300
1033003002
0330030020
3300300200
3003002001
0030020011
0300200111
3002001113
0020011132
0200111323
2001113230
0011132300
0111323002
1113230021
1132300211
1323002110
3230021102
2300211020
3002110200
0021102003
0211020031
2110200311
1102003110
1020031100
0200311000
2003110002
0031100020
0311000202
3110002021
1100020211
1000202111
0002021113
0020211133
0202111331
2021113313
0211133132
2111331321
1113313213
1133132132
1331321320
3313213201
3132132010
1321320100
3213201002
2132010023
1320100233
3201002331
2010023311
0100233110
1002331102
0023311021
0233110211
2331102110
3311021101
3110211010
1102110100
1021101003
0211010032
2110100323
1101003231
1010032311
0100323111
1003231112
0032311122
0323111221
3231112212
2311122122
3111221223
1112212233
1122122331
1221223311
2212233110
2122331101
1223311011
2233110110
2331101102
3311011023
3110110230
1101102301
1011023010
0110230102
1102301020
1023010200
0230102000
2301020000
3010200000
0102000002
1020000020
0200000200
2000002003
0000020031
0000200312
0002003122
0020031220
0200312200
2003122002
0031220023
0312200232
3122002322
1220023222
2200232220
2002322200
0023222002
0232220022
2322200221
3222002211
2220022113
2200221133
2002211331
0022113311
0221133111
2211331111
2113311113
1133111133
1331111333
3311113333
3111133330
1111333300
1113333000
1133330003
1333300031
3333000313
3330003131
3300031311
3000313110
0003131103
0031311033
0313110332
3131103320
1311033201
3110332010
1103320102
1033201022
0332010221
3320102210
3201022102
2010221023
0102210230
1022102302
0221023022
2210230223
2102302232
1023022321
0230223213
2302232131
3022321313
0223213132
2232131321
2321313210
3213132101
2131321010
1313210103
3132101030
1321010302
3210103021
2101030211
1010302112
0103021121
1030211213
0302112131
3021121313
0211213132
2112131322
1121313222
1213132222
2131322222
1313222223
3132222231
1322222313
3222223133
2222231331
2222313310
2223133102
2231331020
2313310200
3133102001
1331020010
3310200102
3102001020
1020010200
0200102000
2001020001
0010200013
0102000132
1020001321
0200013211
2000132111
0001321110
0013211101
0132111011
1321110113
3211101131
2111011310
1110113100
1101131002
1011310020
0113100202
1131002022
1310020220
3100202202
1002022021
0020220213
0202202131
2022021311
0220213113
2202131133
2021311331
0213113310
2131133102
1311331022
3113310221
1133102213
1331022132
3310221323
3102213233
1022132332
0221323320
2213233200
2132332003
1323320033
3233200332
2332003322
3320033220
3200332202
2003322020
0033220200
0332202002
3322020023
3220200231
2202002310
2020023103
0200231032
2002310323
0023103232
0231032320
2310323200
3103232001
1032320011
0323200110
3232001101
2320011010
3200110102
2001101020
0011010200
0110102001
1101020013
1010200133
0102001330
1020013300
0200133001
2001330010
0013300102
0133001022
1330010222
3300102221
3001022210
0010222102
0102221023
1022210233
0222102333
2221023333
2210233332
2102333321
1023333213
0233332133
2333321332
3333213321
3332133211
3321332110
3213321100
2133211002
1332110022
3321100221
3211002210
2110022100
1100221002
1002210020
0022100203
0221002031
2210020313
2100203130
1002031302
0020313020
0203130200
2031302000
0313020002
3130200020
1302000200
3020002001
0200020011
2000200111
0002001111
0020011110
0200111103
2001111031
0011110311
0111103111
1111031113
1110311132
1103111322
1031113220
0311132200
3111322003
1113220031
1132200313
1322003132
3220031322
2200313220
2003132200
0031322003
0313220031
3132200310
1322003102
3220031021
2200310211
2003102113
0031021133
0310211333
3102113333
1021133331
0211333313
2113333131
1133331310
1333313100
3333131003
3331310031
3313100310
3131003102
1310031020
3100310200
1003102000
0031020001
0310200013
3102000131
1020001313
0200013132
2000131320
0001313202
0013132023
0131320231
1313202313
3132023132
1320231320
3202313202
2023132023
0231320231
2313202311
3132023111
1320231111
3202311113
2023111130
0231111300
2311113000
3111130002
1111300020
1113000202
1130002021
1300020211
3000202110
0002021102
0020211021
0202110213
2021102131
0211021312
2110213123
1102131232
1021312323
0213123233
2131232333
1312323332
3123233321
1232333210
2323332101
3233321010
2333210103
3332101031
3321010310
3210103100
2101031001
1010310013
0103100133
1031001331
0310013310
3100133100
1001331001
0013310011
0133100113
1331001131
3310011313
3100113132
1001131321
0011313210
0113132101
1131321011
1313210110
3132101100
1321011000
3210110000
2101100000
1011000003
0110000030
1100000303
1000003031
0000030311
0000303111
0003031110
0030311102
0303111023
3031110232
0311102323
3111023231
1110232310
1102323100
1023231002
0232310022
2323100223
3231002232
2310022321
3100223213
1002232132
0022321321
0223213212
2232132123
2321321231
3213212313
2132123133
1321231333
3212313331
2123133310
1231333100
2313331002
3133310020
1333100202
3331002023
3310020231
3100202311
1002023111
0020231112
0202311121
2023111213
0231112132
2311121321
3111213213
1112132132
1121321321
1213213213
2132132133
1321321332
3213213322
2132133222
1321332221
3213322213
2133222132
1332221320
3322213203
3222132030
2221320301
2213203012
2132030122
1320301221
3203012210
2030122102
0301221022
3012210222
0122102221
1221022213
2210222130
2102221302
1022213020
0222130202
2221302022
2213020221
2130202213
1302022133
3020221333
0202213332
2022133322
0221333222
2213332221
2133322210
1333222100
3332221002
3322210020
3222100202
2221002020
2210020200
2100202000
1002020002
0020200021
0202000211
2020002110
0200021102
2000211020
0002110200
0021102001
0211020013
2110200132
1102001320
1020013201
0200132010
2001320103
0013201031
0132010313
1320103133
3201031331
2010313310
0103133102
1031331020
0313310200
3133102002
1331020020
3310200200
3102002000
1020020002
0200200020
2002000200
0020002001
0200020011
2000200111
0002001110
0020011103
0200111032
2001110321
0011103210
0111032102
1110321020
1103210200
1032102000
0321020003
3210200030
2102000303
1020003031
0200030311
2000303110
0003031103
0030311032
0303110322
3031103223
0311032232
3110322322
1103223223
1032232230
0322322303
3223223031
2232230310
2322303102
3223031022
2230310221
2303102213
3031022133
0310221332
3102213320
1022133201
0221332011
2213320111
2133201110
1332011101
3320111010
3201110100
2011101000
0111010002
1110100020
1101000200
1010002002
0100020021
1000200210
0002002100
0020021003
0200210032
2002100320
0021003203
0210032033
2100320332
1003203323
0032033232
0320332321
3203323210
2033232102
0332321020
3323210200
3232102002
2321020023
3210200233
2102002333
1020023332
0200233321
2002333211
0023332112
0233321120
2333211200
3332112000
3321120000
3211200000
2112000003
1120000030
1200000303
2000003032
0000030322
0000303221
0003032211
0030322113
0303221131
3032211310
0322113101
3221131013
2211310133
2113101333
1131013332
1310133320
3101333201
1013332013
0133320132
1333201320
3332013203
3320132032
3201320320
2013203200
0132032000
1320320003
3203200033
2032000330
0320003301
3200033013
2000330132
0003301320
0033013202
0330132022
3301320220
3013202202
0132022020
1320220201
3202202013
2022020130
0220201301
2202013010
2020130101
0201301010
2013010103
0130101032
1301010323
3010103230
0101032300
1010323003
0103230030
1032300300
0323003003
3230030030
2300300300
3003003000
0030030000
0300300000
3003000001
0030000010
0300000102
3000001020
0000010203
0000102032
0001020321
0010203213
0102032131
1020321310
0203213102
2032131023
0321310233
3213102333
2131023332
1310233323
3102333232
1023332323
0233323232
2333232323
3332323232
3323232320
3232323200
2323232001
3232320012
2323200122
3232001220
2320012201
3200122012
2001220121
0012201213
0122012132
1220121320
2201213200
2012132000
0121320003
1213200030
2132000303
1320003033
3200030333
2000303333
0003033331
0030333313
0303333130
3033331302
0333313022
3333130220
3331302200
3313022003
3130220033
1302200332
3022003321
0220033210
2200332102
2003321022
0033210220
0332102202
3321022022
3210220220
2102202200
1022022000
0220220002
2202200023
2022000232
0220002322
2200023220
2000232203
0002322030
0023220302
0232203023
2322030233
3220302330
2203023302
2030233021
0302330213
3023302130
0233021303
2330213033
3302130331
3021303310
0213033103
2130331032
1303310322
3033103222
0331032223
3310322230
3103222300
1032223003
0322230031
3222300311
2223003112
2230031122
2300311223
3003112231
0031122313
0311223130
3112231303
1122313031
1223130311
2231303110
2313031100
3130311002
1303110020
3031100200
0311002000
3110020002
1100200020
1002000200
0020002000
0200020000
2000200001
0002000013
0020000133
0200001331
2000013313
0000133132
0001331320
0013313200
0133132003
1331320032
3313200323
3132003232
1320032321
3200323210
2003232103
0032321032
0323210320
3232103200
2321032003
3210320033
2103200333
1032003332
0320033320
3200333202
2003332022
0033320223
0333202231
3332022310
3320223102
3202231020
2022310202
0223102022
2231020220
2310202202
3102022020
1020220203
0202202032
2022020323
0220203233
2202032332
2020323323
0203233232
2032332320
0323323201
3233232012
2332320122
3323201222
3232012220
2320122200
3201222002
2012220020
0122200200
1222002002
2220020021
2200200211
2002002110
0020021101
0200211011
2002110110
0021101100
0211011002
2110110022
1101100223
1011002231
0110022311
1100223110
1002231100
0022311000
0223110002
2231100021
2311000212
3110002120
1100021203
1000212031
0002120311
0021203110
0212031102
2120311020
1203110202
2031102020
0311020202
3110202023
1102020231
1020202311
0202023111
2020231110
0202311102
2023111022
0231110220
2311102201
3111022010
1110220100
1102201002
1022010021
0220100213
2201002131
2010021313
0100213133
1002131331
0021313312
0213133120
2131331202
1313312022
3133120222
1331202221
3312022211
3120222113
1202221132
2022211320
0222113200
2221132002
2211320020
2113200203
1132002031
1320020313
3200203132
2002031323
0020313233
0203132332
2031323323
0313233233
3132332332
1323323323
3233233232
2332332320
3323323202
3233232021
2332320211
3323202111
3232021113
2320211133
3202111331
2021113310
0211133101
2111331011
1113310110
1133101100
1331011001
3310110010
3101100103
1011001032
0110010323
1100103231
1001032311
0010323110
0103231100
1032311000
0323110002
3231100020
2311000203
3110002032
1100020320
1000203202
0002032021
0020320213
0203202132
2032021322
0320213220
3202132202
2021322020
0213220202
2132202022
1322020220
3220202203
2202022030
2020220301
0202203013
2022030132
0220301321
2203013210
2030132102
0301321021
3013210213
0132102132
1321021323
3210213232
2102132323
1021323232
0213232322
2132323222
1323232222
3232322221
2323222213
3232222133
2322221331
3222213311
2222133112
2221331123
2213311232
2133112322
1331123223
3311232232
3112322320
1123223200
1232232002
2322320022
3223200220
2232002202
2320022021
3200220213
2002202133
0022021331
0220213311
2202133110
2021331103
0213311031
2133110312
1331103121
3311031213
3110312131
1103121310
1031213101
0312131011
3121310111
1213101110
2131011103
1310111032
3101110320
1011103201
0111032010
1110320101
1103201011
1032010112
0320101122
3201011223
2010112230
0101122301
1011223013
0112230131
1122301310
1223013103
2230131031
2301310311
3013103110
0131031100
1310311003
3103110033
1031100332
0311003323
3110033232
1100332320
1003323203
0033232031
0332320312
3323203123
3232031230
2320312301
3203123010
2031230102
0312301021
3123010211
1230102110
2301021100
3010211002
0102110023
1021100232
0211002321
2110023211
1100232113
1002321132
0023211322
0232113220
2321132201
3211322010
2113220102
1132201020
1322010200
3220102002
2201020020
2010200201
0102002010
1020020102
0200201023
2002010232
0020102322
0201023221
2010232213
0102322132
1023221321
0232213211
2322132111
3221321113
2213211132
2132111320
1321113202
3211132021
2111320213
1113202131
1132021312
1320213122
3202131222
2021312220
0213122200
2131222002
1312220021
3122200213
1222002132
2220021323
2200213232
2002132323
0021323232
0213232320
2132323202
1323232022
3232320221
2323202211
3232022111
2320221110
3202211103
2022111031
0221110313
2211103132
2111031322
1110313223
1103132232
1031322320
0313223203
3132232032
1322320323
3223203232
2232032322
2320323222
3203232220
2032322201
0323222013
3232220132
2322201322
3222013222
2220132223
2201322232
2013222321
0132223213
1322232132
3222321322
2223213220
2232132201
2321322010
3213220102
2132201023
1322010230
3220102303
2201023030
2010230303
0102303031
1023030311
0230303112
2303031123
3030311231
0303112313
3031123130
0311231301
3112313011
1123130112
1231301123
2313011231
3130112312
1301123121
3011231211
0112312112
1123121122
1231211220
2312112200
3121122003
1211220031
2112200313
1122003132
1220031322
2200313220
2003132203
0031322032
0313220321
3132203211
1322032113
3220321130
2203211301
2032113011
0321130113
3211301132
2113011322
1130113223
1301132230
3011322301
0113223010
1132230102
1322301020
3223010200
2230102003
2301020030
3010200303
0102003031
1020030310
0200303101
2003031011
0030310111
0303101110
3031011103
0310111032
3101110320
1011103201
0111032013
1110320130
1103201303
1032013030
0320130302
3201303021
2013030212
0130302120
1303021202
3030212021
0302120213
3021202131
0212021311
2120213110
1202131100
2021311002
0213110020
2131100201
1311002011
3110020111
1100201111
1002011110
0020111100
0201111001
2011110012
0111100120
1111001203
1110012033
1100120330
1001203302
0012033023
0120330233
1203302333
2033023330
0330233300
3302333002
3023330020
0233300200
2333002000
3330020003
3300200032
3002000322
0020003223
0200032231
2000322313
0003223133
0032231333
0322313331
3223133310
2231333103
2313331030
3133310303
1333103031
3331030311
3310303110
3103031102
1030311022
0303110222
3031102220
0311022202
3110222021
1102220210
1022202103
0222021031
2220210313
2202103131
2021031313
0210313131
2103131310
1031313101
0313131013
3131310131
1313101313
3131013133
1310131332
3101313322
1013133222
0131332223
1313322231
3133222313
1332223133
3322231333
3222313331
2223133313
2231333130
2313331301
3133313010
1333130103
3331301031
3313010311
3130103113
1301031130
3010311303
0103113032
1031130323
0311303230
3113032301
1130323013
1303230130
3032301300
0323013002
3230130023
2301300230
3013002303
0130023033
1300230333
3002303333
0023033330
0230333303
2303333030
3033330303
0333303030
3333030301
3330303010
3303030103
3030301031
0303010310
3030103102
0301031021
3010310211
0103102110
1031021102
0310211022
3102110220
1021102200
0211022002
2110220020
1102200200
1022002000
0220020000
2200200001
2002000010
0020000102
0200001021
2000010213
0000102133
0001021331
0010213313
0102133132
1021331321
0213313211
2133132113
1331321130
3313211303
3132113032
1321130323
3211303232
2113032320
1130323202
1303232022
3032320222
0323202223
3232022231
2320222311
3202223111
2022231113
0222311133
2223111330
2231113300
2311133000
3111330003
1113300033
1133000333
1330003333
3300033333
3000333331
0003333313
0033333130
0333331300
3333313003
3333130033
3331300333
3313003330
3130033300
1300333002
3003330023
0033300231
0333002313
3330023131
3300231311
3002313111
0023131113
0231311133
2313111333
3131113332
1311133322
3111333220
1113332200
1133322003
1333220031
3332200313
3322003132
3220031323
2200313231
2003132313
0031323133
0313231332
3132313320
1323133202
3231332021
2313320210
3133202101
1332021010
3320210100
3202101000
2021010002
0210100020
2101000202
1010002023
0100020232
1000202323
0002023232
0020232320
0202323200
2023232003
0232320033
2323200331
3232003310
2320033101
3200331011
2003310113
0033101132
0331011320
3310113202
3101132020
1011320200
0113202003
1132020033
1320200330
3202003303
2020033031
0200330310
2003303103
0033031033
0330310330
3303103303
3031033033
0310330333
3103303330
1033033300
0330333000
3303330003
3033300031
0333000311
3330003111
3300031110
3000311101
0003111011
0031110110
0311101100
3111011003
1110110033
1101100332
1011003320
0110033202
1100332021
1003320210
0033202100
0332021002
3320210020
3202100203
2021002032
0210020321
2100203213
1002032130
0020321300
0203213001
2032130013
0321300133
3213001332
2130013323
1300133233
3001332330
0013323303
0133233032
1332330323
3323303232
3233032323
2330323233
3303232332
3032323323
0323233233
3232332331
2323323313
3233233133
2332331330
3323313302
3233133020
2331330202
3313302020
3133020202
1330202023
3302020231
3020202312
0202023120
2020231203
0202312032
2023120322
0231203223
2312032233
3120322333
1203223332
2032233322
0322333221
3223332213
2233322132
2333221323
3332213233
3322132331
3221323313
2213233132
2132331320
1323313202
3233132021
2331320213
3313202132
3132021320
1320213200
3202132001
2021320010
0213200103
2132001032
1320010322
3200103223
2001032232
0010322322
0103223223
1032232231
0322322313
3223223133
2232231330
2322313302
3223133021
2231330213
2313302132
3133021320
1330213200
3302132001
3021320010
0213200103
2132001032
1320010321
3200103211
2001032112
0010321122
0103211223
1032112230
0321122303
3211223032
2112230323
1122303232
1223032320
2230323201
2303232011
3032320110
0323201103
3232011030
2320110300
3201103003
2011030031
0110300310
1103003101
1030031010
0300310102
3003101021
0031010210
0310102101
3101021012
1010210123
0102101232
1021012322
0210123221
2101232210
1012322102
0123221021
1232210210
2322102100
3221021002
2210210020
2102100202
1021002020
0210020201
2100202010
1002020102
0020201020
0202010200
2020102002
0201020023
2010200232
0102002323
1020023233
0200232333
2002323333
0023233332
0232333320
2323333202
3233332023
2333320233
3333202331
3332023310
3320233100
3202331002
2023310022
0233100221
2331002211
3310022110
3100221100
1002211001
0022110011
0221100113
2211001132
2110011322
1100113222
1001132221
0011322213
0113222130
1132221301
1322213010
3222130103
2221301030
2213010300
2130103002
1301030020
3010300203
0103002031
1030020311
0300203113
3002031131
0020311310
0203113101
2031131013
0311310131
3113101310
1131013100
1310131002
3101310021
1013100210
0131002100
1310021000
3100210003
1002100030
0021000302
0210003021
2100030213
1000302130
0003021302
0030213023
0302130232
3021302322
0213023223
2130232233
1302322331
3023223313
0232233132
2322331320
3223313203
2233132033
2331320331
3313203312
3132033123
1320331233
3203312333
2033123331
0331233313
3312333133
3123331330
1233313303
2333133030
3331330300
3313303000
3133030000
1330300003
3303000031
3030000313
0300003131
3000031310
0000313103
0003131032
0031310323
0313103233
3131032331
1310323310
3103233103
1032331030
0323310300
3233103000
2331030002
3310300022
3103000221
1030002211
0300022110
3000221100
0002211003
0022110030
0221100302
2211003023
2110030231
1100302310
1003023100
0030231000
0302310003
3023100031
0231000311
2310003113
3100031133
1000311331
0003113310
0031133100
0311331002
3113310022
1133100220
1331002202
3310022023
3100220233
1002202333
0022023332
0220233321
2202333213
2023332133
0233321332
2333213320
3332133202
3321332022
3213320223
2133202231
1332022313
3320223132
3202231323
2022313232
0223132320
2231323203
2313232033
3132320333
1323203332
3232033320
2320333201
3203332013
2033320133
0333201330
3332013300
3320133000
3201330000
2013300003
0133000031
1330000310
3300003102
3000031023
0000310232
0003102323
0031023231
0310232311
3102323111
1023231113
0232311133
2323111332
3231113320
2311133202
3111332023
1113320231
1133202313
1332023131
3320231311
3202313110
2023131102
0231311022
2313110223
3131102233
1311022333
3110223330
1102233300
1022333003
0223330032
2233300321
2333003211
3330032111
3300321110
3003211102
0032111021
0321110210
3211102101
2111021011
1110210110
1102101100
1021011000
0210110001
2101100010
1011000100
0110001001
1100010012
1000100121
0001001211
0010012111
0100121112
1001211122
0012111223
0121112231
1211122311
2111223111
1112231113
1122311131
1223111311
2231113111
2311131111
3111311111
1113111112
1131111120
1311111202
3111112022
1111120221
1111202210
1112022102
1120221021
1202210212
2022102121
0221021213
2210212133
2102121332
1021213323
0212133232
2121332321
1213323210
2133232102
1332321022
3323210222
3232102223
2321022231
3210222313
2102223133
1022231332
0222313322
2223133220
2231332203
2313322032
3133220323
1332203233
3322032332
3220323322
2203233220
2032332202
0323322022
3233220221
2332202211
3322022110
3220221101
2202211013
2022110132
0221101320
2211013202
2110132022
1101320220
1013202200
0132022002
1320220023
3202200233
2022002331
0220023310
2200233102
2002331020
0023310202
0233102022
2331020221
3310202211
3102022112
1020221120
0202211203
2022112030
0221120300
2211203003
2112030032
1120300322
1203003222
2030032223
0300322233
3003222333
0032223332
0322233322
3222333223
2223332232
2233322323
2333223232
3332232320
3322323200
3223232003
2232320032
2323200323
3232003232
2320032320
3200323200
2003232002
0032320023
0323200233
3232002333
2320023333
3200233331
2002333310
0023333102
0233331021
2333310213
3333102133
3331021331
3310213311
3102133110
1021331102
0213311022
2133110220
1331102203
3311022031
3110220311
1102203110
1022031102
0220311022
2203110220
2031102202
0311022020
3110220203
1102202031
1022020313
0220203131
2202031313
2020313131
0203131313
2031313131
0313131310
3131313103
1313131033
3131310331
1313103311
3131033111
1310331111
3103311112
1033111123
0331111230
3311112300
3111123001
1111230013
1112300132
1123001320
1230013201
2300132012
3001320120
0013201202
0132012021
1320120210
3201202100
2012021000
0120210002
1202100021
2021000212
0210002123
2100021233
1000212333
0002123332
0021233323
0212333233
2123332332
1233323323
2333233230
3332332302
3323323023
3233230233
2332302332
3323023321
3230233213
2302332131
3023321310
0233213103
2332131033
3321310331
3213103311
2131033113
1310331131
3103311313
1033113133
0331131330
3311313300
3113133000
1131330000
1313300003
3133000030
1330000301
3300003010
3000030100
0000301002
0003010020
0030100203
0301002031
3010020313
0100203131
1002031313
0020313132
0203131320
2031313203
0313132030
3131320301
1313203012
3132030120
1320301200
3203012003
2030120030
0301200303
3012003033
0120030333
1200303331
2003033310
0030333103
0303331032
3033310323
0333103231
3331032313
3310323132
3103231323
1032313230
0323132300
3231323000
2313230000
3132300003
1323000032
3230000320
2300003203
3000032032
0000320322
0003203220
0032032203
0320322033
3203220331
2032203311
0322033110
3220331101
2203311011
2033110110
0331101102
3311011022
3110110220
1101102200
1011022000
0110220002
1102200022
1022000222
0220002222
2200022221
2000222213
0002222132
0022221323
0222213233
2222132332
2221323321
2213233213
2132332133
1323321333
3233213333
2332133331
3321333313
3213333133
2133331333
1333313333
3333133330
3331333300
3313333002
3133330023
1333300230
3333002300
3330023003
3300230033
3002300333
0023003333
0230033333
2300333331
3003333311
0033333111
0333331113
3333311133
3333111333
3331113333
3311133332
3111333321
1113333213
1133332133
1333321333
3333213331
3332133313
3321333130
3213331303
2133313033
1333130332
3331303321
3313033213
3130332130
1303321300
3033213000
0332130001
3321300011
3213000110
2130001103
1300011030
3000110301
0001103013
0011030130
0110301301
1103013013
1030130133
0301301331
3013013312
0130133123
1301331230
3013312300
0133123000
1331230003
3312300030
3123000300
1230003003
2300030033
3000300333
0003003333
0030033332
0300333321
3003333213
0033332133
0333321332
3333213321
3332133213
3321332132
3213321320
2133213200
1332132002
3321320020
3213200200
2132002000
1320020000
3200200000
2002000002
0020000020
0200000201
2000002011
0000020110
0000201103
0002011030
0020110303
0201103033
2011030333
0110303333
1103033333
1030333331
0303333310
3033333103
0333331032
3333310320
3333103200
3331032001
3310320013
3103200131
1032001310
0320013103
3200131033
2001310330
0013103303
0131033031
1310330313
3103303133
1033031332
0330313322
3303133220
3031332201
0313322013
3133220132
1332201323
3322013233
3220132333
2201323330
2013233303
0132333030
1323330302
3233303021
2333030213
3330302132
3303021323
3030213233
0302132332
3021323322
0213233220
2132332202
1323322022
3233220222
2332202220
3322022200
3220222003
2202220030
2022200303
0222003033
2220030331
2200303313
2003033133
0030331331
0303313311
3033133111
0331331113
3313311132
3133111323
1331113232
3311132323
3111323230
1113232301
1132323011
1323230111
3232301111
2323011110
3230111102
2301111021
3011110210
0111102101
1111021011
1110210111
1102101113
1021011132
0210111323
2101113232
1011132323
0111323230
1113232300
1132323002
1323230020
3232300202
2323002021
3230020210
2300202103
3002021032
0020210322
0202103220
2021032202
0210322022
2103220221
1032202211
0322022113
3220221132
2202211320
2022113203
0221132033
2211320330
2113203303
1132033030
1320330301
3203303010
2033030100
0330301000
3303010002
3030100023
0301000230
3010002303
0100023032
1000230323
0002303233
0023032333
0230323333
2303233332
3032333323
0323333230
3233332301
2333323011
3333230110
3332301101
3323011013
3230110130
2301101300
3011013003
0110130032
1101300321
1013003213
0130032132
1300321321
3003213210
0032132100
0321321000
3213210003
2132100030
1321000300
3210003000
2100030001
1000300013
0003000132
0030001320
0300013200
3000132003
0001320030
0013200300
0132003001
1320030010
3200300100
2003001000
